340.270844,      100.0000000000
340.648560,      100.0000000000
341.026306,   -15926.2431640625
341.403961,      989.9703369141
341.781616,     1578.1534423828
342.159210,     4256.4155273438
342.536743,       90.6042633057
342.914307,      -55.6167602539
343.291779,      163.2235412598
343.669250,      100.0000000000
344.046661,       64.9717254639
344.424042,       69.2992706299
344.801422,       73.1111373901
345.178711,       56.9157295227
345.556000,       43.4362640381
345.933258,       26.6919784546
346.310486,       13.0133972168
346.687622,        7.4960861206
347.064758,        0.8042907715
347.441895,        0.9876403809
347.818939,        3.2026824951
348.195953,        6.9148559570
348.572937,        8.1212158203
348.949890,        1.1255798340
349.326843,       -3.8801345825
349.703735,       -9.0249710083
350.080597,      -11.8507461548
350.457397,      -12.4604492188
350.834198,       -6.9607696533
351.210968,       -5.3659286499
351.587646,      -10.2931976318
351.964325,       -6.5968322754
352.340942,       -8.5472335815
352.717560,      -22.0876922607
353.094147,      -21.7233123779
353.470673,      -20.5583572388
353.847168,      -17.1681365967
354.223602,      -16.4037399292
354.600037,      -18.3890533447
354.976440,      -10.6966094971
355.352783,      -17.6627044678
355.729126,      -22.3255157471
356.105408,      -23.9477615356
356.481628,      -60.0611877441
356.857849,      -60.7375030518
357.234009,      -57.7294464111
357.610168,      -59.2905578613
357.986267,      -55.8176422119
358.362366,      -55.9246826172
358.738373,      -54.4594421387
359.114349,      -55.4745178223
359.490326,      -50.2771911621
359.866241,      -46.8351440430
360.242157,      -48.9704437256
360.617981,      -40.7696838379
360.993805,      -40.1214904785
361.369568,      -41.1522369385
361.745331,      -42.6581726074
362.121033,      -45.3798522949
362.496704,      -42.2194519043
362.872314,      -37.9839172363
363.247925,      -35.4908752441
363.623505,      -29.4324188232
363.999023,      -21.5543136597
364.374542,       18.4200515747
364.750000,       21.6361694336
365.125397,       22.4018325806
365.500763,       25.3902740479
365.876160,       24.1954650879
366.251434,       22.3013000488
366.626740,       23.9149017334
367.001953,       18.9151763916
367.377136,       17.2742767334
367.752350,       15.1943206787
368.127472,        9.4441070557
368.502594,       12.9100341797
368.877625,       16.4684295654
369.252625,       17.4624176025
369.627625,       19.4743270874
370.002563,       28.2074203491
370.377502,       22.8913116455
370.752380,       22.4193572998
371.127228,       15.4450836182
371.502014,       13.4086608887
371.876770,        8.1565704346
372.251526,       10.8717651367
372.626221,       12.2182006836
373.000885,       13.4586486816
373.375488,       12.0257263184
373.750092,       15.1313629150
374.124664,       19.7701187134
374.499146,       12.2813949585
374.873627,       13.2141113281
375.248108,       12.7056961060
375.622467,        5.5631179810
375.996887,        4.2421646118
376.371185,        0.9329833984
376.745483,        1.3925247192
377.119751,        0.9781341553
377.493958,       -1.8609313965
377.868195,       -2.5801239014
378.242310,        3.6354522705
378.616394,       -2.7459564209
378.990540,        1.6871948242
379.364563,       -4.1944580078
379.738556,       -6.6500701904
380.112518,       -3.9727478027
380.486481,       -3.0876464844
380.860352,       -4.8415832520
381.234192,       -6.3600006104
381.608063,       -3.4042205811
381.981812,       -3.5723724365
382.355591,        4.3415679932
382.729309,        4.9010467529
383.102966,        8.4345703125
383.476624,       14.5042266846
383.850220,       19.7515869141
384.223816,       20.1881027222
384.597321,       15.0906600952
384.970856,       12.7090606689
385.344299,       16.8509826660
385.717682,       17.4644165039
386.091125,       13.2155151367
386.464447,       22.9591064453
386.837769,       24.9911804199
387.211029,       28.2651824951
387.584290,       34.0447692871
387.957489,       31.7600402832
388.330627,       31.7075195313
388.703766,       33.0757141113
389.076874,       36.9207839966
389.449921,       31.3672332764
389.822937,       34.8780364990
390.195923,       31.3694305420
390.568878,       31.9877319336
390.941772,       31.8046493530
391.314636,       38.3031578064
391.687500,       41.3825416565
392.060272,       43.0934066772
392.433075,       46.7530822754
392.805756,       53.1139945984
393.178436,       56.4261474609
393.551117,       49.0905456543
393.923737,       53.2033309937
394.296326,       53.4519882202
394.668854,       56.9480895996
395.041321,       55.0634155273
395.413849,       51.1782951355
395.786255,       46.9620666504
396.158630,       46.0665702820
396.531006,       41.7110519409
396.903320,       43.3613433838
397.275604,       44.2018890381
397.647827,       43.5269317627
398.020050,       37.9561691284
398.392212,       39.4514999390
398.764343,       40.4615211487
399.136444,       41.0953216553
399.508514,       31.2938385010
399.880554,       31.0774612427
400.252533,       30.2151794434
400.624512,       24.3481292725
400.996399,       22.3167648315
401.368286,       28.5416641235
401.740112,       31.7120056152
402.111908,       32.5821075439
402.483673,       32.4907913208
402.855408,       34.1618194580
403.227081,       34.8769149780
403.598755,       42.1725425720
403.970367,       43.6679916382
404.341980,       38.7339057922
404.713501,       35.7917938232
405.085022,       34.2236175537
405.456482,       33.3122863770
405.827911,       40.1452026367
406.199310,       44.4456291199
406.570648,       39.7687644958
406.942017,       40.1396865845
407.313263,       49.7560348511
407.684509,       50.2628479004
408.055725,       52.8096771240
408.426880,       52.7513313293
408.798035,       40.6333160400
409.169128,       40.5179061890
409.540161,       33.4101409912
409.911224,       33.8255004883
410.282196,       33.5918045044
410.653137,       34.8451614380
411.024048,       35.9696655273
411.394897,       34.8654174805
411.765747,       34.1815872192
412.136536,       41.9121322632
412.507324,       33.1274795532
412.878052,       34.5287017822
413.248718,       31.4711532593
413.619385,       32.5464172363
413.989990,       29.2415008545
414.360565,       33.1517486572
414.731110,       32.6869506836
415.101563,       31.0783996582
415.472076,       31.6667633057
415.842468,       31.5560226440
416.212891,       18.5045623779
416.583221,       27.2727127075
416.953522,       27.3630523682
417.323792,       33.5851135254
417.694031,       30.1777420044
418.064240,       28.5948181152
418.434418,       25.8296813965
418.804535,       22.7543487549
419.174622,       22.7226257324
419.544678,       25.3671417236
419.914673,       24.7922973633
420.284668,       33.0877380371
420.654572,       33.2468719482
421.024475,       37.2951850891
421.394348,       33.7585983276
421.764191,       34.9172668457
422.133972,       33.2070465088
422.503693,       33.0192871094
422.873444,       34.2799987793
423.243134,       34.5544891357
423.612762,       34.2407684326
423.982330,       53.0296440125
424.351929,       52.3540573120
424.721436,       50.8073844910
425.090942,       51.5653839111
425.460358,       53.7455291748
425.829773,       56.3708610535
426.199158,       60.7814865112
426.568481,       65.2060623169
426.937775,       66.8561630249
427.307037,       65.2659149170
427.676239,       65.7711791992
428.045441,       64.5954055786
428.414581,       66.1953430176
428.783722,       65.2371368408
429.152802,       67.4323883057
429.521790,       63.8322296143
429.890839,       65.3869628906
430.259766,       66.9718780518
430.628693,       63.7274932861
430.997589,       63.5314712524
431.366425,       61.3231506348
431.735229,       58.1717910767
432.104004,       58.2739868164
432.472748,       59.7748947144
432.841431,       60.4334793091
433.210052,       61.1219329834
433.578705,       60.7494964600
433.947266,       59.6035690308
434.315826,       60.5175170898
434.684326,       60.6032562256
435.052765,       60.4915771484
435.421204,       57.5543861389
435.789612,       59.5822448730
436.157959,       60.3541984558
436.526276,       61.6658020020
436.894531,       58.4789505005
437.262756,       63.0472183228
437.630951,       62.8009719849
437.999146,       63.3696708679
438.367249,       64.7648010254
438.735321,       65.3482437134
439.103394,       68.4215621948
439.471405,       68.6172637939
439.839386,       33.9712371826
440.207306,       33.3418045044
440.575195,       28.7200775146
440.943054,       29.7272796631
441.310883,       28.8222579956
441.678680,       28.0755767822
442.046387,       27.7088851929
442.414093,       27.0721054077
442.781799,       27.6168365479
443.149414,       29.2686233521
443.516998,       29.8104858398
443.884552,       29.5815582275
444.252045,       29.6378936768
444.619537,       33.1530609131
444.987000,       33.1726837158
445.354401,       34.5772399902
445.721710,       34.8113174438
446.089081,       36.1665344238
446.456360,       36.3393707275
446.823608,       36.1179275513
447.190826,       37.2224578857
447.557953,       69.5824432373
447.925110,       70.8306121826
448.292175,       75.4284362793
448.659271,       74.8124771118
449.026276,       76.6923217773
449.393250,       77.6827850342
449.760193,       76.5318756104
450.127075,       78.3084259033
450.493958,       79.2560729980
450.860779,       81.2403106689
451.227570,       81.3331604004
451.594330,       81.8223342896
451.960999,       80.9535903931
452.327698,       80.3508911133
452.694336,       79.6656951904
453.060913,       79.8666000366
453.427490,       80.3419876099
453.793976,       80.3067932129
454.160492,       81.0881958008
454.526917,       46.8438110352
454.893311,       46.9161987305
455.259674,       47.8430213928
455.626007,       47.8450164795
455.992310,       47.3441390991
456.358551,       48.1940231323
456.724731,       47.7961692810
457.090912,       47.9754905701
457.457031,       49.1910591125
457.823151,       48.9047164917
458.189209,       49.3244476318
458.555206,       49.2599449158
458.921173,       49.5977630615
459.287109,       50.3113822937
459.653015,       50.4155654907
460.018890,       51.3684539795
460.384705,       52.2892646790
460.750519,       50.7616195679
461.116241,       51.6943740845
461.481964,       51.6858329773
461.847626,       51.7027740479
462.213226,       80.0686721802
462.578827,       80.4166641235
462.944427,       80.8711242676
463.309906,       80.6630096436
463.675385,       81.6597137451
464.040802,       82.1296234131
464.406219,       83.0551071167
464.771606,       83.9938201904
465.136902,       84.0585021973
465.502197,       84.1400985718
465.867462,       83.6702804565
466.232635,       83.9761428833
466.597839,       83.8665847778
466.962921,       83.5025024414
467.328003,       83.7105178833
467.693054,       83.7343673706
468.058075,       83.6982574463
468.423035,       85.1665191650
468.787994,       83.8359985352
469.152863,       83.8027801514
469.517700,       83.3088378906
469.882538,       83.3533935547
470.247314,       84.2234802246
470.612061,       82.6272735596
470.976746,       83.2791061401
471.341431,       82.2486953735
471.706024,       81.9057235718
472.070618,       81.3663864136
472.435181,       81.5184020996
472.799622,       81.3808441162
473.164124,       81.2807617188
473.528534,       82.1810913086
473.892975,       82.1072845459
474.257294,       82.7009124756
474.621582,       83.4495010376
474.985870,       83.9445571899
475.350098,       83.2940673828
475.714325,       83.8368225098
476.078461,       84.3406982422
476.442535,       84.8275756836
476.806641,       85.6864776611
477.170685,       86.2893981934
477.534668,       86.8227767944
477.898621,       86.8631210327
478.262512,       87.4110946655
478.626404,       86.5103912354
478.990265,       87.4429779053
479.354065,       87.6699905396
479.717834,       88.0080795288
480.081512,       87.6693115234
480.445221,       87.6790161133
480.808899,       88.0435791016
481.172485,       87.2675933838
481.536041,       87.3436889648
481.899567,       87.1009750366
482.263062,       87.0712203979
482.626526,       86.8896179199
482.989929,       87.4017486572
483.353271,       87.1817779541
483.716583,       87.0270004272
484.079895,       87.4545211792
484.443146,       87.2802581787
484.806366,       87.3570098877
485.169525,       87.0841674805
485.532654,       87.2272949219
485.895752,       87.6513900757
486.258820,       88.3678665161
486.621857,       88.0269393921
486.984802,       87.8723526001
487.347748,       87.8069610596
487.710663,       88.0355682373
488.073517,       88.4100341797
488.436340,       88.4549713135
488.799072,       88.7161331177
489.161835,       88.9713897705
489.524536,       89.5295867920
489.887238,       89.6596527100
490.249847,       89.9935150146
490.612396,       90.0753631592
490.974915,       90.2704772949
491.337433,       90.7589950562
491.699921,       90.7168502808
492.062347,       90.5460968018
492.424713,       90.5962982178
492.787079,       90.9128417969
493.149353,       90.0691757202
493.511658,       90.3395996094
493.873871,       90.4413375854
494.236053,       90.2722702026
494.598206,       90.1987762451
494.960297,       90.2318725586
495.322388,       90.2794952393
495.684418,       89.0462799072
496.046356,       89.2977676392
496.408325,       89.6838836670
496.770264,       89.6422500610
497.132141,       89.4791717529
497.493958,       89.4505004883
497.855713,       89.2873153687
498.217499,       89.3428802490
498.579193,       89.4097442627
498.940887,       89.3525772095
499.302490,       89.3752365112
499.664093,       89.4851150513
500.025635,       89.6115875244
500.387177,       89.5238265991
500.748627,       90.4176101685
501.110077,       90.2064590454
501.471436,       90.1637268066
501.832825,       90.4669418335
502.194153,       90.7370681763
502.555389,       90.6982498169
502.916626,       90.3283767700
503.277802,       91.3361358643
503.638977,       90.9640808105
504.000092,       90.7083358765
504.361176,       90.5546417236
504.722198,       90.3979187012
505.083160,       90.3463668823
505.444153,       90.4245376587
505.805084,       90.4399032593
506.165924,       90.4230117798
506.526764,       90.3287506104
506.887543,       89.8104095459
507.248322,       89.6315307617
507.609070,       89.4558105469
507.969727,       89.4523696899
508.330322,       89.3153762817
508.690918,       89.5273742676
509.051514,       89.5057067871
509.412018,       89.5047683716
509.772491,       89.4480667114
510.132904,       89.2861175537
510.493286,       89.2158660889
510.853699,       89.2427062988
511.213989,       89.4859390259
511.574280,       89.5176773071
511.934509,       89.6087951660
512.294678,       89.6226425171
512.654846,       89.6710357666
513.014954,       89.6543426514
513.375061,       89.2026901245
513.735046,       88.8837814331
514.095032,       89.0399703979
514.455078,       89.2622375488
514.814941,       89.5418701172
515.174805,       89.6100158691
515.534607,       89.6087493896
515.894409,       89.5620880127
516.254211,       88.1614608765
516.613892,       87.8057022095
516.973572,       87.6027450562
517.333130,       87.5222396851
517.692749,       87.5306396484
518.052368,       87.6504516602
518.411865,       87.4831466675
518.771301,       87.4496688843
519.130737,       87.2602691650
519.490173,       87.0671463013
519.849548,       86.8697128296
520.208801,       86.7723159790
520.568054,       86.5423202515
520.927307,       86.8019866943
521.286499,       86.8250350952
521.645691,       86.5006866455
522.004822,       86.3859481812
522.363831,       86.1034622192
522.722839,       85.9249420166
523.081848,       85.3208389282
523.440796,       85.0855484009
523.799744,       86.0753479004
524.158569,       86.3111267090
524.517395,       86.3622283936
524.876160,       86.2277603149
525.234924,       86.0952835083
525.593628,       85.9510803223
525.952271,       85.5807647705
526.310913,       85.4223327637
526.669495,       85.2042236328
527.028076,       85.1657257080
527.386536,       85.0098724365
527.744995,       84.8359222412
528.103394,       84.7588729858
528.461792,       84.4856872559
528.820129,       84.3480911255
529.178406,       84.2412948608
529.536743,       83.7438735962
529.894958,       83.8099975586
530.253113,       83.7012023926
530.611267,       83.6393127441
530.969299,       83.4196777344
531.327393,       82.8486251831
531.685486,       82.6880722046
532.043335,       82.6001129150
532.401367,       82.4359588623
532.759216,       82.5331726074
533.117004,       82.5052871704
533.474915,       82.6033020020
533.832642,       82.4093475342
534.190430,       82.5830001831
534.548096,       82.4606018066
534.905762,       82.5482025146
535.263367,       82.3876953125
535.620850,       82.3901596069
535.978455,       82.5199050903
536.335876,       82.5647430420
536.693359,       82.5954589844
537.050781,       83.0532073975
537.408142,       82.9148864746
537.765442,       82.9336395264
538.122681,       83.2433547974
538.479919,       83.3860244751
538.837219,       83.7580795288
539.194336,       83.7137680054
539.551453,       83.4284591675
539.908508,       83.1679000854
540.265564,       83.1426544189
540.622559,       83.2587432861
540.979553,       83.3020629883
541.336426,       83.2401885986
541.693298,       83.2164306641
542.050110,       83.0097198486
542.406921,       82.9379119873
542.763672,       82.9201354980
543.120422,       82.8917541504
543.477051,       82.8205337524
543.833679,       82.8436050415
544.190308,       82.7574768066
544.546814,       82.7016143799
544.903381,       82.5392456055
545.259827,       82.5757751465
545.616211,       82.3878784180
545.972595,       82.4816894531
546.328979,       82.4859161377
546.685242,       82.4509582520
547.041504,       82.6487655640
547.397644,       82.8889923096
547.753906,       82.8970947266
548.110046,       82.9008102417
548.466125,       82.9161071777
548.822144,       83.0172119141
549.178223,       82.7815856934
549.534241,       82.8769912720
549.890137,       82.9904174805
550.246033,       83.0753173828
550.601868,       83.1033172607
550.957581,       83.1517333984
551.313416,       82.9679641724
551.669128,       83.0514297485
552.024841,       82.8791427612
552.380432,       83.0379867554
552.736023,       82.8953857422
553.091675,       82.6736907959
553.447144,       82.6516876221
553.802612,       82.6855545044
554.158020,       82.6906661987
554.513428,       82.7215042114
554.868774,       82.8509445190
555.224121,       82.6828231812
555.579346,       82.5312042236
555.934631,       82.6122741699
556.289734,       82.6164321899
556.644958,       82.7779388428
557.000000,       82.5947189331
557.355103,       82.6009368896
557.710083,       82.6486740112
558.065063,       82.6784210205
558.420105,       82.6596450806
558.774963,       82.8214111328
559.129822,       82.7089309692
559.484619,       82.9066314697
559.839355,       82.9725189209
560.194153,       83.0929870605
560.548828,       83.4298706055
560.903442,       83.4983367920
561.258057,       83.4093246460
561.612610,       83.5011444092
561.967224,       83.5469970703
562.321655,       83.5293579102
562.676086,       83.7929229736
563.030457,       83.9000244141
563.384827,       83.8842926025
563.739197,       83.8295593262
564.093445,       83.9545593262
564.447693,       84.2636032104
564.801880,       84.2984008789
565.156006,       84.3062820435
565.510132,       84.4067993164
565.864197,       84.4822463989
566.218262,       84.6068267822
566.572205,       84.9081192017
566.926086,       85.0159454346
567.280090,       85.0701675415
567.633972,       85.1666946411
567.987732,       85.3262481689
568.341553,       85.4430313110
568.695190,       85.6527786255
569.048950,       85.6513061523
569.402649,       85.6391677856
569.756165,       85.6736068726
570.109802,       85.7212295532
570.463257,       85.8317184448
570.816772,       85.9680633545
571.170227,       86.1401596069
571.523621,       86.1831436157
571.877014,       86.2589187622
572.230286,       86.3556213379
572.583557,       86.4628219604
572.936829,       86.4311599731
573.289978,       86.3996047974
573.643250,       86.3746719360
573.996216,       86.3939132690
574.349365,       86.3645095825
574.702393,       86.4592361450
575.055359,       86.5615234375
575.408325,       86.6002197266
575.761169,       86.6096267700
576.114075,       86.6620635986
576.466919,       86.8320465088
576.819641,       86.9606018066
577.172363,       87.1175689697
577.525085,       87.1167297363
577.877686,       87.0957641602
578.230286,       87.1421661377
578.582825,       87.2879333496
578.935425,       87.1908874512
579.287903,       87.2263565063
579.640320,       87.2592620850
579.992676,       87.2243194580
580.345093,       87.3829803467
580.697388,       87.5343780518
581.049683,       87.6436233521
581.401855,       87.7469177246
581.754089,       87.6984100342
582.106201,       87.6213760376
582.458313,       87.5280914307
582.810425,       87.5079269409
583.162354,       87.5771026611
583.514404,       87.5869216919
583.866272,       87.6170349121
584.218201,       87.6600799561
584.570068,       87.3392257690
584.921875,       87.4692306519
585.273560,       87.5246810913
585.625305,       87.4309005737
585.977051,       87.4386749268
586.328674,       87.4137725830
586.680237,       87.5291900635
587.031799,       87.5665130615
587.383301,       87.6330718994
587.734802,       87.5822143555
588.086243,       87.6011505127
588.437561,       87.6141967773
588.788940,       87.5585174561
589.140198,       87.7798919678
589.491516,       87.9245071411
589.842712,       87.9849243164
590.193848,       87.9170989990
590.544983,       87.8925018311
590.896057,       87.7798156738
591.247192,       87.7593154907
591.598145,       87.8061141968
591.949158,       88.0458221436
592.300049,       87.9996109009
592.650879,       88.0501098633
593.001770,       88.1956863403
593.352539,       88.1388397217
593.703308,       88.2241363525
594.054016,       88.2364501953
594.404663,       88.2164993286
594.755310,       88.2203521729
595.105896,       88.2413711548
595.456360,       88.2835998535
595.806885,       88.3323822021
596.157349,       88.0873794556
596.507751,       87.9948654175
596.858154,       87.8874130249
597.208435,       87.8972473145
597.558777,       87.9491348267
597.908997,       88.0364913940
598.259216,       88.1558761597
598.609314,       88.0722656250
598.959473,       87.9708557129
599.309570,       88.0569534302
599.659546,       88.0848083496
600.009583,       88.0885162354
600.359497,       88.0909423828
600.709412,       88.2307815552
601.059265,       88.3923950195
601.409058,       88.2986755371
601.758850,       88.3687438965
602.108521,       88.4123992920
602.458191,       88.4823608398
602.807922,       88.5276794434
603.157471,       88.4183883667
603.507080,       88.6638793945
603.856567,       88.7338104248
604.205994,       88.8865280151
604.555542,       88.9869766235
604.904846,       89.0828552246
605.254211,       89.0250701904
605.603516,       88.8160247803
605.952759,       88.9300613403
606.302063,       88.9416198730
606.651123,       88.9622116089
607.000305,       88.9770355225
607.349365,       89.0187988281
607.698425,       89.0601654053
608.047485,       89.0024261475
608.396362,       88.9819946289
608.745300,       88.9654617310
609.094177,       89.0097274780
609.442993,       89.0574264526
609.791809,       89.1078109741
610.140503,       89.1096496582
610.489258,       89.2616043091
610.837891,       89.3028259277
611.186523,       89.3716659546
611.535156,       89.4191665649
611.883606,       89.4419631958
612.232178,       89.4069137573
612.580566,       89.3939132690
612.928955,       89.5803756714
613.277344,       89.6592254639
613.625610,       89.7750854492
613.973938,       89.7186126709
614.322144,       89.7031555176
614.670288,       89.7400283813
615.018555,       89.7528228760
615.366516,       89.7871093750
615.714661,       89.8767242432
616.062622,       89.9084472656
616.410645,       89.9364166260
616.758606,       89.8987884521
617.106445,       89.8769454956
617.454285,       89.8998260498
617.802063,       89.8414764404
618.149841,       89.8510284424
618.497559,       89.8780136108
618.845215,       89.8180084229
619.192871,       89.7679901123
619.540466,       89.9269866943
619.888000,       90.0242233276
620.235535,       90.0617752075
620.582886,       90.0228118896
620.930359,       90.0484008789
621.277710,       90.1755371094
621.625061,       90.1921615601
621.972351,       90.2301177979
622.319519,       90.1894607544
622.666809,       90.1965408325
623.013916,       90.2111892700
623.361023,       90.2908020020
623.708130,       90.3291931152
624.055054,       90.4203643799
624.402100,       90.4890899658
624.749023,       90.4423980713
625.095947,       90.4096374512
625.442810,       90.4325256348
625.789551,       90.4002914429
626.136353,       90.4633255005
626.483032,       90.4781112671
626.829712,       90.3353576660
627.176392,       90.3243408203
627.522949,       90.3666992188
627.869507,       90.3932800293
628.216003,       90.4217681885
628.562500,       90.4073257446
628.908936,       90.4708709717
629.255310,       90.5012969971
629.601624,       90.5807723999
629.947876,       90.5982818604
630.294067,       90.2969589233
630.640320,       90.3654479980
630.986511,       90.2939376831
631.332642,       90.2524642944
631.678650,       90.0468444824
632.024658,       90.1543884277
632.370728,       90.2886352539
632.716614,       90.3521652222
633.062500,       90.3881378174
633.408325,       90.4052886963
633.754089,       90.3287506104
634.099915,       90.4500350952
634.445679,       90.4597473145
634.791321,       90.5075225830
635.136963,       90.4843902588
635.482483,       90.2940292358
635.828125,       90.3367004395
636.173584,       90.3715744019
636.519043,       90.2835006714
636.864502,       90.2139739990
637.209778,       90.1767883301
637.555237,       90.4893798828
637.900452,       90.5204238892
638.245728,       90.5767288208
638.590881,       90.6836013794
638.935974,       90.9390258789
639.281189,       90.9024963379
639.626221,       90.8075637817
639.971191,       90.8079910278
640.316223,       90.7983245850
640.661072,       90.7920379639
641.006042,       90.9051742554
641.350891,       90.9476089478
641.695679,       90.9488983154
642.040466,       91.0198516846
642.385071,       91.0878524780
642.729858,       91.3290405273
643.074463,       90.9623870850
643.419067,       90.9717864990
643.763611,       91.0393524170
644.108032,       91.0967864990
644.452515,       91.1627731323
644.796936,       91.1773681641
645.141296,       91.1712188721
645.485657,       91.1837692261
645.829834,       91.1443634033
646.174133,       91.1340637207
646.518311,       91.2492904663
646.862427,       91.3854217529
647.206604,       91.4400634766
647.550598,       91.5156860352
647.894653,       91.5739212036
648.238647,       91.6193389893
648.582458,       91.6417694092
648.926453,       91.6919631958
649.270203,       91.7200927734
649.614075,       91.8245239258
649.957764,       91.8305587769
650.301453,       92.2465209961
650.645142,       92.2668151855
650.988708,       92.3337173462
651.332336,       92.4521789551
651.675842,       92.5260467529
652.019348,       92.5036849976
652.362854,       92.4648056030
652.706177,       92.4877014160
653.049561,       92.5626678467
653.392883,       92.5703201294
653.736084,       92.5269775391
654.079346,       92.5002899170
654.422424,       91.9491271973
654.765625,       91.9033203125
655.108765,       91.8996963501
655.451721,       91.9723968506
655.794800,       91.9436111450
656.137695,       91.9730148315
656.480591,       91.8349075317
656.823486,       91.7618331909
657.166260,       91.7471694946
657.509094,       91.7981643677
657.851807,       91.7650146484
658.194519,       91.7453155518
658.537109,       91.6123046875
658.879761,       91.5976791382
659.222351,       91.5960388184
659.564758,       91.7003860474
659.907349,       91.7843170166
660.249695,       91.7855148315
660.592041,       91.7515869141
660.934448,       91.7330780029
661.276672,       91.8211364746
661.619019,       92.3194122314
661.961182,       92.3897171021
662.303284,       92.3893737793
662.645508,       92.2928771973
662.987427,       92.3200988770
663.329529,       92.3123855591
663.671448,       92.4429550171
664.013428,       92.4556503296
664.355347,       92.4807052612
664.697205,       92.3180465698
665.039001,       92.3785858154
665.380676,       92.3853683472
665.722412,       92.4670257568
666.064148,       92.4998931885
666.405701,       92.5904312134
666.747253,       92.6181030273
667.088806,       92.5951919556
667.430298,       92.5749206543
667.771790,       92.6346969604
668.113159,       92.6687316895
668.454529,       92.5819549561
668.795837,       92.5747299194
669.137085,       92.6060104370
669.478394,       92.6896972656
669.819519,       92.6696243286
670.160645,       92.6740646362
670.501709,       92.7159042358
670.842773,       92.7423400879
671.183777,       92.7444076538
671.524719,       92.8217620850
671.865662,       92.9713211060
672.206482,       93.0350799561
672.547302,       93.1232299805
672.888123,       93.1359100342
673.228821,       93.1270904541
673.569458,       93.1008300781
673.910095,       93.0617980957
674.250732,       92.9374923706
674.591370,       92.9071121216
674.931824,       92.8876571655
675.272217,       92.8813476563
675.612732,       92.9613265991
675.953003,       92.9874572754
676.293396,       92.9790725708
676.633667,       92.8779373169
676.973877,       92.8932571411
677.314148,       92.8818206787
677.654236,       92.8218536377
677.994385,       92.7709884644
678.334412,       92.8425369263
678.674438,       92.7194366455
679.014404,       92.6980667114
679.354309,       92.6044387817
679.694214,       92.5891571045
680.034058,       92.5664367676
680.373840,       92.5822219849
680.713623,       92.5556793213
681.053223,       92.6051940918
681.392944,       92.5952911377
681.732544,       91.8320236206
682.072083,       89.0323486328
682.411621,       88.9921188354
682.751038,       88.9478302002
683.090515,       88.9588928223
683.429871,       88.7716751099
683.769226,       88.7703399658
684.108582,       88.7834625244
684.447754,       88.7817611694
684.786987,       88.8505249023
685.126160,       88.8269042969
685.465210,       88.7130050659
685.804382,       88.7456741333
686.143311,       88.6868057251
686.482361,       88.6753768921
686.821289,       88.5996017456
687.160156,       88.5817642212
687.499023,       88.5083541870
687.837769,       88.3798141479
688.176514,       88.2338943481
688.515259,       88.2853775024
688.853882,       88.9576950073
689.192566,       91.6504516602
689.531067,       91.6268081665
689.869629,       91.4290237427
690.208130,       91.3491516113
690.546570,       91.2695312500
690.885010,       91.0694274902
691.223267,       90.9477615356
691.561584,       90.8033905029
691.899841,       90.4711914063
692.238037,       90.3411102295
692.576294,       90.1854400635
692.914307,       89.9350814819
693.252380,       89.7560577393
693.590454,       89.4686889648
693.928406,       89.2301940918
694.266357,       88.9208221436
694.604187,       88.6649627686
694.942078,       88.4682922363
695.279907,       88.2637023926
695.617615,       87.7113189697
695.955444,       87.4961013794
696.292969,       87.2161483765
696.630676,       86.8283996582
696.968201,       86.6020507813
697.305725,       86.0721282959
697.643250,       85.7781600952
697.980652,       85.5154495239
698.318054,       85.1460037231
698.655396,       84.7173614502
698.992676,       84.4419631958
699.330017,       83.9990844727
699.667175,       83.6352844238
700.004395,       83.2755737305
700.341492,       82.8443145752
700.678528,       82.4387435913
701.015564,       81.7855453491
701.352478,       81.4069519043
701.689514,       80.9066696167
702.026428,       80.3105010986
702.363220,       79.7574005127
702.700073,       79.4738769531
703.036804,       78.9296112061
703.373474,       78.3834228516
703.710144,       77.8635864258
704.046814,       77.1684265137
704.383362,       76.8775329590
704.719910,       76.2517852783
705.056335,       75.7217864990
705.392761,       75.2225265503
705.729187,       74.7071151733
706.065552,       74.1628494263
706.401855,       73.6587677002
706.738098,       73.0241088867
707.074280,       72.4794006348
707.410461,       71.8901290894
707.746643,       71.3654022217
708.082642,       70.9692230225
708.418701,       70.3754577637
708.754639,       69.8861770630
709.090576,       69.5456161499
709.426514,       69.0598297119
709.762329,       68.3796539307
710.098083,       67.7318344116
710.433838,       66.9673156738
710.769592,       66.3751678467
711.105286,       65.9792022705
711.440796,       65.3518829346
711.776367,       64.9220046997
712.112000,       64.3782043457
712.447388,       63.7807159424
712.782837,       63.1817779541
713.118225,       62.6022071838
713.453552,       62.0395317078
713.788818,       61.5532379150
714.124023,       60.9357681274
714.459290,       60.3292312622
714.794434,       59.7087173462
715.129517,       59.1289901733
715.464661,       58.4658203125
715.799622,       57.8837509155
716.134583,       57.0958938599
716.469482,       56.4398574829
716.804321,       55.9409217834
717.139221,       55.4600830078
717.473938,       55.0911636353
717.808777,       54.5660400391
718.143433,       53.9866943359
718.478088,       53.4124794006
718.812683,       52.8777046204
719.147217,       52.2936477661
719.481750,       51.6786308289
719.816223,       51.1117553711
720.150574,       50.4091262817
720.485046,       49.8269195557
720.819214,       49.0885009766
721.153564,       48.4598045349
721.487854,       47.8401489258
721.821960,       47.2776718140
722.156189,       46.4783630371
722.490234,       45.9856109619
722.824341,       45.3985176086
723.158264,       44.9012527466
723.492249,       44.2565231323
723.826172,       43.7675170898
724.159973,       43.1164321899
724.493835,       42.5851745605
724.827576,       41.5167198181
725.161316,       40.8270721436
725.494995,       40.2587280273
725.828613,       39.5933151245
726.162231,       38.9797592163
726.495728,       38.3587951660
726.829163,       37.7887725830
727.162720,       37.3804969788
727.496033,       36.7836380005
727.829468,       36.3793411255
728.162720,       35.8125534058
728.496033,       35.2629623413
728.829224,       34.7828216553
729.162354,       34.5324707031
729.495483,       34.0729598999
729.828552,       33.5453186035
730.161560,       33.0527877808
730.494629,       32.5852737427
730.827454,       32.0160675049
731.160400,       31.5218048096
731.493225,       30.9623413086
731.825989,       30.9154434204
732.158813,       30.5014801025
732.491455,       30.0093536377
732.824158,       29.5296478271
733.156799,       29.0392303467
733.489319,       28.4295959473
733.821899,       27.9361495972
734.154236,       27.4938201904
734.486755,       26.9508209229
734.819092,       26.4606704712
735.151428,       26.1072692871
735.483765,       25.7994232178
735.815857,       25.4306716919
736.148132,       25.0818634033
736.480286,       24.6283340454
736.812378,       24.1936798096
737.144470,       23.8850555420
737.476379,       23.4393310547
737.808411,       23.0617599487
738.140259,       22.6569213867
738.472168,       22.3821868896
738.804016,       22.0558013916
739.135742,       21.7800750732
739.467468,       21.4115142822
739.799133,       21.1266250610
740.130798,       20.8975372314
740.462402,       20.6911087036
740.793884,       20.2048339844
741.125366,       19.8541641235
741.456848,       19.6430664063
741.788208,       19.2944030762
742.119568,       18.9406738281
742.450928,       18.6114959717
742.782166,       18.3065185547
743.113281,       17.9085769653
743.444458,       17.5953598022
743.775635,       17.3379745483
744.106689,       17.0938262939
744.437683,       16.9775695801
744.768677,       16.6618041992
745.099609,       16.4900054932
745.430481,       16.2235412598
745.761353,       15.9282531738
746.092102,       15.6642150879
746.422852,       15.3374786377
746.753479,       15.1405639648
747.084229,       14.8482818604
747.414795,       14.7870635986
747.745300,       14.7288208008
748.075806,       14.6237411499
748.406311,       14.5059967041
748.736694,       14.3595733643
749.067078,       14.2457733154
749.397400,       14.0500488281
749.727722,       13.8222961426
750.057861,       13.6203460693
750.388062,       13.4912872314
750.718201,       13.3459320068
751.048279,       13.0938110352
751.378357,       12.9960784912
751.708252,       12.9908676147
752.038208,       12.7587432861
752.368164,       12.6157379150
752.697937,       12.6641235352
753.027832,       12.5258102417
753.357483,       12.4559020996
753.687256,       12.3733520508
754.016907,       12.1828155518
754.346497,       12.0210723877
754.676147,       12.0878906250
755.005493,       12.0041580200
755.335083,       11.9169006348
755.664490,       11.6611404419
755.993835,       11.4999237061
756.323181,       11.3645782471
756.652405,       11.3416671753
756.981689,       11.4163513184
757.310852,       11.3894958496
757.640015,       11.2921981812
757.969177,       11.2331008911
758.298096,       11.1553192139
758.627197,       10.9600219727
758.956116,       10.9311218262
759.284973,       10.9037780762
759.613892,       10.7899322510
759.942627,       10.8317489624
760.271423,       10.9534835815
760.600159,       10.9139022827
760.928772,       11.0111389160
761.257446,       11.0963745117
761.585999,       10.9478759766
761.914490,       10.7571258545
762.242981,       10.7550048828
762.571350,       10.9223785400
762.899841,       10.6896820068
763.228088,       10.8657150269
763.556396,       10.8060455322
763.884644,       10.7444076538
764.212830,       10.6820831299
764.541016,       10.5387039185
764.869080,       10.5261230469
765.197144,       10.5178756714
765.525146,       10.6524047852
765.853088,       10.7485122681
766.181030,       10.6873474121
766.508789,       10.7336120605
766.836670,       10.6291809082
767.164429,       10.4173431396
767.492126,       10.3718414307
767.819824,       10.3227081299
768.147400,       10.0808334351
768.475037,       10.0381011963
768.802490,        9.9501876831
769.130005,        9.6386108398
769.457458,        9.6691131592
769.784790,        9.9593811035
770.112183,        9.8197174072
770.439453,        9.7752914429
770.766663,        9.6816711426
771.093872,        9.7066345215
771.420959,        9.8949432373
771.748108,        9.9040222168
772.075195,        9.7753601074
772.402161,        9.5428771973
772.729126,        9.5240478516
773.055969,        9.5365295410
773.382874,        9.3782043457
773.709717,        9.4228668213
774.036438,        9.5306549072
774.363159,        9.5186233521
774.689758,        9.4406433105
775.016479,        9.5231170654
775.343018,        9.6017913818
775.669495,        9.8148651123
775.996033,       10.0598602295
776.322449,        9.9845123291
776.648865,        9.9188537598
776.975098,        9.7944641113
777.301453,        9.7887420654
777.627686,        9.7955398560
777.953857,        9.6121673584
778.280029,        9.5531311035
778.606079,        9.3792114258
778.932068,        9.4616241455
779.258179,        9.5751953125
779.584045,        9.5574951172
779.909973,        9.5146789551
780.235840,        9.5867385864
780.561646,        9.5867843628
780.887390,        9.5156555176
781.213135,        9.5297698975
781.538757,        9.5845489502
781.864380,        8.5724945068
782.189880,        8.3921432495
782.515442,        8.3403167725
782.840942,        8.2991790771
783.166321,        8.4203338623
783.491699,        8.4346313477
783.817017,        8.5796203613
784.142395,        8.5762023926
784.467529,        8.5646972656
784.792725,        8.7198791504
785.117859,        8.7315368652
785.442932,        8.8982009888
785.768005,        8.9154891968
786.092957,        8.9970245361
786.417908,        8.9847259521
786.742798,        9.0937652588
787.067566,        8.9037780762
787.392456,        8.9144439697
787.717163,        8.9635925293
788.041870,        8.8745117188
788.366577,        8.8969345093
788.691101,       10.0716247559
789.015686,        9.9989471436
789.340149,        9.9129104614
789.664673,        9.8824386597
789.989075,        9.8015975952
790.313354,        9.5651473999
790.637756,        9.4000320435
790.962036,        9.3075256348
791.286194,        9.3125457764
791.610413,        9.2894134521
791.934448,        9.2223968506
792.258606,        9.1219635010
792.582581,        8.8797760010
792.906555,        8.8158340454
793.230530,        8.8357086182
793.554321,        8.7411041260
793.878174,        8.9274902344
794.201965,        8.9118881226
794.525696,        8.8924713135
794.849426,        8.9822921753
795.172974,        9.0464172363
795.496643,        9.0045928955
795.820129,        9.1349639893
796.143616,        9.1273040771
796.467102,        9.1122512817
796.790405,        9.0593490601
797.113831,        9.3516235352
797.437134,        9.4182434082
797.760315,        9.4679260254
798.083618,        9.5527954102
798.406677,        9.4497528076
798.729797,        9.1502227783
799.052856,        9.1741638184
799.375854,        9.3646850586
799.698853,        9.2735443115
800.021729,        9.0317840576
800.344604,        8.9794616699
800.667358,        8.9242019653
800.990112,        8.7890472412
801.312866,        8.8155670166
801.635498,        8.6492080688
801.958191,        8.5470733643
802.280701,        8.5582122803
802.603210,        8.6100845337
802.925781,        8.6542968750
803.248108,        8.6646041870
803.570496,        8.7301635742
803.892822,        8.6405715942
804.215088,        8.5556793213
804.537354,        8.5513229370
804.859436,        8.4904632568
805.181641,        8.5295410156
805.503723,        8.8002853394
805.825745,        8.6519165039
806.147766,        8.5955581665
806.469604,        8.6089477539
806.791504,        8.7562026978
807.113342,        8.7768707275
807.435181,        8.7908020020
807.756897,        8.8482666016
808.078552,        8.7066955566
808.400208,        8.7376556396
808.721802,        8.7535705566
809.043335,        8.7199554443
809.364929,        8.6415023804
809.686279,        8.6146392822
810.007751,        8.6479721069
810.329041,        8.6808013916
810.650330,        8.6975250244
810.971619,        8.9010314941
811.292786,        8.9998016357
811.613953,        9.0085906982
811.935059,        9.0797958374
812.256104,        9.1266021729
812.577148,        9.2188949585
812.898071,        9.2768783569
813.218994,        9.4040679932
813.539795,        9.4355163574
813.860596,        9.4841918945
814.181396,        9.5495223999
814.502136,        9.6168518066
814.822754,        9.6809768677
815.143372,        9.7423858643
815.463928,        9.7364196777
815.784485,        9.6638183594
816.104919,        9.8109588623
816.425354,        9.8103485107
816.745728,        9.7464294434
817.065979,        9.6726226807
817.386353,        9.7688598633
817.706421,        9.6781768799
818.026733,        9.5830154419
818.346863,        9.3551483154
818.666809,        9.2229766846
818.986938,        9.0962829590
819.306824,        9.2723999023
819.626770,        9.1540374756
819.946716,        8.9967956543
820.266479,        9.0489044189
820.586304,        9.0531616211
820.905945,        9.0447082520
821.225647,        8.9734497070
821.545349,        8.8538742065
821.864868,        8.8485946655
822.184448,        8.6417007446
822.503845,        8.6605377197
822.823364,        8.5701446533
823.142761,        8.5413894653
823.462036,        8.5857086182
823.781372,        8.6513748169
824.100525,        8.5814514160
824.419800,        7.9483871460
824.738953,        7.9757690430
825.057922,        8.1576690674
825.377014,        8.1645050049
825.695984,        8.2178649902
826.014954,        8.1115570068
826.333862,        8.2650909424
826.652649,        8.3186569214
826.971497,        8.2565917969
827.290100,        8.1859588623
827.608887,        8.0288925171
827.927612,        7.9631805420
828.246094,        8.1813354492
828.564697,        8.2373886108
828.883118,        8.3883666992
829.201599,        8.4594421387
829.520020,        8.3457641602
829.838318,        8.4538879395
830.156616,        8.4661865234
830.474854,        8.3701019287
830.793091,        8.2819671631
831.111267,        8.9485168457
831.429260,        8.9785614014
831.747437,        9.0158081055
832.065308,        9.1889495850
832.383362,        9.1903915405
832.701233,        9.1226196289
833.019043,        9.0567016602
833.336914,        9.1715087891
833.654663,        9.1414947510
833.972351,        9.2082824707
834.289978,        8.9034957886
834.607483,        8.7931213379
834.925171,        8.7040100098
835.242676,        8.6824951172
835.560059,        8.7009506226
835.877502,        8.7107696533
836.194763,        8.9198150635
836.512146,        8.8557891846
836.829468,        8.7353820801
837.146545,        8.7979888916
837.463745,        8.9553222656
837.780823,        8.8948593140
838.097900,        8.8575286865
838.414917,        8.6655426025
838.731873,        8.5282974243
839.048828,        8.5592041016
839.365540,        8.6376876831
839.682434,        8.6756591797
839.999207,        8.5122985840
840.315857,        8.4530639648
840.632568,        8.3422241211
840.949097,        8.7582778931
841.265747,        8.8911285400
841.582275,        8.8810729980
841.898682,        8.6983795166
842.215088,        8.7122650146
842.531433,        8.5928039551
842.847778,        8.4770355225
843.164063,        8.4776306152
843.480164,        8.4039764404
843.796387,        8.4213714600
844.112427,        8.2550964355
844.428528,        8.0478286743
844.744568,        7.9792938232
845.060486,        8.0543975830
845.376404,        8.0979995728
845.692200,        8.1137237549
846.008057,        8.1463775635
846.323853,        8.0663223267
846.639465,        8.1688385010
846.955139,        8.3037033081
847.270691,        8.4067993164
847.586304,        8.2460250854
847.901855,        8.2833251953
848.217224,        8.3329162598
848.532715,        8.4826660156
848.847961,        8.1631317139
849.163330,        8.3369293213
849.478638,        8.3278503418
849.793823,        8.2252655029
850.108948,        8.3022308350
850.424011,        8.0242309570
850.739136,        8.1490554810
851.054199,        8.5122070313
851.369019,        8.6718292236
851.684021,        8.7821121216
851.998779,        8.5845336914
852.313660,        8.6272888184
852.628418,        8.5188903809
852.943054,        8.5219726563
853.257751,        8.4175415039
853.572327,        8.4024353027
853.886841,        8.4238586426
854.201477,        8.4840393066
854.515808,        8.4483795166
854.830261,        8.4040374756
855.144592,        8.3192443848
855.458862,        8.7442321777
855.773193,        8.6755065918
856.087280,        8.6800155640
856.401489,        8.6991577148
856.715515,        8.7189788818
857.029602,        8.8596191406
857.343628,        8.8952941895
857.657532,        8.8609466553
857.971497,        8.7375411987
858.285278,        8.6861267090
858.599121,        8.9197387695
858.912903,        8.8482818604
859.226501,        8.8671569824
859.540222,        8.7897338867
859.853699,        8.7253723145
860.167297,        8.6366729736
860.480896,        8.5399169922
860.794250,        8.4829864502
861.107666,        8.4568862915
861.420959,        8.5535125732
861.734314,        8.5840148926
862.047546,        8.4954986572
862.360657,        8.4243927002
862.673889,        8.3541183472
862.986938,        8.3860549927
863.299988,        8.3703155518
863.613037,        8.1359252930
863.925903,        8.0024566650
864.238831,        7.7483825684
864.551575,        7.8053817749
864.864380,        7.8462371826
865.177185,        7.8631591797
865.489807,        7.8190612793
865.802490,        7.9147186279
866.114990,        7.8512878418
866.427612,        7.8903884888
866.740112,        7.8794097900
867.052429,        7.9314422607
867.364868,        8.0249328613
867.677124,        8.0423126221
867.989502,        7.8670425415
868.301758,        7.8264770508
868.613831,        7.8522415161
868.926025,        7.8831939697
869.238159,        8.0468750000
869.550049,        8.1158294678
869.862122,        8.0874481201
870.173950,        8.3527984619
870.485901,        8.4872741699
870.797791,        8.6842803955
871.109497,        8.6183090210
871.421204,        8.7026443481
871.732849,        8.6132965088
872.044495,        8.6190795898
872.356079,        8.5647583008
872.667542,        8.7669754028
872.979065,        8.8636856079
873.290344,        8.8560180664
873.601807,        8.8579559326
873.913147,        8.6685180664
874.224304,        8.6767654419
874.535645,        8.8919219971
874.846741,        8.8773803711
875.157837,        8.6765594482
875.468994,        8.4500579834
875.779907,        8.4715728760
876.090881,        8.4872589111
876.401733,        8.3916931152
876.712646,        8.3895263672
877.023499,        8.3590850830
877.334167,        8.3519134521
877.644897,        8.3711929321
877.955505,        8.4166412354
878.266113,        8.5305480957
878.576721,        8.5948638916
878.887146,        8.5318603516
879.197571,        8.4847412109
879.507996,        8.4686889648
879.818298,        8.4286346436
880.128662,        8.1154174805
880.438843,        8.3027038574
880.749084,        8.2172241211
881.059143,        7.4730224609
881.369263,        7.5100631714
881.679382,        7.8177185059
881.989258,        8.0770797729
882.299194,        7.8755645752
882.609070,        7.7529296875
882.918945,        7.8778533936
883.228760,        7.8845672607
883.538452,        7.8579101563
883.848145,        7.6644134521
884.157654,        7.6490020752
884.467285,        7.4346618652
884.776917,        7.3153686523
885.086243,        7.2152709961
885.395813,        7.2710266113
885.705017,        7.3293685913
886.014404,        7.3023986816
886.323730,        7.3796081543
886.632874,        7.6656341553
886.942078,        7.5829162598
887.251160,        7.6308364868
887.560242,        8.3293762207
887.869263,        8.4001541138
888.178162,        8.0939483643
888.487122,        3.2260131836
888.795898,        3.3868560791
889.104797,        3.3462829590
889.413513,        3.4106521606
889.722168,        3.4323348999
890.030884,        3.3307800293
890.339417,        3.4318466187
890.648010,        3.5518646240
890.956543,        3.5672760010
891.264893,        3.6123733521
891.573364,        3.7563552856
891.881653,        3.6968078613
892.189941,        3.5966949463
892.498230,        3.5213088989
892.806335,        3.4486007690
893.114502,        3.3062515259
893.422546,        3.3253021240
893.730652,        3.2402801514
894.038696,        3.0301513672
894.346497,        2.9585418701
894.654419,        2.9135589600
894.962158,        8.0123901367
895.270020,        8.0412902832
895.577759,        8.1415252686
895.885376,        7.9942474365
896.192993,        8.0137023926
896.500549,        7.8757476807
896.808044,        7.9573822021
897.115601,        7.6904296875
897.422913,        7.5939483643
897.730347,        7.5481872559
898.037598,        7.3661956787
898.344910,        7.3775253296
898.652161,        7.5034790039
898.959167,        7.5931396484
899.266418,        7.5473556519
899.573364,        7.6640014648
899.880371,        7.7371215820
900.187378,        7.8644409180
900.494202,        8.1069946289
900.801086,        8.1603012085
901.107788,        8.4105072021
901.414612,        8.5493774414
901.721375,        8.5320434570
902.027832,        8.4933013916
902.334534,        8.7338562012
902.641113,        8.7277221680
902.947510,        8.9575195313
903.253967,        8.8131866455
903.560242,        9.0426940918
903.866638,        9.2461090088
904.172974,        9.3179626465
904.479126,        9.3630142212
904.785278,        9.3971710205
905.091370,        9.2750549316
905.397461,        9.2526550293
905.703552,        9.0786285400
906.009399,        8.9703598022
906.315369,        8.7429656982
906.621155,        8.7607879639
906.927002,        8.6109771729
907.232788,        8.5461425781
907.538452,        8.4696655273
907.844116,        8.4546279907
908.149658,        8.3141860962
908.455200,        8.4706878662
908.760803,        8.2966537476
909.066162,        8.2309417725
909.371582,        8.2074737549
909.676880,        8.4091033936
909.982178,        8.3872833252
910.287476,        8.4291687012
910.592529,        8.3416442871
910.897705,        7.6479492188
911.202759,        7.6419677734
911.507813,        7.6529541016
911.812805,        7.6310501099
912.117676,        7.9873199463
912.422546,        7.9401245117
912.727356,        8.1991271973
913.032104,        8.3503570557
913.336853,        8.4538955688
913.641479,        8.2929687500
913.946106,        8.5245208740
914.250610,        8.1307983398
914.555115,        8.1240234375
914.859619,        7.9190826416
915.163940,        8.0598297119
915.468323,        8.1239471436
915.772583,        8.1022949219
916.076843,        8.1224746704
916.381104,        8.2714385986
916.685120,        8.2992019653
916.989258,        8.3037261963
917.293213,        9.1464996338
917.597290,        8.7311096191
917.901184,        8.4515533447
918.205017,        8.4236068726
918.508850,        8.4042663574
918.812561,        8.6070632935
919.116333,        8.5761642456
919.420044,        8.5109329224
919.723572,        7.8944702148
920.027222,        8.1218566895
920.330627,        8.0351638794
920.634094,        8.3442459106
920.937561,        8.6231384277
921.240784,        8.4980316162
921.544189,        8.4808197021
921.847351,        8.6304473877
922.150574,        8.2862777710
922.453735,        8.1767730713
922.756775,        7.9923400879
923.059875,        7.9335937500
923.362793,        7.8766937256
923.665771,        7.7440719604
923.968689,        8.2778625488
924.271362,        8.5859832764
924.574219,        8.5682067871
924.876892,        8.7266387939
925.179565,        8.3561935425
925.482239,        8.4142990112
925.784729,        8.0309753418
926.087280,        8.5035858154
926.389648,        8.3936004639
926.692078,        8.3983459473
926.994507,        8.3222961426
927.296692,        8.2546081543
927.599060,        8.1680603027
927.901123,        8.2107391357
928.203308,        8.0724029541
928.505432,        8.4244995117
928.807434,        8.4706420898
929.109436,        8.4737091064
929.411316,        8.3636474609
929.713196,        8.4760742188
930.015015,        8.5826110840
930.316711,        8.5814056396
930.618530,        8.6862945557
930.920105,        8.8338317871
931.221802,        8.2773818970
931.523315,        8.6378173828
931.824829,        8.7514495850
932.126282,        9.0000000000
932.427612,        9.2169647217
932.729004,        9.4644927979
933.030334,        9.4314270020
933.331482,        9.3341674805
933.632751,        9.1463165283
933.933777,        9.4386138916
934.234924,        9.3247528076
934.536011,        9.4425811768
934.836914,        9.3834152222
935.137878,        9.3251800537
935.438660,        9.0106658936
935.739502,        9.1093139648
936.040344,        9.0222930908
936.340942,        9.1665039063
936.641663,        9.1381759644
936.942383,        9.2216567993
937.242798,        9.0079650879
937.543335,        9.4761962891
937.843750,        9.2551116943
938.144165,        9.2534103394
938.444580,        9.0748443604
938.744751,        9.1817169189
939.045044,        9.0862579346
939.345154,        9.0187759399
939.645325,        9.0658874512
939.945435,        8.9531936646
940.245361,        9.0209503174
940.545410,        9.0030288696
940.845215,        8.8423538208
941.145142,        8.7600555420
941.445007,        8.7504959106
941.744629,        9.1936798096
942.044434,        9.1006698608
942.343994,        9.0727233887
942.643677,        9.1025238037
942.943237,        8.8580780029
943.242676,        8.4519882202
943.542114,        8.3765563965
943.841431,        8.4017257690
944.140808,        8.8998870850
944.440125,        8.7381591797
944.739258,        8.6937561035
945.038513,        8.6672897339
945.337524,        8.4991760254
945.636597,        8.4432373047
945.935669,        8.6274490356
946.234558,        8.9646606445
946.533508,        9.0504302979
946.832275,        8.8479766846
947.131165,        8.9334411621
947.429932,        9.2354660034
947.728516,        9.6882629395
948.027222,        9.6246337891
948.325745,        8.0240936279
948.624329,        7.7329940796
948.922852,        7.7170104980
949.221191,        7.9144592285
949.519592,        7.5768737793
949.817810,        7.9057769775
950.116150,        7.6387023926
950.414368,        7.4225692749
950.712463,        7.5328292847
951.010620,        7.9927520752
951.308594,        7.9865264893
951.606628,        8.2165069580
951.904602,        7.8218841553
952.202454,        7.8355560303
952.500305,        6.6705932617
952.798035,        6.3828430176
953.095825,        6.3996276855
953.393494,        6.6098937988
953.691040,        6.3839111328
953.988647,        5.3480606079
954.286133,        5.2580261230
954.583618,        7.0441436768
954.881042,        7.5960845947
955.178345,        7.5042266846
955.475647,        7.2747192383
955.772827,        7.6297760010
956.070068,        7.7390594482
956.367310,        7.8999633789
956.664307,        8.1585311890
956.961365,        7.7603302002
957.258240,        7.4751129150
957.555176,        6.7188034058
957.852112,        6.1248397827
958.148865,        6.5404357910
958.445679,        6.8238906860
958.742310,        8.1658630371
959.039001,        8.3399429321
959.335632,        8.5095520020
959.632141,        7.9587860107
959.928650,        8.3160247803
960.224976,        9.1067199707
960.521484,        8.7045593262
960.817871,        9.0427703857
961.114014,        8.9917755127
961.410339,        9.1484222412
961.706421,        9.2550811768
962.002563,        9.5686645508
962.298645,        9.2242584229
962.594604,        8.9014434814
962.890564,        8.3997344971
963.186401,        5.7060852051
963.482300,        5.0022354126
963.778137,        5.6408691406
964.073792,        6.5015563965
964.369568,        6.6840286255
964.665100,        6.6550369263
964.960693,        6.0425720215
965.256287,        5.3224258423
965.551697,        5.7189331055
965.847168,        6.2884674072
966.142395,        6.1663131714
966.437744,        5.8136749268
966.733032,        6.4590530396
967.028198,        6.4167022705
967.323364,        6.2615737915
967.618408,        6.0974578857
967.913513,        5.5545272827
968.208496,        4.9446563721
968.503357,        5.3938903809
968.798279,        5.2740478516
969.093018,        5.4056243896
969.387817,        9.3126220703
969.682556,       10.2366180420
969.977173,       10.2765502930
970.271790,        9.4395751953
970.566406,        8.7018737793
970.860779,        8.7171783447
971.155334,        9.0195159912
971.449646,       10.3633880615
971.743958,        9.9593200684
972.038330,        9.2547454834
972.332458,        9.2761230469
972.626648,        9.4108123779
972.920715,        9.3326110840
973.214844,        8.6046295166
973.508911,        8.7735748291
973.802734,        8.1909637451
974.096741,        8.0492630005
974.390442,        8.5593795776
974.684265,        8.0565261841
974.978088,        8.9246139526
975.271667,        8.9020462036
975.565369,        8.4889450073
975.858826,        8.1180191040
976.152405,        7.7443847656
976.445923,        8.5445480347
976.739258,        9.3025131226
977.032654,        8.8061828613
977.325867,        8.5324096680
977.619202,        7.6735229492
977.912415,        6.8430633545
978.205505,        7.2390060425
978.498596,        7.0189590454
978.791504,        6.9611206055
979.084534,        6.5337219238
979.377563,        6.9251861572
979.670288,        6.9670867920
979.963196,        7.6519165039
980.255859,        8.0403442383
980.548584,        8.2340393066
980.841309,        5.6664886475
981.133850,        4.9220886230
981.426392,        4.4151611328
981.718811,        4.5174407959
982.011292,        5.4973449707
982.303650,        5.6671676636
982.595886,        5.5684432983
982.888245,        5.0038757324
983.180359,        4.9207763672
983.472595,        4.6053619385
983.764709,        5.3673248291
984.056641,        6.6018218994
984.348755,        6.4205169678
984.640625,        6.3568572998
984.932495,        6.4529418945
985.224365,        6.6148071289
985.516052,        6.5821228027
985.807861,        6.4532699585
986.099426,        5.0209045410
986.391052,        5.3946685791
986.682678,        4.9724731445
986.974121,        8.1933593750
987.265625,        8.7042846680
987.556885,        8.8205947876
987.848328,        8.7597274780
988.139648,        7.4584503174
988.430786,        7.3022460938
988.721985,        6.3697814941
989.013000,        7.0318145752
989.304138,        6.4902343750
989.595215,        6.0396423340
989.886047,        5.1995391846
990.177002,        3.0513763428
990.467834,        3.3701019287
990.758606,        3.1592102051
991.049377,        2.9440155029
991.339966,        0.9395446777
991.630676,        0.9635314941
991.921143,        0.7767333984
992.211670,        0.2750244141
992.502197,        0.2203521729
992.792542,        0.3415527344
993.082886,        0.9075012207
993.373169,        1.0056381226
993.663452,        1.7002182007
993.953613,        1.3395385742
994.243713,        2.4260864258
994.533813,        3.0019226074
994.823792,        2.9241104126
995.113770,        3.2509307861
995.403687,        3.5632629395
995.693481,        4.3507003784
995.983337,        5.0169982910
996.273010,        7.0603637695
996.562744,        6.2000427246
996.852417,        5.2252807617
997.141907,        5.8972854614
997.431458,        8.4639892578
997.720886,        8.7870941162
998.010315,        8.6382904053
998.299744,       11.6079406738
998.588928,       12.6794586182
998.878296,       12.9458618164
999.167419,       12.9559783936
999.456543,       10.7236480713
999.745667,       10.4390563965
1000.034607,       11.2223739624
1000.323669,       10.8169860840
1000.612488,        9.4951782227
1000.901367,       10.5338897705
1001.190247,       10.6666564941
1001.478882,       11.4304885864
1001.767639,       10.6339111328
1002.056335,       11.4445114136
1002.344849,       11.4396667480
1002.633423,       12.5370025635
1002.921814,       14.0664215088
1003.210266,       14.2398223877
1003.498657,       13.6224670410
1003.786926,       13.5714721680
1004.075256,       13.3865661621
1004.363342,       12.7038269043
1004.651489,       12.4085693359
1004.939697,       11.7104034424
1005.227600,        9.9202575684
1005.515686,       11.2034759521
1005.803467,       11.0071105957
1006.091370,       11.0154190063
1006.379272,       10.8936386108
1006.666870,       11.9757537842
1006.954712,       12.9591598511
1007.242188,       12.0962295532
1007.529907,       10.3169021606
1007.817444,       12.0903015137
1008.104858,        9.6235198975
1008.392334,        9.7432098389
1008.679565,        8.3279953003
1008.966980,        7.2594451904
1009.254272,        6.6365432739
1009.541382,        7.2197723389
1009.828613,        7.2781524658
1010.115601,        8.3408660889
1010.402649,        8.8875732422
1010.689697,        8.9075393677
1010.976563,        9.3701019287
1011.263489,        8.8937301636
1011.550171,        9.6383743286
1011.837036,        9.6250686646
1012.123657,        9.3288726807
1012.410278,        9.2074432373
1012.696899,        7.9004898071
1012.983337,        7.0533218384
1013.269897,        7.5808868408
1013.556396,        9.4355773926
1013.842651,        9.1278762817
1014.129028,        9.1310119629
1014.415161,        8.8308410645
1014.701477,        9.1952209473
1014.987671,        6.4511947632
1015.273560,        6.2082977295
1015.559692,        5.6675262451
1015.845581,        5.2962112427
1016.131592,        3.9197845459
1016.417542,        1.7308044434
1016.703247,       -0.7682571411
1016.989014,       -1.0730972290
1017.274658,       -1.2470779419
1017.560303,       -3.3226623535
1017.845947,       -2.9537963867
1018.131409,       -4.0531234741
1018.416870,       -4.2108306885
1018.702271,       -2.6208953857
1018.987671,       -3.3888549805
1019.272949,       -6.6045227051
1019.558228,       -9.9032669067
1019.843445,      -10.0351562500
1020.128540,       -8.7828826904
1020.413574,       -8.6588439941
1020.698608,       -8.2006683350
1020.983521,       -4.2302551270
1021.268555,       -7.7455749512
1021.553284,       -9.9376983643
1021.838135,      -11.8258056641
1022.122925,      -13.2825927734
1022.407593,      -43.4115600586
1022.692261,       14.9466094971
1022.976807,       15.7639465332
1023.261292,       15.6258239746
1023.545837,       18.9628753662
1023.830200,        5.3516616821
1024.114624,      -55.1949005127
1024.398804,      -34.0656127930
1024.683105,      -17.9974136353
1024.967285,      -27.0063934326
