340.270844,      100.0000000000
340.648560,      100.0000000000
341.026306,   -13254.8046875000
341.403961,     1131.3500976563
341.781616,     1585.7166748047
342.159210,     4065.1330566406
342.536743,       86.3211822510
342.914307,      -52.3437500000
343.291779,      124.7997894287
343.669250,      100.0000000000
344.046661,       56.0438880920
344.424042,       58.5995025635
344.801422,       62.8075981140
345.178711,       48.8195114136
345.556000,       34.3030853271
345.933258,       19.5408782959
346.310486,        6.7491836548
346.687622,        0.9357452393
347.064758,       -7.3964920044
347.441895,       -6.9553680420
347.818939,       -5.8855438232
348.195953,       -1.8650054932
348.572937,       -1.7079162598
348.949890,       -8.4017639160
349.326843,      -13.1586608887
349.703735,      -16.9985580444
350.080597,      -18.0247650146
350.457397,      -19.4488067627
350.834198,      -14.8418655396
351.210968,      -11.3997344971
351.587646,      -15.1069412231
351.964325,      -13.6190643311
352.340942,      -12.4622116089
352.717560,      -24.9758911133
353.094147,      -24.8579406738
353.470673,      -23.1906356812
353.847168,      -19.9464874268
354.223602,      -20.2815704346
354.600037,      -20.5424423218
354.976440,      -11.4325027466
355.352783,      -19.2736816406
355.729126,      -23.1614227295
356.105408,      -23.8576354980
356.481628,      -60.4441833496
356.857849,      -60.7606201172
357.234009,      -57.0650329590
357.610168,      -59.1755828857
357.986267,      -56.0864257813
358.362366,      -56.5106201172
358.738373,      -55.0077514648
359.114349,      -57.7309875488
359.490326,      -53.8755187988
359.866241,      -49.3576354980
360.242157,      -51.9685516357
360.617981,      -43.1827392578
360.993805,      -43.4578857422
361.369568,      -45.9677276611
361.745331,      -45.5769500732
362.121033,      -48.2711181641
362.496704,      -45.6100311279
362.872314,      -41.8098449707
363.247925,      -37.9335021973
363.623505,      -32.1070251465
363.999023,      -23.8456268311
364.374542,       18.1896362305
364.750000,       23.4049530029
365.125397,       24.1933364868
365.500763,       27.3475341797
365.876160,       26.5128784180
366.251434,       24.9796142578
366.626740,       25.7601928711
367.001953,       23.5442047119
367.377136,       22.8950805664
367.752350,       21.0134124756
368.127472,       15.6293029785
368.502594,       17.7231445313
368.877625,       20.6434249878
369.252625,       22.6554794312
369.627625,       22.2358169556
370.002563,       32.0989837646
370.377502,       27.3801727295
370.752380,       27.2829437256
371.127228,       19.3948669434
371.502014,       18.0537643433
371.876770,       10.3945312500
372.251526,       12.7227325439
372.626221,       13.9073486328
373.000885,       14.1928405762
373.375488,       12.7385101318
373.750092,       15.3881988525
374.124664,       19.5229415894
374.499146,       13.6770858765
374.873627,       12.4582214355
375.248108,       12.8145599365
375.622467,        5.2661895752
375.996887,        2.3860702515
376.371185,        0.7622222900
376.745483,        1.8443527222
377.119751,        1.0105361938
377.493958,       -1.7794876099
377.868195,       -3.2323455811
378.242310,        3.7163467407
378.616394,       -3.3160476685
378.990540,        1.3664398193
379.364563,       -4.9950561523
379.738556,       -5.3209228516
380.112518,       -2.3723907471
380.486481,       -2.6599121094
380.860352,       -3.8951568604
381.234192,       -4.4526214600
381.608063,       -1.6036529541
381.981812,       -3.1659240723
382.355591,        3.8615722656
382.729309,        6.4398040771
383.102966,        9.7766571045
383.476624,       14.5747222900
383.850220,       20.1609039307
384.223816,       19.6044540405
384.597321,       15.1112747192
384.970856,       13.6675415039
385.344299,       18.1426925659
385.717682,       20.0489044189
386.091125,       13.8336486816
386.464447,       22.8443908691
386.837769,       25.5626296997
387.211029,       28.1148376465
387.584290,       32.9972915649
387.957489,       32.6219482422
388.330627,       32.5384979248
388.703766,       33.0681991577
389.076874,       37.3594055176
389.449921,       29.8562469482
389.822937,       35.0300521851
390.195923,       31.5455551147
390.568878,       30.6550064087
390.941772,       29.5963897705
391.314636,       37.8631286621
391.687500,       40.0769729614
392.060272,       40.4970703125
392.433075,       43.9321556091
392.805756,       48.7395553589
393.178436,       53.3211326599
393.551117,       44.5740966797
393.923737,       49.6089591980
394.296326,       49.8941192627
394.668854,       52.8577842712
395.041321,       51.9945335388
395.413849,       48.6287536621
395.786255,       43.6417274475
396.158630,       43.2120971680
396.531006,       39.1875381470
396.903320,       39.4120368958
397.275604,       41.0997428894
397.647827,       40.1858444214
398.020050,       34.9722900391
398.392212,       37.3577194214
398.764343,       38.1152763367
399.136444,       37.5066375732
399.508514,       28.5795974731
399.880554,       29.4183197021
400.252533,       29.2371444702
400.624512,       24.2185821533
400.996399,       20.5185852051
401.368286,       27.2802734375
401.740112,       29.9888916016
402.111908,       31.3226776123
402.483673,       30.8430480957
402.855408,       31.4658432007
403.227081,       32.3062744141
403.598755,       37.9515838623
403.970367,       40.5022850037
404.341980,       35.9796752930
404.713501,       33.5050506592
405.085022,       32.1312561035
405.456482,       31.7251358032
405.827911,       38.2679519653
406.199310,       42.2917671204
406.570648,       38.5438575745
406.942017,       38.8486137390
407.313263,       48.2521972656
407.684509,       48.2931823730
408.055725,       50.6931800842
408.426880,       51.5029258728
408.798035,       40.3046340942
409.169128,       40.4494094849
409.540161,       33.3741531372
409.911224,       34.3643341064
410.282196,       35.5486602783
410.653137,       37.6350708008
411.024048,       38.5196304321
411.394897,       38.6720809937
411.765747,       38.0013694763
412.136536,       44.8806648254
412.507324,       35.8841247559
412.878052,       37.3796157837
413.248718,       34.8373718262
413.619385,       35.2660980225
413.989990,       32.2003326416
414.360565,       35.1903915405
414.731110,       35.1518783569
415.101563,       32.8278198242
415.472076,       32.9951934814
415.842468,       32.4072570801
416.212891,       18.9340515137
416.583221,       28.1666259766
416.953522,       27.8910980225
417.323792,       34.3427200317
417.694031,       29.8233795166
418.064240,       27.6220855713
418.434418,       24.4603424072
418.804535,       21.0683059692
419.174622,       20.7566223145
419.544678,       22.1814270020
419.914673,       22.0951995850
420.284668,       30.8334579468
420.654572,       31.3869781494
421.024475,       35.2503204346
421.394348,       32.5799026489
421.764191,       33.6917419434
422.133972,       32.7169799805
422.503693,       32.4760284424
422.873444,       34.6338806152
423.243134,       35.8401718140
423.612762,       35.2344970703
423.982330,       53.4918899536
424.351929,       52.5459518433
424.721436,       51.2787857056
425.090942,       51.1858634949
425.460358,       54.5833129883
425.829773,       56.8350067139
426.199158,       61.5388832092
426.568481,       66.2305374146
426.937775,       67.7107696533
427.307037,       67.2138214111
427.676239,       67.8162994385
428.045441,       66.7861404419
428.414581,       68.3276977539
428.783722,       66.9981689453
429.152802,       69.1605606079
429.521790,       65.4096679688
429.890839,       67.5086975098
430.259766,       68.5279693604
430.628693,       65.0656738281
430.997589,       64.5578231812
431.366425,       62.8563613892
431.735229,       59.3613739014
432.104004,       59.4100761414
432.472748,       61.2411880493
432.841431,       62.1255035400
433.210052,       62.5146217346
433.578705,       62.4644775391
433.947266,       61.5171051025
434.315826,       62.5495452881
434.684326,       62.8289718628
435.052765,       62.0253486633
435.421204,       58.4852752686
435.789612,       60.2937812805
436.157959,       60.7454833984
436.526276,       62.1421928406
436.894531,       58.9038772583
437.262756,       63.5291976929
437.630951,       62.4415512085
437.999146,       63.4353561401
438.367249,       65.1546096802
438.735321,       65.4481582642
439.103394,       68.9780578613
439.471405,       69.3755950928
439.839386,       35.0934143066
440.207306,       33.8066253662
440.575195,       29.4474029541
440.943054,       30.3343353271
441.310883,       29.3870544434
441.678680,       27.8816223145
442.046387,       27.1096496582
442.414093,       26.4747619629
442.781799,       27.4777603149
443.149414,       29.5301666260
443.516998,       29.7563629150
443.884552,       29.6867141724
444.252045,       29.8240280151
444.619537,       33.6230545044
444.987000,       33.4868927002
445.354401,       35.2577056885
445.721710,       35.9152832031
446.089081,       37.2387275696
446.456360,       37.8114204407
446.823608,       37.4573364258
447.190826,       38.6467361450
447.557953,       70.7413558960
447.925110,       72.3679656982
448.292175,       77.0078201294
448.659271,       76.4209976196
449.026276,       78.6714630127
449.393250,       80.3620147705
449.760193,       79.5645828247
450.127075,       80.8233413696
450.493958,       81.6180496216
450.860779,       83.4698867798
451.227570,       83.8000564575
451.594330,       84.6735916138
451.960999,       83.4943847656
452.327698,       82.5233078003
452.694336,       81.6490936279
453.060913,       81.5061187744
453.427490,       81.5527496338
453.793976,       81.1747741699
454.160492,       81.9925537109
454.526917,       47.1527671814
454.893311,       47.2331199646
455.259674,       48.1392593384
455.626007,       48.2924499512
455.992310,       47.5933914185
456.358551,       48.3872604370
456.724731,       47.7638359070
457.090912,       47.8160629272
457.457031,       49.1500968933
457.823151,       49.2573127747
458.189209,       49.6396560669
458.555206,       49.5879516602
458.921173,       50.0141181946
459.287109,       50.3109855652
459.653015,       50.7481842041
460.018890,       51.5916023254
460.384705,       52.5295181274
460.750519,       51.1161231995
461.116241,       52.0068626404
461.481964,       52.0670928955
461.847626,       51.7244949341
462.213226,       80.4692077637
462.578827,       80.7487030029
462.944427,       81.2912445068
463.309906,       81.0687255859
463.675385,       82.0711288452
464.040802,       82.4785079956
464.406219,       83.3762512207
464.771606,       84.3155822754
465.136902,       84.4116821289
465.502197,       84.4757919312
465.867462,       84.1142578125
466.232635,       84.4466400146
466.597839,       84.1021347046
466.962921,       83.8307876587
467.328003,       83.9749984741
467.693054,       83.9160766602
468.058075,       84.0211486816
468.423035,       85.3902282715
468.787994,       84.1346969604
469.152863,       84.1460723877
469.517700,       83.8482818604
469.882538,       83.9749603271
470.247314,       84.7219085693
470.612061,       82.9592895508
470.976746,       83.5392379761
471.341431,       82.4710540771
471.706024,       82.4229660034
472.070618,       81.9862213135
472.435181,       82.1931610107
472.799622,       82.1461791992
473.164124,       82.0560531616
473.528534,       82.5957946777
473.892975,       82.4404983521
474.257294,       83.0363769531
474.621582,       83.7456283569
474.985870,       84.2303466797
475.350098,       83.7697601318
475.714325,       84.3360366821
476.078461,       84.9121170044
476.442535,       85.4537963867
476.806641,       86.2657928467
477.170685,       86.9333877563
477.534668,       87.4830169678
477.898621,       87.4791488647
478.262512,       87.9516372681
478.626404,       86.9672546387
478.990265,       87.9702072144
479.354065,       88.1097564697
479.717834,       88.5290222168
480.081512,       88.1130599976
480.445221,       87.9941329956
480.808899,       88.3100585938
481.172485,       87.6483612061
481.536041,       87.8992919922
481.899567,       87.6976013184
482.263062,       87.3487701416
482.626526,       86.9800415039
482.989929,       87.3756332397
483.353271,       87.0086746216
483.716583,       86.8813018799
484.079895,       87.2463226318
484.443146,       87.0436172485
484.806366,       87.0934295654
485.169525,       86.8243560791
485.532654,       87.1404418945
485.895752,       87.6093215942
486.258820,       88.3941040039
486.621857,       88.0803146362
486.984802,       87.9259033203
487.347748,       87.9002990723
487.710663,       88.2373809814
488.073517,       88.6919708252
488.436340,       88.7594146729
488.799072,       89.1690521240
489.161835,       89.4049453735
489.524536,       89.9152374268
489.887238,       90.3600234985
490.249847,       90.8121490479
490.612396,       90.9753265381
490.974915,       91.2414016724
491.337433,       91.7122879028
491.699921,       91.6266403198
492.062347,       91.4928588867
492.424713,       91.5057296753
492.787079,       91.7962341309
493.149353,       90.8801651001
493.511658,       91.1915130615
493.873871,       91.2564544678
494.236053,       91.1264114380
494.598206,       90.9800415039
494.960297,       90.8970489502
495.322388,       90.9213790894
495.684418,       89.5815277100
496.046356,       89.8044433594
496.408325,       90.0836486816
496.770264,       89.9847106934
497.132141,       89.7752151489
497.493958,       89.7386016846
497.855713,       89.6122970581
498.217499,       89.5796508789
498.579193,       89.6123504639
498.940887,       89.5666732788
499.302490,       89.5853042603
499.664093,       89.6669082642
500.025635,       89.8133316040
500.387177,       89.7080917358
500.748627,       90.6201782227
501.110077,       90.3782577515
501.471436,       90.3800430298
501.832825,       90.6655349731
502.194153,       90.9783325195
502.555389,       90.9585266113
502.916626,       90.5224914551
503.277802,       91.5396041870
503.638977,       91.2238922119
504.000092,       91.0325622559
504.361176,       90.9361495972
504.722198,       90.8516540527
505.083160,       90.7708511353
505.444153,       90.7848510742
505.805084,       90.9004364014
506.165924,       90.8700103760
506.526764,       90.8106994629
506.887543,       90.2630310059
507.248322,       90.0977783203
507.609070,       89.9629974365
507.969727,       89.9960327148
508.330322,       89.8704757690
508.690918,       90.1210479736
509.051514,       90.0367050171
509.412018,       90.0163040161
509.772491,       89.8706436157
510.132904,       89.6764678955
510.493286,       89.5854568481
510.853699,       89.5446319580
511.213989,       89.6857299805
511.574280,       89.6634368896
511.934509,       89.6808624268
512.294678,       89.7030563354
512.654846,       89.7133483887
513.014954,       89.7111206055
513.375061,       89.2291717529
513.735046,       88.9340438843
514.095032,       89.0362701416
514.455078,       89.2737121582
514.814941,       89.5435867310
515.174805,       89.5223541260
515.534607,       89.4655609131
515.894409,       89.3681335449
516.254211,       87.8596267700
516.613892,       87.4536972046
516.973572,       87.1969375610
517.333130,       87.1392593384
517.692749,       87.2227554321
518.052368,       87.3472213745
518.411865,       87.2540740967
518.771301,       87.2350006104
519.130737,       87.0404205322
519.490173,       86.8170471191
519.849548,       86.5667648315
520.208801,       86.4687576294
520.568054,       86.2615966797
520.927307,       86.5196685791
521.286499,       86.5895233154
521.645691,       86.2206039429
522.004822,       86.1376495361
522.363831,       85.8587799072
522.722839,       85.7187728882
523.081848,       85.1397171021
523.440796,       84.9107742310
523.799744,       85.9417724609
524.158569,       86.1782073975
524.517395,       86.2870941162
524.876160,       86.1672744751
525.234924,       85.9789199829
525.593628,       85.7935028076
525.952271,       85.4198837280
526.310913,       85.2922210693
526.669495,       85.0794372559
527.028076,       85.0772476196
527.386536,       84.9239807129
527.744995,       84.7137298584
528.103394,       84.5927963257
528.461792,       84.3164825439
528.820129,       84.1123123169
529.178406,       84.0126190186
529.536743,       83.5331420898
529.894958,       83.5678558350
530.253113,       83.4879074097
530.611267,       83.4564666748
530.969299,       83.2475738525
531.327393,       82.6199417114
531.685486,       82.4841461182
532.043335,       82.4223251343
532.401367,       82.2921600342
532.759216,       82.3910675049
533.117004,       82.4159240723
533.474915,       82.4803619385
533.832642,       82.2851791382
534.190430,       82.3966445923
534.548096,       82.2641677856
534.905762,       82.2783813477
535.263367,       82.1162719727
535.620850,       82.0724411011
535.978455,       82.1501312256
536.335876,       82.1829681396
536.693359,       82.1946411133
537.050781,       82.6288681030
537.408142,       82.4822387695
537.765442,       82.4488983154
538.122681,       82.6677474976
538.479919,       82.8177795410
538.837219,       83.2285614014
539.194336,       83.1460876465
539.551453,       82.8066253662
539.908508,       82.5293731689
540.265564,       82.4418106079
540.622559,       82.5172805786
540.979553,       82.5537948608
541.336426,       82.4860229492
541.693298,       82.4655151367
542.050110,       82.2595291138
542.406921,       82.2459564209
542.763672,       82.2397918701
543.120422,       82.2045745850
543.477051,       82.1430358887
543.833679,       82.1347503662
544.190308,       82.0462188721
544.546814,       81.9400558472
544.903381,       81.7889251709
545.259827,       81.7691268921
545.616211,       81.5937652588
545.972595,       81.6656951904
546.328979,       81.6882553101
546.685242,       81.6805191040
547.041504,       81.9007415771
547.397644,       82.0764007568
547.753906,       82.0988006592
548.110046,       82.0737915039
548.466125,       82.0905990601
548.822144,       82.1539154053
549.178223,       81.9494323730
549.534241,       82.0434417725
549.890137,       82.1167449951
550.246033,       82.1940307617
550.601868,       82.2572708130
550.957581,       82.3031158447
551.313416,       82.1121826172
551.669128,       82.2133789063
552.024841,       82.0228500366
552.380432,       82.1314239502
552.736023,       82.0377197266
553.091675,       81.8217010498
553.447144,       81.7666168213
553.802612,       81.7567596436
554.158020,       81.7648925781
554.513428,       81.7690200806
554.868774,       81.9099731445
555.224121,       81.7390289307
555.579346,       81.5607757568
555.934631,       81.6074295044
556.289734,       81.6402664185
556.644958,       81.7814483643
557.000000,       81.5760955811
557.355103,       81.6043701172
557.710083,       81.6600723267
558.065063,       81.6697082520
558.420105,       81.6275253296
558.774963,       81.8241424561
559.129822,       81.7080764771
559.484619,       81.9232330322
559.839355,       82.0479888916
560.194153,       82.1786727905
560.548828,       82.4972839355
560.903442,       82.5954589844
561.258057,       82.5324401855
561.612610,       82.6177825928
561.967224,       82.6657028198
562.321655,       82.6636428833
562.676086,       82.9566726685
563.030457,       83.1221160889
563.384827,       83.1281051636
563.739197,       83.0410919189
564.093445,       83.1594161987
564.447693,       83.4862136841
564.801880,       83.5456237793
565.156006,       83.5444183350
565.510132,       83.6438751221
565.864197,       83.7604751587
566.218262,       83.9080429077
566.572205,       84.2071075439
566.926086,       84.3235092163
567.280090,       84.3628540039
567.633972,       84.4588775635
567.987732,       84.6663589478
568.341553,       84.7897872925
568.695190,       85.0331878662
569.048950,       85.0433883667
569.402649,       85.0382385254
569.756165,       85.0500259399
570.109802,       85.0991134644
570.463257,       85.1796875000
570.816772,       85.3048706055
571.170227,       85.4661865234
571.523621,       85.5244140625
571.877014,       85.6330795288
572.230286,       85.7355957031
572.583557,       85.8287277222
572.936829,       85.8312759399
573.289978,       85.7955169678
573.643250,       85.7512207031
573.996216,       85.7850494385
574.349365,       85.8103485107
574.702393,       85.8900527954
575.055359,       85.9875335693
575.408325,       85.9993286133
575.761169,       85.9919433594
576.114075,       86.0211486816
576.466919,       86.2164306641
576.819641,       86.3404769897
577.172363,       86.5356140137
577.525085,       86.5177917480
577.877686,       86.5664443970
578.230286,       86.6285095215
578.582825,       86.8461914063
578.935425,       86.7506942749
579.287903,       86.7563400269
579.640320,       86.8119888306
579.992676,       86.7434539795
580.345093,       86.8805465698
580.697388,       87.0432281494
581.049683,       87.1864166260
581.401855,       87.2783508301
581.754089,       87.1736679077
582.106201,       87.0902099609
582.458313,       87.0157089233
582.810425,       87.0117950439
583.162354,       87.1088867188
583.514404,       87.1169204712
583.866272,       87.1313171387
584.218201,       87.1638565063
584.570068,       86.8374404907
584.921875,       86.9682540894
585.273560,       86.9812011719
585.625305,       86.9071273804
585.977051,       86.8891677856
586.328674,       86.8765106201
586.680237,       87.0005950928
587.031799,       87.0242233276
587.383301,       87.1502227783
587.734802,       87.1159744263
588.086243,       87.1024093628
588.437561,       87.1042404175
588.788940,       87.0641326904
589.140198,       87.2977905273
589.491516,       87.4959182739
589.842712,       87.5485839844
590.193848,       87.4919738770
590.544983,       87.4359207153
590.896057,       87.3628082275
591.247192,       87.3191833496
591.598145,       87.3779449463
591.949158,       87.6330566406
592.300049,       87.6401672363
592.650879,       87.7270812988
593.001770,       87.8560943604
593.352539,       87.7652893066
593.703308,       87.8579940796
594.054016,       87.8547439575
594.404663,       87.7975921631
594.755310,       87.8085632324
595.105896,       87.8358154297
595.456360,       87.8911743164
595.806885,       87.9220733643
596.157349,       87.6692733765
596.507751,       87.5925750732
596.858154,       87.4728469849
597.208435,       87.4940032959
597.558777,       87.5347442627
597.908997,       87.6526947021
598.259216,       87.7521057129
598.609314,       87.6571502686
598.959473,       87.5542831421
599.309570,       87.6334838867
599.659546,       87.6290435791
600.009583,       87.6155242920
600.359497,       87.6639785767
600.709412,       87.8263702393
601.059265,       87.9465179443
601.409058,       87.8622665405
601.758850,       87.9610137939
602.108521,       88.0058822632
602.458191,       88.0690383911
602.807922,       88.1304016113
603.157471,       88.0057830811
603.507080,       88.2470169067
603.856567,       88.3055877686
604.205994,       88.4583892822
604.555542,       88.5721130371
604.904846,       88.6678619385
605.254211,       88.5994796753
605.603516,       88.3835601807
605.952759,       88.5060806274
606.302063,       88.5098342896
606.651123,       88.5316772461
607.000305,       88.5682296753
607.349365,       88.6266860962
607.698425,       88.6655654907
608.047485,       88.6144332886
608.396362,       88.6138610840
608.745300,       88.5612792969
609.094177,       88.6265029907
609.442993,       88.6862182617
609.791809,       88.7422332764
610.140503,       88.7491531372
610.489258,       88.9463806152
610.837891,       88.9921112061
611.186523,       89.0488662720
611.535156,       89.1020660400
611.883606,       89.0806121826
612.232178,       89.0421524048
612.580566,       89.0673828125
612.928955,       89.2598876953
613.277344,       89.3555679321
613.625610,       89.5131454468
613.973938,       89.4701614380
614.322144,       89.4239578247
614.670288,       89.4426269531
615.018555,       89.4345092773
615.366516,       89.4829711914
615.714661,       89.5784683228
616.062622,       89.6697082520
616.410645,       89.6713562012
616.758606,       89.6419906616
617.106445,       89.6345138550
617.454285,       89.6736373901
617.802063,       89.5967864990
618.149841,       89.6260833740
618.497559,       89.6921310425
618.845215,       89.6343765259
619.192871,       89.6226806641
619.540466,       89.8038482666
619.888000,       89.8802108765
620.235535,       89.9082565308
620.582886,       89.8507995605
620.930359,       89.8635940552
621.277710,       89.9774322510
621.625061,       90.0230407715
621.972351,       90.0797348022
622.319519,       90.0449676514
622.666809,       90.0386505127
623.013916,       90.0483245850
623.361023,       90.1361007690
623.708130,       89.6605911255
624.055054,       89.7510299683
624.402100,       89.8282623291
624.749023,       89.7427444458
625.095947,       89.7136077881
625.442810,       89.7199249268
625.789551,       89.6699829102
626.136353,       89.7282638550
626.483032,       89.7282562256
626.829712,       89.5953292847
627.176392,       89.5734939575
627.522949,       89.6003723145
627.869507,       89.6731109619
628.216003,       89.7123947144
628.562500,       89.6976394653
628.908936,       89.7362670898
629.255310,       89.7653427124
629.601624,       89.8573150635
629.947876,       89.8681945801
630.294067,       89.5907135010
630.640320,       89.6176223755
630.986511,       90.0750808716
631.332642,       90.0481109619
631.678650,       89.8214035034
632.024658,       89.9516220093
632.370728,       90.0726394653
632.716614,       90.1466217041
633.062500,       90.1786117554
633.408325,       90.1828460693
633.754089,       90.1186904907
634.099915,       90.1825866699
634.445679,       90.2041854858
634.791321,       90.2779846191
635.136963,       90.2497100830
635.482483,       90.0461578369
635.828125,       90.1048202515
636.173584,       90.1807098389
636.519043,       90.1102905273
636.864502,       89.9911270142
637.209778,       89.9814910889
637.555237,       90.3187484741
637.900452,       90.3845520020
638.245728,       90.4200744629
638.590881,       90.5077362061
638.935974,       90.7817687988
639.281189,       90.7789306641
639.626221,       90.7230300903
639.971191,       90.7376174927
640.316223,       90.7325973511
640.661072,       90.7617950439
641.006042,       90.8828964233
641.350891,       90.9706115723
641.695679,       90.9540176392
642.040466,       91.0166931152
642.385071,       91.0816726685
642.729858,       91.3423843384
643.074463,       90.9555511475
643.419067,       90.9628601074
643.763611,       91.0300140381
644.108032,       91.1458129883
644.452515,       91.1870727539
644.796936,       91.2143173218
645.141296,       91.2168807983
645.485657,       91.2704010010
645.829834,       91.2438278198
646.174133,       91.2189712524
646.518311,       91.3136291504
646.862427,       91.4658660889
647.206604,       91.5114517212
647.550598,       91.6147842407
647.894653,       91.6652450562
648.238647,       91.7127151489
648.582458,       91.7474975586
648.926453,       91.8230590820
649.270203,       91.8738555908
649.614075,       91.9912033081
649.957764,       91.9662322998
650.301453,       92.4045867920
650.645142,       92.4496612549
650.988708,       92.5061264038
651.332336,       92.6115264893
651.675842,       92.7130279541
652.019348,       92.6700363159
652.362854,       92.6291885376
652.706177,       92.6329956055
653.049561,       92.6909942627
653.392883,       92.7099151611
653.736084,       92.6887969971
654.079346,       92.6494903564
654.422424,       92.1094741821
654.765625,       92.0627212524
655.108765,       92.0810394287
655.451721,       92.1527175903
655.794800,       92.1268768311
656.137695,       92.1709976196
656.480591,       92.0410766602
656.823486,       91.9517059326
657.166260,       91.9377365112
657.509094,       91.9823532104
657.851807,       91.9416503906
658.194519,       91.9409637451
658.537109,       91.8031158447
658.879761,       91.7746582031
659.222351,       91.7686920166
659.564758,       91.8589935303
659.907349,       91.9545822144
660.249695,       91.9594726563
660.592041,       91.9356155396
660.934448,       91.8818893433
661.276672,       91.9621276855
661.619019,       92.4815673828
661.961182,       92.5760726929
662.303284,       92.5532226563
662.645508,       92.4825515747
662.987427,       92.5145568848
663.329529,       92.5181884766
663.671448,       92.6269531250
664.013428,       92.6535491943
664.355347,       92.7152633667
664.697205,       92.5503768921
665.039001,       92.5846939087
665.380676,       92.5757446289
665.722412,       92.6732330322
666.064148,       92.7174224854
666.405701,       92.8160705566
666.747253,       92.8618011475
667.088806,       92.8527069092
667.430298,       92.8707885742
667.771790,       92.9225616455
668.113159,       92.9919815063
668.454529,       92.9261856079
668.795837,       92.9172897339
669.137085,       92.9111480713
669.478394,       92.9973220825
669.819519,       92.9436645508
670.160645,       92.9245529175
670.501709,       92.9817886353
670.842773,       93.0371780396
671.183777,       93.0472717285
671.524719,       93.1136169434
671.865662,       93.2791976929
672.206482,       93.3538055420
672.547302,       93.4493789673
672.888123,       93.4274063110
673.228821,       93.4069213867
673.569458,       93.3832931519
673.910095,       93.3370895386
674.250732,       93.2102584839
674.591370,       93.1024856567
674.931824,       93.1062850952
675.272217,       93.0992584229
675.612732,       93.1762390137
675.953003,       93.2040176392
676.293396,       93.2220382690
676.633667,       93.1357192993
676.973877,       93.1881866455
677.314148,       93.2078399658
677.654236,       93.1208724976
677.994385,       93.0736236572
678.334412,       93.1456527710
678.674438,       93.0352630615
679.014404,       93.0006332397
679.354309,       92.9121017456
679.694214,       92.9069519043
680.034058,       92.8874435425
680.373840,       92.9142150879
680.713623,       92.8694915771
681.053223,       92.9260101318
681.392944,       92.9054718018
681.732544,       92.1744308472
682.072083,       89.3705596924
682.411621,       89.3473434448
682.751038,       89.2964172363
683.090515,       89.2983093262
683.429871,       89.0782012939
683.769226,       89.0528030396
684.108582,       89.0486297607
684.447754,       89.0190582275
684.786987,       89.0848999023
685.126160,       89.0614013672
685.465210,       88.9493789673
685.804382,       88.9556732178
686.143311,       88.9128570557
686.482361,       88.8919143677
686.821289,       88.7678527832
687.160156,       88.7752761841
687.499023,       88.6841964722
687.837769,       88.5523529053
688.176514,       88.3995285034
688.515259,       88.4468002319
688.853882,       89.1175155640
689.192566,       91.7877120972
689.531067,       91.7028045654
689.869629,       91.4847030640
690.208130,       91.3863372803
690.546570,       91.2897262573
690.885010,       91.0808944702
691.223267,       90.9161529541
691.561584,       90.7569122314
691.899841,       90.4032592773
692.238037,       90.2226943970
692.576294,       90.0194396973
692.914307,       89.7247772217
693.252380,       89.4928894043
693.590454,       89.1827468872
693.928406,       88.9132843018
694.266357,       88.5569305420
694.604187,       88.2698364258
694.942078,       88.0109863281
695.279907,       87.7591857910
695.617615,       87.1506347656
695.955444,       86.8641052246
696.292969,       86.5215988159
696.630676,       86.0656509399
696.968201,       85.7783660889
697.305725,       85.1998062134
697.643250,       84.8731842041
697.980652,       84.5343856812
698.318054,       84.0976943970
698.655396,       83.6205291748
698.992676,       83.2726440430
699.330017,       82.7594909668
699.667175,       82.3093414307
700.004395,       81.8859939575
700.341492,       81.4227676392
700.678528,       80.9576263428
701.015564,       80.2474822998
701.352478,       79.8106079102
701.689514,       79.2540283203
702.026428,       78.6108093262
702.363220,       78.0083923340
702.700073,       77.6486206055
703.036804,       77.0872192383
703.373474,       76.5249481201
703.710144,       75.9998016357
704.046814,       75.2441864014
704.383362,       74.9194030762
704.719910,       74.2153930664
705.056335,       73.6937866211
705.392761,       73.1396713257
705.729187,       72.5835266113
706.065552,       71.9947814941
706.401855,       71.4892120361
706.738098,       70.8553009033
707.074280,       70.2796936035
707.410461,       69.6574859619
707.746643,       69.0525588989
708.082642,       68.6509246826
708.418701,       68.0062103271
708.754639,       67.4762725830
709.090576,       67.0916595459
709.426514,       66.5517501831
709.762329,       65.8625488281
710.098083,       65.1693344116
710.433838,       64.3254699707
710.769592,       63.7049369812
711.105286,       63.2923736572
711.440796,       62.6255035400
711.776367,       62.1815948486
712.112000,       61.5619697571
712.447388,       60.9427833557
712.782837,       60.2965850830
713.118225,       59.7276153564
713.453552,       59.1428565979
713.788818,       58.5946273804
714.124023,       57.9818115234
714.459290,       57.3222732544
714.794434,       56.7550735474
715.129517,       56.1576538086
715.464661,       55.4685592651
715.799622,       54.8572540283
716.134583,       54.1026153564
716.469482,       53.4119529724
716.804321,       52.8944511414
717.139221,       52.3649749756
717.473938,       51.9608612061
717.808777,       51.4167518616
718.143433,       50.8260688782
718.478088,       50.1835479736
718.812683,       49.6069946289
719.147217,       49.0185394287
719.481750,       48.4862747192
719.816223,       47.8894119263
720.150574,       47.1678352356
720.485046,       46.5813026428
720.819214,       45.8691558838
721.153564,       45.2085418701
721.487854,       44.6273880005
721.821960,       44.0367736816
722.156189,       43.1626358032
722.490234,       42.6910018921
722.824341,       42.1182365417
723.158264,       41.5349731445
723.492249,       40.9166793823
723.826172,       40.3955612183
724.159973,       39.8044967651
724.493835,       39.2818374634
724.827576,       38.1776504517
725.161316,       37.4902877808
725.494995,       36.9069137573
725.828613,       36.2952423096
726.162231,       35.7124938965
726.495728,       34.9772186279
726.829163,       34.4262313843
727.162720,       33.9665908813
727.496033,       33.3064727783
727.829468,       32.8565673828
728.162720,       32.3036651611
728.496033,       31.7340240479
728.829224,       31.1915054321
729.162354,       30.9374847412
729.495483,       30.4967498779
729.828552,       29.9247055054
730.161560,       29.4979248047
730.494629,       29.0693969727
730.827454,       28.5716705322
731.160400,       28.0750961304
731.493225,       27.5166778564
731.825989,       27.4782485962
732.158813,       27.0595397949
732.491455,       26.6103668213
732.824158,       26.1068725586
733.156799,       25.6258316040
733.489319,       25.0238723755
733.821899,       24.5047683716
734.154236,       24.1341705322
734.486755,       23.6301269531
734.819092,       23.1647109985
735.151428,       22.8372344971
735.483765,       22.4486236572
735.815857,       22.0900115967
736.148132,       21.7536315918
736.480286,       21.2930984497
736.812378,       20.8750686646
737.144470,       20.5071868896
737.476379,       20.0516815186
737.808411,       19.6581649780
738.140259,       19.2163085938
738.472168,       18.9634857178
738.804016,       18.6880187988
739.135742,       18.3975982666
739.467468,       18.0604019165
739.799133,       17.7766647339
740.130798,       17.4365234375
740.462402,       17.2941741943
740.793884,       16.8943176270
741.125366,       16.5316925049
741.456848,       16.3332366943
741.788208,       15.9747161865
742.119568,       15.5827941895
742.450928,       15.3454437256
742.782166,       15.0406875610
743.113281,       14.6332244873
743.444458,       14.3039550781
743.775635,       14.0079498291
744.106689,       13.7569885254
744.437683,       13.6194763184
744.768677,       13.2570266724
745.099609,       13.1174850464
745.430481,       12.8665924072
745.761353,       12.4632797241
746.092102,       12.1791000366
746.422852,       11.8578796387
746.753479,       11.6815948486
747.084229,       11.5319824219
747.414795,       11.4561462402
747.745300,       11.3351440430
748.075806,       11.1340484619
748.406311,       10.9902954102
748.736694,       10.8698120117
749.067078,       10.7425613403
749.397400,       10.5319671631
749.727722,       10.3569030762
750.057861,       10.2217788696
750.388062,       10.1263580322
750.718201,       10.0440292358
751.048279,        9.8601684570
751.378357,        9.7416229248
751.708252,        9.7275314331
752.038208,        9.4172134399
752.368164,        9.2246551514
752.697937,        9.3275909424
753.027832,        9.3010559082
753.357483,        9.2428131104
753.687256,        9.0750045776
754.016907,        8.8049774170
754.346497,        8.5847930908
754.676147,        8.6583786011
755.005493,        8.5680999756
755.335083,        8.4982299805
755.664490,        8.2133102417
755.993835,        8.0248565674
756.323181,        7.8828277588
756.652405,        7.7660903931
756.981689,        7.7860107422
757.310852,        7.6775360107
757.640015,        7.5805206299
757.969177,        7.5183258057
758.298096,        7.4885559082
758.627197,        7.3333282471
758.956116,        7.3504638672
759.284973,        7.3699417114
759.613892,        7.2478103638
759.942627,        7.1838531494
760.271423,        7.2426300049
760.600159,        7.2094879150
760.928772,        7.2408905029
761.257446,        7.3275375366
761.585999,        7.1409301758
761.914490,        7.0437927246
762.242981,        6.9639205933
762.571350,        7.1309356689
762.899841,        6.8896179199
763.228088,        6.9864883423
763.556396,        6.9411849976
763.884644,        6.9403305054
764.212830,        6.9456634521
764.541016,        6.8222961426
764.869080,        6.8077545166
765.197144,        6.7469253540
765.525146,        6.7993316650
765.853088,        6.9209594727
766.181030,        6.8512878418
766.508789,        6.9192657471
766.836670,        6.8169097900
767.164429,        6.6472778320
767.492126,        6.6684799194
767.819824,        6.6530303955
768.147400,        6.3930969238
768.475037,        6.3995666504
768.802490,        6.3073272705
769.130005,        6.0725860596
769.457458,        6.1328430176
769.784790,        6.4981079102
770.112183,        6.3910217285
770.439453,        6.4244995117
770.766663,        6.2793884277
771.093872,        6.2824401855
771.420959,        6.4085998535
771.748108,        6.3838958740
772.075195,        6.3111724854
772.402161,        6.0955200195
772.729126,        6.0182495117
773.055969,        6.0060119629
773.382874,        5.8140792847
773.709717,        5.8798065186
774.036438,        5.9360198975
774.363159,        5.8997344971
774.689758,        5.8173065186
775.016479,        5.9891967773
775.343018,        6.0411376953
775.669495,        6.2317123413
775.996033,        6.4786148071
776.322449,        6.4069976807
776.648865,        6.3275299072
776.975098,        6.2042770386
777.301453,        6.1601104736
777.627686,        6.2036132813
777.953857,        6.0820007324
778.280029,        6.0717620850
778.606079,        5.8907623291
778.932068,        5.9705047607
779.258179,        6.1217193604
779.584045,        6.1716918945
779.909973,        6.1364440918
780.235840,        6.2108306885
780.561646,        6.1793823242
780.887390,        6.1287612915
781.213135,        6.1952362061
781.538757,        6.2907180786
781.864380,        5.2324523926
782.189880,        5.0813903809
782.515442,        4.9908599854
782.840942,        4.8912200928
783.166321,        4.9407806396
783.491699,        4.9440841675
783.817017,        5.1774291992
784.142395,        5.1731109619
784.467529,        5.0569915771
784.792725,        5.1226043701
785.117859,        5.0646972656
785.442932,        5.2598114014
785.768005,        5.2045135498
786.092957,        5.2995147705
786.417908,        5.2878112793
786.742798,        5.4094543457
787.067566,        5.2908935547
787.392456,        5.3008804321
787.717163,        5.3500671387
788.041870,        5.1734771729
788.366577,        5.2203521729
788.691101,        6.4787292480
789.015686,        6.4421539307
789.340149,        6.4207458496
789.664673,        6.4123687744
789.989075,        6.3858489990
790.313354,        6.1699218750
790.637756,        5.8892974854
790.962036,        5.8707656860
791.286194,        5.9584350586
791.610413,        5.8950958252
791.934448,        5.9431457520
792.258606,        5.8523864746
792.582581,        5.6060791016
792.906555,        5.5193023682
793.230530,        5.5412521362
793.554321,        5.4495544434
793.878174,        5.6077270508
794.201965,        5.6519317627
794.525696,        5.5817871094
794.849426,        5.6299133301
795.172974,        5.6242980957
795.496643,        5.4564437866
795.820129,        5.4676361084
796.143616,        5.4554214478
796.467102,        5.4532012939
796.790405,        5.4343261719
797.113831,        5.7076721191
797.437134,        5.7810668945
797.760315,        5.7537307739
798.083618,        5.8263549805
798.406677,        5.7554244995
798.729797,        5.3725433350
799.052856,        5.3954849243
799.375854,        5.5023498535
799.698853,        5.4254760742
800.021729,        5.1469039917
800.344604,        5.0993423462
800.667358,        4.9943237305
800.990112,        4.8105468750
801.312866,        4.8711471558
801.635498,        4.8064727783
801.958191,        4.7580108643
802.280701,        4.8545379639
802.603210,        4.9733581543
802.925781,        5.0176391602
803.248108,        5.0585937500
803.570496,        5.1156005859
803.892822,        5.0139312744
804.215088,        4.9609146118
804.537354,        4.9376373291
804.859436,        4.8777008057
805.181641,        4.9809799194
805.503723,        5.1852951050
805.825745,        5.0474395752
806.147766,        5.0708465576
806.469604,        5.1125259399
806.791504,        5.2797470093
807.113342,        5.2670974731
807.435181,        5.2527160645
807.756897,        5.3041992188
808.078552,        5.1678771973
808.400208,        5.1790008545
808.721802,        5.1587829590
809.043335,        5.0998992920
809.364929,        5.0348281860
809.686279,        4.9579315186
810.007751,        4.9457931519
810.329041,        4.8987274170
810.650330,        4.9533386230
810.971619,        5.1199874878
811.292786,        5.1817321777
811.613953,        5.2129898071
811.935059,        5.2131347656
812.256104,        5.3037109375
812.577148,        5.3665924072
812.898071,        5.3675460815
813.218994,        5.4918136597
813.539795,        5.5373001099
813.860596,        5.6107482910
814.181396,        5.7001800537
814.502136,        5.7707214355
814.822754,        5.8441009521
815.143372,        5.8922576904
815.463928,        5.8940353394
815.784485,        5.8495025635
816.104919,        5.9265594482
816.425354,        5.9536361694
816.745728,        5.9297943115
817.065979,        5.8694000244
817.386353,        5.8746032715
817.706421,        5.6895599365
818.026733,        5.6116333008
818.346863,        5.3252487183
818.666809,        5.2413177490
818.986938,        5.1519622803
819.306824,        5.2849502563
819.626770,        5.2826995850
819.946716,        5.1049499512
820.266479,        5.0917816162
820.586304,        5.0386581421
820.905945,        4.9970855713
821.225647,        4.9262619019
821.545349,        4.8000640869
821.864868,        4.7706527710
822.184448,        4.6085662842
822.503845,        4.5441589355
822.823364,        4.5296173096
823.142761,        4.4543228149
823.462036,        4.4026184082
823.781372,        4.5116424561
824.100525,        4.4590911865
824.419800,        3.9885864258
824.738953,        4.0152511597
825.057922,        4.2054901123
825.377014,        4.1643829346
825.695984,        4.1162414551
826.014954,        4.0785598755
826.333862,        4.1274871826
826.652649,        4.1428680420
826.971497,        4.1452407837
827.290100,        4.1658477783
827.608887,        3.9874954224
827.927612,        3.9533157349
828.246094,        4.1926651001
828.564697,        4.2873306274
828.883118,        4.4382858276
829.201599,        4.5339736938
829.520020,        4.3596496582
829.838318,        4.4073028564
830.156616,        4.4775466919
830.474854,        4.3878707886
830.793091,        4.3406295776
831.111267,        5.0187759399
831.429260,        5.1221923828
831.747437,        5.2455902100
832.065308,        5.3956298828
832.383362,        5.5099792480
832.701233,        5.4820861816
833.019043,        5.4970474243
833.336914,        5.5871124268
833.654663,        5.5505981445
833.972351,        5.5600280762
834.289978,        5.3618011475
834.607483,        5.2921905518
834.925171,        5.1490325928
835.242676,        5.1124191284
835.560059,        5.1104278564
835.877502,        5.1560821533
836.194763,        5.3827667236
836.512146,        5.4332122803
836.829468,        5.3162078857
837.146545,        5.3219223022
837.463745,        5.4664916992
837.780823,        5.3506469727
838.097900,        5.3268890381
838.414917,        5.0866317749
838.731873,        4.9415206909
839.048828,        4.9797897339
839.365540,        5.0333404541
839.682434,        4.9850997925
839.999207,        4.9110031128
840.315857,        4.7529144287
840.632568,        4.6799545288
840.949097,        5.1119079590
841.265747,        5.1688232422
841.582275,        5.1870498657
841.898682,        4.9950942993
842.215088,        4.9438323975
842.531433,        4.8308258057
842.847778,        4.8137283325
843.164063,        4.7765197754
843.480164,        4.7145538330
843.796387,        4.7047119141
844.112427,        4.5182495117
844.428528,        4.4110870361
844.744568,        4.2890243530
845.060486,        4.3472137451
845.376404,        4.4523773193
845.692200,        4.4396667480
846.008057,        4.3599090576
846.323853,        4.3060150146
846.639465,        4.3379135132
846.955139,        4.5263977051
847.270691,        4.5385894775
847.586304,        4.3295669556
847.901855,        4.2948913574
848.217224,        4.3008804321
848.532715,        4.4690093994
848.847961,        4.3034591675
849.163330,        4.4481506348
849.478638,        4.3831634521
849.793823,        4.1945419312
850.108948,        4.3420104980
850.424011,        4.1777648926
850.739136,        4.3149261475
851.054199,        4.5754165649
851.369019,        4.6979446411
851.684021,        4.8137207031
851.998779,        4.6325225830
852.313660,        4.6724243164
852.628418,        4.5827331543
852.943054,        4.5902862549
853.257751,        4.5514831543
853.572327,        4.5807418823
853.886841,        4.7009582520
854.201477,        4.7521514893
854.515808,        4.8200225830
854.830261,        4.7875061035
855.144592,        4.6395263672
855.458862,        4.8483428955
855.773193,        4.7563095093
856.087280,        4.7394256592
856.401489,        4.9144897461
856.715515,        4.8277511597
857.029602,        4.9462432861
857.343628,        5.0246429443
857.657532,        5.0200500488
857.971497,        5.0032806396
858.285278,        4.9945144653
858.599121,        5.1756057739
858.912903,        5.2387390137
859.226501,        5.2478942871
859.540222,        5.1980285645
859.853699,        5.1560516357
860.167297,        5.0190505981
860.480896,        4.8701934814
860.794250,        4.8216552734
861.107666,        4.8030242920
861.420959,        4.8939056396
861.734314,        5.0075378418
862.047546,        5.0928344727
862.360657,        4.9890747070
862.673889,        4.9216537476
862.986938,        4.9459762573
863.299988,        4.9189147949
863.613037,        4.6323394775
863.925903,        4.4995422363
864.238831,        4.2476959229
864.551575,        4.2761688232
864.864380,        4.2376632690
865.177185,        4.2355804443
865.489807,        4.0995483398
865.802490,        4.2288970947
866.114990,        4.2141494751
866.427612,        4.2414398193
866.740112,        4.2994079590
867.052429,        4.2273330688
867.364868,        4.3473968506
867.677124,        4.2675781250
867.989502,        4.0727081299
868.301758,        3.9952392578
868.613831,        3.9812164307
868.926025,        4.1070709229
869.238159,        4.1583938599
869.550049,        4.2167816162
869.862122,        4.2002563477
870.173950,        4.4431381226
870.485901,        4.5501403809
870.797791,        4.6409683228
871.109497,        4.6152725220
871.421204,        4.7470550537
871.732849,        4.6477050781
872.044495,        4.5789031982
872.356079,        4.5736694336
872.667542,        4.6469116211
872.979065,        4.7191467285
873.290344,        4.7734375000
873.601807,        4.9540252686
873.913147,        4.7030639648
874.224304,        4.8247070313
874.535645,        5.0545272827
874.846741,        5.0911788940
875.157837,        4.9682769775
875.468994,        4.6255569458
875.779907,        4.7202682495
876.090881,        4.7134170532
876.401733,        4.6962890625
876.712646,        4.7710723877
877.023499,        4.8104553223
877.334167,        4.9379882813
877.644897,        4.9333801270
877.955505,        4.9635925293
878.266113,        5.1009674072
878.576721,        5.2123565674
878.887146,        5.1335601807
879.197571,        5.1841201782
879.507996,        5.1209640503
879.818298,        5.0445098877
880.128662,        4.7170639038
880.438843,        4.9414367676
880.749084,        4.8729705811
881.059143,        4.2511291504
881.369263,        4.2121734619
881.679382,        4.4062194824
881.989258,        4.5882720947
882.299194,        4.3442306519
882.609070,        4.2327880859
882.918945,        4.3261795044
883.228760,        4.4023590088
883.538452,        4.3470001221
883.848145,        4.1809234619
884.157654,        4.1391067505
884.467285,        3.9763946533
884.776917,        3.8703765869
885.086243,        3.6589584351
885.395813,        3.6783752441
885.705017,        3.6371917725
886.014404,        3.6907882690
886.323730,        3.6548004150
886.632874,        3.8876495361
886.942078,        3.8107452393
887.251160,        3.7828369141
887.560242,        4.3965148926
887.869263,        4.5232238770
888.178162,        4.2276840210
888.487122,        3.4155044556
888.795898,        3.5780487061
889.104797,        3.5511016846
889.413513,        3.6584167480
889.722168,        3.5587921143
890.030884,        3.4520874023
890.339417,        3.5292892456
890.648010,        3.5307006836
890.956543,        3.5312500000
891.264893,        3.6155853271
891.573364,        3.8950195313
891.881653,        3.8253479004
892.189941,        3.8167419434
892.498230,        3.7339782715
892.806335,        3.7170791626
893.114502,        3.6336669922
893.422546,        3.6454544067
893.730652,        3.5330352783
894.038696,        3.3312530518
894.346497,        3.2564773560
894.654419,        3.1967773438
894.962158,        4.1599121094
895.270020,        4.2064056396
895.577759,        4.3675003052
895.885376,        4.1771774292
896.192993,        4.2633972168
896.500549,        4.1864471436
896.808044,        4.2139968872
897.115601,        3.9554901123
897.422913,        3.8742218018
897.730347,        3.8106842041
898.037598,        3.5823822021
898.344910,        3.6441802979
898.652161,        3.7338409424
898.959167,        3.7255859375
899.266418,        3.6866683960
899.573364,        3.7296447754
899.880371,        3.8917694092
900.187378,        4.0951843262
900.494202,        4.2889099121
900.801086,        4.3915328979
901.107788,        4.6347961426
901.414612,        4.7385101318
901.721375,        4.7900390625
902.027832,        4.5654983521
902.334534,        4.7089843750
902.641113,        4.6576995850
902.947510,        4.7533035278
903.253967,        4.6287307739
903.560242,        4.9447555542
903.866638,        5.0804138184
904.172974,        5.1177520752
904.479126,        5.2015686035
904.785278,        5.1555633545
905.091370,        5.0512466431
905.397461,        5.0836791992
905.703552,        4.8751983643
906.009399,        4.7870025635
906.315369,        4.4881896973
906.621155,        4.4995117188
906.927002,        4.4575347900
907.232788,        4.3566284180
907.538452,        4.2294616699
907.844116,        4.1815490723
908.149658,        3.9775314331
908.455200,        4.2428894043
908.760803,        4.0998153687
909.066162,        3.9287185669
909.371582,        3.8427734375
909.676880,        3.9944458008
909.982178,        4.0032501221
910.287476,        4.0365753174
910.592529,        3.8815231323
910.897705,        3.1287689209
911.202759,        3.2135620117
911.507813,        3.3155059814
911.812805,        3.3979873657
912.117676,        3.7999114990
912.422546,        3.7852172852
912.727356,        3.9179153442
913.032104,        3.9253845215
913.336853,        3.8894805908
913.641479,        3.7691879272
913.946106,        4.0010986328
914.250610,        3.7029876709
914.555115,        3.8060913086
914.859619,        3.5627136230
915.163940,        3.7246551514
915.468323,        3.9507141113
915.772583,        4.0117187500
916.076843,        4.0112915039
916.381104,        4.0028381348
916.685120,        4.0652923584
916.989258,        4.1144638062
917.293213,        4.9873428345
917.597290,        4.5481109619
917.901184,        4.2015838623
918.205017,        3.9211807251
918.508850,        3.7310028076
918.812561,        3.9123992920
919.116333,        3.9651107788
919.420044,        4.0358047485
919.723572,        3.4503707886
920.027222,        3.5570068359
920.330627,        3.5054473877
920.634094,        3.8709259033
920.937561,        4.1348266602
921.240784,        4.0785064697
921.544189,        4.0753631592
921.847351,        4.1121063232
922.150574,        3.8326721191
922.453735,        3.8201599121
922.756775,        3.6351013184
923.059875,        3.5745391846
923.362793,        3.6327819824
923.665771,        3.3844757080
923.968689,        3.9003295898
924.271362,        4.1514892578
924.574219,        4.2871093750
924.876892,        4.5826110840
925.179565,        4.2118072510
925.482239,        4.2950897217
925.784729,        3.9365539551
926.087280,        4.3243560791
926.389648,        4.4387283325
926.692078,        4.4782257080
926.994507,        4.4029617310
927.296692,        4.3171768188
927.599060,        4.2012634277
927.901123,        4.1985931396
928.203308,        4.0898437500
928.505432,        4.3617782593
928.807434,        4.3531036377
929.109436,        4.4109191895
929.411316,        4.3079833984
929.713196,        4.4605102539
930.015015,        4.6747817993
930.316711,        4.6124420166
930.618530,        4.7517547607
930.920105,        4.7572479248
931.221802,        4.1774139404
931.523315,        4.6225128174
931.824829,        4.7122802734
932.126282,        4.8092651367
932.427612,        5.2460021973
932.729004,        5.2180786133
933.030334,        5.2292480469
933.331482,        4.9027709961
933.632751,        4.7888031006
933.933777,        5.1034698486
934.234924,        4.9943923950
934.536011,        5.1089248657
934.836914,        5.0067367554
935.137878,        4.9311370850
935.438660,        4.6425628662
935.739502,        4.7461090088
936.040344,        4.5597686768
936.340942,        4.7607650757
936.641663,        4.8986053467
936.942383,        4.7702331543
937.242798,        4.8043060303
937.543335,        5.2694091797
937.843750,        5.1939086914
938.144165,        5.1364288330
938.444580,        5.0650329590
938.744751,        5.0122299194
939.045044,        5.1473617554
939.345154,        4.9095458984
939.645325,        4.8833999634
939.945435,        4.7042846680
940.245361,        4.6387634277
940.545410,        4.6932067871
940.845215,        4.6050262451
941.145142,        4.6630401611
941.445007,        4.6815109253
941.744629,        5.2811737061
942.044434,        5.1590881348
942.343994,        5.1787719727
942.643677,        5.0084152222
942.943237,        4.6368713379
943.242676,        4.3762664795
943.542114,        4.2810363770
943.841431,        4.1712188721
944.140808,        4.4261322021
944.440125,        4.3549346924
944.739258,        4.3368377686
945.038513,        4.3000335693
945.337524,        3.9590530396
945.636597,        4.0515518188
945.935669,        4.4847106934
946.234558,        4.8357391357
946.533508,        5.0532379150
946.832275,        4.7693176270
947.131165,        4.7684478760
947.429932,        5.0489807129
947.728516,        5.3930053711
948.027222,        5.1884536743
948.325745,        3.3337707520
948.624329,        2.9712524414
948.922852,        3.0485534668
949.221191,        3.2001190186
949.519592,        3.0117797852
949.817810,        3.2404022217
950.116150,        3.0355148315
950.414368,        2.8183288574
950.712463,        3.0294036865
951.010620,        3.4527130127
951.308594,        3.5232238770
951.606628,        3.6846923828
951.904602,        3.3006744385
952.202454,        3.2270202637
952.500305,        1.9426727295
952.798035,        1.3897018433
953.095825,        1.4627761841
953.393494,        1.5366668701
953.691040,        1.1551284790
953.988647,        0.3165664673
954.286133,        0.3548889160
954.583618,        2.4226531982
954.881042,        2.9523086548
955.178345,        2.9597320557
955.475647,        2.8672637939
955.772827,        3.2772598267
956.070068,        3.4439773560
956.367310,        3.6884460449
956.664307,        3.8177337646
956.961365,        3.2824859619
957.258240,        2.8625640869
957.555176,        2.1906204224
957.852112,        1.6395645142
958.148865,        1.9520339966
958.445679,        2.2319335938
958.742310,        3.4517059326
959.039001,        3.9094619751
959.335632,        4.1122055054
959.632141,        3.6708831787
959.928650,        4.1520385742
960.224976,        5.0141143799
960.521484,        4.5121307373
960.817871,        4.6468353271
961.114014,        4.4920806885
961.410339,        4.5238265991
961.706421,        4.6537475586
962.002563,        4.9167251587
962.298645,        4.4237442017
962.594604,        4.1909942627
962.890564,        3.9236755371
963.186401,        1.4229736328
963.482300,        0.9383773804
963.778137,        1.3702697754
964.073792,        2.4640960693
964.369568,        2.8119277954
964.665100,        2.8269653320
964.960693,        2.2951431274
965.256287,        1.4453430176
965.551697,        1.7038040161
965.847168,        2.5488891602
966.142395,        2.3696594238
966.437744,        1.8698730469
966.733032,        2.7322387695
967.028198,        2.9487380981
967.323364,        2.9169921875
967.618408,        2.8988113403
967.913513,        2.0968017578
968.208496,        1.5208282471
968.503357,        2.1234130859
968.798279,        1.9186248779
969.093018,        1.9653320313
969.387817,        5.5890502930
969.682556,        6.5238265991
969.977173,        6.8450164795
970.271790,        6.0643844604
970.566406,        5.2194213867
970.860779,        5.3492431641
971.155334,        5.8041687012
971.449646,        7.0849456787
971.743958,        6.7973175049
972.038330,        5.7736663818
972.332458,        5.8458251953
972.626648,        5.7798614502
972.920715,        5.5037155151
973.214844,        4.7612686157
973.508911,        5.1511077881
973.802734,        4.6793212891
974.096741,        4.7867126465
974.390442,        5.1259460449
974.684265,        4.7670898438
974.978088,        5.6884765625
975.271667,        5.6002960205
975.565369,        5.0875015259
975.858826,        4.4248199463
976.152405,        3.9045181274
976.445923,        4.3577575684
976.739258,        5.1901779175
977.032654,        4.5022125244
977.325867,        4.3134918213
977.619202,        3.5281829834
977.912415,        2.8751220703
978.205505,        3.3243408203
978.498596,        2.9428787231
978.791504,        3.0889739990
979.084534,        2.8846130371
979.377563,        3.3951416016
979.670288,        3.1860885620
979.963196,        3.5910644531
980.255859,        3.9660949707
980.548584,        4.0946960449
980.841309,        1.1843261719
981.133850,        0.3713760376
981.426392,       -0.2723999023
981.718811,        0.2301940918
982.011292,        1.4855804443
982.303650,        1.4956512451
982.595886,        1.5416564941
982.888245,        0.7638244629
983.180359,        1.0015411377
983.472595,        0.3315429688
983.764709,        1.3811569214
984.056641,        2.2882537842
984.348755,        1.8627777100
984.640625,        1.9765014648
984.932495,        2.0755310059
985.224365,        2.1535491943
985.516052,        2.1386947632
985.807861,        2.2113342285
986.099426,        0.7722473145
986.391052,        0.9919586182
986.682678,        0.7097015381
986.974121,        3.7576751709
987.265625,        4.2816543579
987.556885,        4.5169677734
987.848328,        4.2918319702
988.139648,        3.0552444458
988.430786,        3.0124435425
988.721985,        2.2140197754
989.013000,        2.9595108032
989.304138,        2.2917480469
989.595215,        1.5897369385
989.886047,        0.4895019531
990.177002,       -1.8509368896
990.467834,       -1.4238586426
990.758606,       -1.5691223145
991.049377,       -1.6462936401
991.339966,       -4.0696411133
991.630676,       -4.3409194946
991.921143,       -4.8565521240
992.211670,       -4.9604263306
992.502197,       -4.7723541260
992.792542,       -4.8043136597
993.082886,       -3.6992034912
993.373169,       -3.4595565796
993.663452,       -2.4891510010
993.953613,       -2.9502716064
994.243713,       -1.8513793945
994.533813,       -1.0316085815
994.823792,       -1.2481689453
995.113770,       -0.9136047363
995.403687,       -0.6093444824
995.693481,        0.6698684692
995.983337,        1.2659988403
996.273010,        3.5333709717
996.562744,        3.4491577148
996.852417,        2.4126815796
997.141907,        3.1266555786
997.431458,        5.9744720459
997.720886,        6.2103118896
998.010315,        6.3175659180
998.299744,        8.8741302490
998.588928,        9.9881896973
998.878296,       10.3289108276
999.167419,        9.8299026489
999.456543,        7.9327545166
999.745667,        7.5290985107
1000.034607,        8.3265457153
1000.323669,        7.2466430664
1000.612488,        5.8032150269
1000.901367,        7.0835266113
1001.190247,        7.3005676270
1001.478882,        7.7407531738
1001.767639,        7.0441818237
1002.056335,        8.0752563477
1002.344849,        8.0867919922
1002.633423,        8.6524658203
1002.921814,       10.3738708496
1003.210266,       10.3025817871
1003.498657,        9.5727920532
1003.786926,        9.7009887695
1004.075256,       10.2076568604
1004.363342,        9.9325256348
1004.651489,        9.6245574951
1004.939697,        9.0878906250
1005.227600,        7.5254516602
1005.515686,        7.9266357422
1005.803467,        7.3705902100
1006.091370,        7.6033554077
1006.379272,        7.8698272705
1006.666870,        9.3075866699
1006.954712,       10.1221160889
1007.242188,        9.5514755249
1007.529907,        7.7607269287
1007.817444,        9.3881683350
1008.104858,        7.2211990356
1008.392334,        8.3435516357
1008.679565,        6.6344223022
1008.966980,        5.3861236572
1009.254272,        4.9571914673
1009.541382,        5.4294204712
1009.828613,        5.9059829712
1010.115601,        6.1378631592
1010.402649,        6.7863616943
1010.689697,        6.5441131592
1010.976563,        7.3581390381
1011.263489,        6.6489181519
1011.550171,        7.7793273926
1011.837036,        7.8554077148
1012.123657,        7.0507888794
1012.410278,        6.9638519287
1012.696899,        5.0893707275
1012.983337,        3.6443710327
1013.269897,        3.2086944580
1013.556396,        5.5074844360
1013.842651,        5.7071151733
1014.129028,        5.3215332031
1014.415161,        4.2495269775
1014.701477,        5.0857162476
1014.987671,        2.5600051880
1015.273560,        1.9776840210
1015.559692,        1.7531890869
1015.845581,        1.5069122314
1016.131592,        0.1922531128
1016.417542,       -2.8518066406
1016.703247,       -4.7602539063
1016.989014,       -5.4631500244
1017.274658,       -4.8708419800
1017.560303,       -7.5495071411
1017.845947,       -6.7539978027
1018.131409,       -7.1926269531
1018.416870,       -6.8045425415
1018.702271,       -5.1003265381
1018.987671,       -5.9026336670
1019.272949,       -8.3211517334
1019.558228,      -11.6888122559
1019.843445,      -12.8889770508
1020.128540,      -11.3464355469
1020.413574,      -11.4663619995
1020.698608,      -11.0819244385
1020.983521,       -6.7981719971
1021.268555,       -9.4400482178
1021.553284,      -11.6153411865
1021.838135,      -13.8380889893
1022.122925,      -15.1542510986
1022.407593,      -44.0903015137
1022.692261,       -5.0547409058
1022.976807,       23.5225296021
1023.261292,       10.0400848389
1023.545837,       19.0147323608
1023.830200,       11.1496734619
1024.114624,      -44.5223846436
1024.398804,      -33.2092742920
1024.683105,      -17.3333969116
1024.967285,      -30.4037475586
