340.270844,      100.0000000000
340.648560,      100.0000000000
341.026306,     2476.4819335938
341.403961,     -325.9685363770
341.781616,     -839.5868530273
342.159210,     -669.9999389648
342.536743,      -50.2676391602
342.914307,      -85.9491729736
343.291779,     -109.5866394043
343.669250,      100.0000000000
344.046661,      -61.4360961914
344.424042,      -59.7425537109
344.801422,      -75.2455291748
345.178711,      -79.0433654785
345.556000,      -79.9821777344
345.933258,      -83.6947631836
346.310486,      -83.0498657227
346.687622,      -83.2003784180
347.064758,      -83.6728210449
347.441895,      -80.7185668945
347.818939,      -79.5937805176
348.195953,      -77.2300872803
348.572937,      -78.0711975098
348.949890,      -78.6074523926
349.326843,      -80.4520263672
349.703735,      -80.5659790039
350.080597,      -81.2513122559
350.457397,      -81.7689208984
350.834198,      -78.3808288574
351.210968,      -77.6638183594
351.587646,      -78.2389068604
351.964325,      -75.8700408936
352.340942,      -78.1734619141
352.717560,      -69.4246826172
353.094147,      -69.5278320313
353.470673,      -70.2322082520
353.847168,      -66.1215820313
354.223602,      -64.7499389648
354.600037,      -64.7377319336
354.976440,      -62.2470703125
355.352783,      -65.1723632813
355.729126,      -64.7082214355
356.105408,      -64.3756866455
356.481628,      -72.7958526611
356.857849,      -72.9090881348
357.234009,      -71.2371215820
357.610168,      -72.2127075195
357.986267,      -70.7187805176
358.362366,      -69.6162872314
358.738373,      -67.8676452637
359.114349,      -68.1333923340
359.490326,      -66.8337249756
359.866241,      -66.1004638672
360.242157,      -65.3496704102
360.617981,      -62.0379028320
360.993805,      -60.6862640381
361.369568,      -60.7403259277
361.745331,      -62.0757446289
362.121033,      -62.2435302734
362.496704,      -61.5923156738
362.872314,      -61.0056610107
363.247925,      -59.1546478271
363.623505,      -58.5008850098
363.999023,      -58.2234954834
364.374542,      -48.0032348633
364.750000,      -47.1233520508
365.125397,      -47.6900329590
365.500763,      -45.2286071777
365.876160,      -45.0403137207
366.251434,      -45.9248657227
366.626740,      -46.6156311035
367.001953,      -49.0583801270
367.377136,      -47.8482513428
367.752350,      -47.7113189697
368.127472,      -48.8901062012
368.502594,      -48.8884277344
368.877625,      -47.7454223633
369.252625,      -45.9748535156
369.627625,      -46.5280456543
370.002563,      -45.6028442383
370.377502,      -48.7183227539
370.752380,      -49.0610961914
371.127228,      -51.1192321777
371.502014,      -51.2255249023
371.876770,      -52.9654388428
372.251526,      -50.7858886719
372.626221,      -50.7381896973
373.000885,      -49.4767150879
373.375488,      -49.1712646484
373.750092,      -48.4275207520
374.124664,      -48.4352416992
374.499146,      -51.4312744141
374.873627,      -49.0925598145
375.248108,      -49.0311279297
375.622467,      -51.7305297852
375.996887,      -52.0097656250
376.371185,      -51.4480133057
376.745483,      -51.0212860107
377.119751,      -51.4817504883
377.493958,      -51.1013183594
377.868195,      -50.2015686035
378.242310,      -46.7395019531
378.616394,      -46.5462799072
378.990540,      -45.8657836914
379.364563,      -46.8816833496
379.738556,      -45.4027099609
380.112518,      -43.6710357666
380.486481,      -42.4302673340
380.860352,      -41.8041381836
381.234192,      -42.4593353271
381.608063,      -40.1046752930
381.981812,      -38.5686950684
382.355591,      -35.0486450195
382.729309,      -35.5487365723
383.102966,      -35.1022644043
383.476624,      -31.5168457031
383.850220,      -28.5043487549
384.223816,      -28.0378417969
384.597321,      -29.3058929443
384.970856,      -28.9494171143
385.344299,      -27.1462554932
385.717682,      -26.5675964355
386.091125,      -26.7809448242
386.464447,      -24.2243041992
386.837769,      -22.3265991211
387.211029,      -21.9294281006
387.584290,      -21.0756988525
387.957489,      -21.2249603271
388.330627,      -19.4291992188
388.703766,      -18.0954437256
389.076874,      -16.3169403076
389.449921,      -19.6932220459
389.822937,      -17.6827697754
390.195923,      -17.8162612915
390.568878,      -16.2917785645
390.941772,      -14.3934555054
391.314636,      -11.3256530762
391.687500,       -9.6457366943
392.060272,       -9.6350860596
392.433075,       -7.1928253174
392.805756,       -6.3868255615
393.178436,       -5.8143920898
393.551117,       -8.6464233398
393.923737,       -8.0002059937
394.296326,       -6.3713073730
394.668854,       -3.5167388916
395.041321,       -2.4631042480
395.413849,       -2.1814117432
395.786255,       -3.9681243896
396.158630,       -5.2745666504
396.531006,       -5.9602813721
396.903320,       -5.1894989014
397.275604,       -3.7705230713
397.647827,       -3.2348327637
398.020050,       -6.4299926758
398.392212,       -5.6517486572
398.764343,       -4.4402923584
399.136444,       -4.7301254272
399.508514,       -8.2253036499
399.880554,       -7.3286895752
400.252533,       -7.7190093994
400.624512,       -9.3424301147
400.996399,       -8.9780426025
401.368286,       -5.9259109497
401.740112,       -3.7532043457
402.111908,       -2.7608108521
402.483673,       -3.2169189453
402.855408,       -1.3730316162
403.227081,       -0.7098999023
403.598755,        3.4746398926
403.970367,        4.4062042236
404.341980,        1.9293670654
404.713501,        1.7111053467
405.085022,        2.5067901611
405.456482,        2.2431182861
405.827911,        5.6449432373
406.199310,        7.9234085083
406.570648,        6.1159820557
406.942017,        6.0810089111
407.313263,       10.5767440796
407.684509,       11.6350555420
408.055725,       13.6785964966
408.426880,       14.9927673340
408.798035,        9.5219802856
409.169128,        9.9994659424
409.540161,        8.1043472290
409.911224,        8.8137359619
410.282196,       10.2469253540
410.653137,       10.6162414551
411.024048,       11.2490768433
411.394897,       10.0098266602
411.765747,       10.4972915649
412.136536,       14.4384002686
412.507324,       11.3307952881
412.878052,       11.3649597168
413.248718,        9.2266311646
413.619385,       10.2873382568
413.989990,        9.1109771729
414.360565,       10.8514556885
414.731110,       11.4096298218
415.101563,       11.3892211914
415.472076,       12.2137145996
415.842468,       12.4213256836
416.212891,        7.7878723145
416.583221,       12.8100128174
416.953522,       13.0879669189
417.323792,       16.2819976807
417.694031,       13.8041915894
418.064240,       12.6633605957
418.434418,       12.3805770874
418.804535,        9.2002792358
419.174622,       10.3121871948
419.544678,       12.2158355713
419.914673,       12.3619079590
420.284668,       15.8396148682
420.654572,       16.9233703613
421.024475,       20.6286087036
421.394348,       19.9596405029
421.764191,       21.5264129639
422.133972,       20.9292068481
422.503693,       20.9144592285
422.873444,       21.8889083862
423.243134,       21.6456222534
423.612762,       22.1161041260
423.982330,       30.1963348389
424.351929,       30.6186828613
424.721436,       30.2073669434
425.090942,       30.7857360840
425.460358,       32.2331542969
425.829773,       34.2062377930
426.199158,       35.9804840088
426.568481,       40.8988647461
426.937775,       42.2449302673
427.307037,       41.9010925293
427.676239,       42.7911796570
428.045441,       43.6131362915
428.414581,       44.8629188538
428.783722,       44.0117607117
429.152802,       45.6726303101
429.521790,       44.6960792542
429.890839,       46.5319366455
430.259766,       48.5907287598
430.628693,       47.5454483032
430.997589,       48.5365142822
431.366425,       47.5896835327
431.735229,       47.0622482300
432.104004,       46.6299514771
432.472748,       47.9874725342
432.841431,       48.5271720886
433.210052,       50.1661911011
433.578705,       50.2408752441
433.947266,       49.9738235474
434.315826,       51.2892951965
434.684326,       51.5970954895
435.052765,       51.6616516113
435.421204,       52.4289321899
435.789612,       53.8137702942
436.157959,       54.2359542847
436.526276,       55.0236091614
436.894531,       53.1945114136
437.262756,       55.5923004150
437.630951,       55.0194702148
437.999146,       55.3412628174
438.367249,       56.6753463745
438.735321,       56.7889060974
439.103394,       58.7374954224
439.471405,       58.3767585754
439.839386,       38.3541374207
440.207306,       38.6045532227
440.575195,       36.8880081177
440.943054,       37.2689132690
441.310883,       37.0184020996
441.678680,       36.5123901367
442.046387,       36.0221977234
442.414093,       35.8089065552
442.781799,       36.5615005493
443.149414,       36.2665061951
443.516998,       36.2004470825
443.884552,       36.1542129517
444.252045,       36.8857269287
444.619537,       39.0166320801
444.987000,       38.6912689209
445.354401,       39.8737335205
445.721710,       40.0962905884
446.089081,       40.9052810669
446.456360,       41.3607711792
446.823608,       41.5663604736
447.190826,       42.4082984924
447.557953,       60.8584632874
447.925110,       61.3099212646
448.292175,       63.6523590088
448.659271,       63.2584838867
449.026276,       64.3990478516
449.393250,       65.1300964355
449.760193,       64.9069976807
450.127075,       65.9309616089
450.493958,       66.4134368896
450.860779,       67.2774353027
451.227570,       67.8174209595
451.594330,       68.0170211792
451.960999,       67.3333663940
452.327698,       67.3729171753
452.694336,       67.5296020508
453.060913,       68.1821975708
453.427490,       68.5382232666
453.793976,       68.6055831909
454.160492,       68.9313049316
454.526917,       50.1855773926
454.893311,       50.4222259521
455.259674,       51.1221809387
455.626007,       51.4761810303
455.992310,       51.5036773682
456.358551,       52.5452499390
456.724731,       52.5761604309
457.090912,       53.0430335999
457.457031,       53.9127998352
457.823151,       53.8645782471
458.189209,       54.2878227234
458.555206,       54.4108886719
458.921173,       54.5260391235
459.287109,       55.2532424927
459.653015,       55.5370178223
460.018890,       56.0670585632
460.384705,       56.4228820801
460.750519,       55.6600418091
461.116241,       56.2834472656
461.481964,       56.5072555542
461.847626,       56.9485435486
462.213226,       73.3669891357
462.578827,       73.5510101318
462.944427,       73.9581298828
463.309906,       74.2278366089
463.675385,       74.6604156494
464.040802,       74.7286834717
464.406219,       75.3427352905
464.771606,       76.0593185425
465.136902,       76.1339492798
465.502197,       76.3656463623
465.867462,       76.3333435059
466.232635,       77.0636749268
466.597839,       76.9678497314
466.962921,       76.8687210083
467.328003,       77.0732040405
467.693054,       77.2977905273
468.058075,       77.4910888672
468.423035,       78.2219085693
468.787994,       77.5924835205
469.152863,       77.3391265869
469.517700,       77.0821075439
469.882538,       77.1310958862
470.247314,       77.8264770508
470.612061,       77.1443634033
470.976746,       77.3044128418
471.341431,       76.8933410645
471.706024,       76.9569702148
472.070618,       76.7597351074
472.435181,       76.9231414795
472.799622,       77.0747528076
473.164124,       77.1266937256
473.528534,       77.5222396851
473.892975,       77.2051849365
474.257294,       77.5666580200
474.621582,       78.0380630493
474.985870,       78.6034317017
475.350098,       78.5481719971
475.714325,       79.0790481567
476.078461,       79.5471343994
476.442535,       80.0841369629
476.806641,       80.9393005371
477.170685,       81.2216567993
477.534668,       81.5380401611
477.898621,       81.6635360718
478.262512,       82.0579528809
478.626404,       81.5707397461
478.990265,       82.1573410034
479.354065,       82.3503112793
479.717834,       82.5732421875
480.081512,       82.4860839844
480.445221,       82.6639556885
480.808899,       83.0019989014
481.172485,       82.6909179688
481.536041,       83.0727233887
481.899567,       83.1568069458
482.263062,       83.3600006104
482.626526,       83.3364181519
482.989929,       83.5851821899
483.353271,       83.4595108032
483.716583,       83.3944625854
484.079895,       83.5350646973
484.443146,       83.3945236206
484.806366,       83.5718917847
485.169525,       83.6513290405
485.532654,       83.7559051514
485.895752,       84.0897445679
486.258820,       84.6544570923
486.621857,       84.6549758911
486.984802,       84.6430358887
487.347748,       84.6551742554
487.710663,       84.9232788086
488.073517,       85.1161651611
488.436340,       85.0911483765
488.799072,       85.4167175293
489.161835,       85.4990158081
489.524536,       85.9209442139
489.887238,       85.9389343262
490.249847,       86.1127548218
490.612396,       86.1535186768
490.974915,       86.2961425781
491.337433,       86.6057891846
491.699921,       86.6295547485
492.062347,       86.6230468750
492.424713,       86.6890563965
492.787079,       86.7472000122
493.149353,       86.2110137939
493.511658,       86.3850173950
493.873871,       86.5536346436
494.236053,       86.4194793701
494.598206,       86.4035034180
494.960297,       86.4648284912
495.322388,       86.3938980103
495.684418,       85.6878738403
496.046356,       85.8804016113
496.408325,       86.0788574219
496.770264,       86.0938262939
497.132141,       85.9412841797
497.493958,       85.9314804077
497.855713,       85.8337020874
498.217499,       85.8797912598
498.579193,       85.9227371216
498.940887,       85.9383850098
499.302490,       85.9369888306
499.664093,       86.0603866577
500.025635,       86.2120819092
500.387177,       86.2367858887
500.748627,       86.8315582275
501.110077,       86.5810165405
501.471436,       86.4731216431
501.832825,       86.7202682495
502.194153,       86.8544082642
502.555389,       86.7517547607
502.916626,       86.6181793213
503.277802,       87.1680603027
503.638977,       86.9611206055
504.000092,       86.8207321167
504.361176,       86.7419433594
504.722198,       86.6928558350
505.083160,       86.6480484009
505.444153,       86.7109146118
505.805084,       86.6814880371
506.165924,       86.7051849365
506.526764,       86.6452331543
506.887543,       86.3334350586
507.248322,       86.1473846436
507.609070,       86.0147857666
507.969727,       85.9941864014
508.330322,       85.8395843506
508.690918,       86.0776214600
509.051514,       86.1042785645
509.412018,       86.0639648438
509.772491,       86.0126800537
510.132904,       85.9626312256
510.493286,       85.8373489380
510.853699,       85.7721252441
511.213989,       85.9580612183
511.574280,       85.9514923096
511.934509,       85.9684906006
512.294678,       85.9694824219
512.654846,       85.9992675781
513.014954,       85.9670410156
513.375061,       85.7513656616
513.735046,       85.4906005859
514.095032,       85.5612945557
514.455078,       85.7665176392
514.814941,       85.8472671509
515.174805,       85.7868499756
515.534607,       85.7625885010
515.894409,       85.7228775024
516.254211,       84.8430328369
516.613892,       84.6206207275
516.973572,       84.4179229736
517.333130,       84.3268051147
517.692749,       84.3484420776
518.052368,       84.4533920288
518.411865,       84.4359970093
518.771301,       84.3399047852
519.130737,       84.1949005127
519.490173,       84.0764465332
519.849548,       83.9331665039
520.208801,       83.8457946777
520.568054,       83.6956787109
520.927307,       83.7881698608
521.286499,       83.8493347168
521.645691,       83.6418075562
522.004822,       83.5319061279
522.363831,       83.3892669678
522.722839,       83.3480377197
523.081848,       83.0233306885
523.440796,       82.9191741943
523.799744,       83.4892730713
524.158569,       83.5616912842
524.517395,       83.6155090332
524.876160,       83.5138244629
525.234924,       83.4565124512
525.593628,       83.3620758057
525.952271,       83.0477142334
526.310913,       82.9553298950
526.669495,       82.8683166504
527.028076,       82.8194274902
527.386536,       82.6913146973
527.744995,       82.5799636841
528.103394,       82.5450286865
528.461792,       82.3756561279
528.820129,       82.2065277100
529.178406,       82.0839920044
529.536743,       81.7228698730
529.894958,       81.7279510498
530.253113,       81.5834808350
530.611267,       81.4137878418
530.969299,       81.2430267334
531.327393,       80.9620132446
531.685486,       80.8492507935
532.043335,       80.7746734619
532.401367,       80.6821746826
532.759216,       80.6480789185
533.117004,       80.5990371704
533.474915,       80.6804962158
533.832642,       80.5495834351
534.190430,       80.5457305908
534.548096,       80.4244918823
534.905762,       80.4530944824
535.263367,       80.3686523438
535.620850,       80.2912979126
535.978455,       80.2352600098
536.335876,       80.2543640137
536.693359,       80.2648391724
537.050781,       80.4930114746
537.408142,       80.3924713135
537.765442,       80.4531860352
538.122681,       80.6531982422
538.479919,       80.6975784302
538.837219,       80.8136215210
539.194336,       80.8189544678
539.551453,       80.6497344971
539.908508,       80.5627899170
540.265564,       80.5921173096
540.622559,       80.5803909302
540.979553,       80.5264587402
541.336426,       80.4677124023
541.693298,       80.4796752930
542.050110,       80.3838653564
542.406921,       80.3583374023
542.763672,       80.3617095947
543.120422,       80.3724212646
543.477051,       80.3742675781
543.833679,       80.3680572510
544.190308,       80.3380279541
544.546814,       80.3311004639
544.903381,       80.2019577026
545.259827,       80.1706085205
545.616211,       80.0721588135
545.972595,       80.1385803223
546.328979,       80.1103591919
546.685242,       80.0314636230
547.041504,       80.0930175781
547.397644,       80.1335754395
547.753906,       80.0338363647
548.110046,       80.0538787842
548.466125,       80.1394119263
548.822144,       80.1453094482
549.178223,       80.0025482178
549.534241,       79.9724807739
549.890137,       79.9530715942
550.246033,       79.9142456055
550.601868,       79.8800430298
550.957581,       79.9084701538
551.313416,       79.8142166138
551.669128,       79.8246536255
552.024841,       79.6775741577
552.380432,       79.8202590942
552.736023,       79.7186126709
553.091675,       79.5750579834
553.447144,       79.5436401367
553.802612,       79.5599975586
554.158020,       79.5499572754
554.513428,       79.5614471436
554.868774,       79.6405715942
555.224121,       79.5520324707
555.579346,       79.4885406494
555.934631,       79.4568862915
556.289734,       79.4838409424
556.644958,       79.5072326660
557.000000,       79.4530639648
557.355103,       79.5026702881
557.710083,       79.5499877930
558.065063,       79.6029205322
558.420105,       79.5924835205
558.774963,       79.6822814941
559.129822,       79.6229553223
559.484619,       79.7512512207
559.839355,       79.7811660767
560.194153,       79.8543930054
560.548828,       80.0585556030
560.903442,       80.0951232910
561.258057,       80.0615539551
561.612610,       80.1039276123
561.967224,       80.1420898438
562.321655,       80.1344299316
562.676086,       80.3135375977
563.030457,       80.3513717651
563.384827,       80.3572769165
563.739197,       80.3188476563
564.093445,       80.4542694092
564.447693,       80.6409454346
564.801880,       80.6441650391
565.156006,       80.6232757568
565.510132,       80.6501770020
565.864197,       80.7194366455
566.218262,       80.7835235596
566.572205,       80.9483489990
566.926086,       80.9948196411
567.280090,       81.0004119873
567.633972,       81.0730209351
567.987732,       81.1456375122
568.341553,       81.2429046631
568.695190,       81.3921356201
569.048950,       81.4067535400
569.402649,       81.4138031006
569.756165,       81.4412765503
570.109802,       81.4779968262
570.463257,       81.5047607422
570.816772,       81.5939941406
571.170227,       81.7629547119
571.523621,       81.8051376343
571.877014,       81.8914947510
572.230286,       81.9881210327
572.583557,       82.0989074707
572.936829,       82.1551361084
573.289978,       82.1266250610
573.643250,       82.1318588257
573.996216,       82.1403045654
574.349365,       82.1458892822
574.702393,       82.2403259277
575.055359,       82.3288116455
575.408325,       82.3980636597
575.761169,       82.4131927490
576.114075,       82.4360198975
576.466919,       82.5836944580
576.819641,       82.6435623169
577.172363,       82.7684020996
577.525085,       82.7525634766
577.877686,       82.8244400024
578.230286,       82.9024200439
578.582825,       82.9798278809
578.935425,       82.8996963501
579.287903,       82.9056243896
579.640320,       82.8981475830
579.992676,       82.8584365845
580.345093,       82.9149627686
580.697388,       82.9975891113
581.049683,       83.0870590210
581.401855,       83.1692962646
581.754089,       83.1656036377
582.106201,       83.0908508301
582.458313,       83.0356292725
582.810425,       83.0756607056
583.162354,       83.1605453491
583.514404,       83.1909790039
583.866272,       83.1840209961
584.218201,       83.2439117432
584.570068,       83.0125427246
584.921875,       83.0823135376
585.273560,       83.0772857666
585.625305,       83.0322494507
585.977051,       83.0067367554
586.328674,       83.0016326904
586.680237,       83.0605621338
587.031799,       83.0870361328
587.383301,       83.1293869019
587.734802,       83.1225433350
588.086243,       83.1917572021
588.437561,       83.1973571777
588.788940,       83.1837615967
589.140198,       83.2970504761
589.491516,       83.4116973877
589.842712,       83.4846343994
590.193848,       83.4047012329
590.544983,       83.3290328979
590.896057,       83.2883071899
591.247192,       83.3143692017
591.598145,       83.3421478271
591.949158,       83.5116577148
592.300049,       83.5494766235
592.650879,       83.6257553101
593.001770,       83.6676406860
593.352539,       83.6513214111
593.703308,       83.7516250610
594.054016,       83.7881011963
594.404663,       83.8021621704
594.755310,       83.8377609253
595.105896,       83.8326492310
595.456360,       83.8454895020
595.806885,       83.9084472656
596.157349,       83.7647171021
596.507751,       83.7306823730
596.858154,       83.6447906494
597.208435,       83.6339645386
597.558777,       83.6627349854
597.908997,       83.7511749268
598.259216,       83.8207931519
598.609314,       83.7282409668
598.959473,       83.7240295410
599.309570,       83.8018951416
599.659546,       83.7946319580
600.009583,       83.8060607910
600.359497,       83.8227386475
600.709412,       83.8992004395
601.059265,       83.9383010864
601.409058,       83.8474273682
601.758850,       83.8654937744
602.108521,       83.9029083252
602.458191,       83.9760513306
602.807922,       83.9857025146
603.157471,       83.8772583008
603.507080,       84.0056076050
603.856567,       84.0618972778
604.205994,       84.1800765991
604.555542,       84.1933670044
604.904846,       84.2530059814
605.254211,       84.1935729980
605.603516,       84.0493087769
605.952759,       84.1581115723
606.302063,       84.1390151978
606.651123,       84.1517639160
607.000305,       84.1859359741
607.349365,       84.1934204102
607.698425,       84.2276000977
608.047485,       84.2260818481
608.396362,       84.2477569580
608.745300,       84.2426376343
609.094177,       84.3275680542
609.442993,       84.3493804932
609.791809,       84.3790054321
610.140503,       84.4126739502
610.489258,       84.5490417480
610.837891,       84.5875701904
611.186523,       84.6217346191
611.535156,       84.6598129272
611.883606,       84.7178268433
612.232178,       84.6737823486
612.580566,       84.6891479492
612.928955,       84.7855834961
613.277344,       84.8430633545
613.625610,       84.9103393555
613.973938,       84.9242706299
614.322144,       84.9069595337
614.670288,       84.9474105835
615.018555,       85.0075683594
615.366516,       85.0410385132
615.714661,       85.0908813477
616.062622,       85.1649475098
616.410645,       85.1528320313
616.758606,       85.1526947021
617.106445,       85.1828994751
617.454285,       85.2050933838
617.802063,       85.1477813721
618.149841,       85.1792449951
618.497559,       85.2311630249
618.845215,       85.2104644775
619.192871,       85.1895751953
619.540466,       85.3248596191
619.888000,       85.4064865112
620.235535,       85.4511718750
620.582886,       85.4106521606
620.930359,       85.4196014404
621.277710,       85.4515686035
621.625061,       85.4792709351
621.972351,       85.5294036865
622.319519,       85.5095520020
622.666809,       85.4786376953
623.013916,       85.4987640381
623.361023,       85.5684814453
623.708130,       85.5925750732
624.055054,       85.6357345581
624.402100,       85.6539077759
624.749023,       85.6153945923
625.095947,       85.6096267700
625.442810,       85.6391525269
625.789551,       85.6227340698
626.136353,       85.6558685303
626.483032,       85.6685180664
626.829712,       85.5505981445
627.176392,       85.5201263428
627.522949,       85.5488815308
627.869507,       85.5801391602
628.216003,       85.6323089600
628.562500,       85.6135940552
628.908936,       85.6540908813
629.255310,       85.6726608276
629.601624,       85.7021179199
629.947876,       85.7171096802
630.294067,       85.5515594482
630.640320,       85.5796203613
630.986511,       85.5556716919
631.332642,       85.5762786865
631.678650,       85.4492492676
632.024658,       85.5038909912
632.370728,       85.5871582031
632.716614,       85.6055984497
633.062500,       85.5973968506
633.408325,       85.5728302002
633.754089,       85.5262756348
634.099915,       85.6207885742
634.445679,       85.6671142578
634.791321,       85.6758804321
635.136963,       85.6305236816
635.482483,       85.4901351929
635.828125,       85.5278854370
636.173584,       85.5720977783
636.519043,       85.5619888306
636.864502,       85.5045166016
637.209778,       85.4934539795
637.555237,       85.7150955200
637.900452,       85.7373886108
638.245728,       85.7664413452
638.590881,       85.7804183960
638.935974,       85.9450225830
639.281189,       85.9528045654
639.626221,       85.9126052856
639.971191,       85.9380645752
640.316223,       85.9369125366
640.661072,       85.9805450439
641.006042,       86.0566406250
641.350891,       86.1202926636
641.695679,       86.1132736206
642.040466,       86.2109985352
642.385071,       86.3117828369
642.729858,       86.4838104248
643.074463,       86.3067169189
643.419067,       86.2797698975
643.763611,       86.3078155518
644.108032,       86.3824462891
644.452515,       86.4457550049
644.796936,       86.4362716675
645.141296,       86.4333648682
645.485657,       86.4559326172
645.829834,       86.4582824707
646.174133,       86.4645843506
646.518311,       86.5470352173
646.862427,       86.6271133423
647.206604,       86.6776962280
647.550598,       86.7660903931
647.894653,       86.8487930298
648.238647,       86.9146957397
648.582458,       86.9232254028
648.926453,       86.9788131714
649.270203,       87.0028610229
649.614075,       87.0567855835
649.957764,       87.0310592651
650.301453,       87.2818298340
650.645142,       87.3342971802
650.988708,       87.3566818237
651.332336,       87.4556503296
651.675842,       87.5115127563
652.019348,       87.5072784424
652.362854,       87.4945602417
652.706177,       87.5580215454
653.049561,       87.6285858154
653.392883,       87.6317138672
653.736084,       87.6239547729
654.079346,       87.6100463867
654.422424,       87.2996597290
654.765625,       87.2902679443
655.108765,       87.3048629761
655.451721,       87.3566360474
655.794800,       87.3745422363
656.137695,       87.4117813110
656.480591,       87.3457260132
656.823486,       87.3648452759
657.166260,       87.4143905640
657.509094,       87.4601898193
657.851807,       87.4744110107
658.194519,       87.4533996582
658.537109,       87.3576049805
658.879761,       87.3745803833
659.222351,       87.3979263306
659.564758,       87.4729537964
659.907349,       87.5093002319
660.249695,       87.5184478760
660.592041,       87.5616302490
660.934448,       87.5795440674
661.276672,       87.7096633911
661.619019,       88.0354232788
661.961182,       88.1355361938
662.303284,       88.1349334717
662.645508,       88.0999755859
662.987427,       88.1422348022
663.329529,       88.1745452881
663.671448,       88.2684707642
664.013428,       88.2999038696
664.355347,       88.3282470703
664.697205,       88.2629699707
665.039001,       88.3139648438
665.380676,       88.3647994995
665.722412,       88.4582595825
666.064148,       88.5124435425
666.405701,       88.5945358276
666.747253,       88.6605377197
667.088806,       88.6948928833
667.430298,       88.7480468750
667.771790,       88.7923583984
668.113159,       88.8205642700
668.454529,       88.7412261963
668.795837,       88.7495193481
669.137085,       88.7704696655
669.478394,       88.8345413208
669.819519,       88.8672637939
670.160645,       88.8844985962
670.501709,       88.9213256836
670.842773,       88.9479370117
671.183777,       88.9272384644
671.524719,       88.9873657227
671.865662,       89.1037826538
672.206482,       89.1572799683
672.547302,       89.2248916626
672.888123,       89.2458267212
673.228821,       89.2503814697
673.569458,       89.2501068115
673.910095,       89.2352676392
674.250732,       89.1504898071
674.591370,       89.0635910034
674.931824,       89.0507888794
675.272217,       89.0767593384
675.612732,       89.1623764038
675.953003,       89.1937789917
676.293396,       89.2061080933
676.633667,       89.1574478149
676.973877,       89.1289443970
677.314148,       89.1243286133
677.654236,       89.0920257568
677.994385,       89.0993576050
678.334412,       89.1328659058
678.674438,       89.0753326416
679.014404,       89.0268325806
679.354309,       88.9696731567
679.694214,       88.9528503418
680.034058,       88.9393768311
680.373840,       88.9412612915
680.713623,       88.8967895508
681.053223,       88.9035949707
681.392944,       88.9062576294
681.732544,       88.4347000122
682.072083,       86.5627899170
682.411621,       86.5227355957
682.751038,       86.4501113892
683.090515,       86.4286422729
683.429871,       86.2499389648
683.769226,       86.1848678589
684.108582,       86.1624298096
684.447754,       86.1010284424
684.786987,       86.0952758789
685.126160,       86.0376739502
685.465210,       85.9527511597
685.804382,       85.8463134766
686.143311,       85.7632598877
686.482361,       85.7048797607
686.821289,       85.6200942993
687.160156,       85.5314941406
687.499023,       85.4360580444
687.837769,       85.3054733276
688.176514,       85.1503219604
688.515259,       85.0638809204
688.853882,       85.4291687012
689.192566,       87.1067352295
689.531067,       86.9630355835
689.869629,       86.7902374268
690.208130,       86.6265487671
690.546570,       86.4837188721
690.885010,       86.2969131470
691.223267,       86.1248092651
691.561584,       85.9644470215
691.899841,       85.6385803223
692.238037,       85.4133453369
692.576294,       85.2065048218
692.914307,       85.0052337646
693.252380,       84.7848815918
693.590454,       84.4961395264
693.928406,       84.2184371948
694.266357,       83.8880081177
694.604187,       83.5550994873
694.942078,       83.2853469849
695.279907,       83.0410003662
695.617615,       82.6089324951
695.955444,       82.3187255859
696.292969,       82.0106124878
696.630676,       81.6197662354
696.968201,       81.3065032959
697.305725,       80.8305587769
697.643250,       80.4903640747
697.980652,       80.1505279541
698.318054,       79.7730255127
698.655396,       79.3288574219
698.992676,       79.0071716309
699.330017,       78.5560150146
699.667175,       78.1039123535
700.004395,       77.6786193848
700.341492,       77.2442474365
700.678528,       76.8206024170
701.015564,       76.2106323242
701.352478,       75.8162994385
701.689514,       75.3537521362
702.026428,       74.8250122070
702.363220,       74.2724838257
702.700073,       73.9290313721
703.036804,       73.4171447754
703.373474,       72.9223785400
703.710144,       72.4347305298
704.046814,       71.8729629517
704.383362,       71.5306320190
704.719910,       71.0251388550
705.056335,       70.5934219360
705.392761,       70.0864715576
705.729187,       69.6147766113
706.065552,       69.1138992310
706.401855,       68.6862030029
706.738098,       68.1530685425
707.074280,       67.7026748657
707.410461,       67.1899948120
707.746643,       66.6678619385
708.082642,       66.3171234131
708.418701,       65.8245849609
708.754639,       65.3558502197
709.090576,       64.9739685059
709.426514,       64.5158691406
709.762329,       63.9295425415
710.098083,       63.4176864624
710.433838,       62.8456840515
710.769592,       62.3884773254
711.105286,       61.9891586304
711.440796,       61.4955329895
711.776367,       61.0858230591
712.112000,       60.5562286377
712.447388,       60.1049308777
712.782837,       59.6216621399
713.118225,       59.1918144226
713.453552,       58.7353286743
713.788818,       58.3538055420
714.124023,       57.8862457275
714.459290,       57.4409561157
714.794434,       57.0425415039
715.129517,       56.5938949585
715.464661,       56.0740127563
715.799622,       55.6706695557
716.134583,       55.1861877441
716.469482,       54.7397766113
716.804321,       54.3859100342
717.139221,       54.0252304077
717.473938,       53.7172927856
717.808777,       53.3077163696
718.143433,       52.8494033813
718.478088,       52.4370803833
718.812683,       52.0124778748
719.147217,       51.6130752563
719.481750,       51.2063903809
719.816223,       50.8390350342
720.150574,       50.3518829346
720.485046,       49.9546432495
720.819214,       49.5191040039
721.153564,       49.0771751404
721.487854,       48.6860923767
721.821960,       48.2924995422
722.156189,       47.7262039185
722.490234,       47.4054870605
722.824341,       47.0113258362
723.158264,       46.5955390930
723.492249,       46.2068252563
723.826172,       45.8683624268
724.159973,       45.4870834351
724.493835,       45.1386070251
724.827576,       44.6233253479
725.161316,       44.2150268555
725.494995,       43.8361015320
725.828613,       43.4359436035
726.162231,       43.0411224365
726.495728,       42.6202316284
726.829163,       42.2364883423
727.162720,       41.9948158264
727.496033,       41.6027374268
727.829468,       41.2353057861
728.162720,       40.9104995728
728.496033,       40.4845046997
728.829224,       40.1440887451
729.162354,       40.0263824463
729.495483,       39.7781143188
729.828552,       39.4342269897
730.161560,       39.1311492920
730.494629,       38.7881240845
730.827454,       38.4462661743
731.160400,       38.1042556763
731.493225,       37.7167243958
731.825989,       37.5467033386
732.158813,       37.2874031067
732.491455,       36.9684677124
732.824158,       36.6523208618
733.156799,       36.3363800049
733.489319,       36.0035629272
733.821899,       35.6608428955
734.154236,       35.3737487793
734.486755,       34.9917297363
734.819092,       34.7358474731
735.151428,       34.4826965332
735.483765,       34.2311172485
735.815857,       33.9475708008
736.148132,       33.6063919067
736.480286,       33.2702407837
736.812378,       32.9558868408
737.144470,       32.7226943970
737.476379,       32.4763412476
737.808411,       32.2424926758
738.140259,       32.0054550171
738.472168,       31.8557205200
738.804016,       31.6831588745
739.135742,       31.4859008789
739.467468,       31.2688217163
739.799133,       31.0462493896
740.130798,       30.9136352539
740.462402,       30.7099227905
740.793884,       30.4313964844
741.125366,       30.1438903809
741.456848,       30.0645828247
741.788208,       29.8238830566
742.119568,       29.6338958740
742.450928,       29.5291824341
742.782166,       29.3776702881
743.113281,       29.1494140625
743.444458,       28.9076309204
743.775635,       28.7465133667
744.106689,       28.6173934937
744.437683,       28.5222473145
744.768677,       28.2918243408
745.099609,       28.1590423584
745.430481,       27.9907379150
745.761353,       27.7011108398
746.092102,       27.4944152832
746.422852,       27.2783660889
746.753479,       27.2010498047
747.084229,       27.0508880615
747.414795,       26.9762725830
747.745300,       26.9156494141
748.075806,       26.8296051025
748.406311,       26.7202606201
748.736694,       26.6425933838
749.067078,       26.4867935181
749.397400,       26.3121795654
749.727722,       26.1941299438
750.057861,       26.1167373657
750.388062,       26.0847244263
750.718201,       26.0054931641
751.048279,       25.8598480225
751.378357,       25.7581329346
751.708252,       25.7248229980
752.038208,       25.5288543701
752.368164,       25.3602371216
752.697937,       25.3635482788
753.027832,       25.3128967285
753.357483,       25.2309417725
753.687256,       25.1609344482
754.016907,       24.9692840576
754.346497,       24.8412017822
754.676147,       24.8557052612
755.005493,       24.8437805176
755.335083,       24.7698287964
755.664490,       24.5883865356
755.993835,       24.5077362061
756.323181,       24.4119873047
756.652405,       24.3420257568
756.981689,       24.3342895508
757.310852,       24.2370758057
757.640015,       24.0923538208
757.969177,       24.0818176270
758.298096,       24.0014343262
758.627197,       23.8664398193
758.956116,       23.9307479858
759.284973,       23.9906311035
759.613892,       23.9601974487
759.942627,       23.8865051270
760.271423,       23.8378906250
760.600159,       23.7794189453
760.928772,       23.8047180176
761.257446,       23.8849182129
761.585999,       23.7985687256
761.914490,       23.5735626221
762.242981,       23.5716247559
762.571350,       23.6552581787
762.899841,       23.4710998535
763.228088,       23.5067901611
763.556396,       23.3808593750
763.884644,       23.3498077393
764.212830,       23.3279266357
764.541016,       23.3459930420
764.869080,       23.3311614990
765.197144,       23.3580017090
765.525146,       23.4285507202
765.853088,       23.3699340820
766.181030,       23.2199096680
766.508789,       23.1982269287
766.836670,       23.2210693359
767.164429,       23.1706085205
767.492126,       23.1194915771
767.819824,       23.1210327148
768.147400,       22.9178314209
768.475037,       22.9002532959
768.802490,       22.8659515381
769.130005,       22.6656875610
769.457458,       22.6219635010
769.784790,       22.7814102173
770.112183,       22.7529602051
770.439453,       22.7721710205
770.766663,       22.6960296631
771.093872,       22.7442016602
771.420959,       22.7857818604
771.748108,       22.7091140747
772.075195,       22.5893707275
772.402161,       22.4111328125
772.729126,       22.3715972900
773.055969,       22.4356384277
773.382874,       22.4140930176
773.709717,       22.3905715942
774.036438,       22.5581665039
774.363159,       22.5241699219
774.689758,       22.4299774170
775.016479,       22.5619964600
775.343018,       22.5812301636
775.669495,       22.6838226318
775.996033,       22.8663787842
776.322449,       22.8514251709
776.648865,       22.7977905273
776.975098,       22.7222824097
777.301453,       22.7447280884
777.627686,       22.8107299805
777.953857,       22.6348724365
778.280029,       22.6265335083
778.606079,       22.5466461182
778.932068,       22.6376113892
779.258179,       22.6896362305
779.584045,       22.7114562988
779.909973,       22.6819458008
780.235840,       22.6451721191
780.561646,       22.6081237793
780.887390,       22.4779663086
781.213135,       22.5402374268
781.538757,       22.6408538818
781.864380,       22.5119171143
782.189880,       22.3529357910
782.515442,       22.3761901855
782.840942,       22.2845001221
783.166321,       22.2910537720
783.491699,       22.3773422241
783.817017,       22.4590606689
784.142395,       22.4108505249
784.467529,       22.3547821045
784.792725,       22.4882736206
785.117859,       22.4798278809
785.442932,       22.5999374390
785.768005,       22.5165100098
786.092957,       22.6701049805
786.417908,       22.6246719360
786.742798,       22.6373977661
787.067566,       22.6013488770
787.392456,       22.6333007813
787.717163,       22.6284484863
788.041870,       22.5431060791
788.366577,       22.5278472900
788.691101,       22.6790771484
789.015686,       22.7042541504
789.340149,       22.6179351807
789.664673,       22.5105285645
789.989075,       22.5245895386
790.313354,       22.3019866943
790.637756,       22.2060241699
790.962036,       22.2170028687
791.286194,       22.2034301758
791.610413,       22.1636657715
791.934448,       22.1067962646
792.258606,       21.9769287109
792.582581,       21.8929748535
792.906555,       21.7113571167
793.230530,       21.7669067383
793.554321,       21.7476119995
793.878174,       21.7530288696
794.201965,       21.7692031860
794.525696,       21.7574920654
794.849426,       21.7656402588
795.172974,       21.7177886963
795.496643,       21.6225433350
795.820129,       21.6098480225
796.143616,       21.5687408447
796.467102,       21.5907135010
796.790405,       21.5722427368
797.113831,       21.7073822021
797.437134,       21.6991729736
797.760315,       21.6786804199
798.083618,       21.7317962646
798.406677,       21.6495056152
798.729797,       21.4747924805
799.052856,       21.5069427490
799.375854,       21.6047363281
799.698853,       21.5911102295
800.021729,       21.3764953613
800.344604,       21.3437423706
800.667358,       21.2747116089
800.990112,       21.1493911743
801.312866,       21.1192626953
801.635498,       21.0437088013
801.958191,       21.0705413818
802.280701,       21.1262817383
802.603210,       21.2004852295
802.925781,       21.2619628906
803.248108,       21.2934417725
803.570496,       21.3083190918
803.892822,       21.2539520264
804.215088,       21.1662597656
804.537354,       21.1288604736
804.859436,       21.1207351685
805.181641,       21.1356048584
805.503723,       21.2092895508
805.825745,       21.1248626709
806.147766,       21.0674972534
806.469604,       21.0944061279
806.791504,       21.1442871094
807.113342,       21.0870056152
807.435181,       21.2082977295
807.756897,       21.2672271729
808.078552,       21.2503967285
808.400208,       21.2806396484
808.721802,       21.2383117676
809.043335,       21.1859893799
809.364929,       21.0708160400
809.686279,       21.0314178467
810.007751,       21.0335845947
810.329041,       21.0226669312
810.650330,       21.0248947144
810.971619,       21.1097412109
811.292786,       21.1713104248
811.613953,       21.1683349609
811.935059,       21.2418823242
812.256104,       21.3778228760
812.577148,       21.4080657959
812.898071,       21.4384460449
813.218994,       21.4664764404
813.539795,       21.5020599365
813.860596,       21.4411926270
814.181396,       21.3303985596
814.502136,       21.3266754150
814.822754,       21.2848205566
815.143372,       21.2710723877
815.463928,       21.2307891846
815.784485,       21.1636276245
816.104919,       21.2866516113
816.425354,       21.2983932495
816.745728,       21.2206878662
817.065979,       21.1669158936
817.386353,       21.2291030884
817.706421,       21.0899658203
818.026733,       21.0026092529
818.346863,       20.8860321045
818.666809,       20.7402954102
818.986938,       20.6504669189
819.306824,       20.7371444702
819.626770,       20.6301651001
819.946716,       20.5608520508
820.266479,       20.6320800781
820.586304,       20.7516174316
820.905945,       20.7906799316
821.225647,       20.7283554077
821.545349,       20.6714477539
821.864868,       20.6766510010
822.184448,       20.5792388916
822.503845,       20.5032272339
822.823364,       20.4353713989
823.142761,       20.3426055908
823.462036,       20.4082641602
823.781372,       20.3935317993
824.100525,       20.3322067261
824.419800,       20.4812927246
824.738953,       20.4802093506
825.057922,       20.5029067993
825.377014,       20.5125122070
825.695984,       20.4125366211
826.014954,       20.3462677002
826.333862,       20.4321899414
826.652649,       20.4238586426
826.971497,       20.2780227661
827.290100,       20.2074432373
827.608887,       20.1386871338
827.927612,       20.0952148438
828.246094,       20.2090148926
828.564697,       20.2843017578
828.883118,       20.3806457520
829.201599,       20.5354003906
829.520020,       20.5026702881
829.838318,       20.5613632202
830.156616,       20.6095733643
830.474854,       20.6058502197
830.793091,       20.5675811768
831.111267,       20.5551147461
831.429260,       20.5526580811
831.747437,       20.5621795654
832.065308,       20.5685043335
832.383362,       20.6178131104
832.701233,       20.5822906494
833.019043,       20.5838317871
833.336914,       20.5933532715
833.654663,       20.6714172363
833.972351,       20.6747741699
834.289978,       20.5632095337
834.607483,       20.5973052979
834.925171,       20.5367279053
835.242676,       20.4801940918
835.560059,       20.4740905762
835.877502,       20.4861602783
836.194763,       20.4944458008
836.512146,       20.4709777832
836.829468,       20.3098449707
837.146545,       20.3345031738
837.463745,       20.4788055420
837.780823,       20.4818878174
838.097900,       20.5104980469
838.414917,       20.3403701782
838.731873,       20.4158630371
839.048828,       20.4988174438
839.365540,       20.5051040649
839.682434,       20.5175781250
839.999207,       20.4744567871
840.315857,       20.4108505249
840.632568,       20.4143371582
840.949097,       20.5696029663
841.265747,       20.5887069702
841.582275,       20.5664825439
841.898682,       20.5159072876
842.215088,       20.4395751953
842.531433,       20.4246673584
842.847778,       20.4468002319
843.164063,       20.5154800415
843.480164,       20.4255371094
843.796387,       20.4543609619
844.112427,       20.2626876831
844.428528,       20.0681915283
844.744568,       20.0396881104
845.060486,       20.1234054565
845.376404,       20.0616836548
845.692200,       19.9999237061
846.008057,       20.0047454834
846.323853,       19.8571472168
846.639465,       19.9260711670
846.955139,       20.0275421143
847.270691,       19.9965667725
847.586304,       19.9852142334
847.901855,       19.9501037598
848.217224,       20.0063629150
848.532715,       20.0075073242
848.847961,       19.9787597656
849.163330,       19.9555053711
849.478638,       19.9341430664
849.793823,       19.7668151855
850.108948,       19.9154510498
850.424011,       19.7928924561
850.739136,       19.8410339355
851.054199,       20.0157928467
851.369019,       20.0624237061
851.684021,       20.1054077148
851.998779,       20.0279998779
852.313660,       19.9786987305
852.628418,       19.8725891113
852.943054,       19.8631668091
853.257751,       19.8808288574
853.572327,       19.7894134521
853.886841,       19.8340301514
854.201477,       19.7661590576
854.515808,       19.7138061523
854.830261,       19.7239837646
855.144592,       19.6055450439
855.458862,       19.6921310425
855.773193,       19.6824645996
856.087280,       19.6147155762
856.401489,       19.7354965210
856.715515,       19.7005844116
857.029602,       19.6805114746
857.343628,       19.7340545654
857.657532,       19.7029876709
857.971497,       19.6593322754
858.285278,       19.6785583496
858.599121,       19.7663650513
858.912903,       19.8393859863
859.226501,       19.9145812988
859.540222,       19.8891143799
859.853699,       19.8210220337
860.167297,       19.8365783691
860.480896,       19.7449951172
860.794250,       19.7636489868
861.107666,       19.7810974121
861.420959,       19.7510757446
861.734314,       19.8230743408
862.047546,       19.8164367676
862.360657,       19.7105102539
862.673889,       19.6610260010
862.986938,       19.6682891846
863.299988,       19.6049499512
863.613037,       19.4310684204
863.925903,       19.3049316406
864.238831,       19.1345367432
864.551575,       19.1450042725
864.864380,       19.1179351807
865.177185,       19.1273651123
865.489807,       19.0877380371
865.802490,       19.1476135254
866.114990,       19.1581115723
866.427612,       19.1450195313
866.740112,       19.0806732178
867.052429,       19.1477050781
867.364868,       19.1400299072
867.677124,       19.0901336670
867.989502,       19.0103149414
868.301758,       18.9583435059
868.613831,       18.9507064819
868.926025,       18.9831466675
869.238159,       19.0261459351
869.550049,       18.9201354980
869.862122,       18.8606719971
870.173950,       18.9803009033
870.485901,       19.0558624268
870.797791,       19.1331634521
871.109497,       19.0391769409
871.421204,       19.1621246338
871.732849,       19.0254364014
872.044495,       18.9160614014
872.356079,       18.8738250732
872.667542,       18.9162368774
872.979065,       18.9137954712
873.290344,       18.9679870605
873.601807,       18.9768218994
873.913147,       18.9036331177
874.224304,       18.8930740356
874.535645,       18.9621658325
874.846741,       18.9757995605
875.157837,       18.8577423096
875.468994,       18.7527923584
875.779907,       18.8177795410
876.090881,       18.8607788086
876.401733,       18.8367614746
876.712646,       18.8717346191
877.023499,       18.8207550049
877.334167,       18.8454284668
877.644897,       18.8948364258
877.955505,       18.8394775391
878.266113,       18.8817749023
878.576721,       18.9335174561
878.887146,       18.8470611572
879.197571,       18.8643646240
879.507996,       18.8667678833
879.818298,       18.8186187744
880.128662,       18.5521392822
880.438843,       18.6875915527
880.749084,       18.6511688232
881.059143,       18.3606567383
881.369263,       18.3810577393
881.679382,       18.5905761719
881.989258,       18.5970764160
882.299194,       18.5152435303
882.609070,       18.4974822998
882.918945,       18.5285797119
883.228760,       18.5536499023
883.538452,       18.5638122559
883.848145,       18.4238891602
884.157654,       18.3982009888
884.467285,       18.2667846680
884.776917,       18.3255767822
885.086243,       18.2781982422
885.395813,       18.3809509277
885.705017,       18.3796844482
886.014404,       18.3573760986
886.323730,       18.3952331543
886.632874,       18.5344924927
886.942078,       18.3812561035
887.251160,       18.4595642090
887.560242,       18.7607116699
887.869263,       18.6869506836
888.178162,       18.4640960693
888.487122,       18.5198059082
888.795898,       18.5682983398
889.104797,       18.5141220093
889.413513,       18.6630554199
889.722168,       18.6134033203
890.030884,       18.5317230225
890.339417,       18.5900421143
890.648010,       18.5677719116
890.956543,       18.5441741943
891.264893,       18.5514831543
891.573364,       18.6730117798
891.881653,       18.5017395020
892.189941,       18.4291000366
892.498230,       18.3757629395
892.806335,       18.2921066284
893.114502,       18.2935714722
893.422546,       18.3139648438
893.730652,       18.2451629639
894.038696,       18.1102828979
894.346497,       18.1778259277
894.654419,       18.1612548828
894.962158,       18.1346511841
895.270020,       18.2068862915
895.577759,       18.2117004395
895.885376,       18.0338821411
896.192993,       18.1670684814
896.500549,       18.1154479980
896.808044,       18.1389160156
897.115601,       18.0297393799
897.422913,       17.9642639160
897.730347,       17.8875427246
898.037598,       17.6848297119
898.344910,       17.6608352661
898.652161,       17.6882171631
898.959167,       17.6338500977
899.266418,       17.5472259521
899.573364,       17.4574584961
899.880371,       17.4629821777
900.187378,       17.5216140747
900.494202,       17.5692977905
900.801086,       17.5684509277
901.107788,       17.5687713623
901.414612,       17.5750274658
901.721375,       17.5007553101
902.027832,       17.4296112061
902.334534,       17.5106277466
902.641113,       17.4350891113
902.947510,       17.5220642090
903.253967,       17.5125579834
903.560242,       17.6331405640
903.866638,       17.7348327637
904.172974,       17.7083129883
904.479126,       17.8215179443
904.785278,       17.9299163818
905.091370,       17.8716888428
905.397461,       17.8953857422
905.703552,       17.9228591919
906.009399,       17.9981536865
906.315369,       17.8991470337
906.621155,       17.8256988525
906.927002,       17.8837203979
907.232788,       17.8970031738
907.538452,       17.9400482178
907.844116,       17.9301300049
908.149658,       17.8139801025
908.455200,       17.9991531372
908.760803,       17.9787750244
909.066162,       17.8972015381
909.371582,       17.9443130493
909.676880,       17.9859924316
909.982178,       17.8901290894
910.287476,       17.8658905029
910.592529,       17.8529663086
910.897705,       17.7193222046
911.202759,       17.6450424194
911.507813,       17.7267303467
911.812805,       17.7052383423
912.117676,       17.8320770264
912.422546,       17.7706527710
912.727356,       17.8335571289
913.032104,       17.8719329834
913.336853,       17.8132476807
913.641479,       17.6870040894
913.946106,       17.7066574097
914.250610,       17.4913024902
914.555115,       17.4703445435
914.859619,       17.3336334229
915.163940,       17.3032531738
915.468323,       17.3147659302
915.772583,       17.1735458374
916.076843,       17.2326202393
916.381104,       17.4311904907
916.685120,       17.4678802490
916.989258,       17.3365936279
917.293213,       17.4065551758
917.597290,       17.2601318359
917.901184,       16.9171905518
918.205017,       16.8601684570
918.508850,       16.8479156494
918.812561,       16.8980407715
919.116333,       16.8961334229
919.420044,       16.9215240479
919.723572,       16.6108474731
920.027222,       16.6977691650
920.330627,       16.6157684326
920.634094,       16.8615722656
920.937561,       17.0237808228
921.240784,       16.9275054932
921.544189,       16.9822998047
921.847351,       16.9699935913
922.150574,       16.7823638916
922.453735,       16.6924285889
922.756775,       16.4233932495
923.059875,       16.4972381592
923.362793,       16.5108642578
923.665771,       16.3617248535
923.968689,       16.4230041504
924.271362,       16.6165771484
924.574219,       16.6632690430
924.876892,       16.5674743652
925.179565,       16.4618530273
925.482239,       16.4646911621
925.784729,       16.3079299927
926.087280,       16.4473876953
926.389648,       16.3591232300
926.692078,       16.4830398560
926.994507,       16.4127655029
927.296692,       16.4299163818
927.599060,       16.3462066650
927.901123,       16.3019485474
928.203308,       16.3609542847
928.505432,       16.6179504395
928.807434,       16.5962524414
929.109436,       16.5916671753
929.411316,       16.4991531372
929.713196,       16.7021789551
930.015015,       16.7222366333
930.316711,       16.7060089111
930.618530,       16.8128814697
930.920105,       16.9001770020
931.221802,       16.8676147461
931.523315,       16.9504241943
931.824829,       17.1162414551
932.126282,       17.0658721924
932.427612,       17.2841567993
932.729004,       17.4172439575
933.030334,       17.3314208984
933.331482,       17.2277374268
933.632751,       17.0533142090
933.933777,       17.2328948975
934.234924,       17.1561431885
934.536011,       17.1052780151
934.836914,       17.0399017334
935.137878,       16.9667053223
935.438660,       17.0686645508
935.739502,       17.0776367188
936.040344,       16.8233337402
936.340942,       17.1311340332
936.641663,       17.2495727539
936.942383,       17.2154617310
937.242798,       17.0884017944
937.543335,       17.1634826660
937.843750,       17.1164550781
938.144165,       16.9845275879
938.444580,       17.0525054932
938.744751,       16.9501113892
939.045044,       16.8517456055
939.345154,       16.9354553223
939.645325,       16.8572998047
939.945435,       16.8330078125
940.245361,       16.7360916138
940.545410,       16.7147064209
940.845215,       16.7223281860
941.145142,       16.7331161499
941.445007,       16.6264266968
941.744629,       16.6539764404
942.044434,       16.5668792725
942.343994,       16.7039184570
942.643677,       16.5458221436
942.943237,       16.5555877686
943.242676,       16.4051971436
943.542114,       16.1338958740
943.841431,       16.0588226318
944.140808,       16.2599945068
944.440125,       16.0475921631
944.739258,       15.8477478027
945.038513,       15.8348617554
945.337524,       15.6692962646
945.636597,       15.4431533813
945.935669,       15.7017822266
946.234558,       15.7806396484
946.533508,       15.7522583008
946.832275,       15.5047760010
947.131165,       15.4235076904
947.429932,       15.4816589355
947.728516,       15.8677978516
948.027222,       15.8554153442
948.325745,       15.0675659180
948.624329,       14.7101516724
948.922852,       14.5547790527
949.221191,       14.5324020386
949.519592,       14.4070281982
949.817810,       14.6513900757
950.116150,       14.3861465454
950.414368,       14.2320175171
950.712463,       14.3259887695
951.010620,       14.6502227783
951.308594,       14.7097854614
951.606628,       14.7599334717
951.904602,       14.6416320801
952.202454,       14.4205932617
952.500305,       13.7770996094
952.798035,       13.6959915161
953.095825,       13.7518310547
953.393494,       13.8435134888
953.691040,       13.7227172852
953.988647,       13.1057586670
954.286133,       13.0234375000
954.583618,       13.7541351318
954.881042,       14.1523437500
955.178345,       14.2969894409
955.475647,       13.9332733154
955.772827,       14.0135040283
956.070068,       13.9902648926
956.367310,       14.2258377075
956.664307,       14.2586593628
956.961365,       14.1206893921
957.258240,       13.8166046143
957.555176,       13.2088775635
957.852112,       12.8783111572
958.148865,       12.9689636230
958.445679,       13.0420532227
958.742310,       13.6394042969
959.039001,       13.6315155029
959.335632,       13.9405517578
959.632141,       13.6675567627
959.928650,       13.6168518066
960.224976,       13.9523773193
960.521484,       13.7243804932
960.817871,       13.9234619141
961.114014,       13.8166961670
961.410339,       13.7748031616
961.706421,       14.0374450684
962.002563,       14.1535949707
962.298645,       14.0433654785
962.594604,       14.0827331543
962.890564,       13.8567047119
963.186401,       11.8861389160
963.482300,       11.8890075684
963.778137,       12.4312896729
964.073792,       12.8475952148
964.369568,       12.7635955811
964.665100,       12.7661895752
964.960693,       12.2915115356
965.256287,       12.0705718994
965.551697,       11.8697662354
965.847168,       11.9832458496
966.142395,       12.0977935791
966.437744,       11.8687515259
966.733032,       11.9003143311
967.028198,       11.5239105225
967.323364,       11.3690032959
967.618408,       11.1664886475
967.913513,       10.7108764648
968.208496,       10.1192932129
968.503357,       10.1555328369
968.798279,        9.8319244385
969.093018,        9.8009033203
969.387817,       12.2584228516
969.682556,       12.4167175293
969.977173,       12.2490005493
970.271790,       11.7733688354
970.566406,       11.6491546631
970.860779,       11.5266571045
971.155334,       11.7263183594
971.449646,       12.1398773193
971.743958,       12.1640472412
972.038330,       11.6765747070
972.332458,       11.5005950928
972.626648,       11.7676849365
972.920715,       11.8375244141
973.214844,       11.6743774414
973.508911,       11.4673309326
973.802734,       11.1977539063
974.096741,       11.1689453125
974.390442,       11.6376419067
974.684265,       11.4366378784
974.978088,       11.6644744873
975.271667,       11.7667846680
975.565369,       11.6705703735
975.858826,       11.3442687988
976.152405,       11.0766906738
976.445923,       11.5319900513
976.739258,       11.6056671143
977.032654,       11.4294204712
977.325867,       11.3986053467
977.619202,       11.0893249512
977.912415,       10.2869720459
978.205505,       10.4961700439
978.498596,       10.1019134521
978.791504,        9.9158782959
979.084534,        9.6542510986
979.377563,        9.8751907349
979.670288,       10.1036682129
979.963196,        9.9956283569
980.255859,       10.2379455566
980.548584,       10.2473297119
980.841309,        8.8583450317
981.133850,        8.3803024292
981.426392,        7.8941192627
981.718811,        7.8565826416
982.011292,        8.3217010498
982.303650,        8.4656295776
982.595886,        8.3903045654
982.888245,        8.2589874268
983.180359,        8.1669616699
983.472595,        7.9680633545
983.764709,        8.1897125244
984.056641,        8.6423721313
984.348755,        8.6605224609
984.640625,        8.6992492676
984.932495,        8.4390869141
985.224365,        8.3504791260
985.516052,        7.9927597046
985.807861,        7.9991760254
986.099426,        7.7932434082
986.391052,        7.7712554932
986.682678,        7.6133499146
986.974121,        8.9339904785
987.265625,        9.1255416870
987.556885,        9.2929077148
987.848328,        9.1557769775
988.139648,        8.3470153809
988.430786,        7.9556503296
988.721985,        7.2584533691
989.013000,        7.3514862061
989.304138,        6.9836196899
989.595215,        6.6058959961
989.886047,        6.1058807373
990.177002,        5.3456268311
990.467834,        5.0346679688
990.758606,        4.9635696411
991.049377,        4.8736877441
991.339966,        3.8603820801
991.630676,        3.9389495850
991.921143,        3.6745452881
992.211670,        3.1257553101
992.502197,        3.3763427734
992.792542,        3.1946411133
993.082886,        3.8000488281
993.373169,        3.3938369751
993.663452,        3.4753417969
993.953613,        2.9062500000
994.243713,        3.1547470093
994.533813,        3.8695220947
994.823792,        4.0126266479
995.113770,        4.1489715576
995.403687,        4.0450286865
995.693481,        4.4043731689
995.983337,        4.7122268677
996.273010,        5.8871459961
996.562744,        5.9477539063
996.852417,        5.3860473633
997.141907,        5.3775787354
997.431458,        6.6534423828
997.720886,        6.4574050903
998.010315,        6.0366363525
998.299744,        7.3581542969
998.588928,        7.2795639038
998.878296,        7.1701278687
999.167419,        6.9364547729
999.456543,        6.3091888428
999.745667,        6.2822647095
1000.034607,        6.6567077637
1000.323669,        6.7645721436
1000.612488,        5.5121307373
1000.901367,        5.8251342773
1001.190247,        5.8990783691
1001.478882,        6.0266113281
1001.767639,        5.7277679443
1002.056335,        5.8331756592
1002.344849,        5.2592926025
1002.633423,        5.4595794678
1002.921814,        5.8770141602
1003.210266,        6.2974929810
1003.498657,        6.0525588989
1003.786926,        6.2878570557
1004.075256,        5.8044204712
1004.363342,        5.1388320923
1004.651489,        4.8344879150
1004.939697,        5.3610000610
1005.227600,        4.2628479004
1005.515686,        4.4935989380
1005.803467,        3.6957321167
1006.091370,        4.0899658203
1006.379272,        3.4994964600
1006.666870,        4.3995819092
1006.954712,        4.6859283447
1007.242188,        4.0075378418
1007.529907,        3.6729125977
1007.817444,        4.4077148438
1008.104858,        2.9380035400
1008.392334,        3.4562149048
1008.679565,        2.4412231445
1008.966980,        1.7635955811
1009.254272,        1.3920745850
1009.541382,        1.4359436035
1009.828613,        1.1506652832
1010.115601,        2.4814910889
1010.402649,        2.4242553711
1010.689697,        2.1635589600
1010.976563,        1.2684478760
1011.263489,        0.7999572754
1011.550171,        1.2733917236
1011.837036,        1.4481506348
1012.123657,        1.0244140625
1012.410278,        0.8896865845
1012.696899,       -0.6774749756
1012.983337,       -1.3707733154
1013.269897,       -1.8739929199
1013.556396,       -1.6276245117
1013.842651,       -2.3259582520
1014.129028,       -2.6355209351
1014.415161,       -3.2098541260
1014.701477,       -3.0681762695
1014.987671,       -3.8439941406
1015.273560,       -4.3588104248
1015.559692,       -5.2563018799
1015.845581,       -4.9315338135
1016.131592,       -6.2471313477
1016.417542,       -6.9252624512
1016.703247,       -7.6195831299
1016.989014,       -8.0482940674
1017.274658,       -8.5754089355
1017.560303,       -9.5862884521
1017.845947,       -9.2983398438
1018.131409,      -10.3548202515
1018.416870,      -10.2865447998
1018.702271,       -9.3349456787
1018.987671,       -9.9817352295
1019.272949,      -10.5547943115
1019.558228,      -12.3829650879
1019.843445,      -12.5155181885
1020.128540,      -11.6107635498
1020.413574,      -12.2530136108
1020.698608,      -12.5588455200
1020.983521,      -10.6509780884
1021.268555,      -12.9012298584
1021.553284,      -14.0657501221
1021.838135,      -15.2198333740
1022.122925,      -15.5910720825
1022.407593,      -35.7415161133
1022.692261,       -1.1546783447
1022.976807,       -4.7850494385
1023.261292,      -11.1167297363
1023.545837,      -14.2443771362
1023.830200,        0.3676147461
1024.114624,      -37.6969909668
1024.398804,      -30.9447174072
1024.683105,      -12.0316467285
1024.967285,      -22.5583953857
