340.270844,      100.0000000000
340.648560,      100.0000000000
341.026306,   -26557.1640625000
341.403961,    -8911.6113281250
341.781616,     -352.8822021484
342.159210,    -8997.2402343750
342.536743,      146.8258666992
342.914307,      -71.1026000977
343.291779,       42.5276336670
343.669250,      100.0000000000
344.046661,       52.0950584412
344.424042,       55.0045967102
344.801422,       58.0872306824
345.178711,       44.1155471802
345.556000,       28.3949813843
345.933258,       10.0412597656
346.310486,       -1.8589630127
346.687622,       -5.6420288086
347.064758,      -12.2199172974
347.441895,       -8.8136444092
347.818939,       -6.5048370361
348.195953,       -0.8023986816
348.572937,       -1.5337677002
348.949890,       -7.9438171387
349.326843,      -14.7529296875
349.703735,      -17.3297729492
350.080597,      -20.6153564453
350.457397,      -19.9933013916
350.834198,      -13.5254364014
351.210968,      -13.5035324097
351.587646,      -16.2912292480
351.964325,      -13.1085662842
352.340942,      -13.6421966553
352.717560,      -25.4806823730
353.094147,      -28.3393859863
353.470673,      -29.5043029785
353.847168,      -24.4325408936
354.223602,      -23.2040100098
354.600037,      -24.5566482544
354.976440,      -17.1562042236
355.352783,      -24.9885406494
355.729126,      -30.3112792969
356.105408,      -33.9939270020
356.481628,      -73.5557861328
356.857849,      -73.7013549805
357.234009,      -68.3616180420
357.610168,      -71.0589904785
357.986267,      -67.8807373047
358.362366,      -67.9967956543
358.738373,      -67.4261169434
359.114349,      -67.4596099854
359.490326,      -63.8583831787
359.866241,      -57.9457855225
360.242157,      -58.7691497803
360.617981,      -52.7316894531
360.993805,      -51.5397186279
361.369568,      -52.2075500488
361.745331,      -53.8604888916
362.121033,      -57.0339050293
362.496704,      -54.2094573975
362.872314,      -50.1294097900
363.247925,      -47.2456359863
363.623505,      -38.7068634033
363.999023,      -29.7060546875
364.374542,       18.6216354370
364.750000,       23.0975646973
365.125397,       22.9849166870
365.500763,       24.1053161621
365.876160,       21.0453491211
366.251434,       20.3488311768
366.626740,       22.1094207764
367.001953,       20.3486328125
367.377136,       21.5736007690
367.752350,       16.0027923584
368.127472,       10.8538208008
368.502594,       15.9374542236
368.877625,       21.2782897949
369.252625,       25.6669158936
369.627625,       27.8055114746
370.002563,       38.1722793579
370.377502,       31.4108734131
370.752380,       34.2539520264
371.127228,       29.8664321899
371.502014,       25.8519134521
371.876770,       19.5717773438
372.251526,       22.4372711182
372.626221,       23.4765014648
373.000885,       24.3712768555
373.375488,       24.5798187256
373.750092,       28.3392791748
374.124664,       30.7623901367
374.499146,       24.9866638184
374.873627,       21.7848968506
375.248108,       18.7770233154
375.622467,       11.0475158691
375.996887,        6.1732635498
376.371185,        4.2977142334
376.745483,        3.8302459717
377.119751,       -0.3344650269
377.493958,       -3.8056793213
377.868195,       -5.2543029785
378.242310,        2.3445281982
378.616394,       -8.7548217773
378.990540,       -6.1868209839
379.364563,      -11.0659179688
379.738556,      -11.7854995728
380.112518,       -8.3759918213
380.486481,       -8.3505249023
380.860352,       -9.3060150146
381.234192,      -11.6154174805
381.608063,       -7.3162918091
381.981812,       -6.6396026611
382.355591,       -1.3239288330
382.729309,       -0.7378540039
383.102966,        4.5615234375
383.476624,       12.8118972778
383.850220,       18.3995666504
384.223816,       17.1277008057
384.597321,       13.1710052490
384.970856,       12.4027862549
385.344299,       17.3186187744
385.717682,       17.9911499023
386.091125,       11.8746032715
386.464447,       22.6979446411
386.837769,       25.2468872070
387.211029,       30.2389144897
387.584290,       34.0144577026
387.957489,       32.5152587891
388.330627,       32.2333221436
388.703766,       32.9891204834
389.076874,       36.8765029907
389.449921,       29.6162414551
389.822937,       31.8858642578
390.195923,       28.1260604858
390.568878,       25.4610519409
390.941772,       25.2571105957
391.314636,       32.7600555420
391.687500,       38.0694198608
392.060272,       39.1092453003
392.433075,       41.2947654724
392.805756,       46.9297485352
393.178436,       49.1002273560
393.551117,       41.3354949951
393.923737,       44.9003219604
394.296326,       46.3882369995
394.668854,       50.4353179932
395.041321,       48.5534820557
395.413849,       44.1114501953
395.786255,       38.4335937500
396.158630,       37.8216400146
396.531006,       33.7211456299
396.903320,       34.8127670288
397.275604,       37.9928359985
397.647827,       39.6041870117
398.020050,       35.1517257690
398.392212,       39.9845199585
398.764343,       40.2018661499
399.136444,       39.8078918457
399.508514,       27.4034118652
399.880554,       28.3857955933
400.252533,       27.6638183594
400.624512,       22.0128021240
400.996399,       19.5835266113
401.368286,       25.9459762573
401.740112,       30.5320892334
402.111908,       30.5009307861
402.483673,       29.4745483398
402.855408,       30.0807800293
403.227081,       32.2557220459
403.598755,       39.4234466553
403.970367,       40.7861557007
404.341980,       34.8211212158
404.713501,       32.4348297119
405.085022,       28.9322357178
405.456482,       27.3593597412
405.827911,       35.0907821655
406.199310,       40.2345886230
406.570648,       35.2527923584
406.942017,       32.8192901611
407.313263,       42.8515052795
407.684509,       42.4194793701
408.055725,       45.2073287964
408.426880,       45.0006408691
408.798035,       33.5678405762
409.169128,       33.3712615967
409.540161,       25.5520401001
409.911224,       25.9034500122
410.282196,       26.8602447510
410.653137,       28.5687408447
411.024048,       29.9752120972
411.394897,       28.6644287109
411.765747,       29.2184295654
412.136536,       37.6398620605
412.507324,       27.7588958740
412.878052,       30.0031051636
413.248718,       27.6490936279
413.619385,       27.5025100708
413.989990,       24.4461364746
414.360565,       28.0442276001
414.731110,       29.0777130127
415.101563,       28.3562622070
415.472076,       30.2863922119
415.842468,       30.7982177734
416.212891,       17.1183700562
416.583221,       26.5924530029
416.953522,       26.9756698608
417.323792,       33.9690017700
417.694031,       29.5252532959
418.064240,       27.2996673584
418.434418,       25.4263458252
418.804535,       17.3274536133
419.174622,       17.7689819336
419.544678,       19.5501403809
419.914673,       19.0707244873
420.284668,       28.7559967041
420.654572,       28.8247833252
421.024475,       32.8145675659
421.394348,       29.5993499756
421.764191,       30.2046051025
422.133972,       29.4444885254
422.503693,       29.1927719116
422.873444,       29.9275360107
423.243134,       29.6470794678
423.612762,       28.5299835205
423.982330,       46.7188796997
424.351929,       37.3763122559
424.721436,       35.9049224854
425.090942,       36.8229942322
425.460358,       40.1573600769
425.829773,       42.1515159607
426.199158,       45.1752204895
426.568481,       54.7134323120
426.937775,       56.2755813599
427.307037,       55.5748786926
427.676239,       56.3874511719
428.045441,       54.4402465820
428.414581,       56.1818046570
428.783722,       54.5335159302
429.152802,       56.5244140625
429.521790,       52.5535736084
429.890839,       54.4400215149
430.259766,       56.7775802612
430.628693,       54.9504394531
430.997589,       55.1032409668
431.366425,       53.1026802063
431.735229,       50.0513229370
432.104004,       56.0471153259
432.472748,       57.7133178711
432.841431,       58.1023330688
433.210052,       59.0149917603
433.578705,       59.2299461365
433.947266,       58.5760040283
434.315826,       59.1223602295
434.684326,       59.6505889893
435.052765,       59.1114921570
435.421204,       55.1850166321
435.789612,       57.9591865540
436.157959,       58.4758529663
436.526276,       59.9597015381
436.894531,       55.9014892578
437.262756,       61.4896926880
437.630951,       59.9945182800
437.999146,       60.4458961487
438.367249,       61.6589241028
438.735321,       62.4461708069
439.103394,       65.6534271240
439.471405,       66.5565719604
439.839386,       29.9436340332
440.207306,       29.1496200562
440.575195,       24.6044769287
440.943054,       25.3939590454
441.310883,       24.4005661011
441.678680,       23.3442764282
442.046387,       23.1324615479
442.414093,       22.2585678101
442.781799,       22.8640747070
443.149414,       25.5642089844
443.516998,       25.7291564941
443.884552,       25.0547637939
444.252045,       25.2039947510
444.619537,       30.1983947754
444.987000,       29.5402679443
445.354401,       31.5269317627
445.721710,       31.9888153076
446.089081,       32.9343948364
446.456360,       33.0902328491
446.823608,       33.1074600220
447.190826,       34.0038223267
447.557953,       67.8457412720
447.925110,       68.7969818115
448.292175,       73.7894897461
448.659271,       73.3392257690
449.026276,       75.4333343506
449.393250,       76.6327896118
449.760193,       75.4346160889
450.127075,       77.3905563354
450.493958,       78.3484497070
450.860779,       79.6315841675
451.227570,       79.7997665405
451.594330,       79.9318389893
451.960999,       78.6182708740
452.327698,       77.7232208252
452.694336,       77.5080184937
453.060913,       78.0233154297
453.427490,       78.3323135376
453.793976,       77.9180297852
454.160492,       78.5960083008
454.526917,       43.8664207458
454.893311,       44.0473861694
455.259674,       45.1792335510
455.626007,       45.7228775024
455.992310,       45.1754188538
456.358551,       46.2729759216
456.724731,       45.5937042236
457.090912,       45.8159408569
457.457031,       47.1393432617
457.823151,       46.7958297729
458.189209,       47.4955520630
458.555206,       47.4008598328
458.921173,       47.4338722229
459.287109,       48.7960205078
459.653015,       49.4519271851
460.018890,       50.5869560242
460.384705,       51.3994750977
460.750519,       49.7622718811
461.116241,       50.2794799805
461.481964,       50.9690284729
461.847626,       50.8265228271
462.213226,       79.6177062988
462.578827,       79.9321823120
462.944427,       80.6468429565
463.309906,       80.5568084717
463.675385,       81.1663589478
464.040802,       81.4919891357
464.406219,       82.5794067383
464.771606,       83.6371917725
465.136902,       83.6726379395
465.502197,       83.8235626221
465.867462,       83.5318984985
466.232635,       84.4384460449
466.597839,       84.2264175415
466.962921,       83.8451232910
467.328003,       84.1069488525
467.693054,       84.0320892334
468.058075,       84.0179290771
468.423035,       85.3917694092
468.787994,       84.2206573486
469.152863,       83.8468627930
469.517700,       83.5265808105
469.882538,       83.4647064209
470.247314,       84.2949523926
470.612061,       82.4770965576
470.976746,       82.9862747192
471.341431,       82.2594604492
471.706024,       82.1508636475
472.070618,       81.5460662842
472.435181,       81.6738586426
472.799622,       81.6902770996
473.164124,       81.6241912842
473.528534,       82.1072540283
473.892975,       81.6976699829
474.257294,       82.4141693115
474.621582,       83.1790847778
474.985870,       83.4996719360
475.350098,       82.7814636230
475.714325,       83.3751373291
476.078461,       83.7834167480
476.442535,       84.4609909058
476.806641,       85.3424224854
477.170685,       85.9780654907
477.534668,       86.6567230225
477.898621,       86.8309631348
478.262512,       87.4686050415
478.626404,       86.5634002686
478.990265,       87.5216674805
479.354065,       87.6016540527
479.717834,       88.0880966187
480.081512,       87.6735382080
480.445221,       87.7117233276
480.808899,       88.0349960327
481.172485,       87.2778549194
481.536041,       87.5182037354
481.899567,       87.2691574097
482.263062,       87.1512069702
482.626526,       86.9795913696
482.989929,       87.5488204956
483.353271,       87.2148818970
483.716583,       87.1753082275
484.079895,       87.4771041870
484.443146,       87.2374572754
484.806366,       87.2872924805
485.169525,       86.9611968994
485.532654,       87.0064086914
485.895752,       87.4378356934
486.258820,       88.2142028809
486.621857,       87.8232650757
486.984802,       87.7225952148
487.347748,       87.4888458252
487.710663,       87.8029785156
488.073517,       88.1197357178
488.436340,       88.0918960571
488.799072,       88.5200805664
489.161835,       88.7040100098
489.524536,       89.4154968262
489.887238,       89.6338882446
490.249847,       89.9003219604
490.612396,       90.0052337646
490.974915,       90.2474060059
491.337433,       90.6825485229
491.699921,       90.5942687988
492.062347,       90.5442657471
492.424713,       90.4854049683
492.787079,       90.7420501709
493.149353,       89.6843109131
493.511658,       89.8810653687
493.873871,       89.9160690308
494.236053,       89.8276596069
494.598206,       89.7149810791
494.960297,       89.7964096069
495.322388,       89.7450942993
495.684418,       88.4305267334
496.046356,       88.7933349609
496.408325,       89.0826339722
496.770264,       89.0000610352
497.132141,       88.7373657227
497.493958,       88.6688461304
497.855713,       88.5133361816
498.217499,       88.5132598877
498.579193,       88.5457229614
498.940887,       88.5143814087
499.302490,       88.5093994141
499.664093,       88.5054397583
500.025635,       88.7257156372
500.387177,       88.6352310181
500.748627,       89.7915344238
501.110077,       89.6277008057
501.471436,       89.6382217407
501.832825,       89.8967742920
502.194153,       90.2134475708
502.555389,       90.1555862427
502.916626,       89.8241806030
503.277802,       90.8444213867
503.638977,       90.5066452026
504.000092,       90.3093643188
504.361176,       90.1763153076
504.722198,       90.0462036133
505.083160,       89.9485397339
505.444153,       90.0045776367
505.805084,       89.9934234619
506.165924,       90.0447311401
506.526764,       89.9574432373
506.887543,       89.4071655273
507.248322,       89.2341766357
507.609070,       89.0529174805
507.969727,       89.0169448853
508.330322,       88.8940429688
508.690918,       89.1363754272
509.051514,       89.0720901489
509.412018,       89.0236663818
509.772491,       88.8759155273
510.132904,       88.7198486328
510.493286,       88.6355285645
510.853699,       88.6162796021
511.213989,       88.7049026489
511.574280,       88.7278594971
511.934509,       88.7847900391
512.294678,       88.8353118896
512.654846,       88.9857788086
513.014954,       89.0324249268
513.375061,       88.5934677124
513.735046,       88.1695938110
514.095032,       88.2938995361
514.455078,       88.5374832153
514.814941,       88.7947235107
515.174805,       88.8177261353
515.534607,       88.8009414673
515.894409,       88.7047424316
516.254211,       87.1466903687
516.613892,       86.8437194824
516.973572,       86.6523895264
517.333130,       86.5781097412
517.692749,       86.6284637451
518.052368,       86.7684631348
518.411865,       86.7015991211
518.771301,       86.7354888916
519.130737,       86.5187225342
519.490173,       86.3572998047
519.849548,       86.1128616333
520.208801,       85.9188461304
520.568054,       85.6640014648
520.927307,       86.0283584595
521.286499,       86.1878051758
521.645691,       85.9190826416
522.004822,       85.8341369629
522.363831,       85.5963058472
522.722839,       85.4428863525
523.081848,       84.8412704468
523.440796,       84.5659866333
523.799744,       85.6763610840
524.158569,       85.9163208008
524.517395,       85.9669265747
524.876160,       85.8600082397
525.234924,       85.7597961426
525.593628,       85.7387771606
525.952271,       85.3349685669
526.310913,       85.1659545898
526.669495,       84.9681777954
527.028076,       84.9464416504
527.386536,       84.7425689697
527.744995,       84.6239318848
528.103394,       84.5182723999
528.461792,       84.2228469849
528.820129,       83.9930572510
529.178406,       83.8991088867
529.536743,       83.4236984253
529.894958,       83.5327911377
530.253113,       83.4168853760
530.611267,       83.4534835815
530.969299,       83.3377990723
531.327393,       82.8099670410
531.685486,       82.6662292480
532.043335,       82.6015472412
532.401367,       82.4608459473
532.759216,       82.5261459351
533.117004,       82.3851013184
533.474915,       82.4920043945
533.832642,       82.3366241455
534.190430,       82.3592681885
534.548096,       82.2444000244
534.905762,       82.3604660034
535.263367,       82.1893768311
535.620850,       82.1699295044
535.978455,       82.2419738770
536.335876,       82.3286209106
536.693359,       82.3334197998
537.050781,       82.7860260010
537.408142,       82.6477661133
537.765442,       82.7418823242
538.122681,       83.0245971680
538.479919,       83.1483612061
538.837219,       83.4282989502
539.194336,       83.3214645386
539.551453,       83.0431900024
539.908508,       82.7477416992
540.265564,       82.7504272461
540.622559,       82.8226089478
540.979553,       82.8594741821
541.336426,       82.7779464722
541.693298,       82.8733520508
542.050110,       82.6332244873
542.406921,       82.5695190430
542.763672,       82.5657043457
543.120422,       82.6081619263
543.477051,       82.4978942871
543.833679,       82.4600677490
544.190308,       82.3891067505
544.546814,       82.3220443726
544.903381,       82.1478424072
545.259827,       82.1614913940
545.616211,       81.9403228760
545.972595,       82.0279312134
546.328979,       82.0346069336
546.685242,       82.0039367676
547.041504,       82.1642608643
547.397644,       82.4578933716
547.753906,       82.4196624756
548.110046,       82.4461746216
548.466125,       82.4260864258
548.822144,       82.5245971680
549.178223,       82.3177719116
549.534241,       82.4519119263
549.890137,       82.5229339600
550.246033,       82.6018295288
550.601868,       82.6128311157
550.957581,       82.6970062256
551.313416,       82.5413208008
551.669128,       82.6176910400
552.024841,       82.4187927246
552.380432,       82.5265350342
552.736023,       82.3548660278
553.091675,       82.1471176147
553.447144,       82.0707855225
553.802612,       82.1155853271
554.158020,       82.1160278320
554.513428,       82.1494445801
554.868774,       82.2543182373
555.224121,       82.1352615356
555.579346,       82.0098571777
555.934631,       82.0476760864
556.289734,       82.0531768799
556.644958,       82.1907806396
557.000000,       81.9459304810
557.355103,       82.0110702515
557.710083,       82.0199127197
558.065063,       82.0055084229
558.420105,       81.9363403320
558.774963,       82.0969314575
559.129822,       81.9247436523
559.484619,       82.1731567383
559.839355,       82.2321777344
560.194153,       82.3207015991
560.548828,       82.6510467529
560.903442,       82.7011642456
561.258057,       82.5810241699
561.612610,       82.6612319946
561.967224,       82.7041778564
562.321655,       82.6548767090
562.676086,       82.8917541504
563.030457,       82.9433898926
563.384827,       82.9740295410
563.739197,       82.8476715088
564.093445,       82.9592132568
564.447693,       83.3008880615
564.801880,       83.3121185303
565.156006,       83.3236694336
565.510132,       83.4017868042
565.864197,       83.5107650757
566.218262,       83.6341094971
566.572205,       83.9375152588
566.926086,       83.9650497437
567.280090,       84.0342254639
567.633972,       84.1426696777
567.987732,       84.2589721680
568.341553,       84.3936843872
568.695190,       84.6252288818
569.048950,       84.6220092773
569.402649,       84.6164398193
569.756165,       84.5999908447
570.109802,       84.5888671875
570.463257,       84.6561584473
570.816772,       84.7499313354
571.170227,       85.0135269165
571.523621,       85.0198516846
571.877014,       85.1095046997
572.230286,       85.2030029297
572.583557,       85.2699203491
572.936829,       85.3400115967
573.289978,       85.3109741211
573.643250,       85.2735519409
573.996216,       85.2760391235
574.349365,       85.2832260132
574.702393,       85.3523483276
575.055359,       85.4390411377
575.408325,       85.4917373657
575.761169,       85.4737091064
576.114075,       85.4921569824
576.466919,       85.6691970825
576.819641,       85.7646331787
577.172363,       85.9660263062
577.525085,       85.9713821411
577.877686,       85.9833831787
578.230286,       86.0617446899
578.582825,       86.1573486328
578.935425,       86.0467529297
579.287903,       86.0269927979
579.640320,       86.0202636719
579.992676,       85.9618835449
580.345093,       86.0598297119
580.697388,       86.1959381104
581.049683,       86.2965850830
581.401855,       86.4167480469
581.754089,       86.3177337646
582.106201,       86.2307739258
582.458313,       86.1474304199
582.810425,       86.1708221436
583.162354,       86.2648696899
583.514404,       86.2835006714
583.866272,       86.2725067139
584.218201,       86.2977294922
584.570068,       85.9440917969
584.921875,       86.0309906006
585.273560,       86.0836944580
585.625305,       85.9576950073
585.977051,       85.9800643921
586.328674,       85.9558258057
586.680237,       86.0797042847
587.031799,       86.1390075684
587.383301,       86.2567062378
587.734802,       86.1627120972
588.086243,       86.1717987061
588.437561,       86.1596527100
588.788940,       86.0733032227
589.140198,       86.3198165894
589.491516,       86.4712982178
589.842712,       86.5383911133
590.193848,       86.4346694946
590.544983,       86.3517227173
590.896057,       86.2318725586
591.247192,       86.2750244141
591.598145,       86.3281784058
591.949158,       86.5585174561
592.300049,       86.5582580566
592.650879,       86.6339111328
593.001770,       86.7542800903
593.352539,       86.6479034424
593.703308,       86.7479476929
594.054016,       86.7462921143
594.404663,       86.6790618896
594.755310,       86.6702117920
595.105896,       86.6894226074
595.456360,       86.6955413818
595.806885,       86.7648696899
596.157349,       86.5417098999
596.507751,       86.4443054199
596.858154,       86.3464355469
597.208435,       86.3168563843
597.558777,       86.3209686279
597.908997,       86.4707031250
598.259216,       86.6127395630
598.609314,       86.4318084717
598.959473,       86.4131164551
599.309570,       86.5142364502
599.659546,       86.5332794189
600.009583,       86.5094146729
600.359497,       86.5370712280
600.709412,       86.7075119019
601.059265,       86.8382492065
601.409058,       86.7192459106
601.758850,       86.8321762085
602.108521,       86.8969650269
602.458191,       86.9807891846
602.807922,       87.0314178467
603.157471,       86.8474731445
603.507080,       87.0428619385
603.856567,       87.1084976196
604.205994,       87.2213592529
604.555542,       87.3192214966
604.904846,       87.4347305298
605.254211,       87.3452835083
605.603516,       87.1216049194
605.952759,       87.2680664063
606.302063,       87.1786270142
606.651123,       87.2135238647
607.000305,       87.2271423340
607.349365,       87.2516250610
607.698425,       87.3187637329
608.047485,       87.2427597046
608.396362,       87.2578048706
608.745300,       87.2488021851
609.094177,       87.3014526367
609.442993,       87.3134918213
609.791809,       87.3602142334
610.140503,       87.3771820068
610.489258,       87.5819244385
610.837891,       87.6355285645
611.186523,       87.6697616577
611.535156,       87.7697067261
611.883606,       87.7735977173
612.232178,       87.6975555420
612.580566,       87.6951751709
612.928955,       87.8424758911
613.277344,       87.9274978638
613.625610,       88.0647888184
613.973938,       87.9983673096
614.322144,       87.9707870483
614.670288,       88.0282821655
615.018555,       88.0195236206
615.366516,       88.0422668457
615.714661,       88.0877990723
616.062622,       88.1581192017
616.410645,       88.1707611084
616.758606,       88.1470184326
617.106445,       88.1262359619
617.454285,       88.1705093384
617.802063,       88.1013793945
618.149841,       88.1182250977
618.497559,       88.2029113770
618.845215,       88.1106948853
619.192871,       88.0657653809
619.540466,       88.2810211182
619.888000,       88.3912811279
620.235535,       88.4412689209
620.582886,       88.3695755005
620.930359,       88.3893203735
621.277710,       88.4986572266
621.625061,       88.5267791748
621.972351,       88.5694427490
622.319519,       88.5349121094
622.666809,       88.5660552979
623.013916,       88.6074905396
623.361023,       88.6653442383
623.708130,       88.1598892212
624.055054,       88.2379531860
624.402100,       88.3463287354
624.749023,       88.2780227661
625.095947,       88.2249755859
625.442810,       88.2691955566
625.789551,       88.2402343750
626.136353,       88.3054199219
626.483032,       88.3225479126
626.829712,       88.1442947388
627.176392,       88.1193084717
627.522949,       88.1401977539
627.869507,       88.2026214600
628.216003,       88.2256011963
628.562500,       88.2091979980
628.908936,       88.2461395264
629.255310,       88.2578659058
629.601624,       88.3112640381
629.947876,       88.3107833862
630.294067,       88.0146484375
630.640320,       88.0974044800
630.986511,       88.5549011230
631.332642,       88.5200424194
631.678650,       88.2220001221
632.024658,       88.2891540527
632.370728,       88.4449157715
632.716614,       88.5012207031
633.062500,       88.4917144775
633.408325,       88.4816207886
633.754089,       88.4140472412
634.099915,       88.5147628784
634.445679,       88.5182952881
634.791321,       88.5714492798
635.136963,       88.5411148071
635.482483,       88.3360824585
635.828125,       88.3974456787
636.173584,       88.4921264648
636.519043,       88.4299240112
636.864502,       88.3436965942
637.209778,       88.3287887573
637.555237,       88.6498489380
637.900452,       88.6741180420
638.245728,       88.7143249512
638.590881,       88.8141479492
638.935974,       89.1148376465
639.281189,       89.1196289063
639.626221,       89.0354003906
639.971191,       89.0267105103
640.316223,       89.0176925659
640.661072,       89.0468368530
641.006042,       89.1497344971
641.350891,       89.2157211304
641.695679,       89.1777038574
642.040466,       89.2193756104
642.385071,       89.2756195068
642.729858,       89.5349273682
643.074463,       89.1074829102
643.419067,       89.0821380615
643.763611,       89.1368865967
644.108032,       89.2145156860
644.452515,       89.2572479248
644.796936,       89.2707519531
645.141296,       89.2596664429
645.485657,       89.2971954346
645.829834,       89.2700195313
646.174133,       89.2815628052
646.518311,       89.3990631104
646.862427,       89.5412826538
647.206604,       89.6231079102
647.550598,       89.7367172241
647.894653,       89.8024139404
648.238647,       89.8226013184
648.582458,       89.8406600952
648.926453,       89.9004211426
649.270203,       89.9875488281
649.614075,       90.1150665283
649.957764,       90.1096038818
650.301453,       90.6043243408
650.645142,       90.6174926758
650.988708,       90.6854705811
651.332336,       90.8017120361
651.675842,       90.8599700928
652.019348,       90.8232040405
652.362854,       90.8115921021
652.706177,       90.8391799927
653.049561,       90.8967742920
653.392883,       90.9099121094
653.736084,       90.8706588745
654.079346,       90.8310699463
654.422424,       90.1859893799
654.765625,       90.1278076172
655.108765,       90.1634292603
655.451721,       90.2947387695
655.794800,       90.3007736206
656.137695,       90.3585128784
656.480591,       90.2196350098
656.823486,       90.1300659180
657.166260,       90.1450576782
657.509094,       90.1499557495
657.851807,       90.1320800781
658.194519,       90.1437072754
658.537109,       89.9888305664
658.879761,       89.9831695557
659.222351,       90.0070037842
659.564758,       90.0805053711
659.907349,       90.1546936035
660.249695,       90.1510772705
660.592041,       90.1016693115
660.934448,       90.0858840942
661.276672,       90.2070617676
661.619019,       90.8123779297
661.961182,       90.9041137695
662.303284,       90.8435745239
662.645508,       90.7742767334
662.987427,       90.7899856567
663.329529,       90.7967071533
663.671448,       90.9370422363
664.013428,       90.8730850220
664.355347,       90.9064712524
664.697205,       90.7714843750
665.039001,       90.8330154419
665.380676,       90.8205261230
665.722412,       90.9612274170
666.064148,       91.0054092407
666.405701,       91.1084136963
666.747253,       91.1770095825
667.088806,       91.2002258301
667.430298,       91.2269515991
667.771790,       91.3093719482
668.113159,       91.3348236084
668.454529,       91.2473754883
668.795837,       91.2393417358
669.137085,       91.2682189941
669.478394,       91.3723297119
669.819519,       91.3547286987
670.160645,       91.3749084473
670.501709,       91.4353485107
670.842773,       91.4698257446
671.183777,       91.5954208374
671.524719,       91.6688537598
671.865662,       91.8263854980
672.206482,       91.8939895630
672.547302,       91.9920883179
672.888123,       91.9765853882
673.228821,       91.9822158813
673.569458,       91.9486160278
673.910095,       91.8773498535
674.250732,       91.7227630615
674.591370,       91.6751480103
674.931824,       91.6645355225
675.272217,       91.6718139648
675.612732,       91.7833023071
675.953003,       91.8183059692
676.293396,       91.8478546143
676.633667,       91.7588500977
676.973877,       91.7548828125
677.314148,       91.7727966309
677.654236,       91.7527694702
677.994385,       91.7110137939
678.334412,       91.7752838135
678.674438,       91.6472015381
679.014404,       91.6247558594
679.354309,       91.5447463989
679.694214,       91.5429229736
680.034058,       91.5567626953
680.373840,       91.5648345947
680.713623,       91.5286941528
681.053223,       91.5746307373
681.392944,       91.5535507202
681.732544,       90.6743469238
682.072083,       87.8423614502
682.411621,       87.8447570801
682.751038,       87.7459869385
683.090515,       87.7530670166
683.429871,       87.5171127319
683.769226,       87.4514007568
684.108582,       87.4576568604
684.447754,       87.4129486084
684.786987,       87.4105987549
685.126160,       87.3809814453
685.465210,       87.2491149902
685.804382,       87.2730712891
686.143311,       87.2013931274
686.482361,       87.1367416382
686.821289,       86.9874114990
687.160156,       86.9262924194
687.499023,       86.8647003174
687.837769,       86.7042388916
688.176514,       86.5530014038
688.515259,       86.5850524902
688.853882,       87.3718109131
689.192566,       90.0636825562
689.531067,       89.9773483276
689.869629,       89.7788162231
690.208130,       89.6434783936
690.546570,       89.5237960815
690.885010,       89.3486480713
691.223267,       89.2033538818
691.561584,       89.0429458618
691.899841,       88.7186203003
692.238037,       88.5437850952
692.576294,       88.3603134155
692.914307,       88.1113586426
693.252380,       87.8886718750
693.590454,       87.6378326416
693.928406,       87.4388809204
694.266357,       87.1000747681
694.604187,       86.7784576416
694.942078,       86.5715484619
695.279907,       86.3177947998
695.617615,       85.8302536011
695.955444,       85.5773162842
696.292969,       85.2566299438
696.630676,       84.8333969116
696.968201,       84.5753250122
697.305725,       84.0184783936
697.643250,       83.7089996338
697.980652,       83.4124145508
698.318054,       83.0330963135
698.655396,       82.5742111206
698.992676,       82.2630920410
699.330017,       81.7794265747
699.667175,       81.3779296875
700.004395,       80.9481811523
700.341492,       80.5422058105
700.678528,       80.1261215210
701.015564,       79.4035644531
701.352478,       79.0275039673
701.689514,       78.5513000488
702.026428,       77.9261779785
702.363220,       77.3900299072
702.700073,       77.0349121094
703.036804,       76.5001678467
703.373474,       75.9724273682
703.710144,       75.4674758911
704.046814,       74.8158569336
704.383362,       74.5567169189
704.719910,       74.0393676758
705.056335,       73.5739746094
705.392761,       73.0378265381
705.729187,       72.5434341431
706.065552,       71.9894866943
706.401855,       71.5774612427
706.738098,       70.9848480225
707.074280,       70.4943389893
707.410461,       69.9005584717
707.746643,       69.3324813843
708.082642,       68.9913635254
708.418701,       68.3957138062
708.754639,       67.9035491943
709.090576,       67.5915679932
709.426514,       67.0891952515
709.762329,       66.4427032471
710.098083,       65.7614364624
710.433838,       65.0179901123
710.769592,       64.4669494629
711.105286,       64.0420074463
711.440796,       63.4054565430
711.776367,       62.8725547791
712.112000,       62.2652587891
712.447388,       61.6704483032
712.782837,       61.0508956909
713.118225,       60.5244140625
713.453552,       59.9078559875
713.788818,       59.4061508179
714.124023,       58.7644500732
714.459290,       58.1621017456
714.794434,       57.5899925232
715.129517,       56.9556503296
715.464661,       56.3101119995
715.799622,       55.7173843384
716.134583,       54.9724006653
716.469482,       54.3802261353
716.804321,       53.8698844910
717.139221,       53.4405441284
717.473938,       53.0449905396
717.808777,       52.4689559937
718.143433,       51.8769798279
718.478088,       51.2778625488
718.812683,       50.7739219666
719.147217,       50.2261352539
719.481750,       49.6545562744
719.816223,       49.1012268066
720.150574,       48.4041748047
720.485046,       47.8175010681
720.819214,       47.1348648071
721.153564,       46.5430068970
721.487854,       45.9044799805
721.821960,       45.4054946899
722.156189,       44.6181793213
722.490234,       44.1434860229
722.824341,       43.5646514893
723.158264,       43.0186729431
723.492249,       42.3950042725
723.826172,       41.8562393188
724.159973,       41.1971054077
724.493835,       40.6921157837
724.827576,       39.5935592651
725.161316,       38.9532661438
725.494995,       38.3850479126
725.828613,       37.7734527588
726.162231,       37.1790695190
726.495728,       36.5499877930
726.829163,       35.9923782349
727.162720,       35.6082534790
727.496033,       35.0353851318
727.829468,       34.6012878418
728.162720,       34.0346603394
728.496033,       33.4915924072
728.829224,       32.9555816650
729.162354,       32.8034515381
729.495483,       32.3653717041
729.828552,       31.8335876465
730.161560,       31.4075851440
730.494629,       30.9779815674
730.827454,       30.4863739014
731.160400,       29.9883651733
731.493225,       29.4158096313
731.825989,       29.4912872314
732.158813,       29.0506591797
732.491455,       28.6039886475
732.824158,       28.1203460693
733.156799,       27.5944976807
733.489319,       26.9661865234
733.821899,       26.4884948730
734.154236,       26.0630416870
734.486755,       25.5922088623
734.819092,       25.1051635742
735.151428,       24.7509002686
735.483765,       24.4712753296
735.815857,       24.1040267944
736.148132,       23.7004928589
736.480286,       23.3000564575
736.812378,       22.9046936035
737.144470,       22.5829696655
737.476379,       22.1712036133
737.808411,       21.8569793701
738.140259,       21.5400238037
738.472168,       21.3126678467
738.804016,       21.0352783203
739.135742,       20.8033752441
739.467468,       20.4829330444
739.799133,       20.2432250977
740.130798,       20.0941925049
740.462402,       19.9321289063
740.793884,       19.5298233032
741.125366,       19.1459197998
741.456848,       18.9737930298
741.788208,       18.6646423340
742.119568,       18.4198150635
742.450928,       18.1591415405
742.782166,       17.9588317871
743.113281,       17.5300445557
743.444458,       17.1675720215
743.775635,       16.8865814209
744.106689,       16.6259613037
744.437683,       16.5064697266
744.768677,       16.1807785034
745.099609,       15.9940719604
745.430481,       15.6808853149
745.761353,       15.2867431641
746.092102,       15.0475463867
746.422852,       14.8071136475
746.753479,       14.6362609863
747.084229,       14.3590850830
747.414795,       14.3769378662
747.745300,       14.2875823975
748.075806,       14.1609649658
748.406311,       14.0068740845
748.736694,       13.9342498779
749.067078,       13.7669830322
749.397400,       13.5096740723
749.727722,       13.2740859985
750.057861,       13.2253494263
750.388062,       13.1358947754
750.718201,       13.0463714600
751.048279,       12.9090576172
751.378357,       12.7669525146
751.708252,       12.7276458740
752.038208,       12.4840621948
752.368164,       12.4257354736
752.697937,       12.5178375244
753.027832,       12.4015808105
753.357483,       12.3213043213
753.687256,       12.1403045654
754.016907,       11.9753646851
754.346497,       11.7861022949
754.676147,       11.8460388184
755.005493,       11.8074493408
755.335083,       11.7248764038
755.664490,       11.3984222412
755.993835,       11.1994323730
756.323181,       11.1354217529
756.652405,       11.0720367432
756.981689,       11.1238937378
757.310852,       11.0754241943
757.640015,       10.9548568726
757.969177,       10.9058151245
758.298096,       10.8180236816
758.627197,       10.6366729736
758.956116,       10.7427902222
759.284973,       10.6966552734
759.613892,       10.6205596924
759.942627,       10.5525283813
760.271423,       10.5729370117
760.600159,       10.5679168701
760.928772,       10.5757980347
761.257446,       10.6632537842
761.585999,       10.5657577515
761.914490,       10.3943939209
762.242981,       10.4127807617
762.571350,       10.5723876953
762.899841,       10.3404846191
763.228088,       10.4720306396
763.556396,       10.3740234375
763.884644,       10.2812652588
764.212830,       10.2833633423
764.541016,       10.1663513184
764.869080,       10.1406250000
765.197144,       10.0842590332
765.525146,       10.2439880371
765.853088,       10.2692108154
766.181030,       10.1671066284
766.508789,       10.1668777466
766.836670,       10.1554870605
767.164429,        9.9854736328
767.492126,        9.9894714355
767.819824,       10.0574493408
768.147400,        9.7455673218
768.475037,        9.6909790039
768.802490,        9.5921401978
769.130005,        9.2232055664
769.457458,        9.3314666748
769.784790,        9.6388931274
770.112183,        9.6185226440
770.439453,        9.6659622192
770.766663,        9.5515747070
771.093872,        9.5560455322
771.420959,        9.7347412109
771.748108,        9.7311859131
772.075195,        9.6778869629
772.402161,        9.4154281616
772.729126,        9.3976821899
773.055969,        9.3838195801
773.382874,        9.3193969727
773.709717,        9.3646621704
774.036438,        9.4158325195
774.363159,        9.3394546509
774.689758,        9.1450500488
775.016479,        9.2910766602
775.343018,        9.3235931396
775.669495,        9.4552307129
775.996033,        9.7302551270
776.322449,        9.6238708496
776.648865,        9.6455535889
776.975098,        9.4034423828
777.301453,        9.3170547485
777.627686,        9.3354492188
777.953857,        9.1910552979
778.280029,        9.1978607178
778.606079,        8.9705276489
778.932068,        9.0250854492
779.258179,        9.0957794189
779.584045,        9.0786590576
779.909973,        9.1439132690
780.235840,        9.1875152588
780.561646,        9.1133346558
780.887390,        9.1109619141
781.213135,        9.0913238525
781.538757,        9.2285308838
781.864380,        9.0446166992
782.189880,        8.8801574707
782.515442,        8.9339828491
782.840942,        8.9028930664
783.166321,        8.9357299805
783.491699,        9.0277557373
783.817017,        9.2327499390
784.142395,        9.2192230225
784.467529,        9.2148132324
784.792725,        9.3476409912
785.117859,        9.3159408569
785.442932,        9.5007019043
785.768005,        9.5227050781
786.092957,        9.6545562744
786.417908,        9.6072769165
786.742798,        9.6635208130
787.067566,        9.4581756592
787.392456,        9.4611587524
787.717163,        9.5009384155
788.041870,        9.3826293945
788.366577,        9.3374023438
788.691101,        9.6516113281
789.015686,        9.6252441406
789.340149,        9.4837417603
789.664673,        9.4214706421
789.989075,        9.3581237793
790.313354,        8.9595794678
790.637756,        8.7568817139
790.962036,        8.7370910645
791.286194,        8.7606658936
791.610413,        8.6603393555
791.934448,        8.6263427734
792.258606,        8.5660476685
792.582581,        8.2797546387
792.906555,        8.1943969727
793.230530,        8.2598419189
793.554321,        8.1823883057
793.878174,        8.3298645020
794.201965,        8.4034423828
794.525696,        8.3392791748
794.849426,        8.4832229614
795.172974,        8.5137329102
795.496643,        8.3842391968
795.820129,        8.4296722412
796.143616,        8.4317321777
796.467102,        8.4572448730
796.790405,        8.4161682129
797.113831,        8.6411285400
797.437134,        8.7618484497
797.760315,        8.7818069458
798.083618,        8.8585662842
798.406677,        8.8544158936
798.729797,        8.4803466797
799.052856,        8.4608383179
799.375854,        8.7433013916
799.698853,        8.6020355225
800.021729,        8.2896575928
800.344604,        8.2266235352
800.667358,        8.1064300537
800.990112,        8.0197296143
801.312866,        8.0547637939
801.635498,        7.9105377197
801.958191,        7.8858184814
802.280701,        8.0645294189
802.603210,        8.0551681519
802.925781,        8.0944595337
803.248108,        8.0819702148
803.570496,        8.2124176025
803.892822,        8.2373199463
804.215088,        8.0172576904
804.537354,        7.9356079102
804.859436,        7.9295196533
805.181641,        7.9193496704
805.503723,        8.1854782104
805.825745,        8.0323638916
806.147766,        7.9584960938
806.469604,        8.0188293457
806.791504,        8.0078582764
807.113342,        8.0187988281
807.435181,        8.0863342285
807.756897,        8.0467910767
808.078552,        7.9380950928
808.400208,        7.9476165771
808.721802,        7.8096618652
809.043335,        7.6303100586
809.364929,        7.6773834229
809.686279,        7.6485748291
810.007751,        7.6054077148
810.329041,        7.5314025879
810.650330,        7.4712982178
810.971619,        7.6210174561
811.292786,        7.7314758301
811.613953,        7.6392211914
811.935059,        7.7169570923
812.256104,        7.8869018555
812.577148,        7.8876113892
812.898071,        7.8471374512
813.218994,        7.9957122803
813.539795,        8.1677017212
813.860596,        8.1287307739
814.181396,        8.1285400391
814.502136,        8.1552124023
814.822754,        8.2172698975
815.143372,        8.2557067871
815.463928,        8.2976684570
815.784485,        8.2416915894
816.104919,        8.2765197754
816.425354,        8.2969665527
816.745728,        8.3010482788
817.065979,        8.1473312378
817.386353,        8.1908416748
817.706421,        8.0489120483
818.026733,        7.9508666992
818.346863,        7.6715469360
818.666809,        7.4548187256
818.986938,        7.1661300659
819.306824,        7.3578186035
819.626770,        7.2932128906
819.946716,        7.0434875488
820.266479,        7.0548171997
820.586304,        7.1759185791
820.905945,        7.1612243652
821.225647,        7.0433502197
821.545349,        6.8603820801
821.864868,        6.8539581299
822.184448,        6.7134628296
822.503845,        6.6985473633
822.823364,        6.7083282471
823.142761,        6.6403808594
823.462036,        6.5565261841
823.781372,        6.7398223877
824.100525,        6.7524642944
824.419800,        6.8709945679
824.738953,        6.9282531738
825.057922,        7.1351928711
825.377014,        7.1092224121
825.695984,        7.1743164063
826.014954,        7.0892486572
826.333862,        7.2158508301
826.652649,        7.2871856689
826.971497,        7.2316741943
827.290100,        7.1416168213
827.608887,        7.0711059570
827.927612,        7.0319976807
828.246094,        7.3168563843
828.564697,        7.3413543701
828.883118,        7.4980773926
829.201599,        7.6163253784
829.520020,        7.4123306274
829.838318,        7.3960647583
830.156616,        7.5591430664
830.474854,        7.4897460938
830.793091,        7.4953308105
831.111267,        7.5430297852
831.429260,        7.5627593994
831.747437,        7.6097717285
832.065308,        7.7160034180
832.383362,        7.6563720703
832.701233,        7.5756301880
833.019043,        7.4849090576
833.336914,        7.5612258911
833.654663,        7.5791397095
833.972351,        7.5926361084
834.289978,        7.2616577148
834.607483,        7.2239608765
834.925171,        7.0603637695
835.242676,        7.0740203857
835.560059,        7.1078491211
835.877502,        6.9967651367
836.194763,        7.1368408203
836.512146,        7.2348785400
836.829468,        7.0306854248
837.146545,        6.9806671143
837.463745,        6.9420318604
837.780823,        6.8443527222
838.097900,        6.8367309570
838.414917,        6.6063232422
838.731873,        6.5621414185
839.048828,        6.6226196289
839.365540,        6.7648925781
839.682434,        6.7869262695
839.999207,        6.7582473755
840.315857,        6.6795501709
840.632568,        6.6212005615
840.949097,        7.0070953369
841.265747,        7.1300659180
841.582275,        7.0909729004
841.898682,        6.8746185303
842.215088,        6.7269744873
842.531433,        6.7817840576
842.847778,        6.7634429932
843.164063,        6.6592102051
843.480164,        6.6116027832
843.796387,        6.6614227295
844.112427,        6.4932556152
844.428528,        6.3507690430
844.744568,        6.2481536865
845.060486,        6.3041992188
845.376404,        6.3130187988
845.692200,        6.3386993408
846.008057,        6.2634735107
846.323853,        6.1009521484
846.639465,        6.0842590332
846.955139,        6.1548309326
847.270691,        6.1283874512
847.586304,        5.9718627930
847.901855,        5.9575347900
848.217224,        6.0880889893
848.532715,        6.3131713867
848.847961,        6.1179809570
849.163330,        6.1769104004
849.478638,        6.1950683594
849.793823,        6.1063079834
850.108948,        6.2210388184
850.424011,        5.9251861572
850.739136,        6.0882263184
851.054199,        6.3546066284
851.369019,        6.4819793701
851.684021,        6.6213455200
851.998779,        6.4683837891
852.313660,        6.4848937988
852.628418,        6.3588256836
852.943054,        6.2699203491
853.257751,        6.2401504517
853.572327,        6.1392974854
853.886841,        6.1567687988
854.201477,        6.1460037231
854.515808,        6.0753173828
854.830261,        5.8543853760
855.144592,        5.6398010254
855.458862,        5.9337463379
855.773193,        5.8688507080
856.087280,        5.7663269043
856.401489,        5.7501525879
856.715515,        5.6752166748
857.029602,        5.6928863525
857.343628,        5.6950836182
857.657532,        5.7000885010
857.971497,        5.6385345459
858.285278,        5.6153717041
858.599121,        5.7524871826
858.912903,        5.7405242920
859.226501,        5.7685699463
859.540222,        5.9018096924
859.853699,        5.8014678955
860.167297,        5.7659606934
860.480896,        5.6864318848
860.794250,        5.6121978760
861.107666,        5.6434020996
861.420959,        5.8307723999
861.734314,        5.9674072266
862.047546,        5.9698104858
862.360657,        5.9241485596
862.673889,        5.7901916504
862.986938,        5.8460693359
863.299988,        5.8603973389
863.613037,        5.8387603760
863.925903,        5.7063140869
864.238831,        5.3377838135
864.551575,        5.2839050293
864.864380,        5.3554229736
865.177185,        5.3634338379
865.489807,        5.3796691895
865.802490,        5.4342498779
866.114990,        5.3891601563
866.427612,        5.2994232178
866.740112,        5.3559646606
867.052429,        5.4107894897
867.364868,        5.6237030029
867.677124,        5.5671157837
867.989502,        5.4353485107
868.301758,        5.3232574463
868.613831,        5.2844085693
868.926025,        5.2927322388
869.238159,        5.4725494385
869.550049,        5.4717330933
869.862122,        5.4305267334
870.173950,        5.6309967041
870.485901,        5.6618652344
870.797791,        5.7360382080
871.109497,        5.5750274658
871.421204,        5.5481338501
871.732849,        5.5212020874
872.044495,        5.4957580566
872.356079,        5.6320648193
872.667542,        5.6962127686
872.979065,        5.9059066772
873.290344,        5.8904724121
873.601807,        5.9415054321
873.913147,        5.8739776611
874.224304,        5.8556518555
874.535645,        5.9089965820
874.846741,        5.8911590576
875.157837,        5.8202056885
875.468994,        5.5331344604
875.779907,        5.6215667725
876.090881,        5.6572494507
876.401733,        5.6062622070
876.712646,        5.5376281738
877.023499,        5.5718231201
877.334167,        5.6542968750
877.644897,        5.7447052002
877.955505,        5.7815780640
878.266113,        5.7976074219
878.576721,        5.7548522949
878.887146,        5.5079650879
879.197571,        5.5310821533
879.507996,        5.4559478760
879.818298,        5.3977355957
880.128662,        5.0163574219
880.438843,        4.9125442505
880.749084,        4.8721313477
881.059143,        4.3025665283
881.369263,        4.2245178223
881.679382,        4.3459243774
881.989258,        4.5781860352
882.299194,        4.3504333496
882.609070,        4.3745574951
882.918945,        4.4946289063
883.228760,        4.6143188477
883.538452,        4.6198272705
883.848145,        4.5175018311
884.157654,        4.5297088623
884.467285,        4.3689575195
884.776917,        4.3434448242
885.086243,        4.1778564453
885.395813,        4.2939682007
885.705017,        4.3389587402
886.014404,        4.3844604492
886.323730,        4.4127502441
886.632874,        4.5834960938
886.942078,        4.4695587158
887.251160,        4.5366592407
887.560242,        5.1453704834
887.869263,        5.2828369141
888.178162,        5.0471343994
888.487122,        0.1267089844
888.795898,        0.1462173462
889.104797,        0.0536956787
889.413513,        0.0417633057
889.722168,       -0.1333694458
890.030884,       -0.3223114014
890.339417,       -0.1979064941
890.648010,       -0.1591339111
890.956543,       -0.1143722534
891.264893,       -0.1461486816
891.573364,        0.0931701660
891.881653,       -0.0250549316
892.189941,       -0.1963119507
892.498230,       -0.3265686035
892.806335,       -0.3675842285
893.114502,       -0.2157897949
893.422546,       -0.0963516235
893.730652,       -0.2269821167
894.038696,       -0.4230575562
894.346497,       -0.4142913818
894.654419,       -0.4269104004
894.962158,        4.7958221436
895.270020,        4.8934478760
895.577759,        4.9304122925
895.885376,        4.8469390869
896.192993,        5.0107879639
896.500549,        4.9357452393
896.808044,        5.0018768311
897.115601,        4.8346557617
897.422913,        4.6249160767
897.730347,        4.6219024658
898.037598,        4.3613128662
898.344910,        4.2146530151
898.652161,        4.3899993896
898.959167,        4.4174804688
899.266418,        4.2749023438
899.573364,        4.0858001709
899.880371,        4.2109832764
900.187378,        4.3882293701
900.494202,        4.5563049316
900.801086,        4.5880966187
901.107788,        4.6869888306
901.414612,        4.7161102295
901.721375,        4.7491378784
902.027832,        4.5910034180
902.334534,        4.6527252197
902.641113,        4.6492767334
902.947510,        4.9063720703
903.253967,        4.7722930908
903.560242,        4.8986206055
903.866638,        5.1666564941
904.172974,        5.1584091187
904.479126,        5.3906402588
904.785278,        5.5707092285
905.091370,        5.4590148926
905.397461,        5.5344314575
905.703552,        5.4014892578
906.009399,        5.4492645264
906.315369,        5.0759811401
906.621155,        5.0175552368
906.927002,        5.0719909668
907.232788,        4.9370117188
907.538452,        4.9647827148
907.844116,        4.9804153442
908.149658,        4.9196624756
908.455200,        5.1312179565
908.760803,        5.0699539185
909.066162,        4.9090499878
909.371582,        4.7591705322
909.676880,        4.8968505859
909.982178,        4.9302825928
910.287476,        4.8530731201
910.592529,        4.9128265381
910.897705,        4.5236587524
911.202759,        4.4776611328
911.507813,        4.5135498047
911.812805,        4.5139617920
912.117676,        4.8013916016
912.422546,        4.8545074463
912.727356,        5.1844177246
913.032104,        5.2287597656
913.336853,        5.1237792969
913.641479,        5.0786285400
913.946106,        5.1663665771
914.250610,        4.8350067139
914.555115,        4.8122253418
914.859619,        4.7313003540
915.163940,        4.7835083008
915.468323,        4.9198150635
915.772583,        5.0909881592
916.076843,        5.0963745117
916.381104,        5.0628356934
916.685120,        5.1212921143
916.989258,        5.0919342041
917.293213,        5.4563369751
917.597290,        5.1107330322
917.901184,        4.7355499268
918.205017,        4.5014343262
918.508850,        4.5564270020
918.812561,        4.6089782715
919.116333,        4.5131835938
919.420044,        4.6670684814
919.723572,        4.0055389404
920.027222,        4.1799468994
920.330627,        4.2144317627
920.634094,        4.3281936646
920.937561,        4.4939956665
921.240784,        4.1945190430
921.544189,        4.2123718262
921.847351,        4.1707153320
922.150574,        3.6055908203
922.453735,        3.5365676880
922.756775,        3.4880218506
923.059875,        3.5708923340
923.362793,        3.3743209839
923.665771,        3.1703491211
923.968689,        3.5168151855
924.271362,        3.8911895752
924.574219,        3.8988952637
924.876892,        3.9625320435
925.179565,        3.3922729492
925.482239,        3.3594970703
925.784729,        2.9244003296
926.087280,        3.3693237305
926.389648,        3.1055984497
926.692078,        3.1074981689
926.994507,        3.2560348511
927.296692,        3.3685302734
927.599060,        3.4078521729
927.901123,        3.5466613770
928.203308,        3.4872894287
928.505432,        3.9644927979
928.807434,        3.9235610962
929.109436,        4.0868988037
929.411316,        3.9406585693
929.713196,        4.1593170166
930.015015,        4.4348373413
930.316711,        4.5055541992
930.618530,        4.6270904541
930.920105,        4.9169082642
931.221802,        4.4637756348
931.523315,        5.0991210938
931.824829,        5.1778717041
932.126282,        5.2635040283
932.427612,        5.5605926514
932.729004,        5.8174667358
933.030334,        5.8330535889
933.331482,        5.6753692627
933.632751,        5.4100341797
933.933777,        5.6186370850
934.234924,        5.3574829102
934.536011,        5.4729003906
934.836914,        5.2707290649
935.137878,        5.2474822998
935.438660,        4.6476287842
935.739502,        4.7371215820
936.040344,        4.7479171753
936.340942,        4.7161712646
936.641663,        4.7340698242
936.942383,        4.7266082764
937.242798,        4.3741607666
937.543335,        4.7330780029
937.843750,        4.7326660156
938.144165,        4.8884429932
938.444580,        4.8227767944
938.744751,        4.9228286743
939.045044,        4.9393005371
939.345154,        4.6571807861
939.645325,        4.4774017334
939.945435,        4.3574905396
940.245361,        4.2887115479
940.545410,        4.1819992065
940.845215,        4.1109924316
941.145142,        4.1551971436
941.445007,        4.0141906738
941.744629,        4.6525039673
942.044434,        4.5886917114
942.343994,        4.6656494141
942.643677,        4.5290069580
942.943237,        4.3056030273
943.242676,        3.8692779541
943.542114,        3.9802322388
943.841431,        3.9508361816
944.140808,        4.0647735596
944.440125,        3.8445587158
944.739258,        3.8756256104
945.038513,        3.7199325562
945.337524,        3.5909881592
945.636597,        3.5515441895
945.935669,        4.0682983398
946.234558,        4.3530120850
946.533508,        4.4480590820
946.832275,        4.3012008667
947.131165,        4.2280578613
947.429932,        4.5819931030
947.728516,        4.9408111572
948.027222,        4.6812133789
948.325745,        2.6947326660
948.624329,        1.8896102905
948.922852,        2.0888671875
949.221191,        2.3132629395
949.519592,        2.0300903320
949.817810,        2.0520019531
950.116150,        1.6967391968
950.414368,        1.5608520508
950.712463,        1.7328186035
951.010620,        2.0673446655
951.308594,        2.2542572021
951.606628,        2.1368560791
951.904602,        1.7034149170
952.202454,        1.1830291748
952.500305,       -0.1603240967
952.798035,       -0.5187149048
953.095825,       -0.4287872314
953.393494,       -0.1180877686
953.691040,       -0.3947601318
953.988647,       -1.3160705566
954.286133,       -1.4464569092
954.583618,        0.6098709106
954.881042,        1.7209320068
955.178345,        1.4969940186
955.475647,        1.6635513306
955.772827,        2.0208206177
956.070068,        2.4016418457
956.367310,        2.7467727661
956.664307,        2.8071746826
956.961365,        2.2577972412
957.258240,        2.0184326172
957.555176,        1.0927886963
957.852112,        0.9558105469
958.148865,        1.4988403320
958.445679,        1.8581695557
958.742310,        3.1319656372
959.039001,        3.6350555420
959.335632,        3.8870773315
959.632141,        3.3129196167
959.928650,        3.5261230469
960.224976,        4.4434509277
960.521484,        4.1836090088
960.817871,        4.4511871338
961.114014,        3.9372558594
961.410339,        3.8823852539
961.706421,        3.4052734375
962.002563,        3.7167510986
962.298645,        3.0004348755
962.594604,        2.4787063599
962.890564,        2.1819229126
963.186401,       -0.4145660400
963.482300,       -1.0333099365
963.778137,       -0.1011505127
964.073792,        0.5032653809
964.369568,        0.4563980103
964.665100,        0.5911712646
964.960693,        0.0110855103
965.256287,       -0.7483367920
965.551697,       -0.4815063477
965.847168,        0.3024444580
966.142395,        0.3152160645
966.437744,       -0.2133789063
966.733032,        0.3001861572
967.028198,        0.2965164185
967.323364,       -0.0229263306
967.618408,       -0.0446014404
967.913513,       -0.7100067139
968.208496,       -1.2266693115
968.503357,       -0.5102539063
968.798279,       -0.1842041016
969.093018,       -0.3774642944
969.387817,        3.4106750488
969.682556,        4.2083206177
969.977173,        3.9599761963
970.271790,        3.0542297363
970.566406,        2.6215820313
970.860779,        2.7595977783
971.155334,        3.2026367188
971.449646,        4.3640060425
971.743958,        4.0818786621
972.038330,        2.7757568359
972.332458,        2.3804779053
972.626648,        2.4067840576
972.920715,        2.6530838013
973.214844,        1.8056259155
973.508911,        2.1401062012
973.802734,        1.7524566650
974.096741,        1.6827545166
974.390442,        1.6830215454
974.684265,        1.2917480469
974.978088,        1.9966735840
975.271667,        2.3323974609
975.565369,        2.0342712402
975.858826,        1.4685363770
976.152405,        1.2814331055
976.445923,        2.3057250977
976.739258,        3.0400848389
977.032654,        2.6283340454
977.325867,        2.5614471436
977.619202,        1.9081115723
977.912415,        0.9276199341
978.205505,        1.6205291748
978.498596,        1.3416442871
978.791504,        1.4051666260
979.084534,        0.8159027100
979.377563,        1.3600311279
979.670288,        1.4020080566
979.963196,        1.7485351563
980.255859,        2.1451110840
980.548584,        2.7758178711
980.841309,       -0.3098220825
981.133850,       -1.1845855713
981.426392,       -1.5903320313
981.718811,       -1.5427703857
982.011292,       -0.3225860596
982.303650,       -0.4151916504
982.595886,       -0.6481781006
982.888245,       -1.1098937988
983.180359,       -1.0589141846
983.472595,       -1.5933532715
983.764709,       -0.9311218262
984.056641,        0.2881317139
984.348755,       -0.1293334961
984.640625,       -0.1779556274
984.932495,       -0.1386032104
985.224365,        0.0303039551
985.516052,       -0.2426147461
985.807861,       -0.2465209961
986.099426,       -1.7304992676
986.391052,       -1.1132736206
986.682678,       -1.6741943359
986.974121,        1.7115173340
987.265625,        2.1672973633
987.556885,        2.0406188965
987.848328,        2.0883255005
988.139648,        0.6145401001
988.430786,        0.3199005127
988.721985,       -0.8930664063
989.013000,       -0.3755035400
989.304138,       -1.5966339111
989.595215,       -2.7559509277
989.886047,       -3.9408721924
990.177002,       -6.4320983887
990.467834,       -6.4560394287
990.758606,       -6.3233337402
991.049377,       -6.4854431152
991.339966,       -8.9060287476
991.630676,       -8.7092056274
991.921143,       -8.8767089844
992.211670,       -9.3402099609
992.502197,       -9.6940078735
992.792542,       -9.5434646606
993.082886,       -8.6683654785
993.373169,       -8.3554229736
993.663452,       -7.5472335815
993.953613,       -7.8628158569
994.243713,       -6.7006530762
994.533813,       -6.0586242676
994.823792,       -6.2218704224
995.113770,       -6.0061798096
995.403687,       -5.3919906616
995.693481,       -3.5461120605
995.983337,       -2.6858062744
996.273010,       -0.2090988159
996.562744,        0.4010772705
996.852417,       -0.4606170654
997.141907,        0.0955886841
997.431458,        2.7820510864
997.720886,        2.7058410645
998.010315,        2.3371658325
998.299744,        5.5351867676
998.588928,        6.5979614258
998.878296,        6.9812316895
999.167419,        6.6368026733
999.456543,        4.4920806885
999.745667,        4.3961334229
1000.034607,        5.1001739502
1000.323669,        4.9325866699
1000.612488,        3.8378143311
1000.901367,        5.6477661133
1001.190247,        6.0251312256
1001.478882,        6.5964508057
1001.767639,        5.5319061279
1002.056335,        6.2879180908
1002.344849,        5.6981735229
1002.633423,        5.6148300171
1002.921814,        6.9458770752
1003.210266,        7.3243103027
1003.498657,        6.8623886108
1003.786926,        7.1507415771
1004.075256,        6.7126159668
1004.363342,        6.0610580444
1004.651489,        6.1801223755
1004.939697,        5.6121215820
1005.227600,        3.5071640015
1005.515686,        5.1503601074
1005.803467,        4.0481262207
1006.091370,        3.8110504150
1006.379272,        3.3589096069
1006.666870,        4.7820892334
1006.954712,        5.6702194214
1007.242188,        4.7973632813
1007.529907,        3.4884185791
1007.817444,        5.0131454468
1008.104858,        2.5975799561
1008.392334,        4.1238632202
1008.679565,        2.4257431030
1008.966980,        1.2619628906
1009.254272,        0.6912384033
1009.541382,        1.3985748291
1009.828613,        1.9648208618
1010.115601,        3.9272842407
1010.402649,        4.8268127441
1010.689697,        4.8877868652
1010.976563,        5.0233459473
1011.263489,        4.3211364746
1011.550171,        4.2993469238
1011.837036,        4.4334640503
1012.123657,        4.6121368408
1012.410278,        4.4724273682
1012.696899,        2.5292358398
1012.983337,        1.0511779785
1013.269897,        0.9643096924
1013.556396,        3.0422363281
1013.842651,        2.8616180420
1014.129028,        2.9438781738
1014.415161,        2.1181335449
1014.701477,        2.8220901489
1014.987671,        0.2802124023
1015.273560,       -0.0502243042
1015.559692,       -1.0079345703
1015.845581,       -1.6652984619
1016.131592,       -4.0464324951
1016.417542,       -6.7006835938
1016.703247,       -8.8563232422
1016.989014,       -9.4428863525
1017.274658,       -9.9331130981
1017.560303,      -13.0811614990
1017.845947,      -12.1949462891
1018.131409,      -14.3068847656
1018.416870,      -14.5244140625
1018.702271,      -12.5083389282
1018.987671,      -12.9229431152
1019.272949,      -15.7855529785
1019.558228,      -19.9711303711
1019.843445,      -20.2756042480
1020.128540,      -18.1083679199
1020.413574,      -18.7362518311
1020.698608,      -17.9748840332
1020.983521,      -13.4763793945
1021.268555,      -16.9862823486
1021.553284,      -18.7640991211
1021.838135,      -20.7052001953
1022.122925,      -21.1001586914
1022.407593,      -59.9598999023
1022.692261,       10.4923400879
1022.976807,       36.0239181519
1023.261292,        3.7895660400
1023.545837,       10.5055465698
1023.830200,        1.2930603027
1024.114624,      -63.7841796875
1024.398804,      -37.3803253174
1024.683105,      -20.6194458008
1024.967285,      -25.9806671143
