340.270844,      100.0000000000
340.648560,      100.0000000000
341.026306,   -13545.2802734375
341.403961,     1294.0461425781
341.781616,     1262.1868896484
342.159210,     3804.1074218750
342.536743,       74.5764617920
342.914307,      -50.0487670898
343.291779,      114.3975601196
343.669250,      100.0000000000
344.046661,       62.9205436707
344.424042,       66.3057708740
344.801422,       68.0734710693
345.178711,       55.2088394165
345.556000,       38.4368438721
345.933258,       23.2359848022
346.310486,       11.3369750977
346.687622,        7.4737625122
347.064758,       -0.0915985107
347.441895,        0.9881210327
347.818939,        1.6131439209
348.195953,        4.4553604126
348.572937,        4.2180404663
348.949890,       -3.2771453857
349.326843,       -9.1341934204
349.703735,      -12.3227539063
350.080597,      -14.2242889404
350.457397,      -14.9629592896
350.834198,       -8.5319061279
351.210968,       -6.3754730225
351.587646,      -11.8248443604
351.964325,      -10.2559432983
352.340942,       -9.8904724121
352.717560,      -21.5905761719
353.094147,      -22.6625823975
353.470673,      -20.4690856934
353.847168,      -18.6939239502
354.223602,      -19.0309753418
354.600037,      -21.3734817505
354.976440,      -11.9347534180
355.352783,      -19.0774536133
355.729126,      -22.6500473022
356.105408,      -23.4091491699
356.481628,      -59.5411987305
356.857849,      -59.2690277100
357.234009,      -54.8878173828
357.610168,      -57.2978515625
357.986267,      -53.3530120850
358.362366,      -54.1933746338
358.738373,      -53.0621643066
359.114349,      -54.2918853760
359.490326,      -50.2275695801
359.866241,      -46.3847351074
360.242157,      -49.3633270264
360.617981,      -41.2278747559
360.993805,      -42.1171569824
361.369568,      -44.7463378906
361.745331,      -44.4362792969
362.121033,      -45.7685699463
362.496704,      -41.7362976074
362.872314,      -38.2646942139
363.247925,      -36.4436492920
363.623505,      -30.1283111572
363.999023,      -22.2981643677
364.374542,       19.4857635498
364.750000,       23.1284027100
365.125397,       23.6422195435
365.500763,       25.4659347534
365.876160,       23.6331329346
366.251434,       23.3677368164
366.626740,       23.4317932129
367.001953,       17.6046447754
367.377136,       16.6249160767
367.752350,       12.4434509277
368.127472,        9.0448837280
368.502594,       12.3940811157
368.877625,       17.9621810913
369.252625,       21.7882690430
369.627625,       24.5380325317
370.002563,       33.4178619385
370.377502,       27.6265411377
370.752380,       28.0077285767
371.127228,       23.1869049072
371.502014,       21.2472610474
371.876770,       13.5619812012
372.251526,       14.8380279541
372.626221,       17.0833663940
373.000885,       17.8119964600
373.375488,       17.5771865845
373.750092,       21.3742218018
374.124664,       24.7193908691
374.499146,       18.1600036621
374.873627,       18.4339218140
375.248108,       17.5118713379
375.622467,       10.4062423706
375.996887,        6.3833160400
376.371185,        4.7154846191
376.745483,        2.9893188477
377.119751,        0.7727355957
377.493958,       -2.4053802490
377.868195,       -3.4196166992
378.242310,        3.1958541870
378.616394,       -3.6379470825
378.990540,       -0.8734130859
379.364563,       -6.2748870850
379.738556,       -6.1712646484
380.112518,       -2.1978836060
380.486481,       -3.8189849854
380.860352,       -4.7542724609
381.234192,       -6.7696990967
381.608063,       -3.0939636230
381.981812,       -2.5924224854
382.355591,        5.4345703125
382.729309,        8.1324005127
383.102966,       12.9098358154
383.476624,       19.2539749146
383.850220,       24.0372390747
384.223816,       22.3546447754
384.597321,       18.1222534180
384.970856,       15.9118576050
385.344299,       19.0446090698
385.717682,       20.7692489624
386.091125,       15.7093582153
386.464447,       25.5872192383
386.837769,       27.6441726685
387.211029,       29.4598999023
387.584290,       32.9898529053
387.957489,       31.8106689453
388.330627,       33.1923828125
388.703766,       34.7214431763
389.076874,       39.2556800842
389.449921,       31.0840682983
389.822937,       33.9321365356
390.195923,       30.8726043701
390.568878,       29.2279663086
390.941772,       28.8862457275
391.314636,       36.8345489502
391.687500,       40.7016830444
392.060272,       43.0546340942
392.433075,       48.6522941589
392.805756,       54.5213012695
393.178436,       58.3164939880
393.551117,       49.2123489380
393.923737,       54.9315567017
394.296326,       53.7018737793
394.668854,       57.7110366821
395.041321,       56.8402633667
395.413849,       52.8014297485
395.786255,       47.3828887939
396.158630,       46.1822433472
396.531006,       41.0788993835
396.903320,       41.6218261719
397.275604,       42.5190048218
397.647827,       42.2173500061
398.020050,       35.4182510376
398.392212,       37.8309707642
398.764343,       37.7540168762
399.136444,       37.1598472595
399.508514,       27.6185379028
399.880554,       27.2869415283
400.252533,       26.0194396973
400.624512,       21.1803283691
400.996399,       18.5734863281
401.368286,       24.6701583862
401.740112,       26.2393798828
402.111908,       27.6375579834
402.483673,       27.5350952148
402.855408,       27.9701690674
403.227081,       30.3578643799
403.598755,       36.2727737427
403.970367,       37.5570220947
404.341980,       32.3247680664
404.713501,       29.7891387939
405.085022,       28.7971725464
405.456482,       28.1305389404
405.827911,       36.0468940735
406.199310,       40.1417770386
406.570648,       35.7871246338
406.942017,       35.9815826416
407.313263,       45.1845054626
407.684509,       45.2640342712
408.055725,       47.7257347107
408.426880,       48.8395767212
408.798035,       37.4000968933
409.169128,       37.8728828430
409.540161,       31.5159225464
409.911224,       32.6827011108
410.282196,       33.2226333618
410.653137,       35.3809432983
411.024048,       36.9013977051
411.394897,       36.4156951904
411.765747,       37.2843170166
412.136536,       45.2481307983
412.507324,       35.2813491821
412.878052,       36.6192016602
413.248718,       34.0226211548
413.619385,       34.2263870239
413.989990,       31.2015380859
414.360565,       35.1537322998
414.731110,       35.7552795410
415.101563,       34.0686798096
415.472076,       34.8358917236
415.842468,       34.1789855957
416.212891,       21.0894927979
416.583221,       29.5567092896
416.953522,       29.2414398193
417.323792,       35.4627532959
417.694031,       31.4161376953
418.064240,       29.6531677246
418.434418,       26.5055389404
418.804535,       23.1600799561
419.174622,       23.6395111084
419.544678,       25.1660461426
419.914673,       24.7285156250
420.284668,       33.6462554932
420.654572,       35.0834045410
421.024475,       39.3587036133
421.394348,       36.6257476807
421.764191,       37.8786430359
422.133972,       37.0374069214
422.503693,       35.7408218384
422.873444,       37.4493103027
423.243134,       38.6348419189
423.612762,       38.2520599365
423.982330,       56.1591835022
424.351929,       55.6878967285
424.721436,       54.5550231934
425.090942,       54.6158103943
425.460358,       57.4408035278
425.829773,       59.6157150269
426.199158,       64.5296783447
426.568481,       68.4721069336
426.937775,       69.0429840088
427.307037,       67.8180694580
427.676239,       67.9053115845
428.045441,       67.4780044556
428.414581,       68.6668243408
428.783722,       67.5770111084
429.152802,       68.6183090210
429.521790,       64.9327011108
429.890839,       66.3254547119
430.259766,       68.0842437744
430.628693,       64.8790512085
430.997589,       64.2790527344
431.366425,       62.4561157227
431.735229,       58.7330017090
432.104004,       58.9435234070
432.472748,       60.5969619751
432.841431,       61.2816772461
433.210052,       62.1977767944
433.578705,       62.4214324951
433.947266,       61.1566543579
434.315826,       62.3444137573
434.684326,       63.0459671021
435.052765,       62.4665374756
435.421204,       59.2408142090
435.789612,       61.4630889893
436.157959,       62.0470733643
436.526276,       62.8943328857
436.894531,       60.7957229614
437.262756,       65.6556777954
437.630951,       65.0671920776
437.999146,       65.8656463623
438.367249,       66.6871337891
438.735321,       67.1838073730
439.103394,       70.3005828857
439.471405,       71.0785675049
439.839386,       35.8522186279
440.207306,       34.7463150024
440.575195,       30.2464904785
440.943054,       30.8339538574
441.310883,       29.5013885498
441.678680,       28.1789779663
442.046387,       27.7465591431
442.414093,       27.1414489746
442.781799,       28.2360992432
443.149414,       30.3042068481
443.516998,       30.1598815918
443.884552,       29.5623016357
444.252045,       29.7473449707
444.619537,       32.8209075928
444.987000,       32.6056976318
445.354401,       34.0930633545
445.721710,       34.2596054077
446.089081,       35.6751022339
446.456360,       35.9462738037
446.823608,       35.8421401978
447.190826,       36.7278518677
447.557953,       69.1593475342
447.925110,       70.4629364014
448.292175,       74.9526519775
448.659271,       74.1622924805
449.026276,       76.2263946533
449.393250,       77.8684539795
449.760193,       76.6088180542
450.127075,       78.2709960938
450.493958,       78.7705230713
450.860779,       80.5228118896
451.227570,       81.0175399780
451.594330,       82.0786361694
451.960999,       80.7492980957
452.327698,       80.2260437012
452.694336,       79.6955718994
453.060913,       79.9286193848
453.427490,       80.2172241211
453.793976,       80.2350463867
454.160492,       80.8524322510
454.526917,       46.9829483032
454.893311,       47.0448760986
455.259674,       48.2689971924
455.626007,       48.5187759399
455.992310,       48.1619949341
456.358551,       48.9799575806
456.724731,       48.4393234253
457.090912,       48.6949806213
457.457031,       50.1035919189
457.823151,       50.0157661438
458.189209,       50.6010742188
458.555206,       50.6072349548
458.921173,       50.9695816040
459.287109,       51.4518394470
459.653015,       51.8170928955
460.018890,       52.7258720398
460.384705,       53.6826477051
460.750519,       52.1044311523
461.116241,       53.0725364685
461.481964,       53.0101127625
461.847626,       52.8077278137
462.213226,       80.8299255371
462.578827,       81.4791564941
462.944427,       81.9602355957
463.309906,       81.6283035278
463.675385,       82.3628845215
464.040802,       82.8727874756
464.406219,       83.6436080933
464.771606,       84.4174499512
465.136902,       84.2031250000
465.502197,       84.2728576660
465.867462,       84.0048522949
466.232635,       84.3907546997
466.597839,       84.0428619385
466.962921,       83.8115081787
467.328003,       84.1681747437
467.693054,       84.0540313721
468.058075,       83.8451766968
468.423035,       85.3537368774
468.787994,       84.2480087280
469.152863,       84.2675552368
469.517700,       83.8827514648
469.882538,       83.6624908447
470.247314,       84.3697967529
470.612061,       82.6748504639
470.976746,       83.4119720459
471.341431,       82.4780197144
471.706024,       82.2405929565
472.070618,       81.9617156982
472.435181,       82.1844940186
472.799622,       82.3176727295
473.164124,       82.1228179932
473.528534,       82.6954956055
473.892975,       82.5703811646
474.257294,       83.2209091187
474.621582,       83.8441009521
474.985870,       84.3613891602
475.350098,       83.7955627441
475.714325,       84.2924499512
476.078461,       84.5850524902
476.442535,       85.0032501221
476.806641,       85.8824157715
477.170685,       86.5287551880
477.534668,       87.4335021973
477.898621,       87.4049530029
478.262512,       87.8598785400
478.626404,       86.7768554688
478.990265,       87.6029663086
479.354065,       87.8606262207
479.717834,       88.1792373657
480.081512,       87.8817291260
480.445221,       87.8704223633
480.808899,       88.1754302979
481.172485,       87.4005813599
481.536041,       87.4462890625
481.899567,       87.1787261963
482.263062,       87.2498397827
482.626526,       87.0255279541
482.989929,       87.4087600708
483.353271,       87.1699295044
483.716583,       87.1492614746
484.079895,       87.4418182373
484.443146,       87.2611236572
484.806366,       87.3848342896
485.169525,       87.1040649414
485.532654,       87.3178253174
485.895752,       87.8455810547
486.258820,       88.6275711060
486.621857,       88.3886566162
486.984802,       88.1794891357
487.347748,       88.0651779175
487.710663,       88.2716293335
488.073517,       88.6103210449
488.436340,       88.6593933105
488.799072,       89.0504226685
489.161835,       89.3811035156
489.524536,       89.8488922119
489.887238,       89.9674606323
490.249847,       90.2362136841
490.612396,       90.4292297363
490.974915,       90.7193603516
491.337433,       91.1906433105
491.699921,       91.1755447388
492.062347,       91.0840377808
492.424713,       91.0656280518
492.787079,       91.2637481689
493.149353,       90.3764572144
493.511658,       90.6456756592
493.873871,       90.7199325562
494.236053,       90.5980453491
494.598206,       90.4714584351
494.960297,       90.5184249878
495.322388,       90.5050354004
495.684418,       89.2789688110
496.046356,       89.5390396118
496.408325,       89.8110198975
496.770264,       89.7383728027
497.132141,       89.6205291748
497.493958,       89.5659103394
497.855713,       89.4804687500
498.217499,       89.4672546387
498.579193,       89.4966735840
498.940887,       89.4701538086
499.302490,       89.4754562378
499.664093,       89.5066604614
500.025635,       89.6849212646
500.387177,       89.6766204834
500.748627,       90.6198196411
501.110077,       90.3768844604
501.471436,       90.3581466675
501.832825,       90.6271820068
502.194153,       90.9583053589
502.555389,       90.9484252930
502.916626,       90.5829010010
503.277802,       91.5946044922
503.638977,       91.2850036621
504.000092,       91.0493927002
504.361176,       90.9532928467
504.722198,       90.8977737427
505.083160,       90.9356689453
505.444153,       90.9483795166
505.805084,       91.0244979858
506.165924,       90.9708023071
506.526764,       90.8512649536
506.887543,       90.3732604980
507.248322,       90.2075958252
507.609070,       90.0998458862
507.969727,       90.0773773193
508.330322,       89.9572601318
508.690918,       90.1542739868
509.051514,       90.1724700928
509.412018,       90.2101898193
509.772491,       90.1290054321
510.132904,       89.9507598877
510.493286,       89.9671325684
510.853699,       89.9498596191
511.213989,       90.1436538696
511.574280,       90.2010726929
511.934509,       90.2362136841
512.294678,       90.2173461914
512.654846,       90.2640533447
513.014954,       90.3537597656
513.375061,       90.0061645508
513.735046,       89.7460632324
514.095032,       89.9015960693
514.455078,       90.1344985962
514.814941,       90.4397354126
515.174805,       90.4527053833
515.534607,       90.4656600952
515.894409,       90.3645172119
516.254211,       88.9817886353
516.613892,       88.6642532349
516.973572,       88.4318161011
517.333130,       88.4078521729
517.692749,       88.4967422485
518.052368,       88.6053314209
518.411865,       88.4937896729
518.771301,       88.4808120728
519.130737,       88.3633193970
519.490173,       88.2018280029
519.849548,       88.0980072021
520.208801,       87.9707946777
520.568054,       87.7512359619
520.927307,       88.0000991821
521.286499,       88.1153259277
521.645691,       87.8448257446
522.004822,       87.8344116211
522.363831,       87.6190948486
522.722839,       87.5653686523
523.081848,       87.0094299316
523.440796,       86.8780288696
523.799744,       87.9538650513
524.158569,       88.1973876953
524.517395,       88.3454589844
524.876160,       88.2699508667
525.234924,       88.1334991455
525.593628,       87.9851531982
525.952271,       87.6835403442
526.310913,       87.5886917114
526.669495,       87.3816375732
527.028076,       87.3774795532
527.386536,       87.2375411987
527.744995,       87.1220932007
528.103394,       87.0782089233
528.461792,       86.8442230225
528.820129,       86.7368087769
529.178406,       86.6889648438
529.536743,       86.2014617920
529.894958,       86.2918930054
530.253113,       86.1585311890
530.611267,       86.1611175537
530.969299,       85.9802780151
531.327393,       85.3281936646
531.685486,       85.1918106079
532.043335,       85.0942077637
532.401367,       84.9342193604
532.759216,       85.0725479126
533.117004,       85.1329879761
533.474915,       85.2515411377
533.832642,       85.0733489990
534.190430,       85.2524490356
534.548096,       85.1621093750
534.905762,       85.1900100708
535.263367,       85.0291748047
535.620850,       84.9429397583
535.978455,       85.0019149780
536.335876,       85.0431289673
536.693359,       85.0870208740
537.050781,       85.5616912842
537.408142,       85.3955307007
537.765442,       85.4284591675
538.122681,       85.7073440552
538.479919,       85.7951965332
538.837219,       86.2036132813
539.194336,       86.1447830200
539.551453,       85.8805236816
539.908508,       85.6369781494
540.265564,       85.5741424561
540.622559,       85.6304016113
540.979553,       85.6335983276
541.336426,       85.6059112549
541.693298,       85.5795745850
542.050110,       85.3667678833
542.406921,       85.2829055786
542.763672,       85.2791824341
543.120422,       85.3090362549
543.477051,       85.2530670166
543.833679,       85.2133941650
544.190308,       85.0884399414
544.546814,       85.0056381226
544.903381,       84.8783264160
545.259827,       84.8937377930
545.616211,       84.7188644409
545.972595,       84.8391113281
546.328979,       84.8746719360
546.685242,       84.8605957031
547.041504,       85.0625686646
547.397644,       85.2596893311
547.753906,       85.2916946411
548.110046,       85.2831878662
548.466125,       85.3165969849
548.822144,       85.3638381958
549.178223,       85.1586685181
549.534241,       85.2731552124
549.890137,       85.4269027710
550.246033,       85.4997024536
550.601868,       85.5322647095
550.957581,       85.6007385254
551.313416,       85.4349136353
551.669128,       85.5638656616
552.024841,       85.3416290283
552.380432,       85.4849853516
552.736023,       85.3777236938
553.091675,       85.1397781372
553.447144,       85.0830383301
553.802612,       85.1104736328
554.158020,       85.0939178467
554.513428,       85.1078720093
554.868774,       85.2311401367
555.224121,       85.0548858643
555.579346,       84.9010467529
555.934631,       84.9151763916
556.289734,       84.8995285034
556.644958,       85.0318832397
557.000000,       84.8222808838
557.355103,       84.7807312012
557.710083,       84.7975997925
558.065063,       84.8096008301
558.420105,       84.7541503906
558.774963,       84.9218139648
559.129822,       84.7658843994
559.484619,       84.9822692871
559.839355,       85.0175018311
560.194153,       85.0684814453
560.548828,       85.3872833252
560.903442,       85.4673538208
561.258057,       85.3577270508
561.612610,       85.3889007568
561.967224,       85.3914489746
562.321655,       85.3148345947
562.676086,       85.5657958984
563.030457,       85.6387405396
563.384827,       85.6463851929
563.739197,       85.5473632813
564.093445,       85.6215438843
564.447693,       85.9248580933
564.801880,       85.9541397095
565.156006,       85.9083328247
565.510132,       85.9652404785
565.864197,       86.0469589233
566.218262,       86.1498336792
566.572205,       86.4153213501
566.926086,       86.4803237915
567.280090,       86.5316238403
567.633972,       86.6121902466
567.987732,       86.7315216064
568.341553,       86.7995605469
568.695190,       86.9876861572
569.048950,       86.9824218750
569.402649,       86.9592056274
569.756165,       87.0224914551
570.109802,       87.0258178711
570.463257,       87.0703353882
570.816772,       87.1623840332
571.170227,       87.3298263550
571.523621,       87.3508300781
571.877014,       87.3942413330
572.230286,       87.4730377197
572.583557,       87.5898590088
572.936829,       87.5702438354
573.289978,       87.5051040649
573.643250,       87.4395751953
573.996216,       87.4154815674
574.349365,       87.3968734741
574.702393,       87.4447937012
575.055359,       87.5273208618
575.408325,       87.5268249512
575.761169,       87.5013885498
576.114075,       87.5071258545
576.466919,       87.6828231812
576.819641,       87.7623672485
577.172363,       87.8594665527
577.525085,       87.8333511353
577.877686,       87.8517684937
578.230286,       87.8841857910
578.582825,       87.9852447510
578.935425,       87.8824005127
579.287903,       87.8565673828
579.640320,       87.8941726685
579.992676,       87.7867279053
580.345093,       87.8951034546
580.697388,       88.0167999268
581.049683,       88.1299743652
581.401855,       88.2235946655
581.754089,       88.1094207764
582.106201,       88.0137252808
582.458313,       87.9045486450
582.810425,       87.9329528809
583.162354,       88.0171051025
583.514404,       88.0491561890
583.866272,       88.0464324951
584.218201,       88.0824508667
584.570068,       87.7531051636
584.921875,       87.8523712158
585.273560,       87.8933410645
585.625305,       87.7989044189
585.977051,       87.8462677002
586.328674,       87.8046264648
586.680237,       87.9223937988
587.031799,       87.9185409546
587.383301,       88.0178451538
587.734802,       87.9619293213
588.086243,       87.9691619873
588.437561,       87.9423522949
588.788940,       87.8801269531
589.140198,       88.1222534180
589.491516,       88.2664108276
589.842712,       88.3261489868
590.193848,       88.2149505615
590.544983,       88.1463699341
590.896057,       88.0136260986
591.247192,       87.9908447266
591.598145,       88.0144805908
591.949158,       88.2507324219
592.300049,       88.2306213379
592.650879,       88.2936096191
593.001770,       88.4280548096
593.352539,       88.3560638428
593.703308,       88.4266967773
594.054016,       88.4260864258
594.404663,       88.4006805420
594.755310,       88.4173431396
595.105896,       88.4317398071
595.456360,       88.4721832275
595.806885,       88.5140151978
596.157349,       88.2709274292
596.507751,       88.1855468750
596.858154,       88.0900421143
597.208435,       88.0956726074
597.558777,       88.1259460449
597.908997,       88.2344284058
598.259216,       88.3386306763
598.609314,       88.2454452515
598.959473,       88.1398468018
599.309570,       88.2392883301
599.659546,       88.2577209473
600.009583,       88.2442474365
600.359497,       88.2451248169
600.709412,       88.3653717041
601.059265,       88.5106964111
601.409058,       88.4385070801
601.758850,       88.5184402466
602.108521,       88.5801849365
602.458191,       88.6334915161
602.807922,       88.6788864136
603.157471,       88.5707473755
603.507080,       88.7912521362
603.856567,       88.8444671631
604.205994,       88.9531097412
604.555542,       89.0138854980
604.904846,       89.1198425293
605.254211,       89.0538024902
605.603516,       88.8383636475
605.952759,       88.9512863159
606.302063,       88.9466094971
606.651123,       88.9531402588
607.000305,       88.9342269897
607.349365,       88.9623641968
607.698425,       88.9893875122
608.047485,       88.9639205933
608.396362,       88.9445190430
608.745300,       88.9040908813
609.094177,       88.9446945190
609.442993,       88.9453887939
609.791809,       89.0185394287
610.140503,       89.0125045776
610.489258,       89.1601562500
610.837891,       89.1806716919
611.186523,       89.2055053711
611.535156,       89.2637557983
611.883606,       89.2986907959
612.232178,       89.2328338623
612.580566,       89.2239532471
612.928955,       89.3979873657
613.277344,       89.4687347412
613.625610,       89.6129608154
613.973938,       89.5571746826
614.322144,       89.5351715088
614.670288,       89.5683288574
615.018555,       89.5752029419
615.366516,       89.5738983154
615.714661,       89.6612854004
616.062622,       89.6971969604
616.410645,       89.7082824707
616.758606,       89.6987991333
617.106445,       89.6711730957
617.454285,       89.7067871094
617.802063,       89.6419982910
618.149841,       89.6656646729
618.497559,       89.7458190918
618.845215,       89.6676635742
619.192871,       89.6112823486
619.540466,       89.7786865234
619.888000,       89.8691558838
620.235535,       89.8916625977
620.582886,       89.8260650635
620.930359,       89.8389587402
621.277710,       89.9608001709
621.625061,       89.9889755249
621.972351,       90.0128402710
622.319519,       89.9774093628
622.666809,       89.9772033691
623.013916,       89.9793319702
623.361023,       90.0676651001
623.708130,       90.1125946045
624.055054,       90.1884307861
624.402100,       90.2491302490
624.749023,       90.1785659790
625.095947,       90.1244506836
625.442810,       90.1348266602
625.789551,       90.0810241699
626.136353,       90.1340866089
626.483032,       90.1436233521
626.829712,       90.0045013428
627.176392,       89.9499206543
627.522949,       89.9773941040
627.869507,       90.0398788452
628.216003,       90.0682525635
628.562500,       90.0556335449
628.908936,       90.1078109741
629.255310,       90.1405792236
629.601624,       90.2095031738
629.947876,       90.2304306030
630.294067,       89.9638519287
630.640320,       90.0055541992
630.986511,       89.9329528809
631.332642,       89.8894348145
631.678650,       89.6829757690
632.024658,       89.7861557007
632.370728,       89.9162597656
632.716614,       89.9899978638
633.062500,       90.0101928711
633.408325,       90.0279312134
633.754089,       89.9316558838
634.099915,       90.0151290894
634.445679,       90.0604324341
634.791321,       90.1448898315
635.136963,       90.1138153076
635.482483,       89.9160232544
635.828125,       89.9428634644
636.173584,       90.0190505981
636.519043,       89.9243927002
636.864502,       89.8213729858
637.209778,       89.7923965454
637.555237,       90.1119537354
637.900452,       90.1499252319
638.245728,       90.1793441772
638.590881,       90.2608566284
638.935974,       90.5208587646
639.281189,       90.5070724487
639.626221,       90.4368667603
639.971191,       90.4417877197
640.316223,       90.4395675659
640.661072,       90.4638824463
641.006042,       90.6138916016
641.350891,       90.6961822510
641.695679,       90.6861953735
642.040466,       90.7420425415
642.385071,       90.8043670654
642.729858,       91.0745620728
643.074463,       90.7199554443
643.419067,       90.7060546875
643.763611,       90.7847366333
644.108032,       90.8915786743
644.452515,       90.9300155640
644.796936,       90.9278945923
645.141296,       90.9322967529
645.485657,       90.9680938721
645.829834,       90.9323272705
646.174133,       90.9099121094
646.518311,       90.9940185547
646.862427,       91.1250762939
647.206604,       91.1876525879
647.550598,       91.2424392700
647.894653,       91.2836532593
648.238647,       91.3086700439
648.582458,       91.3198242188
648.926453,       91.3769912720
649.270203,       91.3977966309
649.614075,       91.4828720093
649.957764,       91.4549789429
650.301453,       91.8723068237
650.645142,       91.8947219849
650.988708,       91.9698791504
651.332336,       92.0467453003
651.675842,       92.1438827515
652.019348,       92.1273422241
652.362854,       92.1017990112
652.706177,       92.1258697510
653.049561,       92.1957626343
653.392883,       92.2061691284
653.736084,       92.1927642822
654.079346,       92.1570434570
654.422424,       91.5705718994
654.765625,       91.5628433228
655.108765,       91.5907363892
655.451721,       91.6632308960
655.794800,       91.6414871216
656.137695,       91.6765213013
656.480591,       91.5640106201
656.823486,       91.4882278442
657.166260,       91.4780273438
657.509094,       91.5105667114
657.851807,       91.5004577637
658.194519,       91.4909057617
658.537109,       91.3557434082
658.879761,       91.3238525391
659.222351,       91.3090972900
659.564758,       91.4019470215
659.907349,       91.4752655029
660.249695,       91.4763183594
660.592041,       91.4580688477
660.934448,       91.4063339233
661.276672,       91.4978256226
661.619019,       92.0489044189
661.961182,       92.0998458862
662.303284,       92.0574645996
662.645508,       91.9774246216
662.987427,       92.0146865845
663.329529,       92.0212936401
663.671448,       92.1407546997
664.013428,       92.1819686890
664.355347,       92.2140502930
664.697205,       92.0453109741
665.039001,       92.0884552002
665.380676,       92.0687789917
665.722412,       92.1779708862
666.064148,       92.2310333252
666.405701,       92.3289947510
666.747253,       92.3387603760
667.088806,       92.3378982544
667.430298,       92.3495178223
667.771790,       92.3854217529
668.113159,       92.4533386230
668.454529,       92.4060134888
668.795837,       92.4082489014
669.137085,       92.4445877075
669.478394,       92.5446548462
669.819519,       92.5082397461
670.160645,       92.4988250732
670.501709,       92.5378189087
670.842773,       92.5760421753
671.183777,       92.5775985718
671.524719,       92.6503753662
671.865662,       92.8276214600
672.206482,       92.9039077759
672.547302,       92.9958648682
672.888123,       93.0059356689
673.228821,       93.0006179810
673.569458,       92.9784317017
673.910095,       92.9455642700
674.250732,       92.8195800781
674.591370,       92.7350311279
674.931824,       92.7350540161
675.272217,       92.7417221069
675.612732,       92.7883148193
675.953003,       92.7896652222
676.293396,       92.8038024902
676.633667,       92.7028732300
676.973877,       92.7278518677
677.314148,       92.7439193726
677.654236,       92.6657257080
677.994385,       92.6098175049
678.334412,       92.6771545410
678.674438,       92.5778732300
679.014404,       92.5527725220
679.354309,       92.4445495605
679.694214,       92.4492797852
680.034058,       92.4174194336
680.373840,       92.4139175415
680.713623,       92.3382186890
681.053223,       92.3944396973
681.392944,       92.3731613159
681.732544,       91.6264724731
682.072083,       88.8157043457
682.411621,       88.7800445557
682.751038,       88.7181701660
683.090515,       88.7184982300
683.429871,       88.4970855713
683.769226,       88.4797592163
684.108582,       88.4798049927
684.447754,       88.4488754272
684.786987,       88.4972839355
685.126160,       88.4596252441
685.465210,       88.3366851807
685.804382,       88.3206634521
686.143311,       88.2522659302
686.482361,       88.2110290527
686.821289,       88.0831375122
687.160156,       88.0725784302
687.499023,       87.9652328491
687.837769,       87.8333969116
688.176514,       87.6715698242
688.515259,       87.6997985840
688.853882,       88.3757324219
689.192566,       91.0420455933
689.531067,       90.9672698975
689.869629,       90.7812500000
690.208130,       90.6560211182
690.546570,       90.5390090942
690.885010,       90.3051300049
691.223267,       90.1513442993
691.561584,       89.9584350586
691.899841,       89.6045227051
692.238037,       89.4142837524
692.576294,       89.2136535645
692.914307,       88.9558258057
693.252380,       88.7108001709
693.590454,       88.4105682373
693.928406,       88.1170883179
694.266357,       87.7305297852
694.604187,       87.4475326538
694.942078,       87.2239913940
695.279907,       86.9181289673
695.617615,       86.3137664795
695.955444,       86.0322647095
696.292969,       85.6759185791
696.630676,       85.2039031982
696.968201,       84.9024505615
697.305725,       84.2895202637
697.643250,       83.9705352783
697.980652,       83.6683731079
698.318054,       83.2722473145
698.655396,       82.7858123779
698.992676,       82.4483032227
699.330017,       81.9612121582
699.667175,       81.5136337280
700.004395,       81.0647277832
700.341492,       80.6004562378
700.678528,       80.1626815796
701.015564,       79.4855194092
701.352478,       79.0861587524
701.689514,       78.5339202881
702.026428,       77.8929672241
702.363220,       77.3830108643
702.700073,       77.0780944824
703.036804,       76.5412673950
703.373474,       75.9817962646
703.710144,       75.4867095947
704.046814,       74.7850418091
704.383362,       74.5350189209
704.719910,       73.8656311035
705.056335,       73.3618927002
705.392761,       72.8258056641
705.729187,       72.3535995483
706.065552,       71.8300781250
706.401855,       71.3586654663
706.738098,       70.7878875732
707.074280,       70.2732543945
707.410461,       69.6880035400
707.746643,       69.1183776855
708.082642,       68.7847747803
708.418701,       68.1852569580
708.754639,       67.7355422974
709.090576,       67.4483032227
709.426514,       66.9636077881
709.762329,       66.3215637207
710.098083,       65.6901550293
710.433838,       64.9601745605
710.769592,       64.4162445068
711.105286,       64.0998306274
711.440796,       63.5066299438
711.776367,       63.1506805420
712.112000,       62.6239128113
712.447388,       62.0558319092
712.782837,       61.4891853333
713.118225,       61.0079193115
713.453552,       60.5003471375
713.788818,       60.0711669922
714.124023,       59.5536956787
714.459290,       59.0482101440
714.794434,       58.5680770874
715.129517,       58.0202102661
715.464661,       57.4580688477
715.799622,       56.9311904907
716.134583,       56.2318649292
716.469482,       55.6476593018
716.804321,       55.2118911743
717.139221,       54.7636871338
717.473938,       54.4989700317
717.808777,       54.0050163269
718.143433,       53.4308509827
718.478088,       52.9608840942
718.812683,       52.4836044312
719.147217,       51.9844589233
719.481750,       51.5224304199
719.816223,       51.0289802551
720.150574,       50.3889846802
720.485046,       49.8895416260
720.819214,       49.2585067749
721.153564,       48.6759719849
721.487854,       48.1331710815
721.821960,       47.6213226318
722.156189,       46.9037094116
722.490234,       46.5073585510
722.824341,       46.0111389160
723.158264,       45.5217361450
723.492249,       44.9857749939
723.826172,       44.5409126282
724.159973,       44.0773811340
724.493835,       43.6515655518
724.827576,       42.7294921875
725.161316,       42.1670074463
725.494995,       41.6747474670
725.828613,       41.1384658813
726.162231,       40.6666679382
726.495728,       40.1153907776
726.829163,       39.6757621765
727.162720,       39.3522872925
727.496033,       38.8756561279
727.829468,       38.4766311646
728.162720,       38.0389633179
728.496033,       37.5976562500
728.829224,       37.2089309692
729.162354,       37.0912971497
729.495483,       36.6798400879
729.828552,       36.2440490723
730.161560,       35.9185333252
730.494629,       35.6474380493
730.827454,       35.2897949219
731.160400,       34.8824920654
731.493225,       34.4151840210
731.825989,       34.4457702637
732.158813,       34.1225662231
732.491455,       33.7147903442
732.824158,       33.3737640381
733.156799,       32.9599990845
733.489319,       32.4371643066
733.821899,       32.0121612549
734.154236,       31.6745605469
734.486755,       31.2346572876
734.819092,       30.8801727295
735.151428,       30.6062164307
735.483765,       30.3674545288
735.815857,       30.0985946655
736.148132,       29.7819976807
736.480286,       29.4742660522
736.812378,       29.1443786621
737.144470,       28.8666305542
737.476379,       28.4394073486
737.808411,       28.0717163086
738.140259,       27.7624511719
738.472168,       27.5306854248
738.804016,       27.2991790771
739.135742,       27.0790863037
739.467468,       26.8177947998
739.799133,       26.5359344482
740.130798,       26.3322219849
740.462402,       26.1860046387
740.793884,       25.7908630371
741.125366,       25.4588699341
741.456848,       25.2896881104
741.788208,       25.0181121826
742.119568,       24.7471923828
742.450928,       24.5301055908
742.782166,       24.2915954590
743.113281,       23.9900054932
743.444458,       23.7214508057
743.775635,       23.5759811401
744.106689,       23.3812332153
744.437683,       23.2903900146
744.768677,       23.0665893555
745.099609,       22.9211578369
745.430481,       22.7170181274
745.761353,       22.4118576050
746.092102,       22.1964721680
746.422852,       21.9243621826
746.753479,       21.8088226318
747.084229,       21.6449890137
747.414795,       21.6565551758
747.745300,       21.6399230957
748.075806,       21.5400390625
748.406311,       21.4526062012
748.736694,       21.3381347656
749.067078,       21.1882476807
749.397400,       20.9921264648
749.727722,       20.8105010986
750.057861,       20.6412048340
750.388062,       20.5621337891
750.718201,       20.3728332520
751.048279,       20.1647109985
751.378357,       20.0659408569
751.708252,       20.0344696045
752.038208,       19.7425460815
752.368164,       19.6101989746
752.697937,       19.6631546021
753.027832,       19.6133270264
753.357483,       19.5318222046
753.687256,       19.4017944336
754.016907,       19.1631851196
754.346497,       19.0110931396
754.676147,       19.0498199463
755.005493,       18.9727325439
755.335083,       18.9389648438
755.664490,       18.6949615479
755.993835,       18.5498657227
756.323181,       18.3767318726
756.652405,       18.3006744385
756.981689,       18.3392028809
757.310852,       18.2417755127
757.640015,       18.1044387817
757.969177,       18.0704803467
758.298096,       18.0227355957
758.627197,       17.8952026367
758.956116,       17.8419570923
759.284973,       17.8417129517
759.613892,       17.7480545044
759.942627,       17.6431579590
760.271423,       17.7010269165
760.600159,       17.6310119629
760.928772,       17.6379394531
761.257446,       17.6931457520
761.585999,       17.5051269531
761.914490,       17.3446350098
762.242981,       17.2400512695
762.571350,       17.3856887817
762.899841,       17.1003570557
763.228088,       17.1971893311
763.556396,       17.1234664917
763.884644,       17.1131896973
764.212830,       17.1178894043
764.541016,       17.0408782959
764.869080,       17.0333175659
765.197144,       16.9013137817
765.525146,       16.9167785645
765.853088,       17.0587158203
766.181030,       16.8786087036
766.508789,       16.9450759888
766.836670,       16.9396438599
767.164429,       16.7699279785
767.492126,       16.7688751221
767.819824,       16.8340072632
768.147400,       16.5383300781
768.475037,       16.5247802734
768.802490,       16.4036865234
769.130005,       16.0817871094
769.457458,       16.1195526123
769.784790,       16.4912185669
770.112183,       16.4266433716
770.439453,       16.4064483643
770.766663,       16.2580108643
771.093872,       16.1855850220
771.420959,       16.3209304810
771.748108,       16.2544708252
772.075195,       16.1219024658
772.402161,       15.8998260498
772.729126,       15.8213806152
773.055969,       15.8768920898
773.382874,       15.6637191772
773.709717,       15.6632690430
774.036438,       15.7496948242
774.363159,       15.6610260010
774.689758,       15.4286499023
775.016479,       15.5352783203
775.343018,       15.5851974487
775.669495,       15.7375183105
775.996033,       15.9963989258
776.322449,       15.8163223267
776.648865,       15.7146301270
776.975098,       15.5530166626
777.301453,       15.5092468262
777.627686,       15.4760589600
777.953857,       15.3737258911
778.280029,       15.2954254150
778.606079,       15.0503845215
778.932068,       15.1641387939
779.258179,       15.2239990234
779.584045,       15.2241516113
779.909973,       15.2105712891
780.235840,       15.2916488647
780.561646,       15.2328796387
780.887390,       15.1775360107
781.213135,       15.1972885132
781.538757,       15.2799835205
781.864380,       15.2293701172
782.189880,       15.0550537109
782.515442,       15.0542755127
782.840942,       14.9279861450
783.166321,       15.0213699341
783.491699,       15.0018310547
783.817017,       15.2030181885
784.142395,       15.1743164063
784.467529,       15.0858459473
784.792725,       15.1685943604
785.117859,       15.1153411865
785.442932,       15.2982482910
785.768005,       15.2188262939
786.092957,       15.2881164551
786.417908,       15.2757873535
786.742798,       15.2980041504
787.067566,       15.1470336914
787.392456,       15.1389617920
787.717163,       15.0804901123
788.041870,       14.9480438232
788.366577,       14.9265060425
788.691101,       15.0389022827
789.015686,       15.0026397705
789.340149,       14.8427581787
789.664673,       14.8670196533
789.989075,       14.8814392090
790.313354,       14.6967315674
790.637756,       14.4231872559
790.962036,       14.3502197266
791.286194,       14.4872894287
791.610413,       14.3789978027
791.934448,       14.3122253418
792.258606,       14.2381896973
792.582581,       14.0516357422
792.906555,       13.9561386108
793.230530,       13.9801254272
793.554321,       13.8549499512
793.878174,       13.9272918701
794.201965,       13.9785919189
794.525696,       13.9104766846
794.849426,       14.0314254761
795.172974,       14.0325698853
795.496643,       13.9031219482
795.820129,       13.9154434204
796.143616,       13.8816223145
796.467102,       13.8321685791
796.790405,       13.7494277954
797.113831,       13.9010925293
797.437134,       13.9882583618
797.760315,       13.9045562744
798.083618,       13.8959884644
798.406677,       13.8272247314
798.729797,       13.5132675171
799.052856,       13.5559234619
799.375854,       13.6698913574
799.698853,       13.6060180664
800.021729,       13.2793273926
800.344604,       13.3156585693
800.667358,       13.2561340332
800.990112,       13.0713653564
801.312866,       13.1508178711
801.635498,       12.9489135742
801.958191,       12.9474563599
802.280701,       13.0306243896
802.603210,       13.1072387695
802.925781,       13.1806488037
803.248108,       13.1879959106
803.570496,       13.1835403442
803.892822,       13.1313247681
804.215088,       12.9780273438
804.537354,       13.0011444092
804.859436,       12.9397811890
805.181641,       12.9699478149
805.503723,       13.2143707275
805.825745,       13.0333557129
806.147766,       13.0103073120
806.469604,       13.0180282593
806.791504,       13.1212463379
807.113342,       13.0189361572
807.435181,       13.0339202881
807.756897,       13.0340423584
808.078552,       12.9077911377
808.400208,       12.9438934326
808.721802,       12.8793792725
809.043335,       12.8125305176
809.364929,       12.6715850830
809.686279,       12.6222305298
810.007751,       12.6161575317
810.329041,       12.6178894043
810.650330,       12.6411895752
810.971619,       12.7710723877
811.292786,       12.8818359375
811.613953,       12.8466567993
811.935059,       12.8751678467
812.256104,       12.9441452026
812.577148,       13.0497131348
812.898071,       13.0186920166
813.218994,       13.1455612183
813.539795,       13.2134399414
813.860596,       13.2824401855
814.181396,       13.2673034668
814.502136,       13.3119125366
814.822754,       13.3192749023
815.143372,       13.3341674805
815.463928,       13.3335952759
815.784485,       13.2389450073
816.104919,       13.3158569336
816.425354,       13.3453216553
816.745728,       13.2807540894
817.065979,       13.2023315430
817.386353,       13.2177276611
817.706421,       13.1208419800
818.026733,       12.9566116333
818.346863,       12.6319427490
818.666809,       12.5131225586
818.986938,       12.3579254150
819.306824,       12.4507293701
819.626770,       12.3793945313
819.946716,       12.1970062256
820.266479,       12.1822357178
820.586304,       12.2051849365
820.905945,       12.1314697266
821.225647,       12.0374908447
821.545349,       11.8940124512
821.864868,       11.8844223022
822.184448,       11.7335739136
822.503845,       11.7390899658
822.823364,       11.7037811279
823.142761,       11.6630172729
823.462036,       11.6334686279
823.781372,       11.7321701050
824.100525,       11.6062698364
824.419800,       10.9401931763
824.738953,       10.9528961182
825.057922,       11.1835632324
825.377014,       11.1520233154
825.695984,       11.1697006226
826.014954,       11.0734558105
826.333862,       11.2028350830
826.652649,       11.2455825806
826.971497,       11.2346954346
827.290100,       11.0970382690
827.608887,       10.9565734863
827.927612,       10.8870925903
828.246094,       11.0813446045
828.564697,       11.1413116455
828.883118,       11.2062683105
829.201599,       11.1803894043
829.520020,       11.0321426392
829.838318,       11.0322113037
830.156616,       11.1152267456
830.474854,       10.9955978394
830.793091,       10.9483032227
831.111267,       11.6377258301
831.429260,       11.7290725708
831.747437,       11.7971343994
832.065308,       11.8560638428
832.383362,       11.7814941406
832.701233,       11.6862182617
833.019043,       11.6678161621
833.336914,       11.6530914307
833.654663,       11.6404266357
833.972351,       11.7080841064
834.289978,       11.5110321045
834.607483,       11.4832153320
834.925171,       11.4498291016
835.242676,       11.4096832275
835.560059,       11.4252319336
835.877502,       11.4187927246
836.194763,       11.5835418701
836.512146,       11.5994110107
836.829468,       11.4281311035
837.146545,       11.4221038818
837.463745,       11.6184997559
837.780823,       11.5907287598
838.097900,       11.5898590088
838.414917,       11.2829513550
838.731873,       11.2164077759
839.048828,       11.3098144531
839.365540,       11.3624877930
839.682434,       11.2964706421
839.999207,       11.2423934937
840.315857,       11.1180725098
840.632568,       10.9863128662
840.949097,       11.3547592163
841.265747,       11.3952636719
841.582275,       11.2228393555
841.898682,       11.0214920044
842.215088,       10.9898376465
842.531433,       10.9734649658
842.847778,       10.9488983154
843.164063,       10.8625793457
843.480164,       10.8017578125
843.796387,       10.7577819824
844.112427,       10.4901657104
844.428528,       10.3554992676
844.744568,       10.1383514404
845.060486,       10.2431182861
845.376404,       10.2632293701
845.692200,       10.3352355957
846.008057,       10.3054885864
846.323853,       10.2380218506
846.639465,       10.2071762085
846.955139,       10.3393249512
847.270691,       10.4458618164
847.586304,       10.2625427246
847.901855,       10.2234725952
848.217224,       10.2928314209
848.532715,       10.4283752441
848.847961,       10.1749343872
849.163330,       10.2674560547
849.478638,       10.2450714111
849.793823,       10.1408081055
850.108948,       10.2115020752
850.424011,       10.0435638428
850.739136,       10.2227020264
851.054199,       10.4766845703
851.369019,       10.6760177612
851.684021,       10.8623657227
851.998779,       10.6938476563
852.313660,       10.6379852295
852.628418,       10.5354309082
852.943054,       10.4769134521
853.257751,       10.4316864014
853.572327,       10.3752288818
853.886841,       10.3453063965
854.201477,       10.3699874878
854.515808,       10.3635330200
854.830261,       10.3027420044
855.144592,       10.1921081543
855.458862,       10.5421905518
855.773193,       10.4535675049
856.087280,       10.3357162476
856.401489,       10.3597869873
856.715515,       10.3287506104
857.029602,       10.3825454712
857.343628,       10.4123840332
857.657532,       10.3959655762
857.971497,       10.3861312866
858.285278,       10.2984619141
858.599121,       10.4597854614
858.912903,       10.4944610596
859.226501,       10.5218505859
859.540222,       10.4956359863
859.853699,       10.4235382080
860.167297,       10.3575439453
860.480896,       10.2894439697
860.794250,       10.2978439331
861.107666,       10.2950363159
861.420959,       10.3584442139
861.734314,       10.4094848633
862.047546,       10.3229370117
862.360657,       10.2174835205
862.673889,       10.2009353638
862.986938,       10.3108825684
863.299988,       10.2285003662
863.613037,        9.9285278320
863.925903,        9.8233489990
864.238831,        9.5322265625
864.551575,        9.5040740967
864.864380,        9.5028381348
865.177185,        9.5897293091
865.489807,        9.4510650635
865.802490,        9.5082092285
866.114990,        9.4317169189
866.427612,        9.4744262695
866.740112,        9.4193496704
867.052429,        9.4406814575
867.364868,        9.5109329224
867.677124,        9.5389251709
867.989502,        9.4122543335
868.301758,        9.4329833984
868.613831,        9.4864730835
868.926025,        9.6115493774
869.238159,        9.6356277466
869.550049,        9.6058959961
869.862122,        9.5465393066
870.173950,        9.9386825562
870.485901,        9.9405899048
870.797791,       10.0737304688
871.109497,        9.8928222656
871.421204,       10.0166778564
871.732849,        9.8435363770
872.044495,        9.8039474487
872.356079,        9.8812255859
872.667542,       10.0351867676
872.979065,       10.1612701416
873.290344,       10.2314300537
873.601807,       10.2044830322
873.913147,        9.9005126953
874.224304,        9.8881988525
874.535645,       10.1097106934
874.846741,       10.0057830811
875.157837,        9.8479614258
875.468994,        9.5112152100
875.779907,        9.6476669312
876.090881,        9.5916900635
876.401733,        9.5195922852
876.712646,        9.4383544922
877.023499,        9.5278244019
877.334167,        9.6302566528
877.644897,        9.7119750977
877.955505,        9.6510009766
878.266113,        9.7472763062
878.576721,        9.8616256714
878.887146,        9.7027282715
879.197571,        9.6722564697
879.507996,        9.6000823975
879.818298,        9.5630950928
880.128662,        9.3197631836
880.438843,        9.5188140869
880.749084,        9.3560791016
881.059143,        8.6980667114
881.369263,        8.7037582397
881.679382,        8.8778228760
881.989258,        9.0762939453
882.299194,        8.8672332764
882.609070,        8.7993698120
882.918945,        9.0512695313
883.228760,        9.1312561035
883.538452,        9.0337371826
883.848145,        8.7990417480
884.157654,        8.7621612549
884.467285,        8.6670532227
884.776917,        8.5864410400
885.086243,        8.3609695435
885.395813,        8.3663024902
885.705017,        8.4915771484
886.014404,        8.4762420654
886.323730,        8.4538269043
886.632874,        8.6375122070
886.942078,        8.5793457031
887.251160,        8.6866912842
887.560242,        9.3095245361
887.869263,        9.3643035889
888.178162,        9.0359497070
888.487122,        8.2377471924
888.795898,        8.2995147705
889.104797,        8.2904357910
889.413513,        8.3109436035
889.722168,        8.2733612061
890.030884,        8.2638702393
890.339417,        8.3974304199
890.648010,        8.4642486572
890.956543,        8.3740463257
891.264893,        8.4315567017
891.573364,        8.6823120117
891.881653,        8.7030792236
892.189941,        8.5278854370
892.498230,        8.4285888672
892.806335,        8.3900299072
893.114502,        8.3224029541
893.422546,        8.3236694336
893.730652,        8.1991195679
894.038696,        7.9352264404
894.346497,        7.8569488525
894.654419,        7.8740615845
894.962158,        8.7526855469
895.270020,        8.8097991943
895.577759,        8.8296051025
895.885376,        8.6048965454
896.192993,        8.6499328613
896.500549,        8.3989715576
896.808044,        8.4461593628
897.115601,        8.2141189575
897.422913,        8.1802215576
897.730347,        8.0981597900
898.037598,        7.8853607178
898.344910,        7.7471008301
898.652161,        7.9289245605
898.959167,        7.9941711426
899.266418,        7.8504333496
899.573364,        7.9320373535
899.880371,        8.0253677368
900.187378,        8.1998596191
900.494202,        8.4127807617
900.801086,        8.5197296143
901.107788,        8.7063751221
901.414612,        8.7705688477
901.721375,        8.7958526611
902.027832,        8.7410049438
902.334534,        8.9485168457
902.641113,        8.9042358398
902.947510,        9.1130218506
903.253967,        8.9289245605
903.560242,        9.1300659180
903.866638,        9.2689132690
904.172974,        9.3437728882
904.479126,        9.4498977661
904.785278,        9.5972442627
905.091370,        9.4906158447
905.397461,        9.5062713623
905.703552,        9.4480743408
906.009399,        9.3055419922
906.315369,        9.0275726318
906.621155,        8.9589309692
906.927002,        8.9462966919
907.232788,        8.9051208496
907.538452,        8.8477020264
907.844116,        8.7523651123
908.149658,        8.6553497314
908.455200,        8.8327484131
908.760803,        8.7427673340
909.066162,        8.6287994385
909.371582,        8.5586013794
909.676880,        8.6926727295
909.982178,        8.6848449707
910.287476,        8.7131042480
910.592529,        8.5606460571
910.897705,        7.7902526855
911.202759,        7.7179870605
911.507813,        7.6824645996
911.812805,        7.6346588135
912.117676,        7.9519500732
912.422546,        7.9667358398
912.727356,        8.1265716553
913.032104,        8.1964416504
913.336853,        8.2160949707
913.641479,        8.0154647827
913.946106,        8.2553787231
914.250610,        7.9825973511
914.555115,        7.9227066040
914.859619,        7.7218780518
915.163940,        7.7797393799
915.468323,        7.9172668457
915.772583,        8.0078430176
916.076843,        8.0281829834
916.381104,        8.0797119141
916.685120,        8.1955718994
916.989258,        8.2503967285
917.293213,        9.1268310547
917.597290,        8.7156982422
917.901184,        8.4596252441
918.205017,        8.3845520020
918.508850,        8.2434082031
918.812561,        8.3868560791
919.116333,        8.4801712036
919.420044,        8.4473419189
919.723572,        7.8208770752
920.027222,        7.9223785400
920.330627,        7.7160644531
920.634094,        8.0219116211
920.937561,        8.3706054688
921.240784,        8.3293838501
921.544189,        8.2615509033
921.847351,        8.2517471313
922.150574,        7.8533782959
922.453735,        7.8506469727
922.756775,        7.6178131104
923.059875,        7.3572845459
923.362793,        7.3016738892
923.665771,        7.0583953857
923.968689,        7.5714263916
924.271362,        7.8560180664
924.574219,        7.8498840332
924.876892,        8.0665283203
925.179565,        7.6747512817
925.482239,        7.6980133057
925.784729,        7.4482421875
926.087280,        7.7641754150
926.389648,        7.7683029175
926.692078,        8.0049438477
926.994507,        8.0045242310
927.296692,        7.9025878906
927.599060,        7.7116394043
927.901123,        7.7807998657
928.203308,        7.7487792969
928.505432,        8.0222778320
928.807434,        7.9662475586
929.109436,        8.0784912109
929.411316,        8.1040496826
929.713196,        8.2798919678
930.015015,        8.4099044800
930.316711,        8.3412628174
930.618530,        8.5051727295
930.920105,        8.6594696045
931.221802,        8.1546478271
931.523315,        8.7170944214
931.824829,        8.8436431885
932.126282,        8.8731384277
932.427612,        9.2993164063
932.729004,        9.4033813477
933.030334,        9.2836456299
933.331482,        9.0866088867
933.632751,        8.8761291504
933.933777,        9.2462158203
934.234924,        9.1604461670
934.536011,        9.1867675781
934.836914,        9.0849456787
935.137878,        9.0714797974
935.438660,        8.6324386597
935.739502,        8.6756439209
936.040344,        8.6121444702
936.340942,        8.8013000488
936.641663,        8.8477096558
936.942383,        8.6624450684
937.242798,        8.5029983521
937.543335,        8.9447860718
937.843750,        8.7915039063
938.144165,        8.7277679443
938.444580,        8.6717910767
938.744751,        8.6883239746
939.045044,        8.7125854492
939.345154,        8.5416336060
939.645325,        8.4935760498
939.945435,        8.3071212769
940.245361,        8.2578735352
940.545410,        8.2536773682
940.845215,        8.1842651367
941.145142,        8.2598419189
941.445007,        8.1940765381
941.744629,        8.6855773926
942.044434,        8.6260070801
942.343994,        8.5036926270
942.643677,        8.2801055908
942.943237,        8.2014617920
943.242676,        7.9789581299
943.542114,        7.8635635376
943.841431,        7.7815399170
944.140808,        7.9864349365
944.440125,        7.8693237305
944.739258,        7.7705841064
945.038513,        7.7372055054
945.337524,        7.4823913574
945.636597,        7.4976348877
945.935669,        7.6720428467
946.234558,        8.1057739258
946.533508,        8.1066207886
946.832275,        7.8226699829
947.131165,        7.7984313965
947.429932,        8.0122222900
947.728516,        8.5243988037
948.027222,        8.6633453369
948.325745,        7.0347900391
948.624329,        6.7033538818
948.922852,        6.9398345947
949.221191,        6.9779129028
949.519592,        6.6152496338
949.817810,        6.8796539307
950.116150,        6.6032485962
950.414368,        6.3989791870
950.712463,        6.4875640869
951.010620,        6.9915313721
951.308594,        6.9413604736
951.606628,        7.2528839111
951.904602,        6.8417358398
952.202454,        6.8417053223
952.500305,        5.4597396851
952.798035,        5.0701293945
953.095825,        5.0392150879
953.393494,        5.1824493408
953.691040,        4.8640136719
953.988647,        3.8207168579
954.286133,        3.7384414673
954.583618,        5.5029754639
954.881042,        6.1277160645
955.178345,        5.9676666260
955.475647,        5.6461029053
955.772827,        6.0075073242
956.070068,        6.2359008789
956.367310,        6.4386901855
956.664307,        6.6674957275
956.961365,        6.2094802856
957.258240,        5.8627624512
957.555176,        5.2849121094
957.852112,        4.6419067383
958.148865,        4.8382110596
958.445679,        5.1593856812
958.742310,        6.5087738037
959.039001,        7.0886077881
959.335632,        7.2990112305
959.632141,        6.8437271118
959.928650,        7.1457061768
960.224976,        8.0316162109
960.521484,        7.3797531128
960.817871,        7.5323257446
961.114014,        7.3204040527
961.410339,        7.4297485352
961.706421,        7.7674789429
962.002563,        8.1550445557
962.298645,        7.7665252686
962.594604,        7.4431457520
962.890564,        6.9237442017
963.186401,        4.3112564087
963.482300,        3.6992034912
963.778137,        4.3028717041
964.073792,        5.4259948730
964.369568,        5.8403472900
964.665100,        5.7634124756
964.960693,        5.1715774536
965.256287,        4.1099929810
965.551697,        4.4516830444
965.847168,        5.2195053101
966.142395,        5.1879348755
966.437744,        4.9175109863
966.733032,        5.6310348511
967.028198,        5.6528778076
967.323364,        5.4579772949
967.618408,        5.3944778442
967.913513,        4.5572738647
968.208496,        3.7187957764
968.503357,        4.0850372314
968.798279,        4.0277481079
969.093018,        4.1226654053
969.387817,        7.9101104736
969.682556,        8.9354858398
969.977173,        9.1418609619
970.271790,        7.9087066650
970.566406,        7.1961364746
970.860779,        7.2021331787
971.155334,        7.5149993896
971.449646,        8.8431549072
971.743958,        8.5176544189
972.038330,        7.4006500244
972.332458,        7.3655090332
972.626648,        7.1673202515
972.920715,        7.2462310791
973.214844,        6.6957931519
973.508911,        7.2578277588
973.802734,        6.6862640381
974.096741,        6.7996444702
974.390442,        7.6118087769
974.684265,        7.1572036743
974.978088,        7.8519210815
975.271667,        7.5946197510
975.565369,        7.2341461182
975.858826,        6.5209274292
976.152405,        5.6975708008
976.445923,        6.4098663330
976.739258,        7.2276153564
977.032654,        6.9258270264
977.325867,        6.8959884644
977.619202,        6.1466217041
977.912415,        5.4391860962
978.205505,        6.2458496094
978.498596,        5.8488006592
978.791504,        5.9019012451
979.084534,        5.3366851807
979.377563,        5.8034133911
979.670288,        5.5027389526
979.963196,        6.1976623535
980.255859,        6.3444900513
980.548584,        6.4364624023
980.841309,        3.8205261230
981.133850,        3.3018188477
981.426392,        3.0032348633
981.718811,        3.2876586914
982.011292,        4.6643829346
982.303650,        4.9035186768
982.595886,        5.0451354980
982.888245,        4.1857604980
983.180359,        4.3290863037
983.472595,        3.9821014404
983.764709,        4.9175949097
984.056641,        5.8253173828
984.348755,        5.4342269897
984.640625,        5.5717926025
984.932495,        5.5937347412
985.224365,        6.0248718262
985.516052,        5.8314208984
985.807861,        5.5345687866
986.099426,        3.9749450684
986.391052,        4.6002502441
986.682678,        4.0233764648
986.974121,        7.0354919434
987.265625,        7.5541534424
987.556885,        7.7402954102
987.848328,        7.5376434326
988.139648,        6.0477828979
988.430786,        5.6789703369
988.721985,        4.6281127930
989.013000,        5.2844543457
989.304138,        4.4484710693
989.595215,        3.3033218384
989.886047,        2.1775665283
990.177002,        0.0756835938
990.467834,        0.4170684814
990.758606,        0.5247268677
991.049377,        0.5561752319
991.339966,       -1.9233932495
991.630676,       -2.1759872437
991.921143,       -2.1088409424
992.211670,       -2.5356445313
992.502197,       -2.6841583252
992.792542,       -2.6489257813
993.082886,       -1.6180191040
993.373169,       -1.8480148315
993.663452,       -1.5527191162
993.953613,       -1.8499908447
994.243713,       -0.6778869629
994.533813,        0.3031997681
994.823792,        0.4437484741
995.113770,        0.7071533203
995.403687,        1.0478057861
995.693481,        2.3513488770
995.983337,        3.1213684082
996.273010,        5.1490173340
996.562744,        5.0706176758
996.852417,        3.5636978149
997.141907,        4.1052856445
997.431458,        6.8221130371
997.720886,        7.2978897095
998.010315,        7.3252792358
998.299744,       10.5054931641
998.588928,       11.6406860352
998.878296,       11.7210540771
999.167419,       11.1830749512
999.456543,        9.5715026855
999.745667,        9.8998336792
1000.034607,       10.3414688110
1000.323669,        9.7028808594
1000.612488,        8.3125610352
1000.901367,        9.4926147461
1001.190247,        9.8094329834
1001.478882,       10.0910568237
1001.767639,        9.4426116943
1002.056335,       10.2783584595
1002.344849,       10.4169158936
1002.633423,       10.1880340576
1002.921814,       12.0720214844
1003.210266,       12.4232330322
1003.498657,       11.6826934814
1003.786926,       11.5795288086
1004.075256,       11.5908355713
1004.363342,       10.7673339844
1004.651489,       10.2944183350
1004.939697,       10.2093963623
1005.227600,        8.6884994507
1005.515686,        9.5084991455
1005.803467,        8.9936065674
1006.091370,        9.3383483887
1006.379272,        9.4615325928
1006.666870,       10.9202423096
1006.954712,       11.7136077881
1007.242188,       11.0139770508
1007.529907,        9.6033630371
1007.817444,       11.5281600952
1008.104858,        8.9907608032
1008.392334,        9.5261840820
1008.679565,        8.1684722900
1008.966980,        7.2451324463
1009.254272,        6.1677398682
1009.541382,        7.0228805542
1009.828613,        7.5143203735
1010.115601,        8.1459503174
1010.402649,        8.4907684326
1010.689697,        8.4499969482
1010.976563,        8.5310058594
1011.263489,        7.8547439575
1011.550171,        8.8381042480
1011.837036,        8.8982315063
1012.123657,        8.5318908691
1012.410278,        7.9792327881
1012.696899,        6.2362594604
1012.983337,        5.3063354492
1013.269897,        5.4573287964
1013.556396,        7.5776062012
1013.842651,        7.3480834961
1014.129028,        7.6535873413
1014.415161,        7.3437347412
1014.701477,        8.3550643921
1014.987671,        5.5457077026
1015.273560,        5.7219696045
1015.559692,        4.9460754395
1015.845581,        5.2090301514
1016.131592,        3.5518264771
1016.417542,        1.4077148438
1016.703247,       -0.0418853760
1016.989014,       -0.1127319336
1017.274658,        0.0843276978
1017.560303,       -2.4225616455
1017.845947,       -1.4786224365
1018.131409,       -2.8606719971
1018.416870,       -2.4886779785
1018.702271,       -1.4803619385
1018.987671,       -2.5045623779
1019.272949,       -4.9043197632
1019.558228,       -8.2339553833
1019.843445,       -9.4002532959
1020.128540,       -8.2532501221
1020.413574,       -8.8448486328
1020.698608,       -8.3141708374
1020.983521,       -3.8417816162
1021.268555,       -7.7797164917
1021.553284,      -10.0718994141
1021.838135,      -12.2880859375
1022.122925,      -13.0494995117
1022.407593,      -41.5236511230
1022.692261,       -0.3690490723
1022.976807,       15.0313262939
1023.261292,        2.0657653809
1023.545837,       26.4947586060
1023.830200,       18.1471252441
1024.114624,      -57.4694519043
1024.398804,      -42.9673461914
1024.683105,       -7.2304687500
1024.967285,      -21.1881561279
