340.270844,      100.0000000000
340.648560,      100.0000000000
341.026306,     -714.4899902344
341.403961,    -1067.4404296875
341.781616,    -1201.8442382813
342.159210,     -688.0447387695
342.536743,       48.5267028809
342.914307,      -68.4065856934
343.291779,       22.2835006714
343.669250,      100.0000000000
344.046661,       50.8209838867
344.424042,       56.0476570129
344.801422,       56.3443908691
345.178711,       39.3581771851
345.556000,       26.1428222656
345.933258,        8.8504104614
346.310486,       -3.6599578857
346.687622,       -8.5315628052
347.064758,      -15.2189788818
347.441895,      -13.3802795410
347.818939,      -13.0157470703
348.195953,      -10.7899856567
348.572937,       -8.5885925293
348.949890,      -16.6331100464
349.326843,      -19.8705444336
349.703735,      -20.4634094238
350.080597,      -22.1045227051
350.457397,      -22.7604522705
350.834198,      -16.6109848022
351.210968,      -14.0106506348
351.587646,      -15.6083221436
351.964325,      -16.0848999023
352.340942,      -16.4825439453
352.717560,      -23.7984161377
353.094147,      -24.7900695801
353.470673,      -24.5030364990
353.847168,      -21.6156845093
354.223602,      -22.0975036621
354.600037,      -22.4058685303
354.976440,      -14.8421783447
355.352783,      -20.4170455933
355.729126,      -25.1400909424
356.105408,      -26.7204437256
356.481628,      -59.2345581055
356.857849,      -58.3451538086
357.234009,      -57.5467834473
357.610168,      -59.6307067871
357.986267,      -54.9485168457
358.362366,      -53.0255126953
358.738373,      -52.6629486084
359.114349,      -53.2856903076
359.490326,      -51.9880676270
359.866241,      -47.5567321777
360.242157,      -49.9068756104
360.617981,      -44.1555328369
360.993805,      -42.4798889160
361.369568,      -42.5566253662
361.745331,      -42.6476745605
362.121033,      -44.3131103516
362.496704,      -42.8051605225
362.872314,      -40.1168518066
363.247925,      -38.0984954834
363.623505,      -30.1446685791
363.999023,      -22.2959899902
364.374542,       13.4848480225
364.750000,       15.6734161377
365.125397,       16.8473815918
365.500763,       19.2344055176
365.876160,       14.5597686768
366.251434,       12.3531036377
366.626740,       12.2426452637
367.001953,       12.3657226563
367.377136,       12.4773635864
367.752350,        8.5274505615
368.127472,        5.3053283691
368.502594,       10.2154998779
368.877625,       14.6888275146
369.252625,       16.0422668457
369.627625,       16.7815246582
370.002563,       25.6138229370
370.377502,       20.1797714233
370.752380,       21.9440078735
371.127228,       15.5838851929
371.502014,       14.2680969238
371.876770,        7.8992614746
372.251526,       10.4483489990
372.626221,       12.7926406860
373.000885,       11.9324035645
373.375488,       10.1355361938
373.750092,       14.4258270264
374.124664,       15.7833633423
374.499146,       10.5240173340
374.873627,        7.7240753174
375.248108,        6.5586013794
375.622467,        0.7334136963
375.996887,       -2.1737518311
376.371185,       -5.3415069580
376.745483,       -8.1595382690
377.119751,       -9.2720947266
377.493958,      -11.1915435791
377.868195,      -12.6336975098
378.242310,       -5.8797149658
378.616394,      -12.6689071655
378.990540,       -8.9929962158
379.364563,      -14.2319793701
379.738556,      -15.8872909546
380.112518,      -14.4614715576
380.486481,      -14.9929504395
380.860352,      -15.4367141724
381.234192,      -14.4741439819
381.608063,      -10.7319107056
381.981812,       -9.2796478271
382.355591,       -2.3796157837
382.729309,       -1.7582550049
383.102966,        0.9285507202
383.476624,        8.2722396851
383.850220,       12.8069763184
384.223816,       12.0282745361
384.597321,        9.7244567871
384.970856,        8.3981399536
385.344299,       12.2323303223
385.717682,       14.1129837036
386.091125,       10.0384750366
386.464447,       18.3494415283
386.837769,       19.9085998535
387.211029,       23.8647613525
387.584290,       28.3197326660
387.957489,       27.8180999756
388.330627,       28.8106994629
388.703766,       31.7339630127
389.076874,       34.9665679932
389.449921,       27.7004318237
389.822937,       30.2597427368
390.195923,       26.7000350952
390.568878,       25.8911437988
390.941772,       27.7656250000
391.314636,       32.9998092651
391.687500,       34.3996276855
392.060272,       34.9432830811
392.433075,       37.4074668884
392.805756,       42.9516601563
393.178436,       44.1436996460
393.551117,       37.9455795288
393.923737,       42.1176643372
394.296326,       42.7499084473
394.668854,       46.3662109375
395.041321,       43.3212356567
395.413849,       39.2649002075
395.786255,       35.4294662476
396.158630,       34.4783172607
396.531006,       29.8791198730
396.903320,       29.6533355713
397.275604,       31.7116546631
397.647827,       32.4865264893
398.020050,       29.5199584961
398.392212,       32.5846710205
398.764343,       32.9202117920
399.136444,       30.7825775146
399.508514,       24.5108642578
399.880554,       25.9718093872
400.252533,       24.9560852051
400.624512,       19.8929138184
400.996399,       17.7698059082
401.368286,       22.9640655518
401.740112,       25.3303298950
402.111908,       26.0364608765
402.483673,       26.4909591675
402.855408,       27.1250305176
403.227081,       28.8495178223
403.598755,       35.2098922729
403.970367,       36.8573379517
404.341980,       32.8509216309
404.713501,       31.0316772461
405.085022,       29.2333374023
405.456482,       28.3634948730
405.827911,       33.5631866455
406.199310,       36.6770553589
406.570648,       32.1612625122
406.942017,       32.7584075928
407.313263,       39.5768699646
407.684509,       39.9167327881
408.055725,       42.2777252197
408.426880,       43.0849533081
408.798035,       34.5495300293
409.169128,       34.0251846313
409.540161,       27.6849594116
409.911224,       27.8186645508
410.282196,       28.1102981567
410.653137,       29.5279159546
411.024048,       30.3228759766
411.394897,       29.3946762085
411.765747,       29.1997833252
412.136536,       34.9967727661
412.507324,       27.5510559082
412.878052,       29.0142135620
413.248718,       26.5144729614
413.619385,       27.0341186523
413.989990,       25.5548248291
414.360565,       29.1709289551
414.731110,       28.9261932373
415.101563,       28.3462066650
415.472076,       28.3017196655
415.842468,       29.1111297607
416.212891,       19.3707580566
416.583221,       26.8264007568
416.953522,       27.8307037354
417.323792,       33.9218673706
417.694031,       30.8645553589
418.064240,       29.9181060791
418.434418,       28.3148040771
418.804535,       25.8607025146
419.174622,       26.2929229736
419.544678,       28.3234939575
419.914673,       28.6830062866
420.284668,       36.1612815857
420.654572,       37.4812850952
421.024475,       41.4761886597
421.394348,       38.9518890381
421.764191,       39.4489974976
422.133972,       39.1651535034
422.503693,       39.1476058960
422.873444,       39.6382522583
423.243134,       41.2308883667
423.612762,       41.0191497803
423.982330,       55.0636329651
424.351929,       54.6138763428
424.721436,       53.1587142944
425.090942,       53.3829154968
425.460358,       56.4896240234
425.829773,       58.5425949097
426.199158,       61.3444938660
426.568481,       65.0033493042
426.937775,       66.6170196533
427.307037,       65.4749221802
427.676239,       65.9587554932
428.045441,       64.9774627686
428.414581,       65.5773849487
428.783722,       65.0479736328
429.152802,       67.1651153564
429.521790,       64.2996673584
429.890839,       65.0435028076
430.259766,       67.4282989502
430.628693,       65.4166564941
430.997589,       65.1585159302
431.366425,       63.6126594543
431.735229,       61.6973915100
432.104004,       61.6637420654
432.472748,       62.8924751282
432.841431,       63.3932609558
433.210052,       63.6257171631
433.578705,       63.3832244873
433.947266,       63.1454315186
434.315826,       64.2372512817
434.684326,       64.3141632080
435.052765,       64.2557525635
435.421204,       61.2874221802
435.789612,       63.3144149780
436.157959,       64.2148056030
436.526276,       65.3608398438
436.894531,       62.0163574219
437.262756,       66.0781860352
437.630951,       65.7440109253
437.999146,       66.2669219971
438.367249,       67.7141265869
438.735321,       68.1969985962
439.103394,       70.3392944336
439.471405,       70.6814422607
439.839386,       40.4767913818
440.207306,       39.9304504395
440.575195,       36.9209976196
440.943054,       37.6197280884
441.310883,       36.7758598328
441.678680,       35.8675155640
442.046387,       35.4331665039
442.414093,       34.5046157837
442.781799,       34.9685211182
443.149414,       36.4258155823
443.516998,       36.5571975708
443.884552,       35.7853546143
444.252045,       35.6035308838
444.619537,       39.3797569275
444.987000,       38.6492767334
445.354401,       40.0157890320
445.721710,       40.2614784241
446.089081,       41.1261825562
446.456360,       40.7876358032
446.823608,       40.8273086548
447.190826,       41.5225868225
447.557953,       69.3339080811
447.925110,       70.1980361938
448.292175,       73.6826477051
448.659271,       73.2519454956
449.026276,       74.9578857422
449.393250,       76.2303543091
449.760193,       75.5572357178
450.127075,       77.1993408203
450.493958,       78.0408782959
450.860779,       79.9144515991
451.227570,       80.5442047119
451.594330,       81.4884872437
451.960999,       80.7030563354
452.327698,       80.2086639404
452.694336,       80.4173965454
453.060913,       80.7491378784
453.427490,       81.1058425903
453.793976,       81.0002517700
454.160492,       81.9820022583
454.526917,       53.2746887207
454.893311,       53.3689231873
455.259674,       54.5199546814
455.626007,       54.9338760376
455.992310,       54.7473411560
456.358551,       55.6169776917
456.724731,       55.3353042603
457.090912,       55.3272285461
457.457031,       56.3897285461
457.823151,       56.2189941406
458.189209,       56.8773727417
458.555206,       56.7490692139
458.921173,       56.4129638672
459.287109,       56.9452514648
459.653015,       57.2821502686
460.018890,       58.0348167419
460.384705,       58.3627586365
460.750519,       57.0245933533
461.116241,       57.7037658691
461.481964,       58.0344467163
461.847626,       57.8622894287
462.213226,       81.5424728394
462.578827,       81.7859954834
462.944427,       81.8817977905
463.309906,       81.9367523193
463.675385,       82.3448638916
464.040802,       82.6269454956
464.406219,       83.3126373291
464.771606,       84.1221771240
465.136902,       84.0124893188
465.502197,       84.1508407593
465.867462,       83.9206695557
466.232635,       84.3923187256
466.597839,       84.2980651855
466.962921,       84.2675170898
467.328003,       84.4176177979
467.693054,       84.3595352173
468.058075,       84.5429687500
468.423035,       85.8554611206
468.787994,       84.7651138306
469.152863,       84.5852203369
469.517700,       84.5108337402
469.882538,       84.5702590942
470.247314,       85.3401031494
470.612061,       84.1796340942
470.976746,       84.7219848633
471.341431,       84.2499694824
471.706024,       84.1152343750
472.070618,       83.8006591797
472.435181,       83.8712005615
472.799622,       84.0936355591
473.164124,       83.9855194092
473.528534,       84.3405761719
473.892975,       84.1568222046
474.257294,       84.8044891357
474.621582,       85.2721786499
474.985870,       85.6119766235
475.350098,       85.1134719849
475.714325,       85.4999008179
476.078461,       85.8249435425
476.442535,       86.2363891602
476.806641,       86.9469757080
477.170685,       87.3628234863
477.534668,       87.8978881836
477.898621,       87.9723129272
478.262512,       88.3587646484
478.626404,       87.5096435547
478.990265,       88.1208343506
479.354065,       88.3226013184
479.717834,       88.6580200195
480.081512,       88.4516601563
480.445221,       88.3717498779
480.808899,       88.6429290771
481.172485,       88.1852340698
481.536041,       88.3957977295
481.899567,       88.2716140747
482.263062,       88.3079071045
482.626526,       88.1519927979
482.989929,       88.5816650391
483.353271,       88.3785858154
483.716583,       88.2929763794
484.079895,       88.5854339600
484.443146,       88.5660324097
484.806366,       88.7159271240
485.169525,       88.4624404907
485.532654,       88.5393676758
485.895752,       88.9207458496
486.258820,       89.5625762939
486.621857,       89.3531951904
486.984802,       89.1716766357
487.347748,       89.0246276855
487.710663,       89.3068542480
488.073517,       89.7195205688
488.436340,       89.8754730225
488.799072,       90.0969390869
489.161835,       90.2791824341
489.524536,       90.7418289185
489.887238,       90.8136291504
490.249847,       91.1856689453
490.612396,       91.2928695679
490.974915,       91.5472259521
491.337433,       91.8945083618
491.699921,       91.8696441650
492.062347,       91.6653366089
492.424713,       91.5984497070
492.787079,       91.8131256104
493.149353,       91.1681213379
493.511658,       91.3954620361
493.873871,       91.4633712769
494.236053,       91.3587722778
494.598206,       91.3485488892
494.960297,       91.3522109985
495.322388,       91.2727508545
495.684418,       89.5435028076
496.046356,       89.6384277344
496.408325,       89.9766235352
496.770264,       90.0284423828
497.132141,       89.8980789185
497.493958,       89.7886123657
497.855713,       89.6247100830
498.217499,       89.6036376953
498.579193,       89.5906600952
498.940887,       89.5188980103
499.302490,       89.5612869263
499.664093,       89.6758041382
500.025635,       89.8451690674
500.387177,       89.7829895020
500.748627,       90.5267410278
501.110077,       90.3806762695
501.471436,       90.3368835449
501.832825,       90.5579986572
502.194153,       90.6747894287
502.555389,       90.7028350830
502.916626,       90.5230255127
503.277802,       91.9466094971
503.638977,       91.6895370483
504.000092,       91.4663543701
504.361176,       91.2567520142
504.722198,       91.1213684082
505.083160,       91.1578903198
505.444153,       91.2654724121
505.805084,       91.3166961670
506.165924,       91.3628311157
506.526764,       91.3349151611
506.887543,       90.9200592041
507.248322,       90.8225250244
507.609070,       90.6288452148
507.969727,       90.6411514282
508.330322,       90.5226593018
508.690918,       90.6667251587
509.051514,       90.6679916382
509.412018,       90.5842819214
509.772491,       90.5820465088
510.132904,       90.3933868408
510.493286,       90.2875442505
510.853699,       90.2874069214
511.213989,       90.4347686768
511.574280,       90.4794158936
511.934509,       90.5819549561
512.294678,       90.6012878418
512.654846,       90.6634826660
513.014954,       90.6036071777
513.375061,       90.2196655273
513.735046,       89.9075698853
514.095032,       89.9861221313
514.455078,       90.2434844971
514.814941,       90.4277954102
515.174805,       90.4868621826
515.534607,       90.4011077881
515.894409,       90.3108825684
516.254211,       89.0032348633
516.613892,       88.6967391968
516.973572,       88.5975494385
517.333130,       88.5117568970
517.692749,       88.5838470459
518.052368,       88.6744079590
518.411865,       88.5740737915
518.771301,       88.5618667603
519.130737,       88.3537673950
519.490173,       88.1612701416
519.849548,       88.0199966431
520.208801,       87.8342056274
520.568054,       87.6294937134
520.927307,       87.8458099365
521.286499,       87.9343872070
521.645691,       87.6712799072
522.004822,       87.4845275879
522.363831,       87.2572021484
522.722839,       87.1486434937
523.081848,       86.6973724365
523.440796,       86.4704360962
523.799744,       87.3781280518
524.158569,       87.5957565308
524.517395,       87.6274185181
524.876160,       87.5666961670
525.234924,       87.3970108032
525.593628,       87.2223129272
525.952271,       86.8754119873
526.310913,       86.6560516357
526.669495,       86.5026550293
527.028076,       86.4471740723
527.386536,       86.2611846924
527.744995,       86.1762161255
528.103394,       86.0619049072
528.461792,       85.7916641235
528.820129,       85.6170959473
529.178406,       85.5489730835
529.536743,       85.1596527100
529.894958,       85.2264404297
530.253113,       85.0375671387
530.611267,       84.9493560791
530.969299,       84.8247604370
531.327393,       84.3014984131
531.685486,       84.1388015747
532.043335,       84.0451736450
532.401367,       83.8471984863
532.759216,       83.8983840942
533.117004,       83.8878479004
533.474915,       83.9211883545
533.832642,       83.8534164429
534.190430,       83.8838195801
534.548096,       83.7648315430
534.905762,       83.7697296143
535.263367,       83.6009979248
535.620850,       83.5522689819
535.978455,       83.6492156982
536.335876,       83.7113647461
536.693359,       83.7140045166
537.050781,       84.0641784668
537.408142,       83.8946228027
537.765442,       83.9824829102
538.122681,       84.2632522583
538.479919,       84.3644180298
538.837219,       84.7096862793
539.194336,       84.6406555176
539.551453,       84.4182434082
539.908508,       84.2397079468
540.265564,       84.2507019043
540.622559,       84.2886047363
540.979553,       84.3208312988
541.336426,       84.2453155518
541.693298,       84.2526016235
542.050110,       84.1046905518
542.406921,       84.0460586548
542.763672,       84.0512847900
543.120422,       84.0917663574
543.477051,       84.0364837646
543.833679,       83.9657669067
544.190308,       83.9102478027
544.546814,       83.8204650879
544.903381,       83.6815948486
545.259827,       83.6777801514
545.616211,       83.5221557617
545.972595,       83.5886459351
546.328979,       83.5623397827
546.685242,       83.5495910645
547.041504,       83.7192611694
547.397644,       83.8821411133
547.753906,       83.8872299194
548.110046,       83.8909454346
548.466125,       83.9048156738
548.822144,       83.9857177734
549.178223,       83.8569946289
549.534241,       83.9352111816
549.890137,       84.0317001343
550.246033,       84.1007156372
550.601868,       84.1060028076
550.957581,       84.1279144287
551.313416,       84.0155181885
551.669128,       84.1056747437
552.024841,       83.9418792725
552.380432,       84.0636901855
552.736023,       83.9265365601
553.091675,       83.7623443604
553.447144,       83.7190551758
553.802612,       83.7438354492
554.158020,       83.6767349243
554.513428,       83.6785736084
554.868774,       83.7737426758
555.224121,       83.6548614502
555.579346,       83.5906677246
555.934631,       83.6652450562
556.289734,       83.6937866211
556.644958,       83.7838973999
557.000000,       83.6224212646
557.355103,       83.6595153809
557.710083,       83.6758499146
558.065063,       83.6945037842
558.420105,       83.6695251465
558.774963,       83.8166122437
559.129822,       83.6916275024
559.484619,       83.9119338989
559.839355,       83.9979248047
560.194153,       84.0933227539
560.548828,       84.3165435791
560.903442,       84.3671875000
561.258057,       84.3427810669
561.612610,       84.4775619507
561.967224,       84.4935836792
562.321655,       84.4773254395
562.676086,       84.6924743652
563.030457,       84.7541275024
563.384827,       84.7664871216
563.739197,       84.7307357788
564.093445,       84.8754272461
564.447693,       85.1338424683
564.801880,       85.1608963013
565.156006,       85.1674804688
565.510132,       85.2500534058
565.864197,       85.3860321045
566.218262,       85.4924011230
566.572205,       85.7028961182
566.926086,       85.7721862793
567.280090,       85.8063888550
567.633972,       85.9536972046
567.987732,       86.0799255371
568.341553,       86.1982879639
568.695190,       86.3655242920
569.048950,       86.4063415527
569.402649,       86.4499130249
569.756165,       86.5205230713
570.109802,       86.5561904907
570.463257,       86.6365203857
570.816772,       86.6689910889
571.170227,       86.8335113525
571.523621,       86.8420944214
571.877014,       86.9322128296
572.230286,       87.0333099365
572.583557,       87.1624755859
572.936829,       87.1805114746
573.289978,       87.1549453735
573.643250,       87.1686096191
573.996216,       87.2246551514
574.349365,       87.2355499268
574.702393,       87.3439331055
575.055359,       87.4086456299
575.408325,       87.5043334961
575.761169,       87.5180130005
576.114075,       87.5759429932
576.466919,       87.7218322754
576.819641,       87.8317871094
577.172363,       87.9638214111
577.525085,       87.9647064209
577.877686,       87.9793853760
578.230286,       88.0853500366
578.582825,       88.1776885986
578.935425,       88.0974807739
579.287903,       88.1342544556
579.640320,       88.2004470825
579.992676,       88.1455307007
580.345093,       88.2634429932
580.697388,       88.3707504272
581.049683,       88.4615859985
581.401855,       88.5524597168
581.754089,       88.5304107666
582.106201,       88.4746322632
582.458313,       88.4160308838
582.810425,       88.4114837646
583.162354,       88.4940338135
583.514404,       88.5048828125
583.866272,       88.5181198120
584.218201,       88.5302581787
584.570068,       88.2455291748
584.921875,       88.3215408325
585.273560,       88.3783111572
585.625305,       88.3125915527
585.977051,       88.3432159424
586.328674,       88.3204498291
586.680237,       88.4005737305
587.031799,       88.3959732056
587.383301,       88.5043563843
587.734802,       88.4675750732
588.086243,       88.4739837646
588.437561,       88.4708786011
588.788940,       88.4113082886
589.140198,       88.5759277344
589.491516,       88.7020797729
589.842712,       88.7639007568
590.193848,       88.6866607666
590.544983,       88.6397323608
590.896057,       88.5487899780
591.247192,       88.5410079956
591.598145,       88.5946655273
591.949158,       88.8047180176
592.300049,       88.8129043579
592.650879,       88.8499679565
593.001770,       88.9671783447
593.352539,       88.8857269287
593.703308,       88.9625015259
594.054016,       88.9765701294
594.404663,       88.9856109619
594.755310,       88.9780883789
595.105896,       89.0266876221
595.456360,       89.0693740845
595.806885,       89.1192779541
596.157349,       88.9392395020
596.507751,       88.8664245605
596.858154,       88.7872390747
597.208435,       88.7861328125
597.558777,       88.8448028564
597.908997,       88.9156112671
598.259216,       89.0249862671
598.609314,       88.9222259521
598.959473,       88.8379211426
599.309570,       88.9149627686
599.659546,       88.9439239502
600.009583,       88.9401931763
600.359497,       88.9581527710
600.709412,       89.0917816162
601.059265,       89.2328491211
601.409058,       89.1456832886
601.758850,       89.1966323853
602.108521,       89.2696685791
602.458191,       89.3165740967
602.807922,       89.3696136475
603.157471,       89.2349090576
603.507080,       89.4221572876
603.856567,       89.4978332520
604.205994,       89.5710067749
604.555542,       89.6542282104
604.904846,       89.7263031006
605.254211,       89.7145996094
605.603516,       89.5240402222
605.952759,       89.6434326172
606.302063,       89.6484527588
606.651123,       89.6832809448
607.000305,       89.6918640137
607.349365,       89.7395782471
607.698425,       89.7921447754
608.047485,       89.7546844482
608.396362,       89.7409057617
608.745300,       89.7180938721
609.094177,       89.7710647583
609.442993,       89.7622146606
609.791809,       89.8125381470
610.140503,       89.8272705078
610.489258,       89.9962234497
610.837891,       90.0365447998
611.186523,       90.0748519897
611.535156,       90.1655654907
611.883606,       90.1866302490
612.232178,       90.1631317139
612.580566,       90.1541366577
612.928955,       90.3032073975
613.277344,       90.3790283203
613.625610,       90.4841003418
613.973938,       90.4777374268
614.322144,       90.4552917480
614.670288,       90.5093536377
615.018555,       90.5227813721
615.366516,       90.5704269409
615.714661,       90.6388015747
616.062622,       90.6862792969
616.410645,       90.6846389771
616.758606,       90.6526641846
617.106445,       90.6381454468
617.454285,       90.6638183594
617.802063,       90.6186523438
618.149841,       90.6360778809
618.497559,       90.6814727783
618.845215,       90.6239395142
619.192871,       90.5859451294
619.540466,       90.7239685059
619.888000,       90.8012161255
620.235535,       90.8410873413
620.582886,       90.7707595825
620.930359,       90.8028106689
621.277710,       90.8793563843
621.625061,       90.9036560059
621.972351,       90.9201965332
622.319519,       90.8850860596
622.666809,       90.8751373291
623.013916,       90.9068145752
623.361023,       90.9922027588
623.708130,       90.9770584106
624.055054,       91.0569763184
624.402100,       91.1225433350
624.749023,       91.0695877075
625.095947,       91.0349121094
625.442810,       91.0736770630
625.789551,       91.0373687744
626.136353,       91.1042785645
626.483032,       91.1222686768
626.829712,       91.0289916992
627.176392,       91.0176391602
627.522949,       91.0456848145
627.869507,       91.1164398193
628.216003,       91.1555709839
628.562500,       91.1078109741
628.908936,       91.1396713257
629.255310,       91.1757125854
629.601624,       91.2213363647
629.947876,       91.2375717163
630.294067,       91.0182266235
630.640320,       91.0793762207
630.986511,       91.0625457764
631.332642,       91.0595092773
631.678650,       90.8955383301
632.024658,       90.9574508667
632.370728,       91.0725555420
632.716614,       91.1186981201
633.062500,       91.1447143555
633.408325,       91.1413497925
633.754089,       91.0623397827
634.099915,       91.1058349609
634.445679,       91.1355133057
634.791321,       91.1875915527
635.136963,       91.1501007080
635.482483,       90.9891433716
635.828125,       91.0647964478
636.173584,       91.1367187500
636.519043,       91.0656661987
636.864502,       90.9880905151
637.209778,       90.9894638062
637.555237,       91.2361679077
637.900452,       91.2704086304
638.245728,       91.3271255493
638.590881,       91.3967514038
638.935974,       91.6046295166
639.281189,       91.6313323975
639.626221,       91.5951995850
639.971191,       91.6173400879
640.316223,       91.6065673828
640.661072,       91.6147537231
641.006042,       91.7190246582
641.350891,       91.7974624634
641.695679,       91.7814178467
642.040466,       91.8494949341
642.385071,       91.9285202026
642.729858,       92.1355133057
643.074463,       91.8359451294
643.419067,       91.8281173706
643.763611,       91.8995132446
644.108032,       91.9973678589
644.452515,       92.0215988159
644.796936,       92.0399551392
645.141296,       92.0140686035
645.485657,       92.0381546021
645.829834,       91.9709625244
646.174133,       91.9632339478
646.518311,       92.0181884766
646.862427,       92.1034774780
647.206604,       92.1464691162
647.550598,       92.2330780029
647.894653,       92.2703628540
648.238647,       92.3159255981
648.582458,       92.3024749756
648.926453,       92.3494110107
649.270203,       92.3780899048
649.614075,       92.4501724243
649.957764,       92.4122695923
650.301453,       92.7319107056
650.645142,       92.7256774902
650.988708,       92.7608718872
651.332336,       92.8368835449
651.675842,       92.8862686157
652.019348,       92.8634643555
652.362854,       92.8481292725
652.706177,       92.8815917969
653.049561,       92.9835433960
653.392883,       92.9833755493
653.736084,       92.9667205811
654.079346,       92.9228668213
654.422424,       92.4601287842
654.765625,       92.4343109131
655.108765,       92.4551239014
655.451721,       92.5217819214
655.794800,       92.5215606689
656.137695,       92.5409164429
656.480591,       92.4429473877
656.823486,       92.3869323730
657.166260,       92.4042129517
657.509094,       92.4240875244
657.851807,       92.4339752197
658.194519,       92.4634017944
658.537109,       92.3396759033
658.879761,       92.3295669556
659.222351,       92.3100280762
659.564758,       92.3811340332
659.907349,       92.4247055054
660.249695,       92.4183959961
660.592041,       92.4043350220
660.934448,       92.3728866577
661.276672,       92.4577636719
661.619019,       92.8733825684
661.961182,       92.9078750610
662.303284,       92.8948669434
662.645508,       92.8333282471
662.987427,       92.8859710693
663.329529,       92.8674774170
663.671448,       92.9802169800
664.013428,       93.0164642334
664.355347,       93.0243835449
664.697205,       92.8839263916
665.039001,       92.9365921021
665.380676,       92.9030990601
665.722412,       93.0095367432
666.064148,       93.0526733398
666.405701,       93.1713180542
666.747253,       93.2141952515
667.088806,       93.2114639282
667.430298,       93.2122268677
667.771790,       93.2559738159
668.113159,       93.3047790527
668.454529,       93.2424850464
668.795837,       93.2295303345
669.137085,       93.2718048096
669.478394,       93.3154754639
669.819519,       93.2785720825
670.160645,       93.2498626709
670.501709,       93.3314132690
670.842773,       93.3484573364
671.183777,       93.3465576172
671.524719,       93.4216156006
671.865662,       93.5994720459
672.206482,       93.6321105957
672.547302,       93.6912689209
672.888123,       93.6892929077
673.228821,       93.6649017334
673.569458,       93.6256179810
673.910095,       93.5627746582
674.250732,       93.4717559814
674.591370,       93.4085540771
674.931824,       93.4018096924
675.272217,       93.4043273926
675.612732,       93.4800491333
675.953003,       93.5313949585
676.293396,       93.5289382935
676.633667,       93.4831542969
676.973877,       93.4897384644
677.314148,       93.5088577271
677.654236,       93.4531631470
677.994385,       93.3952713013
678.334412,       93.4173507690
678.674438,       93.3207015991
679.014404,       93.3003616333
679.354309,       93.2600402832
679.694214,       93.2561111450
680.034058,       93.2045135498
680.373840,       93.2276000977
680.713623,       93.1816787720
681.053223,       93.2318038940
681.392944,       93.1914443970
681.732544,       92.5377044678
682.072083,       90.0660095215
682.411621,       90.0441436768
682.751038,       89.9947052002
683.090515,       89.9797821045
683.429871,       89.8001403809
683.769226,       89.7420196533
684.108582,       89.7379074097
684.447754,       89.7080993652
684.786987,       89.7326126099
685.126160,       89.7100219727
685.465210,       89.6379394531
685.804382,       89.6490631104
686.143311,       89.5871963501
686.482361,       89.5505905151
686.821289,       89.4638824463
687.160156,       89.4852676392
687.499023,       89.4315719604
687.837769,       89.3133926392
688.176514,       89.2083663940
688.515259,       89.2628479004
688.853882,       89.8553237915
689.192566,       92.2187728882
689.531067,       92.1386260986
689.869629,       91.9660034180
690.208130,       91.8663024902
690.546570,       91.7880401611
690.885010,       91.6521530151
691.223267,       91.5287170410
691.561584,       91.3939208984
691.899841,       91.1280136108
692.238037,       90.9767074585
692.576294,       90.8177719116
692.914307,       90.6021575928
693.252380,       90.4036712646
693.590454,       90.1336593628
693.928406,       89.9167404175
694.266357,       89.5834350586
694.604187,       89.3138198853
694.942078,       89.0991058350
695.279907,       88.8716964722
695.617615,       88.4310455322
695.955444,       88.1760635376
696.292969,       87.8483428955
696.630676,       87.4842224121
696.968201,       87.2101364136
697.305725,       86.6890106201
697.643250,       86.3621063232
697.980652,       86.0559997559
698.318054,       85.6787185669
698.655396,       85.2543182373
698.992676,       84.9062805176
699.330017,       84.4730758667
699.667175,       84.0270233154
700.004395,       83.5773773193
700.341492,       83.1330947876
700.678528,       82.6796112061
701.015564,       81.9989852905
701.352478,       81.5978393555
701.689514,       81.0779495239
702.026428,       80.4869537354
702.363220,       79.9199066162
702.700073,       79.5222015381
703.036804,       78.9833145142
703.373474,       78.4585876465
703.710144,       77.9176025391
704.046814,       77.2587280273
704.383362,       76.9456863403
704.719910,       76.3715057373
705.056335,       75.8731994629
705.392761,       75.3653869629
705.729187,       74.7771453857
706.065552,       74.1967163086
706.401855,       73.6604690552
706.738098,       73.0593109131
707.074280,       72.5365982056
707.410461,       71.9539871216
707.746643,       71.3622131348
708.082642,       70.9245300293
708.418701,       70.2621765137
708.754639,       69.7182388306
709.090576,       69.3096008301
709.426514,       68.7268981934
709.762329,       67.9970474243
710.098083,       67.3200531006
710.433838,       66.4618072510
710.769592,       65.8255386353
711.105286,       65.3363265991
711.440796,       64.6424560547
711.776367,       64.0519943237
712.112000,       63.3785400391
712.447388,       62.7015686035
712.782837,       62.0462341309
713.118225,       61.4608688354
713.453552,       60.8454399109
713.788818,       60.2976455688
714.124023,       59.5726280212
714.459290,       58.8655929565
714.794434,       58.2426185608
715.129517,       57.6002731323
715.464661,       56.9440612793
715.799622,       56.3311576843
716.134583,       55.5226058960
716.469482,       54.8297500610
716.804321,       54.2686767578
717.139221,       53.6769523621
717.473938,       53.2731285095
717.808777,       52.6422424316
718.143433,       51.9731521606
718.478088,       51.2835159302
718.812683,       50.7095909119
719.147217,       50.0679130554
719.481750,       49.4074821472
719.816223,       48.8241081238
720.150574,       48.0228042603
720.485046,       47.3680191040
720.819214,       46.6009597778
721.153564,       45.9329872131
721.487854,       45.2842445374
721.821960,       44.6882095337
722.156189,       43.8565216064
722.490234,       43.2861480713
722.824341,       42.6340827942
723.158264,       41.9845085144
723.492249,       41.2699966431
723.826172,       40.6112022400
724.159973,       39.9543609619
724.493835,       39.3448333740
724.827576,       38.3574218750
725.161316,       37.6253433228
725.494995,       36.9951972961
725.828613,       36.2431945801
726.162231,       35.5372390747
726.495728,       34.8613281250
726.829163,       34.1687164307
727.162720,       33.6513748169
727.496033,       33.0211410522
727.829468,       32.4646759033
728.162720,       31.8663482666
728.496033,       31.2253875732
728.829224,       30.5954895020
729.162354,       30.2459793091
729.495483,       29.6601409912
729.828552,       29.0412597656
730.161560,       28.5700454712
730.494629,       28.1245880127
730.827454,       27.6336975098
731.160400,       27.0504531860
731.493225,       26.4062881470
731.825989,       26.2168884277
732.158813,       25.7285156250
732.491455,       25.2221984863
732.824158,       24.7073516846
733.156799,       24.2192001343
733.489319,       23.6205596924
733.821899,       23.1332321167
734.154236,       22.6743011475
734.486755,       22.0463409424
734.819092,       21.5600128174
735.151428,       21.1183166504
735.483765,       20.6666870117
735.815857,       20.2978210449
736.148132,       19.8822631836
736.480286,       19.4125518799
736.812378,       18.8661956787
737.144470,       18.4437484741
737.476379,       17.9736022949
737.808411,       17.4792022705
738.140259,       17.0368194580
738.472168,       16.7466278076
738.804016,       16.4322967529
739.135742,       16.0964813232
739.467468,       15.7150573730
739.799133,       15.3865127563
740.130798,       15.0980834961
740.462402,       14.7271423340
740.793884,       14.2285003662
741.125366,       13.8235244751
741.456848,       13.6075973511
741.788208,       13.2466735840
742.119568,       12.9080657959
742.450928,       12.6978454590
742.782166,       12.2676391602
743.113281,       11.9123458862
743.444458,       11.6000518799
743.775635,       11.3396148682
744.106689,       11.0320663452
744.437683,       10.7769012451
744.768677,       10.5129699707
745.099609,       10.3045501709
745.430481,        9.9627075195
745.761353,        9.5320892334
746.092102,        9.1766815186
746.422852,        8.8577423096
746.753479,        8.7121429443
747.084229,        8.3973083496
747.414795,        8.3209686279
747.745300,        8.1732177734
748.075806,        7.9642181396
748.406311,        7.8004302979
748.736694,        7.6313629150
749.067078,        7.4248504639
749.397400,        7.1250381470
749.727722,        7.0333099365
750.057861,        6.8269348145
750.388062,        6.6817398071
750.718201,        6.5325469971
751.048279,        6.3408813477
751.378357,        6.2539978027
751.708252,        6.1136627197
752.038208,        5.8434753418
752.368164,        5.7402343750
752.697937,        5.7532424927
753.027832,        5.7298889160
753.357483,        5.6372680664
753.687256,        5.4724578857
754.016907,        5.3098907471
754.346497,        5.1596984863
754.676147,        5.1868591309
755.005493,        5.2496719360
755.335083,        5.1265487671
755.664490,        4.8707885742
755.993835,        4.7674255371
756.323181,        4.6508941650
756.652405,        4.4939346313
756.981689,        4.4899520874
757.310852,        4.3735198975
757.640015,        4.2290954590
757.969177,        4.2204284668
758.298096,        4.1704406738
758.627197,        4.0607604980
758.956116,        4.0861434937
759.284973,        4.0684432983
759.613892,        4.0227355957
759.942627,        4.0009384155
760.271423,        4.0457000732
760.600159,        3.9389495850
760.928772,        3.9404144287
761.257446,        3.9212951660
761.585999,        3.8830642700
761.914490,        3.6080169678
762.242981,        3.5480728149
762.571350,        3.6415863037
762.899841,        3.4007492065
763.228088,        3.4786834717
763.556396,        3.4128112793
763.884644,        3.4204559326
764.212830,        3.4026184082
764.541016,        3.4109497070
764.869080,        3.3856353760
765.197144,        3.3180694580
765.525146,        3.4158630371
765.853088,        3.4354095459
766.181030,        3.3877563477
766.508789,        3.3906173706
766.836670,        3.3186645508
767.164429,        3.1303482056
767.492126,        3.2308502197
767.819824,        3.3270111084
768.147400,        3.2371368408
768.475037,        3.1728668213
768.802490,        3.1528091431
769.130005,        2.9783782959
769.457458,        3.0340499878
769.784790,        3.3017501831
770.112183,        3.3353881836
770.439453,        3.3302612305
770.766663,        3.2118072510
771.093872,        3.2947769165
771.420959,        3.3432388306
771.748108,        3.2797546387
772.075195,        3.1574249268
772.402161,        2.9723052979
772.729126,        2.9094238281
773.055969,        2.9206619263
773.382874,        2.8838195801
773.709717,        2.9152145386
774.036438,        3.1253662109
774.363159,        3.0880279541
774.689758,        2.9129486084
775.016479,        2.9813385010
775.343018,        2.9739379883
775.669495,        3.0195465088
775.996033,        3.2610168457
776.322449,        3.2435226440
776.648865,        3.2543182373
776.975098,        3.1018371582
777.301453,        3.2286987305
777.627686,        3.2529144287
777.953857,        3.1508789063
778.280029,        3.2619018555
778.606079,        3.1648254395
778.932068,        3.3121032715
779.258179,        3.3628234863
779.584045,        3.4159317017
779.909973,        3.3995590210
780.235840,        3.4268035889
780.561646,        3.3695755005
780.887390,        3.2824554443
781.213135,        3.2462463379
781.538757,        3.3488464355
781.864380,        2.6115646362
782.189880,        2.5197601318
782.515442,        2.6868438721
782.840942,        2.5724716187
783.166321,        2.6158294678
783.491699,        2.6146392822
783.817017,        2.8171234131
784.142395,        2.7802352905
784.467529,        2.6634750366
784.792725,        2.6418304443
785.117859,        2.5258178711
785.442932,        2.7178955078
785.768005,        2.6872406006
786.092957,        2.7829284668
786.417908,        2.8095397949
786.742798,        2.8933563232
787.067566,        2.7870635986
787.392456,        2.8885421753
787.717163,        2.9821014404
788.041870,        3.0072631836
788.366577,        3.0102767944
788.691101,        3.8893737793
789.015686,        3.8554077148
789.340149,        3.7477111816
789.664673,        3.7322921753
789.989075,        3.6896057129
790.313354,        3.4879684448
790.637756,        3.2584838867
790.962036,        3.2237243652
791.286194,        3.4198760986
791.610413,        3.4754333496
791.934448,        3.4943847656
792.258606,        3.4654541016
792.582581,        3.3661499023
792.906555,        3.3309478760
793.230530,        3.4156799316
793.554321,        3.3674163818
793.878174,        3.4107971191
794.201965,        3.3845214844
794.525696,        3.2684020996
794.849426,        3.2201538086
795.172974,        3.1368865967
795.496643,        3.0466003418
795.820129,        3.1426696777
796.143616,        3.1153869629
796.467102,        3.1466979980
796.790405,        3.1506423950
797.113831,        3.3827819824
797.437134,        3.5066223145
797.760315,        3.4490966797
798.083618,        3.4428100586
798.406677,        3.4659194946
798.729797,        3.1562194824
799.052856,        3.0923919678
799.375854,        3.1499481201
799.698853,        3.0485687256
800.021729,        2.8271179199
800.344604,        2.8048095703
800.667358,        2.7370452881
800.990112,        2.6339416504
801.312866,        2.6784515381
801.635498,        2.5695724487
801.958191,        2.6853942871
802.280701,        2.8040695190
802.603210,        2.8841400146
802.925781,        2.9408569336
803.248108,        2.9117431641
803.570496,        2.9424438477
803.892822,        2.8315124512
804.215088,        2.7264862061
804.537354,        2.6603851318
804.859436,        2.6688766479
805.181641,        2.6591491699
805.503723,        2.8897628784
805.825745,        2.8126373291
806.147766,        2.7641677856
806.469604,        2.7920608521
806.791504,        2.8368759155
807.113342,        2.8353118896
807.435181,        2.9334793091
807.756897,        2.9586334229
808.078552,        2.8627166748
808.400208,        2.9305267334
808.721802,        2.8493652344
809.043335,        2.7491912842
809.364929,        2.6629714966
809.686279,        2.6550979614
810.007751,        2.6719665527
810.329041,        2.6291503906
810.650330,        2.5942993164
810.971619,        2.6393890381
811.292786,        2.7784729004
811.613953,        2.7197113037
811.935059,        2.7242584229
812.256104,        2.7478866577
812.577148,        2.7995071411
812.898071,        2.8147048950
813.218994,        2.8947219849
813.539795,        3.0115814209
813.860596,        2.9504318237
814.181396,        2.8876419067
814.502136,        2.9974365234
814.822754,        2.9414672852
815.143372,        2.9421234131
815.463928,        2.9060134888
815.784485,        2.9192810059
816.104919,        2.9847946167
816.425354,        2.9794769287
816.745728,        2.9381790161
817.065979,        2.9594116211
817.386353,        3.0054168701
817.706421,        2.9293899536
818.026733,        2.8388061523
818.346863,        2.6205749512
818.666809,        2.5371093750
818.986938,        2.5093841553
819.306824,        2.5624084473
819.626770,        2.5086517334
819.946716,        2.3809661865
820.266479,        2.3419494629
820.586304,        2.3224868774
820.905945,        2.3630447388
821.225647,        2.2315826416
821.545349,        2.1475372314
821.864868,        2.1986541748
822.184448,        2.1503753662
822.503845,        2.0677947998
822.823364,        2.0956573486
823.142761,        2.0158386230
823.462036,        2.0442428589
823.781372,        2.0850067139
824.100525,        2.1466064453
824.419800,        1.6849212646
824.738953,        1.7236938477
825.057922,        1.8609390259
825.377014,        1.9048309326
825.695984,        1.8616638184
826.014954,        1.8472442627
826.333862,        1.9370574951
826.652649,        1.9965057373
826.971497,        1.9500122070
827.290100,        1.8814849854
827.608887,        1.7564849854
827.927612,        1.6937255859
828.246094,        1.9296417236
828.564697,        1.9633255005
828.883118,        1.9968872070
829.201599,        2.0838165283
829.520020,        2.0087280273
829.838318,        2.0027008057
830.156616,        2.0738677979
830.474854,        1.9679794312
830.793091,        1.8470764160
831.111267,        2.4095916748
831.429260,        2.4386901855
831.747437,        2.5438385010
832.065308,        2.5707168579
832.383362,        2.5608444214
832.701233,        2.4170455933
833.019043,        2.4100341797
833.336914,        2.4407348633
833.654663,        2.4441070557
833.972351,        2.5172271729
834.289978,        2.2806396484
834.607483,        2.2861938477
834.925171,        2.1943740845
835.242676,        2.1936950684
835.560059,        2.2067718506
835.877502,        2.2303009033
836.194763,        2.2752304077
836.512146,        2.3314743042
836.829468,        2.2082061768
837.146545,        2.2056655884
837.463745,        2.3838500977
837.780823,        2.3150558472
838.097900,        2.2536087036
838.414917,        2.0365600586
838.731873,        2.0336837769
839.048828,        2.1069488525
839.365540,        2.1947784424
839.682434,        2.2563171387
839.999207,        2.2215270996
840.315857,        2.1650772095
840.632568,        2.2033386230
840.949097,        2.5910263062
841.265747,        2.6981811523
841.582275,        2.6676940918
841.898682,        2.4722137451
842.215088,        2.4575042725
842.531433,        2.4158172607
842.847778,        2.3934631348
843.164063,        2.4248809814
843.480164,        2.3608398438
843.796387,        2.4582672119
844.112427,        2.3479995728
844.428528,        2.3188018799
844.744568,        2.2319030762
845.060486,        2.2584457397
845.376404,        2.1830902100
845.692200,        2.1596679688
846.008057,        2.2034454346
846.323853,        2.0532226563
846.639465,        2.0484390259
846.955139,        2.1559448242
847.270691,        2.1497497559
847.586304,        2.0148849487
847.901855,        2.0267486572
848.217224,        2.1409912109
848.532715,        2.2495651245
848.847961,        2.1335754395
849.163330,        2.1816711426
849.478638,        2.2065658569
849.793823,        2.1116027832
850.108948,        2.2684173584
850.424011,        2.1116790771
850.739136,        2.1327819824
851.054199,        2.2896118164
851.369019,        2.5019683838
851.684021,        2.5478286743
851.998779,        2.4182434082
852.313660,        2.4455490112
852.628418,        2.3728485107
852.943054,        2.3619232178
853.257751,        2.4224472046
853.572327,        2.3735046387
853.886841,        2.4450454712
854.201477,        2.4218978882
854.515808,        2.3496475220
854.830261,        2.2840652466
855.144592,        2.2087402344
855.458862,        2.4427185059
855.773193,        2.4377975464
856.087280,        2.3914566040
856.401489,        2.4540100098
856.715515,        2.3408203125
857.029602,        2.3570556641
857.343628,        2.4659271240
857.657532,        2.4021224976
857.971497,        2.2831726074
858.285278,        2.3714904785
858.599121,        2.4583892822
858.912903,        2.4263839722
859.226501,        2.4251632690
859.540222,        2.3957366943
859.853699,        2.2757263184
860.167297,        2.2674484253
860.480896,        2.0881271362
860.794250,        2.0589752197
861.107666,        2.0308380127
861.420959,        2.0505371094
861.734314,        2.0439147949
862.047546,        1.9807662964
862.360657,        1.8344116211
862.673889,        1.7186737061
862.986938,        1.6843872070
863.299988,        1.6356735229
863.613037,        1.4409790039
863.925903,        1.2034912109
864.238831,        1.0366287231
864.551575,        1.0461883545
864.864380,        1.0448608398
865.177185,        1.1877441406
865.489807,        1.2186889648
865.802490,        1.3469390869
866.114990,        1.3556060791
866.427612,        1.3150405884
866.740112,        1.2677230835
867.052429,        1.3719787598
867.364868,        1.4785461426
867.677124,        1.4362640381
867.989502,        1.3301544189
868.301758,        1.2895812988
868.613831,        1.2550888062
868.926025,        1.2923278809
869.238159,        1.4655685425
869.550049,        1.4766998291
869.862122,        1.5096664429
870.173950,        1.7105255127
870.485901,        1.8347778320
870.797791,        1.9541931152
871.109497,        1.8478698730
871.421204,        1.8999328613
871.732849,        1.7784271240
872.044495,        1.7634277344
872.356079,        1.7834243774
872.667542,        1.8949432373
872.979065,        2.0361175537
873.290344,        2.0499649048
873.601807,        2.0810699463
873.913147,        1.9991149902
874.224304,        2.1048126221
874.535645,        2.2106933594
874.846741,        2.2562408447
875.157837,        2.1373748779
875.468994,        1.9492950439
875.779907,        1.9499664307
876.090881,        2.0325241089
876.401733,        2.0227203369
876.712646,        2.0243530273
877.023499,        1.9885559082
877.334167,        1.9903335571
877.644897,        2.1195526123
877.955505,        2.1355743408
878.266113,        2.2299499512
878.576721,        2.1569747925
878.887146,        2.0369720459
879.197571,        2.0556488037
879.507996,        2.0679779053
879.818298,        2.1422042847
880.128662,        1.8619384766
880.438843,        1.8918838501
880.749084,        1.7525634766
881.059143,        1.3246078491
881.369263,        1.3442306519
881.679382,        1.5592346191
881.989258,        1.7886581421
882.299194,        1.5821609497
882.609070,        1.5513000488
882.918945,        1.5736846924
883.228760,        1.7203445435
883.538452,        1.7239456177
883.848145,        1.5492477417
884.157654,        1.4763412476
884.467285,        1.3893127441
884.776917,        1.2702789307
885.086243,        1.3050308228
885.395813,        1.4029541016
885.705017,        1.4953613281
886.014404,        1.4711303711
886.323730,        1.3835601807
886.632874,        1.5421295166
886.942078,        1.4971618652
887.251160,        1.6076736450
887.560242,        2.0782318115
887.869263,        2.0501556396
888.178162,        1.8913955688
888.487122,       -2.0130767822
888.795898,       -1.8322982788
889.104797,       -1.9003372192
889.413513,       -1.8677368164
889.722168,       -2.0445251465
890.030884,       -2.0385589600
890.339417,       -1.8502273560
890.648010,       -1.7996215820
890.956543,       -1.9229278564
891.264893,       -1.8983917236
891.573364,       -1.7954711914
891.881653,       -1.8682937622
892.189941,       -2.0573348999
892.498230,       -2.1432800293
892.806335,       -2.1805725098
893.114502,       -2.1477050781
893.422546,       -2.1887512207
893.730652,       -2.2748260498
894.038696,       -2.4586181641
894.346497,       -2.3875045776
894.654419,       -2.5348129272
894.962158,        1.5884399414
895.270020,        1.5449829102
895.577759,        1.5267333984
895.885376,        1.3800354004
896.192993,        1.5181732178
896.500549,        1.3575286865
896.808044,        1.3576354980
897.115601,        1.1911697388
897.422913,        1.2324905396
897.730347,        1.2404479980
898.037598,        1.0756988525
898.344910,        0.9133148193
898.652161,        0.9117355347
898.959167,        0.8942718506
899.266418,        0.7821044922
899.573364,        0.7295608521
899.880371,        0.8177795410
900.187378,        0.9328002930
900.494202,        1.0919494629
900.801086,        1.0629959106
901.107788,        1.2093505859
901.414612,        1.3315124512
901.721375,        1.3464050293
902.027832,        1.3056488037
902.334534,        1.5041656494
902.641113,        1.4392089844
902.947510,        1.4707489014
903.253967,        1.3428192139
903.560242,        1.4862976074
903.866638,        1.5817413330
904.172974,        1.5292205811
904.479126,        1.6557540894
904.785278,        1.7443923950
905.091370,        1.7641601563
905.397461,        1.7452850342
905.703552,        1.8068237305
906.009399,        1.7572402954
906.315369,        1.5836181641
906.621155,        1.5910873413
906.927002,        1.5482940674
907.232788,        1.4197158813
907.538452,        1.3901214600
907.844116,        1.2102813721
908.149658,        1.2172012329
908.455200,        1.2942352295
908.760803,        1.1999359131
909.066162,        1.0882186890
909.371582,        1.1361541748
909.676880,        1.2181549072
909.982178,        1.1374969482
910.287476,        0.9406433105
910.592529,        0.8569946289
910.897705,        0.2236480713
911.202759,        0.2658691406
911.507813,        0.2644805908
911.812805,        0.3145828247
912.117676,        0.4399261475
912.422546,        0.4207763672
912.727356,        0.5357894897
913.032104,        0.4971084595
913.336853,        0.4673919678
913.641479,        0.4548339844
913.946106,        0.5844116211
914.250610,        0.2853469849
914.555115,        0.1861038208
914.859619,        0.0764694214
915.163940,        0.0396041870
915.468323,        0.2454223633
915.772583,        0.2330017090
916.076843,        0.3251037598
916.381104,        0.4499359131
916.685120,        0.6786193848
916.989258,        0.6932373047
917.293213,        1.2919998169
917.597290,        0.8973846436
917.901184,        0.5110321045
918.205017,        0.3708801270
918.508850,        0.3753814697
918.812561,        0.4315338135
919.116333,        0.4836730957
919.420044,        0.4754180908
919.723572,        0.0281677246
920.027222,        0.1642227173
920.330627,        0.2964630127
920.634094,        0.7110443115
920.937561,        0.8372039795
921.240784,        0.8715286255
921.544189,        0.9443206787
921.847351,        0.8949432373
922.150574,        0.7388992310
922.453735,        0.5767059326
922.756775,        0.4890747070
923.059875,        0.5483398438
923.362793,        0.5713348389
923.665771,        0.4877319336
923.968689,        0.8091430664
924.271362,        1.1980133057
924.574219,        1.2825469971
924.876892,        1.3996963501
925.179565,        1.2429504395
925.482239,        1.1653137207
925.784729,        0.8804931641
926.087280,        1.2376251221
926.389648,        1.1802520752
926.692078,        1.1574096680
926.994507,        1.1133270264
927.296692,        1.2025375366
927.599060,        1.1651763916
927.901123,        1.2384185791
928.203308,        1.1062316895
928.505432,        1.2726058960
928.807434,        1.3724060059
929.109436,        1.3811187744
929.411316,        1.1829071045
929.713196,        1.4947814941
930.015015,        1.6688385010
930.316711,        1.7991027832
930.618530,        1.9624633789
930.920105,        2.0505065918
931.221802,        1.6070404053
931.523315,        1.8940658569
931.824829,        2.1458129883
932.126282,        2.2984466553
932.427612,        2.5409088135
932.729004,        2.6211700439
933.030334,        2.6282119751
933.331482,        2.4744338989
933.632751,        2.2509460449
933.933777,        2.4085235596
934.234924,        2.2841186523
934.536011,        2.4577865601
934.836914,        2.3281402588
935.137878,        2.3973693848
935.438660,        2.0933074951
935.739502,        2.0970611572
936.040344,        1.7066497803
936.340942,        1.7216644287
936.641663,        1.7855072021
936.942383,        1.7936401367
937.242798,        1.6584472656
937.543335,        1.9480133057
937.843750,        1.8710784912
938.144165,        1.8083496094
938.444580,        1.7226409912
938.744751,        1.6663665771
939.045044,        1.7197265625
939.345154,        1.4451293945
939.645325,        1.3722686768
939.945435,        1.3058319092
940.245361,        1.4126892090
940.545410,        1.3015136719
940.845215,        1.2108001709
941.145142,        1.0746612549
941.445007,        0.9500427246
941.744629,        1.4552459717
942.044434,        1.6270141602
942.343994,        2.1176605225
942.643677,        2.0027160645
942.943237,        1.7287750244
943.242676,        1.4911422729
943.542114,        1.4994659424
943.841431,        1.5700225830
944.140808,        1.8925552368
944.440125,        1.7639923096
944.739258,        1.6985626221
945.038513,        1.7087249756
945.337524,        1.4593200684
945.636597,        1.5878524780
945.935669,        1.8493194580
946.234558,        2.2014770508
946.533508,        1.9747467041
946.832275,        1.9337997437
947.131165,        1.8936843872
947.429932,        2.4623870850
947.728516,        2.6353912354
948.027222,        2.5181884766
948.325745,        1.4011688232
948.624329,        0.7518234253
948.922852,        0.7983474731
949.221191,        0.8949890137
949.519592,        0.5187225342
949.817810,        0.6605453491
950.116150,        0.3906707764
950.414368,        0.1968917847
950.712463,        0.3029327393
951.010620,        0.6693572998
951.308594,        0.6527328491
951.606628,        0.8046493530
951.904602,        0.4191970825
952.202454,        0.2018203735
952.500305,       -0.8192214966
952.798035,       -1.1355590820
953.095825,       -0.9377822876
953.393494,       -0.8658905029
953.691040,       -1.2310791016
953.988647,       -1.7526473999
954.286133,       -1.9577865601
954.583618,       -0.8342971802
954.881042,       -0.2889938354
955.178345,       -0.2554473877
955.475647,       -0.1598510742
955.772827,        0.0695800781
956.070068,        0.1621398926
956.367310,        0.3942260742
956.664307,        0.2888946533
956.961365,        0.1403732300
957.258240,       -0.0954742432
957.555176,       -0.7399978638
957.852112,       -0.9126739502
958.148865,       -0.7138366699
958.445679,       -0.3820419312
958.742310,        0.6186828613
959.039001,        1.1173477173
959.335632,        1.1401824951
959.632141,        1.0213165283
959.928650,        1.2993621826
960.224976,        1.9594955444
960.521484,        1.8438720703
960.817871,        2.2650527954
961.114014,        2.1429443359
961.410339,        2.0996932983
961.706421,        2.0005187988
962.002563,        2.3661193848
962.298645,        2.0874404907
962.594604,        1.9271163940
962.890564,        1.9569396973
963.186401,       -0.3899078369
963.482300,       -0.8290863037
963.778137,       -0.1602172852
964.073792,        0.4236755371
964.369568,        0.6335601807
964.665100,        0.6079940796
964.960693,        0.1231842041
965.256287,       -0.6177520752
965.551697,       -0.3941497803
965.847168,        0.0217285156
966.142395,        0.0354919434
966.437744,       -0.3432464600
966.733032,        0.0019760132
967.028198,       -0.3278732300
967.323364,       -0.6192779541
967.618408,       -0.5020599365
967.913513,       -1.0598449707
968.208496,       -1.4961624146
968.503357,       -1.3345718384
968.798279,       -1.4799041748
969.093018,       -1.5705413818
969.387817,        1.4776611328
969.682556,        2.0953216553
969.977173,        2.0695419312
970.271790,        1.2838745117
970.566406,        0.7039642334
970.860779,        0.7873992920
971.155334,        1.0280761719
971.449646,        1.9172515869
971.743958,        1.6524887085
972.038330,        0.8984832764
972.332458,        0.9473266602
972.626648,        0.9007263184
972.920715,        1.0687332153
973.214844,        0.6131439209
973.508911,        0.9919815063
973.802734,        0.6889190674
974.096741,        0.7448120117
974.390442,        0.9981079102
974.684265,        0.9275817871
974.978088,        1.4693298340
975.271667,        1.5293121338
975.565369,        1.2935943604
975.858826,        0.9848709106
976.152405,        0.6340637207
976.445923,        1.0943298340
976.739258,        1.7356109619
977.032654,        1.3917388916
977.325867,        1.5013732910
977.619202,        0.9446105957
977.912415,        0.3013687134
978.205505,        0.7023315430
978.498596,        0.1351013184
978.791504,        0.3151779175
979.084534,       -0.0717773438
979.377563,        0.2621688843
979.670288,        0.2785034180
979.963196,        0.5170593262
980.255859,        0.9566955566
980.548584,        0.9519805908
980.841309,       -1.1197509766
981.133850,       -1.6375427246
981.426392,       -2.3074874878
981.718811,       -2.2826232910
982.011292,       -1.7444000244
982.303650,       -1.6659393311
982.595886,       -1.5793151855
982.888245,       -1.8888854980
983.180359,       -1.7923889160
983.472595,       -2.3750000000
983.764709,       -1.5683288574
984.056641,       -0.7720794678
984.348755,       -0.9316940308
984.640625,       -0.7603912354
984.932495,       -0.7618865967
985.224365,       -0.8680877686
985.516052,       -0.9460372925
985.807861,       -1.4054870605
986.099426,       -2.4144134521
986.391052,       -1.9175872803
986.682678,       -2.3552398682
986.974121,       -0.2473373413
987.265625,        0.1019287109
987.556885,        0.3716964722
987.848328,        0.3503189087
988.139648,       -0.3581848145
988.430786,       -0.5004730225
988.721985,       -0.9894866943
989.013000,       -0.6786041260
989.304138,       -1.2972869873
989.595215,       -2.0132141113
989.886047,       -3.0384597778
990.177002,       -4.4280395508
990.467834,       -4.8185577393
990.758606,       -5.3102798462
991.049377,       -5.4740982056
991.339966,       -6.7987823486
991.630676,       -6.8011932373
991.921143,       -6.6227798462
992.211670,       -7.3539505005
992.502197,       -7.6674499512
992.792542,       -7.2089538574
993.082886,       -6.3019104004
993.373169,       -6.2820129395
993.663452,       -5.6710205078
993.953613,       -5.9541778564
994.243713,       -4.9511413574
994.533813,       -4.4168853760
994.823792,       -4.8076324463
995.113770,       -4.5617980957
995.403687,       -4.5141601563
995.693481,       -3.4784240723
995.983337,       -2.9332504272
996.273010,       -1.7508392334
996.562744,       -1.2710113525
996.852417,       -1.1498413086
997.141907,       -1.1925964355
997.431458,        0.4267272949
997.720886,        0.6097183228
998.010315,        0.3089141846
998.299744,        2.9191207886
998.588928,        3.4303894043
998.878296,        3.8946380615
999.167419,        3.6853713989
999.456543,        2.0849456787
999.745667,        1.6464996338
1000.034607,        2.0596160889
1000.323669,        1.3958892822
1000.612488,        0.5744476318
1000.901367,        1.4655838013
1001.190247,        1.7133331299
1001.478882,        2.3078231812
1001.767639,        1.2680969238
1002.056335,        1.4249572754
1002.344849,        0.9025421143
1002.633423,        1.0732116699
1002.921814,        1.7562713623
1003.210266,        2.7930450439
1003.498657,        2.4194335938
1003.786926,        2.4123611450
1004.075256,        1.7297973633
1004.363342,        1.1396331787
1004.651489,        1.0727081299
1004.939697,        0.8141326904
1005.227600,       -0.6298065186
1005.515686,       -0.0692901611
1005.803467,       -0.1705780029
1006.091370,        0.5529174805
1006.379272,        0.7870025635
1006.666870,        1.1379928589
1006.954712,        2.1038360596
1007.242188,        1.2228088379
1007.529907,        0.0832977295
1007.817444,        1.6908493042
1008.104858,        0.5506591797
1008.392334,        1.6331787109
1008.679565,       -0.1112365723
1008.966980,       -0.6985778809
1009.254272,       -1.6286163330
1009.541382,       -0.9858703613
1009.828613,       -1.1082839966
1010.115601,        0.3696823120
1010.402649,        0.4666595459
1010.689697,        0.1594848633
1010.976563,        0.2317504883
1011.263489,       -0.0636596680
1011.550171,        1.3385772705
1011.837036,        1.0422821045
1012.123657,        0.4551849365
1012.410278,        0.4425964355
1012.696899,       -0.5054244995
1012.983337,       -1.7358398438
1013.269897,       -1.7537994385
1013.556396,       -1.4963760376
1013.842651,       -1.5901794434
1014.129028,       -1.3688812256
1014.415161,       -2.0815887451
1014.701477,       -0.8418426514
1014.987671,       -3.2111816406
1015.273560,       -3.5643920898
1015.559692,       -4.7807998657
1015.845581,       -4.8917846680
1016.131592,       -6.3809890747
1016.417542,       -8.6087341309
1016.703247,      -10.0135192871
1016.989014,      -10.8731613159
1017.274658,      -11.5188598633
1017.560303,      -14.5861053467
1017.845947,      -13.8252868652
1018.131409,      -15.0190582275
1018.416870,      -15.3266601563
1018.702271,      -13.9886474609
1018.987671,      -14.1176910400
1019.272949,      -15.0955352783
1019.558228,      -16.9053726196
1019.843445,      -16.9146194458
1020.128540,      -16.0366973877
1020.413574,      -16.3781356812
1020.698608,      -15.5702209473
1020.983521,      -12.3671493530
1021.268555,      -15.1013565063
1021.553284,      -16.4490127563
1021.838135,      -18.6594009399
1022.122925,      -19.2945098877
1022.407593,      -44.2343902588
1022.692261,       11.0878067017
1022.976807,       12.7524719238
1023.261292,       -4.5988464355
1023.545837,       20.3973083496
1023.830200,       -0.2742767334
1024.114624,      -50.9118041992
1024.398804,      -38.3580474854
1024.683105,      -36.9728393555
1024.967285,      -24.4560546875
