340.270844,      100.0000000000
340.648560,      100.0000000000
341.026306,      133.0025939941
341.403961,      466.8832397461
341.781616,      -63.8175354004
342.159210,     1405.0013427734
342.536743,      -95.4857330322
342.914307,      -84.1230010986
343.291779,      -74.0435943604
343.669250,      100.0000000000
344.046661,      -91.7386932373
344.424042,      -91.3273620605
344.801422,      -90.9232788086
345.178711,      -93.2168884277
345.556000,      -95.1230773926
345.933258,      -95.1798095703
346.310486,      -95.8332214355
346.687622,      -95.0172271729
347.064758,      -94.7256774902
347.441895,      -95.4891967773
347.818939,      -94.9402465820
348.195953,      -93.9092407227
348.572937,      -92.5229034424
348.949890,      -92.5877227783
349.326843,      -93.2615051270
349.703735,      -93.6622161865
350.080597,      -92.6945190430
350.457397,      -91.7901611328
350.834198,      -90.5310363770
351.210968,      -89.8348236084
351.587646,      -89.0428009033
351.964325,      -87.3331909180
352.340942,      -84.0789031982
352.717560,      -84.5641174316
353.094147,      -83.1070861816
353.470673,      -82.4518127441
353.847168,      -81.3038635254
354.223602,      -80.7760620117
354.600037,      -81.3248291016
354.976440,      -81.5491333008
355.352783,      -82.1133728027
355.729126,      -83.1508789063
356.105408,      -83.7249450684
356.481628,      -87.8819580078
356.857849,      -87.4221191406
357.234009,      -85.8802337646
357.610168,      -86.4497680664
357.986267,      -85.6007385254
358.362366,      -86.1577148438
358.738373,      -84.0573883057
359.114349,      -84.7276306152
359.490326,      -84.8261718750
359.866241,      -83.7757568359
360.242157,      -85.0977478027
360.617981,      -84.3139648438
360.993805,      -84.1041412354
361.369568,      -84.2360992432
361.745331,      -84.5687561035
362.121033,      -84.9863281250
362.496704,      -84.9530029297
362.872314,      -83.9766235352
363.247925,      -83.9549865723
363.623505,      -82.8393859863
363.999023,      -81.7539367676
364.374542,      -78.5620117188
364.750000,      -78.9335021973
365.125397,      -79.0895843506
365.500763,      -77.8882141113
365.876160,      -78.2549743652
366.251434,      -77.8718872070
366.626740,      -79.2431030273
367.001953,      -79.6294555664
367.377136,      -79.5044860840
367.752350,      -80.6523742676
368.127472,      -82.6170959473
368.502594,      -81.6750640869
368.877625,      -81.6559143066
369.252625,      -80.8038940430
369.627625,      -81.5532836914
370.002563,      -80.3044433594
370.377502,      -79.5883789063
370.752380,      -78.8396759033
371.127228,      -78.4581909180
371.502014,      -78.9358215332
371.876770,      -79.5002136230
372.251526,      -79.7151031494
372.626221,      -79.2054901123
373.000885,      -79.5153808594
373.375488,      -80.4884948730
373.750092,      -80.4412536621
374.124664,      -80.0423889160
374.499146,      -81.2764282227
374.873627,      -79.8111572266
375.248108,      -79.4536437988
375.622467,      -79.9521331787
375.996887,      -78.9618835449
376.371185,      -79.7796020508
376.745483,      -78.9329681396
377.119751,      -78.5541839600
377.493958,      -77.8424072266
377.868195,      -77.5801696777
378.242310,      -77.6319885254
378.616394,      -79.7249755859
378.990540,      -78.6327514648
379.364563,      -79.1064453125
379.738556,      -78.6553649902
380.112518,      -77.4528503418
380.486481,      -76.9225158691
380.860352,      -76.5810241699
381.234192,      -75.2874450684
381.608063,      -74.9806823730
381.981812,      -74.3722229004
382.355591,      -72.2782287598
382.729309,      -72.8966674805
383.102966,      -71.7050018311
383.476624,      -69.2348480225
383.850220,      -68.6224975586
384.223816,      -68.3109436035
384.597321,      -67.7751922607
384.970856,      -67.6415100098
385.344299,      -65.8963317871
385.717682,      -65.2742004395
386.091125,      -64.7469024658
386.464447,      -60.5626678467
386.837769,      -60.3612823486
387.211029,      -59.3135070801
387.584290,      -57.7741394043
387.957489,      -57.3303375244
388.330627,      -56.8154296875
388.703766,      -55.9888305664
389.076874,      -56.8590393066
389.449921,      -58.3786010742
389.822937,      -57.1631164551
390.195923,      -57.6973571777
390.568878,      -57.2410278320
390.941772,      -56.6292724609
391.314636,      -55.5436859131
391.687500,      -54.4516296387
392.060272,      -54.0241699219
392.433075,      -53.4521026611
392.805756,      -51.3457794189
393.178436,      -50.3997802734
393.551117,      -51.1806335449
393.923737,      -49.9746704102
394.296326,      -51.2752685547
394.668854,      -49.6255187988
395.041321,      -49.4801940918
395.413849,      -50.6965332031
395.786255,      -51.3008117676
396.158630,      -50.4760131836
396.531006,      -50.6681518555
396.903320,      -48.9569396973
397.275604,      -47.5194702148
397.647827,      -47.6602935791
398.020050,      -47.8790893555
398.392212,      -46.3570251465
398.764343,      -46.1131286621
399.136444,      -45.4611053467
399.508514,      -46.9280395508
399.880554,      -38.3923339844
400.252533,      -37.9631652832
400.624512,      -39.8385772705
400.996399,      -40.0871276855
401.368286,      -38.5783538818
401.740112,      -37.0911865234
402.111908,      -35.7182006836
402.483673,      -35.7253112793
402.855408,      -34.7148132324
403.227081,      -32.9262084961
403.598755,      -31.1237792969
403.970367,      -30.2075195313
404.341980,      -29.9854278564
404.713501,      -29.9540405273
405.085022,      -29.3280487061
405.456482,      -28.7912902832
405.827911,      -26.1695098877
406.199310,      -23.6617126465
406.570648,      -24.0723876953
406.942017,      -23.7283172607
407.313263,      -20.0937042236
407.684509,      -25.7214431763
408.055725,      -24.2682266235
408.426880,      -22.2047348022
408.798035,      -25.1436767578
409.169128,      -24.5365905762
409.540161,      -26.8032073975
409.911224,      -25.9099121094
410.282196,      -24.7570495605
410.653137,      -23.5824737549
411.024048,      -22.9932861328
411.394897,      -22.0688781738
411.765747,      -21.5068359375
412.136536,      -19.4295806885
412.507324,      -22.0526351929
412.878052,      -21.0587310791
413.248718,      -21.3700103760
413.619385,      -20.9601745605
413.989990,      -21.3608398438
414.360565,      -20.2719116211
414.731110,      -19.5197067261
415.101563,      -19.6201248169
415.472076,      -18.7047729492
415.842468,      -17.9987945557
416.212891,      -21.6068954468
416.583221,      -17.8348846436
416.953522,      -17.0979003906
417.323792,      -13.5693969727
417.694031,      -15.1745376587
418.064240,      -15.3736419678
418.434418,      -15.6686553955
418.804535,      -15.7555999756
419.174622,      -15.1128387451
419.544678,      -14.6763305664
419.914673,      -14.3003540039
420.284668,      -10.2992248535
420.654572,       -8.6623382568
421.024475,       -6.7140808105
421.394348,       -7.5440368652
421.764191,       -7.0480880737
422.133972,       -6.5186004639
422.503693,       -6.0392837524
422.873444,       -4.8874893188
423.243134,       -4.1181945801
423.612762,       -3.9696655273
423.982330,        2.8854446411
424.351929,        2.9204330444
424.721436,        2.8195037842
425.090942,        3.7102050781
425.460358,        5.7032012939
425.829773,        6.9938812256
426.199158,        9.1607055664
426.568481,       11.4006042480
426.937775,       12.6249084473
427.307037,       12.6337890625
427.676239,       13.5915527344
428.045441,       13.0495147705
428.414581,       13.9501342773
428.783722,       14.1655426025
429.152802,       15.7035827637
429.521790,       14.2297363281
429.890839,       15.2833938599
430.259766,       16.8508682251
430.628693,       15.6636352539
430.997589,       16.3338928223
431.366425,       15.8050842285
431.735229,       14.8223114014
432.104004,       15.4722518921
432.472748,       16.1170196533
432.841431,       16.1885452271
433.210052,       17.0906829834
433.578705,       18.3809356689
433.947266,       18.0989074707
434.315826,       19.4014129639
434.684326,       19.6443023682
435.052765,       20.4937133789
435.421204,       18.4413604736
435.789612,       20.6496887207
436.157959,       21.0956420898
436.526276,       22.1876220703
436.894531,       21.8029327393
437.262756,       24.7734069824
437.630951,       24.8747711182
437.999146,       25.3611297607
438.367249,       26.9663543701
438.735321,       27.5440368652
439.103394,       29.4924774170
439.471405,       30.8106689453
439.839386,       11.8151245117
440.207306,       11.8509063721
440.575195,       10.6249008179
440.943054,       11.4224700928
441.310883,       10.6848754883
441.678680,       10.7611083984
442.046387,       10.5848999023
442.414093,       10.5090332031
442.781799,       11.2928924561
443.149414,       12.8536834717
443.516998,       13.0824279785
443.884552,       13.1730499268
444.252045,       13.6048812866
444.619537,       15.6952514648
444.987000,       15.9074707031
445.354401,       17.0317459106
445.721710,       17.5518417358
446.089081,       18.2909545898
446.456360,       18.5553131104
446.823608,       18.8340454102
447.190826,       19.4086914063
447.557953,       39.0467414856
447.925110,       40.0610198975
448.292175,       42.4185562134
448.659271,       42.4683151245
449.026276,       43.8973884583
449.393250,       44.7247657776
449.760193,       44.1116256714
450.127075,       45.3091583252
450.493958,       46.0445442200
450.860779,       47.2866401672
451.227570,       47.8636474609
451.594330,       48.6482162476
451.960999,       48.5375289917
452.327698,       48.2323303223
452.694336,       48.3032150269
453.060913,       49.0486450195
453.427490,       49.7810783386
453.793976,       50.3054733276
454.160492,       51.1820602417
454.526917,       33.6015625000
454.893311,       33.8163909912
455.259674,       34.7765884399
455.626007,       35.0814285278
455.992310,       35.2176208496
456.358551,       36.1413192749
456.724731,       36.2115783691
457.090912,       36.7545280457
457.457031,       37.9704971313
457.823151,       38.2077178955
458.189209,       38.7755432129
458.555206,       38.9741859436
458.921173,       39.3074417114
459.287109,       39.8034973145
459.653015,       40.0817756653
460.018890,       41.1128311157
460.384705,       41.7928237915
460.750519,       41.2999267578
461.116241,       41.9574546814
461.481964,       42.3686676025
461.847626,       42.6950378418
462.213226,       59.4357795715
462.578827,       59.9713439941
462.944427,       60.6207427979
463.309906,       60.9991989136
463.675385,       61.6953468323
464.040802,       62.0968170166
464.406219,       62.9026985168
464.771606,       63.7340621948
465.136902,       63.8133125305
465.502197,       64.1915435791
465.867462,       64.3013076782
466.232635,       65.0573425293
466.597839,       65.1732330322
466.962921,       65.0745162964
467.328003,       65.4399185181
467.693054,       65.4926681519
468.058075,       65.6818008423
468.423035,       66.6728515625
468.787994,       66.3096313477
469.152863,       66.2019500732
469.517700,       66.1327056885
469.882538,       66.6118469238
470.247314,       67.4499282837
470.612061,       66.3833923340
470.976746,       66.9000091553
471.341431,       66.4166412354
471.706024,       66.4839630127
472.070618,       66.3803863525
472.435181,       66.7540130615
472.799622,       67.1176757813
473.164124,       67.2801971436
473.528534,       67.8154449463
473.892975,       67.6238937378
474.257294,       68.1585693359
474.621582,       68.9127349854
474.985870,       69.4295654297
475.350098,       69.2538146973
475.714325,       69.9279479980
476.078461,       70.3781280518
476.442535,       70.7492294312
476.806641,       71.5641632080
477.170685,       72.1496887207
477.534668,       72.6903152466
477.898621,       72.8623352051
478.262512,       73.6404571533
478.626404,       73.3015670776
478.990265,       74.2125930786
479.354065,       74.6221160889
479.717834,       75.1307830811
480.081512,       74.9444427490
480.445221,       75.0092773438
480.808899,       75.3176040649
481.172485,       75.0653533936
481.536041,       75.6581344604
481.899567,       75.8137893677
482.263062,       76.2056045532
482.626526,       76.4552307129
482.989929,       77.0071487427
483.353271,       77.1311340332
483.716583,       77.1557846069
484.079895,       77.5801544189
484.443146,       77.6233520508
484.806366,       77.9534301758
485.169525,       77.8932800293
485.532654,       78.2676467896
485.895752,       78.7350006104
486.258820,       79.4878921509
486.621857,       79.3756484985
486.984802,       79.3236389160
487.347748,       79.3136596680
487.710663,       79.7189331055
488.073517,       80.2794494629
488.436340,       80.4861068726
488.799072,       80.8068542480
489.161835,       81.0471954346
489.524536,       81.5911407471
489.887238,       81.7048950195
490.249847,       81.8483810425
490.612396,       82.0391464233
490.974915,       82.2477111816
491.337433,       82.7654876709
491.699921,       82.8389663696
492.062347,       82.8286743164
492.424713,       82.8496704102
492.787079,       83.1553573608
493.149353,       80.0928955078
493.511658,       80.2306747437
493.873871,       80.3531265259
494.236053,       80.3619537354
494.598206,       80.4571762085
494.960297,       80.5832214355
495.322388,       80.6400451660
495.684418,       79.7562713623
496.046356,       79.9970169067
496.408325,       80.2934417725
496.770264,       80.3294372559
497.132141,       80.2946472168
497.493958,       80.3467483521
497.855713,       80.3157806396
498.217499,       80.3278503418
498.579193,       80.3509521484
498.940887,       80.3848648071
499.302490,       80.4698486328
499.664093,       80.6810531616
500.025635,       80.8525848389
500.387177,       80.8982696533
500.748627,       83.8874130249
501.110077,       83.8776626587
501.471436,       83.8632659912
501.832825,       84.0904769897
502.194153,       84.2700729370
502.555389,       84.2507934570
502.916626,       84.0319900513
503.277802,       84.7848968506
503.638977,       84.5537109375
504.000092,       84.4747695923
504.361176,       84.4012680054
504.722198,       84.2975234985
505.083160,       84.2602844238
505.444153,       84.3768920898
505.805084,       84.4816436768
506.165924,       84.5195465088
506.526764,       84.4404678345
506.887543,       84.1072616577
507.248322,       83.9292144775
507.609070,       83.8221893311
507.969727,       83.8206863403
508.330322,       83.7608413696
508.690918,       83.9082794189
509.051514,       83.8580398560
509.412018,       83.8745193481
509.772491,       83.8637313843
510.132904,       83.7662200928
510.493286,       83.7345581055
510.853699,       83.7806625366
511.213989,       83.9778366089
511.574280,       84.0269546509
511.934509,       84.0514755249
512.294678,       84.0869979858
512.654846,       84.1749725342
513.014954,       84.2636337280
513.375061,       83.9839401245
513.735046,       83.7868194580
514.095032,       84.0146560669
514.455078,       84.2696762085
514.814941,       84.4693298340
515.174805,       84.4642333984
515.534607,       84.4540939331
515.894409,       84.4046020508
516.254211,       83.4041366577
516.613892,       83.2578430176
516.973572,       83.1822280884
517.333130,       83.1647949219
517.692749,       83.2907943726
518.052368,       83.4747314453
518.411865,       83.3930511475
518.771301,       83.3734283447
519.130737,       83.1633071899
519.490173,       83.1651763916
519.849548,       83.1268692017
520.208801,       83.0352020264
520.568054,       82.8909759521
520.927307,       83.0997161865
521.286499,       83.2026290894
521.645691,       82.9358291626
522.004822,       82.6949844360
522.363831,       82.5247192383
522.722839,       82.5189819336
523.081848,       82.1035156250
523.440796,       81.9571762085
523.799744,       82.7255249023
524.158569,       82.8769226074
524.517395,       82.8786163330
524.876160,       82.8252410889
525.234924,       82.7547760010
525.593628,       82.6898269653
525.952271,       82.3891372681
526.310913,       82.2336273193
526.669495,       82.1742172241
527.028076,       82.1150054932
527.386536,       81.9201507568
527.744995,       81.8879241943
528.103394,       81.8360519409
528.461792,       81.6166458130
528.820129,       81.4885711670
529.178406,       81.4948272705
529.536743,       81.2174682617
529.894958,       81.2775878906
530.253113,       81.1593322754
530.611267,       81.1276550293
530.969299,       81.0318069458
531.327393,       80.5194778442
531.685486,       80.4190902710
532.043335,       80.4313354492
532.401367,       80.3339996338
532.759216,       80.2292785645
533.117004,       80.1802825928
533.474915,       80.2854614258
533.832642,       80.2319641113
534.190430,       80.2687072754
534.548096,       80.1495056152
534.905762,       80.2077941895
535.263367,       80.0476455688
535.620850,       79.9689483643
535.978455,       80.0562286377
536.335876,       80.1251068115
536.693359,       80.1190414429
537.050781,       80.4272155762
537.408142,       80.3244171143
537.765442,       80.3941650391
538.122681,       80.6619415283
538.479919,       80.7164764404
538.837219,       81.0859527588
539.194336,       81.0298767090
539.551453,       80.8320007324
539.908508,       80.6408996582
540.265564,       80.8213348389
540.622559,       80.8630065918
540.979553,       80.9230270386
541.336426,       80.8597259521
541.693298,       80.9417877197
542.050110,       80.8637695313
542.406921,       80.8338775635
542.763672,       80.9111633301
543.120422,       80.9595108032
543.477051,       80.8019943237
543.833679,       80.8085861206
544.190308,       80.7632369995
544.546814,       80.7699203491
544.903381,       80.6475677490
545.259827,       80.6257171631
545.616211,       80.3560104370
545.972595,       80.4904098511
546.328979,       80.5054779053
546.685242,       80.4866485596
547.041504,       80.6068878174
547.397644,       80.7962036133
547.753906,       80.7381973267
548.110046,       80.7754211426
548.466125,       80.8021469116
548.822144,       80.8946380615
549.178223,       80.7150955200
549.534241,       80.8020782471
549.890137,       80.9053802490
550.246033,       80.9013824463
550.601868,       80.9031829834
550.957581,       81.0851287842
551.313416,       80.9459152222
551.669128,       81.0085678101
552.024841,       80.8698272705
552.380432,       81.0218963623
552.736023,       80.9847717285
553.091675,       80.9150009155
553.447144,       80.8875427246
553.802612,       80.9206314087
554.158020,       80.9606628418
554.513428,       81.0034103394
554.868774,       81.1259918213
555.224121,       81.0294952393
555.579346,       80.9384918213
555.934631,       80.9623489380
556.289734,       81.0034637451
556.644958,       81.1326751709
557.000000,       80.9684906006
557.355103,       80.9703445435
557.710083,       81.0467987061
558.065063,       81.1378402710
558.420105,       81.1287002563
558.774963,       81.2730026245
559.129822,       81.1753692627
559.484619,       81.3691635132
559.839355,       81.4768981934
560.194153,       81.5462570190
560.548828,       81.8145141602
560.903442,       81.9195785522
561.258057,       81.8739471436
561.612610,       81.9660797119
561.967224,       81.9860839844
562.321655,       81.9807968140
562.676086,       82.2111892700
563.030457,       82.2894973755
563.384827,       82.3271636963
563.739197,       82.2951278687
564.093445,       82.4212646484
564.447693,       82.6907730103
564.801880,       82.7737274170
565.156006,       82.8141479492
565.510132,       82.8524322510
565.864197,       82.9516525269
566.218262,       83.0760040283
566.572205,       83.3433837891
566.926086,       83.4565963745
567.280090,       83.4792938232
567.633972,       83.6091690063
567.987732,       83.7589569092
568.341553,       83.8418045044
568.695190,       84.0671768188
569.048950,       84.0860671997
569.402649,       84.1300354004
569.756165,       84.1573486328
570.109802,       84.1919250488
570.463257,       84.2937774658
570.816772,       84.3588027954
571.170227,       84.5449371338
571.523621,       84.5870513916
571.877014,       84.6884994507
572.230286,       84.7556838989
572.583557,       84.8031005859
572.936829,       84.9131164551
573.289978,       84.8685302734
573.643250,       84.8508148193
573.996216,       84.8654174805
574.349365,       84.8532180786
574.702393,       84.9618682861
575.055359,       85.0601348877
575.408325,       85.1319351196
575.761169,       85.1148376465
576.114075,       85.1347961426
576.466919,       85.2670211792
576.819641,       85.3553009033
577.172363,       85.4953460693
577.525085,       85.4713973999
577.877686,       85.4941024780
578.230286,       85.6230850220
578.582825,       85.7247314453
578.935425,       85.6252365112
579.287903,       85.6673126221
579.640320,       85.7287063599
579.992676,       85.7129821777
580.345093,       85.7547988892
580.697388,       85.8813705444
581.049683,       86.0054626465
581.401855,       86.1233444214
581.754089,       86.0986709595
582.106201,       86.0134735107
582.458313,       85.9230270386
582.810425,       85.9238815308
583.162354,       86.0658111572
583.514404,       86.0832595825
583.866272,       86.1322021484
584.218201,       86.2131881714
584.570068,       85.9338302612
584.921875,       86.0673370361
585.273560,       86.0971069336
585.625305,       86.0108642578
585.977051,       86.0143432617
586.328674,       86.0323486328
586.680237,       86.0856933594
587.031799,       86.1116638184
587.383301,       86.1876678467
587.734802,       86.1439056396
588.086243,       86.1960678101
588.437561,       86.1782073975
588.788940,       86.1018295288
589.140198,       86.3073577881
589.491516,       86.4650268555
589.842712,       86.5616378784
590.193848,       86.5158767700
590.544983,       86.4477081299
590.896057,       86.4298858643
591.247192,       86.4496612549
591.598145,       86.4800262451
591.949158,       86.7038574219
592.300049,       86.6980133057
592.650879,       86.7797927856
593.001770,       86.8838653564
593.352539,       86.8077545166
593.703308,       86.9102935791
594.054016,       86.9364471436
594.404663,       86.9197540283
594.755310,       86.9410629272
595.105896,       87.0124664307
595.456360,       87.0507202148
595.806885,       87.1032638550
596.157349,       86.9274368286
596.507751,       86.8340454102
596.858154,       86.7581024170
597.208435,       86.7500457764
597.558777,       86.7816314697
597.908997,       86.8737716675
598.259216,       86.9188308716
598.609314,       86.8190765381
598.959473,       86.7953491211
599.309570,       86.8630599976
599.659546,       86.8826751709
600.009583,       86.8731613159
600.359497,       86.8954162598
600.709412,       87.0395812988
601.059265,       87.1286468506
601.409058,       87.0154876709
601.758850,       87.0701828003
602.108521,       87.1204757690
602.458191,       87.1514663696
602.807922,       87.1678314209
603.157471,       87.0462722778
603.507080,       87.2353363037
603.856567,       87.2833099365
604.205994,       87.3965225220
604.555542,       87.4724731445
604.904846,       87.5394515991
605.254211,       87.5096588135
605.603516,       87.2953567505
605.952759,       87.4082412720
606.302063,       87.3564453125
606.651123,       87.3955688477
607.000305,       87.4033279419
607.349365,       87.4303054810
607.698425,       87.4665222168
608.047485,       87.4359588623
608.396362,       87.4523315430
608.745300,       87.4405059814
609.094177,       87.5052261353
609.442993,       87.5521545410
609.791809,       87.6080169678
610.140503,       87.6273193359
610.489258,       87.8065872192
610.837891,       87.8357467651
611.186523,       87.8838272095
611.535156,       87.9460830688
611.883606,       87.9503097534
612.232178,       87.9054412842
612.580566,       87.8707351685
612.928955,       88.0435180664
613.277344,       88.1107864380
613.625610,       88.2006454468
613.973938,       88.2105941772
614.322144,       88.2185211182
614.670288,       88.2786636353
615.018555,       88.2714920044
615.366516,       88.2928237915
615.714661,       88.3348159790
616.062622,       88.4212112427
616.410645,       88.4172515869
616.758606,       88.3853149414
617.106445,       88.3615493774
617.454285,       88.4262084961
617.802063,       88.3661651611
618.149841,       88.4084930420
618.497559,       88.4694976807
618.845215,       88.4328918457
619.192871,       88.4055328369
619.540466,       88.5746154785
619.888000,       88.6809768677
620.235535,       88.7484283447
620.582886,       88.6929702759
620.930359,       88.7247848511
621.277710,       88.7731704712
621.625061,       88.8421478271
621.972351,       88.8789367676
622.319519,       88.8925323486
622.666809,       88.8999328613
623.013916,       88.9419708252
623.361023,       88.9961395264
623.708130,       88.9960632324
624.055054,       89.0737228394
624.402100,       89.1384963989
624.749023,       89.0539855957
625.095947,       89.0219726563
625.442810,       89.0582580566
625.789551,       89.0469665527
626.136353,       89.0873641968
626.483032,       89.1139907837
626.829712,       88.9934768677
627.176392,       88.9711990356
627.522949,       89.0166244507
627.869507,       89.0473175049
628.216003,       89.0936050415
628.562500,       89.0848083496
628.908936,       89.0917510986
629.255310,       89.0991516113
629.601624,       89.1477432251
629.947876,       89.1708068848
630.294067,       88.9189147949
630.640320,       88.9851150513
630.986511,       89.0252761841
631.332642,       89.0109329224
631.678650,       88.8245468140
632.024658,       88.9151992798
632.370728,       89.0391159058
632.716614,       89.0644073486
633.062500,       89.0571136475
633.408325,       89.0336990356
633.754089,       88.9500579834
634.099915,       89.0427246094
634.445679,       89.0633544922
634.791321,       89.0830841064
635.136963,       89.0699462891
635.482483,       88.8793563843
635.828125,       88.9253082275
636.173584,       88.9780578613
636.519043,       88.9361419678
636.864502,       88.8433990479
637.209778,       88.8225708008
637.555237,       89.0940551758
637.900452,       89.1403884888
638.245728,       89.1476516724
638.590881,       89.2155761719
638.935974,       89.4468002319
639.281189,       89.4563751221
639.626221,       89.3763580322
639.971191,       89.4011917114
640.316223,       89.3884429932
640.661072,       89.4319000244
641.006042,       89.5417175293
641.350891,       89.6026382446
641.695679,       89.5973052979
642.040466,       89.6506729126
642.385071,       89.7034606934
642.729858,       89.9467697144
643.074463,       89.6184539795
643.419067,       89.6028366089
643.763611,       89.6396789551
644.108032,       89.7043457031
644.452515,       89.7973861694
644.796936,       89.8311157227
645.141296,       89.8054351807
645.485657,       89.8164062500
645.829834,       89.7749252319
646.174133,       89.7686538696
646.518311,       89.8280639648
646.862427,       89.9390792847
647.206604,       90.0063247681
647.550598,       90.1052474976
647.894653,       90.1558837891
648.238647,       90.1881256104
648.582458,       90.1631927490
648.926453,       90.2027511597
649.270203,       90.2585067749
649.614075,       90.3786468506
649.957764,       90.3484878540
650.301453,       90.7267227173
650.645142,       90.7349319458
650.988708,       90.7934646606
651.332336,       90.9096527100
651.675842,       90.9131393433
652.019348,       90.8911285400
652.362854,       90.8574905396
652.706177,       90.8847427368
653.049561,       90.9618988037
653.392883,       90.9791107178
653.736084,       90.9636154175
654.079346,       90.9614105225
654.422424,       90.4584045410
654.765625,       90.4270401001
655.108765,       90.4344253540
655.451721,       90.5225448608
655.794800,       90.5443267822
656.137695,       90.6125564575
656.480591,       90.5079498291
656.823486,       90.4466018677
657.166260,       90.4502792358
657.509094,       90.4659347534
657.851807,       90.4575119019
658.194519,       90.4505081177
658.537109,       90.3197250366
658.879761,       90.3146820068
659.222351,       90.3036651611
659.564758,       90.4137115479
659.907349,       90.4672088623
660.249695,       90.4557876587
660.592041,       90.4268569946
660.934448,       90.4195938110
661.276672,       90.5054779053
661.619019,       90.9821166992
661.961182,       91.0386352539
662.303284,       91.0369186401
662.645508,       90.9805374146
662.987427,       91.0104598999
663.329529,       91.0051879883
663.671448,       91.0951843262
664.013428,       91.1203765869
664.355347,       91.1560287476
664.697205,       91.0622253418
665.039001,       91.1063232422
665.380676,       91.1059951782
665.722412,       91.2052841187
666.064148,       91.2607879639
666.405701,       91.3815078735
666.747253,       91.4132461548
667.088806,       91.4302520752
667.430298,       91.4493103027
667.771790,       91.5131378174
668.113159,       91.5525665283
668.454529,       91.4461135864
668.795837,       91.4458541870
669.137085,       91.4721755981
669.478394,       91.5095825195
669.819519,       91.4993743896
670.160645,       91.4862365723
670.501709,       91.5098495483
670.842773,       91.5487747192
671.183777,       91.5197525024
671.524719,       91.5800170898
671.865662,       91.6930236816
672.206482,       91.7535476685
672.547302,       91.8422775269
672.888123,       91.8281402588
673.228821,       91.8145141602
673.569458,       91.7780075073
673.910095,       91.7101669312
674.250732,       91.5945281982
674.591370,       91.5353927612
674.931824,       91.5155868530
675.272217,       91.5198440552
675.612732,       91.6250915527
675.953003,       91.6308059692
676.293396,       91.6555938721
676.633667,       91.6031036377
676.973877,       91.5795440674
677.314148,       91.6037979126
677.654236,       91.5824584961
677.994385,       91.5498962402
678.334412,       91.6372756958
678.674438,       91.5500106812
679.014404,       91.5066223145
679.354309,       91.4321136475
679.694214,       91.4206390381
680.034058,       91.4361190796
680.373840,       91.4485702515
680.713623,       91.3891372681
681.053223,       91.4687652588
681.392944,       91.4482192993
681.732544,       91.0877838135
682.072083,       88.4667053223
682.411621,       88.4402694702
682.751038,       88.3859786987
683.090515,       88.3946762085
683.429871,       88.2014694214
683.769226,       88.1146469116
684.108582,       88.1257019043
684.447754,       88.0979614258
684.786987,       88.1235198975
685.126160,       88.0885772705
685.465210,       87.9848785400
685.804382,       88.0029220581
686.143311,       87.9767074585
686.482361,       87.9488677979
686.821289,       87.8369064331
687.160156,       87.8064880371
687.499023,       87.7558746338
687.837769,       87.6270141602
688.176514,       87.4719619751
688.515259,       87.4865264893
688.853882,       87.7660903931
689.192566,       90.2612686157
689.531067,       90.1700897217
689.869629,       89.9871292114
690.208130,       89.8487396240
690.546570,       89.7558059692
690.885010,       89.6317443848
691.223267,       89.5013427734
691.561584,       89.3487014771
691.899841,       89.0324707031
692.238037,       88.8599319458
692.576294,       88.6597824097
692.914307,       88.4029235840
693.252380,       88.1901397705
693.590454,       87.9270935059
693.928406,       87.6872100830
694.266357,       87.3583145142
694.604187,       87.0630111694
694.942078,       86.8818130493
695.279907,       86.6508712769
695.617615,       86.1774597168
695.955444,       85.9311447144
696.292969,       85.6357116699
696.630676,       85.2517242432
696.968201,       84.9897460938
697.305725,       84.4835128784
697.643250,       84.1577682495
697.980652,       83.8503570557
698.318054,       83.4936523438
698.655396,       83.0805587769
698.992676,       82.7952270508
699.330017,       82.3808517456
699.667175,       82.0121994019
700.004395,       81.6434936523
700.341492,       81.2278442383
700.678528,       80.8057403564
701.015564,       80.2090606689
701.352478,       79.8640747070
701.689514,       79.4220657349
702.026428,       78.8536682129
702.363220,       78.3448333740
702.700073,       78.0873260498
703.036804,       77.6032028198
703.373474,       77.1136703491
703.710144,       76.6697463989
704.046814,       76.1274948120
704.383362,       75.9296112061
704.719910,       75.4818878174
705.056335,       75.0697937012
705.392761,       74.6652297974
705.729187,       74.2668609619
706.065552,       73.8062515259
706.401855,       73.4391479492
706.738098,       72.9476623535
707.074280,       72.5392913818
707.410461,       72.0926971436
707.746643,       71.7023010254
708.082642,       71.4181671143
708.418701,       70.9597930908
708.754639,       70.5475158691
709.090576,       70.2725448608
709.426514,       69.8803482056
709.762329,       69.3091735840
710.098083,       68.8269119263
710.433838,       68.2522659302
710.769592,       67.8055877686
711.105286,       67.5053253174
711.440796,       67.0448226929
711.776367,       66.6707000732
712.112000,       66.2337493896
712.447388,       65.7372131348
712.782837,       65.2430496216
713.118225,       64.8563461304
713.453552,       64.4065093994
713.788818,       64.1024627686
714.124023,       63.6625633240
714.459290,       63.2106742859
714.794434,       62.8036193848
715.129517,       62.3915634155
715.464661,       61.9378700256
715.799622,       61.5517959595
716.134583,       61.0282821655
716.469482,       60.6180534363
716.804321,       60.3045539856
717.139221,       59.9893188477
717.473938,       59.7791481018
717.808777,       59.3884811401
718.143433,       58.9887161255
718.478088,       58.5128021240
718.812683,       58.1259498596
719.147217,       57.7163848877
719.481750,       57.3414993286
719.816223,       56.9605407715
720.150574,       56.4658889771
720.485046,       56.0755805969
720.819214,       55.5513496399
721.153564,       55.0625534058
721.487854,       54.6778259277
721.821960,       54.2813072205
722.156189,       53.6625595093
722.490234,       53.3071784973
722.824341,       52.9205665588
723.158264,       52.5542411804
723.492249,       52.1149291992
723.826172,       51.7617340088
724.159973,       51.3378677368
724.493835,       50.9425010681
724.827576,       50.2192153931
725.161316,       49.6814117432
725.494995,       49.3318328857
725.828613,       48.9151687622
726.162231,       48.5344161987
726.495728,       48.0018539429
726.829163,       47.6073532104
727.162720,       47.3015289307
727.496033,       46.8724594116
727.829468,       46.5512008667
728.162720,       46.1494827271
728.496033,       45.7163772583
728.829224,       45.3000526428
729.162354,       45.1875762939
729.495483,       44.8653869629
729.828552,       44.4045333862
730.161560,       44.0773925781
730.494629,       43.7433166504
730.827454,       43.3105773926
731.160400,       42.8837585449
731.493225,       42.4676895142
731.825989,       42.4250946045
732.158813,       42.1357955933
732.491455,       41.7199859619
732.824158,       41.3059692383
733.156799,       40.8824806213
733.489319,       40.4855117798
733.821899,       40.0492782593
734.154236,       39.7467308044
734.486755,       39.3108444214
734.819092,       38.9375839233
735.151428,       38.6657638550
735.483765,       38.3671531677
735.815857,       38.0748825073
736.148132,       37.7267074585
736.480286,       37.3763275146
736.812378,       37.0458221436
737.144470,       36.6977462769
737.476379,       36.3116531372
737.808411,       36.0610809326
738.140259,       35.7465286255
738.472168,       35.4862670898
738.804016,       35.2586441040
739.135742,       35.0087509155
739.467468,       34.6611099243
739.799133,       34.4384307861
740.130798,       34.2593078613
740.462402,       34.0238113403
740.793884,       33.7226867676
741.125366,       33.3502273560
741.456848,       33.1919250488
741.788208,       32.8805313110
742.119568,       32.6157150269
742.450928,       32.4004974365
742.782166,       32.2389373779
743.113281,       31.9432678223
743.444458,       31.6329574585
743.775635,       31.4189605713
744.106689,       31.2322998047
744.437683,       31.1558074951
744.768677,       30.9099655151
745.099609,       30.7900848389
745.430481,       30.5702896118
745.761353,       30.2336120605
746.092102,       30.0132904053
746.422852,       29.8443069458
746.753479,       29.6651763916
747.084229,       29.5241088867
747.414795,       29.4896163940
747.745300,       29.4157714844
748.075806,       29.3124389648
748.406311,       29.2101516724
748.736694,       29.1689453125
749.067078,       29.0867614746
749.397400,       28.9191436768
749.727722,       28.7862777710
750.057861,       28.7402114868
750.388062,       28.6511154175
750.718201,       28.5447463989
751.048279,       28.4263992310
751.378357,       28.3331604004
751.708252,       28.2812957764
752.038208,       28.0450286865
752.368164,       27.9414443970
752.697937,       28.0188598633
753.027832,       28.0002288818
753.357483,       27.9614868164
753.687256,       27.9465484619
754.016907,       27.7335357666
754.346497,       27.6553421021
754.676147,       27.7597961426
755.005493,       27.7968750000
755.335083,       27.7772216797
755.664490,       27.6079483032
755.993835,       27.4986267090
756.323181,       27.5054931641
756.652405,       27.5036621094
756.981689,       27.5443038940
757.310852,       27.6211547852
757.640015,       27.6821289063
757.969177,       27.7791671753
758.298096,       27.8679962158
758.627197,       27.8285598755
758.956116,       27.9913940430
759.284973,       28.1527862549
759.613892,       28.2447662354
759.942627,       28.2568588257
760.271423,       28.3894958496
760.600159,       28.3726043701
760.928772,       28.4848251343
761.257446,       28.5497665405
761.585999,       28.5180892944
761.914490,       28.3702697754
762.242981,       28.3524627686
762.571350,       28.4645919800
762.899841,       28.3006134033
763.228088,       28.3453216553
763.556396,       28.2156982422
763.884644,       28.2370300293
764.212830,       28.1434020996
764.541016,       27.9753265381
764.869080,       27.8719787598
765.197144,       27.7171707153
765.525146,       27.7557525635
765.853088,       27.7425384521
766.181030,       27.5171051025
766.508789,       27.4081420898
766.836670,       27.2758178711
767.164429,       27.0440063477
767.492126,       27.0064239502
767.819824,       26.9459915161
768.147400,       26.7011260986
768.475037,       26.6189270020
768.802490,       26.5197601318
769.130005,       26.2577056885
769.457458,       26.2589340210
769.784790,       26.4166564941
770.112183,       26.3168640137
770.439453,       26.2479095459
770.766663,       26.0231781006
771.093872,       26.0066604614
771.420959,       26.0485916138
771.748108,       26.0587387085
772.075195,       25.9495162964
772.402161,       25.7385940552
772.729126,       25.6267852783
773.055969,       25.6362762451
773.382874,       25.5829315186
773.709717,       25.6502151489
774.036438,       25.8031921387
774.363159,       25.7621383667
774.689758,       25.5973739624
775.016479,       25.7711181641
775.343018,       25.7108764648
775.669495,       25.8372802734
775.996033,       26.0544433594
776.322449,       25.9751129150
776.648865,       25.9778823853
776.975098,       25.8417434692
777.301453,       25.8728866577
777.627686,       25.9766387939
777.953857,       25.9128112793
778.280029,       26.0229110718
778.606079,       25.8170394897
778.932068,       25.9177703857
779.258179,       26.0096435547
779.584045,       26.0512237549
779.909973,       26.0882415771
780.235840,       26.1178741455
780.561646,       26.0300521851
780.887390,       25.9827957153
781.213135,       26.0190505981
781.538757,       26.2128295898
781.864380,       25.3070526123
782.189880,       25.1773681641
782.515442,       25.2360153198
782.840942,       25.1568832397
783.166321,       25.2649612427
783.491699,       25.2920150757
783.817017,       25.5177001953
784.142395,       25.5064163208
784.467529,       25.4160995483
784.792725,       25.4297714233
785.117859,       25.3620986938
785.442932,       25.5312347412
785.768005,       25.5798873901
786.092957,       25.7190704346
786.417908,       25.7075195313
786.742798,       25.8379669189
787.067566,       25.7538757324
787.392456,       25.7961654663
787.717163,       25.8150711060
788.041870,       25.7260742188
788.366577,       25.6884460449
788.691101,       26.6905212402
789.015686,       26.7125854492
789.340149,       26.6122055054
789.664673,       26.5827713013
789.989075,       26.4987716675
790.313354,       26.2640533447
790.637756,       26.1194076538
790.962036,       26.1204223633
791.286194,       26.2102661133
791.610413,       26.2142791748
791.934448,       26.2310028076
792.258606,       26.1769409180
792.582581,       25.8893127441
792.906555,       25.7974700928
793.230530,       25.8865356445
793.554321,       25.7414245605
793.878174,       25.8330612183
794.201965,       25.8954467773
794.525696,       25.8501968384
794.849426,       25.9023590088
795.172974,       25.9292373657
795.496643,       25.8064727783
795.820129,       25.8856735229
796.143616,       25.8370285034
796.467102,       25.8860931396
796.790405,       25.8546142578
797.113831,       26.0429534912
797.437134,       26.0551071167
797.760315,       26.0329055786
798.083618,       26.1224594116
798.406677,       26.1211395264
798.729797,       25.8467254639
799.052856,       25.8833084106
799.375854,       26.1344146729
799.698853,       25.9769592285
800.021729,       25.7194519043
800.344604,       25.7972564697
800.667358,       25.6912078857
800.990112,       25.5915985107
801.312866,       25.6519546509
801.635498,       25.5442886353
801.958191,       25.4986495972
802.280701,       25.6283874512
802.603210,       25.6476745605
802.925781,       25.7576751709
803.248108,       25.6999511719
803.570496,       25.6912460327
803.892822,       25.6246261597
804.215088,       25.5683746338
804.537354,       25.5452575684
804.859436,       25.4869308472
805.181641,       25.5240020752
805.503723,       25.7073516846
805.825745,       25.5627288818
806.147766,       25.4541931152
806.469604,       25.5819549561
806.791504,       25.6348419189
807.113342,       25.5994873047
807.435181,       25.6206359863
807.756897,       25.6800384521
808.078552,       25.6002655029
808.400208,       25.6601409912
808.721802,       25.6507949829
809.043335,       25.6288299561
809.364929,       25.6192779541
809.686279,       25.6388854980
810.007751,       25.7789993286
810.329041,       25.9249191284
810.650330,       26.0499267578
810.971619,       26.1328964233
811.292786,       26.3167953491
811.613953,       26.3823852539
811.935059,       26.5082244873
812.256104,       26.7058105469
812.577148,       26.8578567505
812.898071,       26.9848327637
813.218994,       27.1148452759
813.539795,       27.3136901855
813.860596,       27.3028488159
814.181396,       27.4031600952
814.502136,       27.5082168579
814.822754,       27.5269775391
815.143372,       27.6313781738
815.463928,       27.6909637451
815.784485,       27.6738357544
816.104919,       27.7683715820
816.425354,       27.7510986328
816.745728,       27.6869354248
817.065979,       27.6770019531
817.386353,       27.6605072021
817.706421,       27.5742187500
818.026733,       27.4334793091
818.346863,       27.2383575439
818.666809,       27.0500335693
818.986938,       26.8459472656
819.306824,       26.9804763794
819.626770,       26.9109649658
819.946716,       26.7232360840
820.266479,       26.7269134521
820.586304,       26.8599319458
820.905945,       26.8060150146
821.225647,       26.6717681885
821.545349,       26.5791473389
821.864868,       26.6039276123
822.184448,       26.4947204590
822.503845,       26.4218139648
822.823364,       26.3359069824
823.142761,       26.2595520020
823.462036,       26.2644805908
823.781372,       26.2706985474
824.100525,       26.2592468262
824.419800,       26.4464263916
824.738953,       26.4394302368
825.057922,       26.4974594116
825.377014,       26.5433731079
825.695984,       26.5049972534
826.014954,       26.4418869019
826.333862,       26.5178756714
826.652649,       26.5847625732
826.971497,       26.4511489868
827.290100,       26.1903457642
827.608887,       26.0972595215
827.927612,       25.9923400879
828.246094,       26.1467742920
828.564697,       26.1320114136
828.883118,       26.2294464111
829.201599,       26.3625411987
829.520020,       26.3781280518
829.838318,       26.4387512207
830.156616,       26.5040359497
830.474854,       26.4661712646
830.793091,       26.4826354980
831.111267,       26.4852752686
831.429260,       26.6012039185
831.747437,       26.6540222168
832.065308,       26.6361618042
832.383362,       26.6403656006
832.701233,       26.4817123413
833.019043,       26.4182052612
833.336914,       26.4541549683
833.654663,       26.4708709717
833.972351,       26.5940704346
834.289978,       26.4331817627
834.607483,       26.4481506348
834.925171,       26.4192733765
835.242676,       26.3741302490
835.560059,       26.3059539795
835.877502,       26.2777404785
836.194763,       26.2973556519
836.512146,       26.2939376831
836.829468,       26.1067810059
837.146545,       26.0207061768
837.463745,       26.0845184326
837.780823,       25.9364471436
838.097900,       25.8161163330
838.414917,       25.5373840332
838.731873,       25.4923706055
839.048828,       25.5541687012
839.365540,       25.6050872803
839.682434,       25.6515350342
839.999207,       25.5768356323
840.315857,       25.5117187500
840.632568,       25.4710083008
840.949097,       25.6295318604
841.265747,       25.6427917480
841.582275,       25.4999313354
841.898682,       25.3531951904
842.215088,       25.2546081543
842.531433,       25.2054748535
842.847778,       25.2056274414
843.164063,       25.1437835693
843.480164,       25.1163406372
843.796387,       25.2043762207
844.112427,       25.0323715210
844.428528,       24.9588928223
844.744568,       24.8530807495
845.060486,       25.0024871826
845.376404,       25.0719757080
845.692200,       25.0928497314
846.008057,       25.0341491699
846.323853,       24.8501586914
846.639465,       24.9104080200
846.955139,       24.9449157715
847.270691,       24.9063339233
847.586304,       24.8866500854
847.901855,       24.9513854980
848.217224,       25.0225067139
848.532715,       25.0909805298
848.847961,       25.0149383545
849.163330,       25.0224761963
849.478638,       24.9087066650
849.793823,       24.7841720581
850.108948,       24.8524856567
850.424011,       24.6228027344
850.739136,       24.6566085815
851.054199,       24.8101501465
851.369019,       24.9829559326
851.684021,       25.0927124023
851.998779,       25.0280609131
852.313660,       24.9313812256
852.628418,       24.9338378906
852.943054,       24.8780899048
853.257751,       24.8039398193
853.572327,       24.7835311890
853.886841,       24.9166564941
854.201477,       24.8657684326
854.515808,       24.8005828857
854.830261,       24.7138519287
855.144592,       24.6512145996
855.458862,       24.8780517578
855.773193,       24.8208312988
856.087280,       24.8704452515
856.401489,       24.9609146118
856.715515,       24.8492279053
857.029602,       24.8506011963
857.343628,       24.9217681885
857.657532,       24.8666152954
857.971497,       24.8537139893
858.285278,       24.7928314209
858.599121,       24.7622604370
858.912903,       24.8869171143
859.226501,       24.8217773438
859.540222,       24.8300781250
859.853699,       24.7424545288
860.167297,       24.7369689941
860.480896,       24.5421447754
860.794250,       24.5731811523
861.107666,       24.5596923828
861.420959,       24.7079925537
861.734314,       24.6805496216
862.047546,       24.6612472534
862.360657,       24.6004943848
862.673889,       24.5725479126
862.986938,       24.5032806396
863.299988,       24.6028900146
863.613037,       24.4959335327
863.925903,       24.3477020264
864.238831,       24.1398315430
864.551575,       24.0958099365
864.864380,       24.0979309082
865.177185,       24.1884460449
865.489807,       24.0300292969
865.802490,       24.0934448242
866.114990,       24.1159057617
866.427612,       24.0175781250
866.740112,       24.0563659668
867.052429,       24.1136550903
867.364868,       24.2043685913
867.677124,       24.1525421143
867.989502,       23.9888458252
868.301758,       23.9427413940
868.613831,       23.8877487183
868.926025,       23.9788360596
869.238159,       24.0200347900
869.550049,       24.1523590088
869.862122,       24.0787658691
870.173950,       24.2095031738
870.485901,       24.3350448608
870.797791,       24.4987030029
871.109497,       24.3608474731
871.421204,       24.4242172241
871.732849,       24.3210754395
872.044495,       24.4001007080
872.356079,       24.4422225952
872.667542,       24.5402984619
872.979065,       24.7429809570
873.290344,       24.6837310791
873.601807,       24.7402572632
873.913147,       24.5834274292
874.224304,       24.5792694092
874.535645,       24.7443237305
874.846741,       24.7184371948
875.157837,       24.5756454468
875.468994,       24.3740005493
875.779907,       24.4038925171
876.090881,       24.3388442993
876.401733,       24.3198242188
876.712646,       24.3265914917
877.023499,       24.2452621460
877.334167,       24.2330322266
877.644897,       24.2808303833
877.955505,       24.2585906982
878.266113,       24.3059768677
878.576721,       24.2958145142
878.887146,       24.1667633057
879.197571,       24.1331100464
879.507996,       24.0286941528
879.818298,       24.0112915039
880.128662,       23.7614974976
880.438843,       23.8227386475
880.749084,       23.7777862549
881.059143,       23.4178085327
881.369263,       23.5269546509
881.679382,       23.7388687134
881.989258,       23.8327789307
882.299194,       23.7246017456
882.609070,       23.7120742798
882.918945,       23.7626953125
883.228760,       23.8366546631
883.538452,       23.9322662354
883.848145,       23.8803710938
884.157654,       23.9168243408
884.467285,       23.8056793213
884.776917,       23.7812500000
885.086243,       23.7698669434
885.395813,       23.8425979614
885.705017,       23.8536682129
886.014404,       23.8934249878
886.323730,       23.9263458252
886.632874,       24.0710449219
886.942078,       23.9989700317
887.251160,       24.0614013672
887.560242,       24.4013977051
887.869263,       24.4388885498
888.178162,       24.3443832397
888.487122,       22.5543594360
888.795898,       22.6440505981
889.104797,       22.6206741333
889.413513,       22.6978073120
889.722168,       22.6607055664
890.030884,       22.6083068848
890.339417,       22.6113281250
890.648010,       22.6684112549
890.956543,       22.8245162964
891.264893,       22.8951416016
891.573364,       22.9464340210
891.881653,       22.9794540405
892.189941,       22.9666671753
892.498230,       22.9105529785
892.806335,       22.8345870972
893.114502,       22.8687744141
893.422546,       22.9789199829
893.730652,       22.9558944702
894.038696,       22.8670501709
894.346497,       22.9438705444
894.654419,       22.7884979248
894.962158,       24.7972564697
895.270020,       24.8082427979
895.577759,       24.8680343628
895.885376,       24.7940979004
896.192993,       24.9929504395
896.500549,       24.9661102295
896.808044,       25.0912780762
897.115601,       24.9494705200
897.422913,       24.7687911987
897.730347,       24.7094268799
898.037598,       24.5444259644
898.344910,       24.4625167847
898.652161,       24.5036315918
898.959167,       24.4868011475
899.266418,       24.5207519531
899.573364,       24.4787292480
899.880371,       24.5823440552
900.187378,       24.6964187622
900.494202,       24.8431854248
900.801086,       24.8115844727
901.107788,       25.0085525513
901.414612,       25.0706710815
901.721375,       25.1559371948
902.027832,       25.1140594482
902.334534,       25.1938934326
902.641113,       24.9785156250
902.947510,       25.0163116455
903.253967,       24.9191513062
903.560242,       25.1130065918
903.866638,       25.2818222046
904.172974,       25.3203582764
904.479126,       25.5320281982
904.785278,       25.6799316406
905.091370,       25.6898880005
905.397461,       25.8082504272
905.703552,       25.7933578491
906.009399,       25.8009490967
906.315369,       25.5818176270
906.621155,       25.6692352295
906.927002,       25.7105102539
907.232788,       25.6366424561
907.538452,       25.5854721069
907.844116,       25.5028839111
908.149658,       25.4422454834
908.455200,       25.5761871338
908.760803,       25.5325241089
909.066162,       25.4992904663
909.371582,       25.4418106079
909.676880,       25.4977569580
909.982178,       25.3882141113
910.287476,       25.3714675903
910.592529,       25.3872833252
910.897705,       25.1381835938
911.202759,       25.0386047363
911.507813,       24.9185791016
911.812805,       24.9245300293
912.117676,       25.0739593506
912.422546,       25.1262588501
912.727356,       25.2157745361
913.032104,       25.0981903076
913.336853,       24.9608459473
913.641479,       24.9647750854
913.946106,       25.0538024902
914.250610,       24.8560943604
914.555115,       24.7207641602
914.859619,       24.6145019531
915.163940,       24.6462783813
915.468323,       24.6410903931
915.772583,       24.7026672363
916.076843,       24.7469940186
916.381104,       24.7249221802
916.685120,       24.6847381592
916.989258,       24.6113281250
917.293213,       24.6345520020
917.597290,       24.2524185181
917.901184,       23.9162139893
918.205017,       23.7580032349
918.508850,       23.6857833862
918.812561,       23.6426467896
919.116333,       23.5832748413
919.420044,       23.5912551880
919.723572,       23.3017883301
920.027222,       23.2664031982
920.330627,       23.2624206543
920.634094,       23.3486328125
920.937561,       23.4754333496
921.240784,       23.3100433350
921.544189,       23.2623138428
921.847351,       23.1829986572
922.150574,       22.8906936646
922.453735,       22.7124557495
922.756775,       22.7128219604
923.059875,       22.7320098877
923.362793,       22.6061935425
923.665771,       22.5439147949
923.968689,       22.8551406860
924.271362,       23.3221817017
924.574219,       23.4302062988
924.876892,       23.4713897705
925.179565,       23.2808303833
925.482239,       23.3681182861
925.784729,       23.1704330444
926.087280,       23.4608383179
926.389648,       23.4125976563
926.692078,       23.5428848267
926.994507,       23.6529235840
927.296692,       23.6900405884
927.599060,       23.7470016479
927.901123,       23.7812042236
928.203308,       23.9889450073
928.505432,       24.2320785522
928.807434,       24.3381958008
929.109436,       24.3771820068
929.411316,       24.3302917480
929.713196,       24.5473175049
930.015015,       24.7779846191
930.316711,       24.8798751831
930.618530,       24.8732681274
930.920105,       24.8631744385
931.221802,       24.5497894287
931.523315,       24.8090057373
931.824829,       24.9596557617
932.126282,       24.9691467285
932.427612,       24.9987792969
932.729004,       25.1464004517
933.030334,       25.0611267090
933.331482,       24.9012069702
933.632751,       24.7465972900
933.933777,       24.8509674072
934.234924,       24.7798690796
934.536011,       24.7634048462
934.836914,       24.6598205566
935.137878,       24.7155303955
935.438660,       24.6372299194
935.739502,       24.6356582642
936.040344,       24.5640640259
936.340942,       24.4368362427
936.641663,       24.4280700684
936.942383,       24.3548583984
937.242798,       24.1862945557
937.543335,       24.4761886597
937.843750,       24.3619461060
938.144165,       24.2258453369
938.444580,       24.2916259766
938.744751,       24.3108825684
939.045044,       24.2322998047
939.345154,       23.9783325195
939.645325,       23.9621963501
939.945435,       23.8104171753
940.245361,       23.7271118164
940.545410,       23.7016601563
940.845215,       23.6303482056
941.145142,       23.5741271973
941.445007,       23.4473266602
941.744629,       23.5437164307
942.044434,       23.4971008301
942.343994,       23.5839233398
942.643677,       23.7271728516
942.943237,       23.5258026123
943.242676,       23.3300628662
943.542114,       23.0818176270
943.841431,       23.0361557007
944.140808,       23.2463531494
944.440125,       22.9864501953
944.739258,       22.8367004395
945.038513,       22.6904754639
945.337524,       22.4539947510
945.636597,       22.4226913452
945.935669,       22.5439453125
946.234558,       22.8244781494
946.533508,       22.7584381104
946.832275,       22.4120788574
947.131165,       22.2983245850
947.429932,       22.4913482666
947.728516,       22.5723419189
948.027222,       22.3465347290
948.325745,       21.3447341919
948.624329,       20.7057037354
948.922852,       20.7197265625
949.221191,       20.7168731689
949.519592,       20.4293823242
949.817810,       20.8014526367
950.116150,       20.5083160400
950.414368,       20.3373565674
950.712463,       20.3740615845
951.010620,       20.5898132324
951.308594,       20.6554718018
951.606628,       20.6486816406
951.904602,       20.3474121094
952.202454,       20.1784057617
952.500305,       19.0142822266
952.798035,       18.8036346436
953.095825,       18.8523330688
953.393494,       18.9264602661
953.691040,       18.6202239990
953.988647,       18.1417541504
954.286133,       18.0295562744
954.583618,       18.9693603516
954.881042,       19.5525054932
955.178345,       19.2216033936
955.475647,       18.9392929077
955.772827,       19.0606994629
956.070068,       19.0348739624
956.367310,       19.1538696289
956.664307,       19.0862503052
956.961365,       18.8252105713
957.258240,       18.6443176270
957.555176,       17.9309463501
957.852112,       17.9014434814
958.148865,       18.0616149902
958.445679,       17.9809570313
958.742310,       19.0675811768
959.039001,       19.2413406372
959.335632,       19.3189392090
959.632141,       18.8876342773
959.928650,       18.9097595215
960.224976,       19.0769577026
960.521484,       18.6438217163
960.817871,       18.5576095581
961.114014,       18.2079772949
961.410339,       18.2148284912
961.706421,       18.3908691406
962.002563,       18.5669708252
962.298645,       18.1115188599
962.594604,       17.7549057007
962.890564,       17.4320831299
963.186401,       14.8133316040
963.482300,       14.4664916992
963.778137,       14.8353271484
964.073792,       15.0963745117
964.369568,       15.1557235718
964.665100,       15.0872192383
964.960693,       14.4412384033
965.256287,       13.8674011230
965.551697,       13.9139862061
965.847168,       14.1278152466
966.142395,       14.0476150513
966.437744,       13.7117156982
966.733032,       14.0349884033
967.028198,       13.9674835205
967.323364,       13.7164764404
967.618408,       13.7081146240
967.913513,       13.0277862549
968.208496,       12.5338897705
968.503357,       12.7720947266
968.798279,       12.5840148926
969.093018,       12.4063720703
969.387817,       15.5853424072
969.682556,       15.9503173828
969.977173,       16.0355148315
970.271790,       15.0327453613
970.566406,       14.5372695923
970.860779,       14.5956878662
971.155334,       14.8675994873
971.449646,       15.4184417725
971.743958,       15.2745742798
972.038330,       14.7295837402
972.332458,       14.4936676025
972.626648,       14.6530151367
972.920715,       14.7233123779
973.214844,       14.3179168701
973.508911,       14.1780853271
973.802734,       13.7339324951
974.096741,       13.6480865479
974.390442,       13.7011108398
974.684265,       13.5699386597
974.978088,       13.8865203857
975.271667,       14.0689392090
975.565369,       13.8808898926
975.858826,       13.4678878784
976.152405,       12.9822998047
976.445923,       13.7178115845
976.739258,       13.9157257080
977.032654,       13.5250778198
977.325867,       13.2427673340
977.619202,       12.6914367676
977.912415,       11.8826904297
978.205505,       12.1752166748
978.498596,       12.0238494873
978.791504,       11.7245559692
979.084534,       11.2395095825
979.377563,       11.5567169189
979.670288,       11.3625106812
979.963196,       11.2876434326
980.255859,       11.2679138184
980.548584,       11.3174285889
980.841309,        9.2703781128
981.133850,        8.7473983765
981.426392,        7.9462127686
981.718811,        7.8744659424
982.011292,        8.0776443481
982.303650,        7.9264373779
982.595886,        7.5291671753
982.888245,        7.2598266602
983.180359,        7.1887512207
983.472595,        6.8471527100
983.764709,        7.0593338013
984.056641,        7.6990966797
984.348755,        7.4932327271
984.640625,        7.0084381104
984.932495,        6.9056777954
985.224365,        6.8911285400
985.516052,        6.4031066895
985.807861,        6.4705429077
986.099426,        5.5840606689
986.391052,        5.8013916016
986.682678,        5.4876251221
986.974121,        7.2341766357
987.265625,        7.5550231934
987.556885,        7.6793365479
987.848328,        7.5550384521
988.139648,        6.9525146484
988.430786,        6.6738433838
988.721985,        5.8704071045
989.013000,        5.8797454834
989.304138,        5.1649017334
989.595215,        4.4225769043
989.886047,        3.8543167114
990.177002,        2.5520553589
990.467834,        2.2148742676
990.758606,        2.5574340820
991.049377,        2.2313766479
991.339966,        0.7797393799
991.630676,        0.5971145630
991.921143,        0.5088653564
992.211670,        0.0752029419
992.502197,       -0.3333129883
992.792542,       -0.4221496582
993.082886,       -0.1261596680
993.373169,       -0.5317687988
993.663452,       -0.3401794434
993.953613,       -0.8222503662
994.243713,       -0.7161712646
994.533813,       -0.3805236816
994.823792,       -0.2679672241
995.113770,       -0.3589324951
995.403687,       -0.1153717041
995.693481,        0.7412872314
995.983337,        1.1048889160
996.273010,        1.8844451904
996.562744,        2.4100494385
996.852417,        1.5495300293
997.141907,        1.6209869385
997.431458,        3.0986022949
997.720886,        2.9244232178
998.010315,        2.7224578857
998.299744,        4.2930908203
998.588928,        4.9115524292
998.878296,        4.8944702148
999.167419,        4.5807495117
999.456543,        3.6952056885
999.745667,        3.5791778564
1000.034607,        3.8065338135
1000.323669,        3.6967468262
1000.612488,        2.7109832764
1000.901367,        3.0256500244
1001.190247,        2.7901306152
1001.478882,        2.6870117188
1001.767639,        1.7343063354
1002.056335,        1.6517333984
1002.344849,        1.4914855957
1002.633423,        0.7470855713
1002.921814,        1.2529907227
1003.210266,        1.5708770752
1003.498657,        1.0446777344
1003.786926,        0.8989868164
1004.075256,        0.2308959961
1004.363342,       -0.4057693481
1004.651489,       -0.5089111328
1004.939697,       -1.1274108887
1005.227600,       -2.0705871582
1005.515686,       -2.2100524902
1005.803467,       -3.1144714355
1006.091370,       -3.0525665283
1006.379272,       -3.8845977783
1006.666870,       -3.6200332642
1006.954712,       -3.4224700928
1007.242188,       -3.4771575928
1007.529907,       -4.2752990723
1007.817444,       -3.8117218018
1008.104858,       -5.4182434082
1008.392334,       -5.3259048462
1008.679565,       -6.0012054443
1008.966980,       -6.7372131348
1009.254272,       -7.2895355225
1009.541382,       -7.5474548340
1009.828613,       -7.6713180542
1010.115601,       -7.1299438477
1010.402649,       -7.1428833008
1010.689697,       -7.8499069214
1010.976563,       -8.1039123535
1011.263489,       -9.0064544678
1011.550171,       -9.0049896240
1011.837036,       -8.7526092529
1012.123657,       -9.5844116211
1012.410278,      -10.3383789063
1012.696899,      -10.8950042725
1012.983337,      -11.7303161621
1013.269897,      -12.6726150513
1013.556396,      -12.6508331299
1013.842651,      -13.3037338257
1014.129028,      -13.2844543457
1014.415161,      -14.2608032227
1014.701477,      -14.6307983398
1014.987671,      -16.1114044189
1015.273560,      -16.4266128540
1015.559692,      -16.9459228516
1015.845581,      -17.3060150146
1016.131592,      -18.2907714844
1016.417542,      -19.5319519043
1016.703247,      -20.0991210938
1016.989014,      -20.5273132324
1017.274658,      -20.4066772461
1017.560303,      -21.5985412598
1017.845947,      -21.8466339111
1018.131409,      -22.5454177856
1018.416870,      -22.2194976807
1018.702271,      -22.2477493286
1018.987671,      -22.8897399902
1019.272949,      -24.1675262451
1019.558228,      -25.5071105957
1019.843445,      -25.7073745728
1020.128540,      -25.2117309570
1020.413574,      -25.1335830688
1020.698608,      -25.3257980347
1020.983521,      -24.0766296387
1021.268555,      -25.7330780029
1021.553284,      -26.6304321289
1021.838135,      -27.7166213989
1022.122925,      -28.4292449951
1022.407593,      -41.5168457031
1022.692261,      -18.5543060303
1022.976807,       -9.2172698975
1023.261292,      -16.2212066650
1023.545837,      -23.4204559326
1023.830200,      -24.4234466553
1024.114624,      -39.3075256348
1024.398804,      -34.6970214844
1024.683105,      -32.7220153809
1024.967285,      -33.8798522949
