340.270844,      100.0000000000
340.648560,      100.0000000000
341.026306,    -1868.4401855469
341.403961,    -1351.5152587891
341.781616,     3294.2983398438
342.159210,     2444.0026855469
342.536743,      -43.2106323242
342.914307,      -87.8857574463
343.291779,      -34.8731231689
343.669250,      100.0000000000
344.046661,      -34.5054016113
344.424042,      -30.7789611816
344.801422,      -29.4466552734
345.178711,      -35.0688323975
345.556000,      -42.2846984863
345.933258,      -49.1388854980
346.310486,      -54.9628601074
346.687622,      -54.9931030273
347.064758,      -56.4327239990
347.441895,      -55.5356597900
347.818939,      -54.1532745361
348.195953,      -51.4706726074
348.572937,      -51.6794128418
348.949890,      -55.7868957520
349.326843,      -59.6712341309
349.703735,      -60.5517578125
350.080597,      -59.7997131348
350.457397,      -59.7814636230
350.834198,      -56.2545318604
351.210968,      -53.7226257324
351.587646,      -53.0795135498
351.964325,      -51.6276245117
352.340942,      -52.1648864746
352.717560,      -57.9359436035
353.094147,      -59.1231079102
353.470673,      -57.3771972656
353.847168,      -56.4132690430
354.223602,      -56.4571228027
354.600037,      -56.8453063965
354.976440,      -53.6882019043
355.352783,      -56.1864318848
355.729126,      -61.0735473633
356.105408,      -61.8143005371
356.481628,      -84.1482391357
356.857849,      -82.8030853271
357.234009,      -79.6957092285
357.610168,      -79.7090759277
357.986267,      -77.0302124023
358.362366,      -77.2258911133
358.738373,      -76.2921142578
359.114349,      -77.3951873779
359.490326,      -75.8216247559
359.866241,      -72.2931976318
360.242157,      -73.0908813477
360.617981,      -67.7514495850
360.993805,      -65.8624877930
361.369568,      -69.3092651367
361.745331,      -69.4701232910
362.121033,      -71.4629211426
362.496704,      -70.6873474121
362.872314,      -69.0192413330
363.247925,      -68.7363281250
363.623505,      -62.7457580566
363.999023,      -58.6869201660
364.374542,      -32.5314178467
364.750000,      -29.8427429199
365.125397,      -28.1231536865
365.500763,      -28.5634460449
365.876160,      -28.9743041992
366.251434,      -30.1789398193
366.626740,      -30.1129150391
367.001953,      -32.5848999023
367.377136,      -34.3747558594
367.752350,      -36.0976867676
368.127472,      -38.4394226074
368.502594,      -37.6606903076
368.877625,      -34.9552459717
369.252625,      -31.2842102051
369.627625,      -30.6797790527
370.002563,      -25.4126281738
370.377502,      -28.1780090332
370.752380,      -27.0522384644
371.127228,      -27.5590362549
371.502014,      -28.4299926758
371.876770,      -31.1464996338
372.251526,      -30.2477874756
372.626221,      -30.3211669922
373.000885,      -31.6651306152
373.375488,      -31.3238983154
373.750092,      -32.1258697510
374.124664,      -28.6856994629
374.499146,      -30.5017242432
374.873627,      -29.9867858887
375.248108,      -29.1083068848
375.622467,      -33.5843505859
375.996887,      -34.9670410156
376.371185,      -34.8249816895
376.745483,      -36.0233612061
377.119751,      -37.8209686279
377.493958,      -38.3784637451
377.868195,      -38.4650726318
378.242310,      -35.2697143555
378.616394,      -41.4762878418
378.990540,      -39.9523925781
379.364563,      -43.3409423828
379.738556,      -43.8119354248
380.112518,      -41.5236511230
380.486481,      -39.9792175293
380.860352,      -39.6228027344
381.234192,      -39.6995849609
381.608063,      -35.4100952148
381.981812,      -35.3100128174
382.355591,      -31.2716979980
382.729309,      -29.8013000488
383.102966,      -28.1588287354
383.476624,      -23.7768859863
383.850220,      -19.3527526855
384.223816,      -20.6188659668
384.597321,      -21.3111572266
384.970856,      -21.1931762695
385.344299,      -17.6601943970
385.717682,      -18.0166015625
386.091125,      -19.9510879517
386.464447,      -12.3350524902
386.837769,      -11.1070709229
387.211029,       -7.4070434570
387.584290,       -5.0509643555
387.957489,       -5.3028869629
388.330627,       -3.5856323242
388.703766,       -2.6071624756
389.076874,       -1.3856506348
389.449921,       -6.4158020020
389.822937,       -4.1343383789
390.195923,       -6.1515197754
390.568878,       -7.8434371948
390.941772,       -6.4819717407
391.314636,       -1.5811614990
391.687500,       -1.0375823975
392.060272,       -0.4833526611
392.433075,        0.8278656006
392.805756,        4.7790527344
393.178436,        5.3692092896
393.551117,        2.4256057739
393.923737,        4.9081649780
394.296326,        5.2417678833
394.668854,        7.5251159668
395.041321,        6.7628326416
395.413849,        5.5640106201
395.786255,        2.7782440186
396.158630,        2.0806579590
396.531006,       -0.5208969116
396.903320,        0.7006378174
397.275604,        1.2521743774
397.647827,        1.4290084839
398.020050,       -0.8896331787
398.392212,        2.8386993408
398.764343,        3.0258636475
399.136444,        2.3631057739
399.508514,       -1.9687957764
399.880554,       -0.4944915771
400.252533,       -1.3660888672
400.624512,       -4.5133666992
400.996399,       -5.3387680054
401.368286,       -1.9091186523
401.740112,       -0.1998138428
402.111908,        1.0407485962
402.483673,        1.0395355225
402.855408,        1.9362792969
403.227081,        3.3425750732
403.598755,        7.9087371826
403.970367,        8.4363632202
404.341980,        5.0617980957
404.713501,        4.2786178589
405.085022,        3.6663436890
405.456482,        3.4611282349
405.827911,        8.6776580811
406.199310,       11.0395965576
406.570648,        9.6219406128
406.942017,        9.2870178223
407.313263,       14.5949935913
407.684509,       14.2078399658
408.055725,       15.9723281860
408.426880,       16.6883697510
408.798035,        9.7387008667
409.169128,       11.1392135620
409.540161,        8.1581115723
409.911224,        8.5735626221
410.282196,        9.2549133301
410.653137,       10.6962890625
411.024048,       11.5566635132
411.394897,       11.9720001221
411.765747,       12.3289337158
412.136536,       17.5522308350
412.507324,       11.3032073975
412.878052,       12.1745681763
413.248718,       10.6334838867
413.619385,       10.7065505981
413.989990,        9.4619598389
414.360565,       11.0594558716
414.731110,       11.7671661377
415.101563,       11.7005310059
415.472076,       14.0976333618
415.842468,       15.0765762329
416.212891,        7.3772735596
416.583221,       13.8638916016
416.953522,       14.1982879639
417.323792,       18.4104690552
417.694031,       16.1064453125
418.064240,       15.1433258057
418.434418,       13.9428482056
418.804535,       12.6146316528
419.174622,       12.8287353516
419.544678,       14.8071899414
419.914673,       15.4926605225
420.284668,       22.1639709473
420.654572,       23.6368408203
421.024475,       26.5413818359
421.394348,       24.9489898682
421.764191,       25.2497024536
422.133972,       25.5005950928
422.503693,       25.4921875000
422.873444,       27.0779953003
423.243134,       26.6729278564
423.612762,       26.3755798340
423.982330,       38.0396080017
424.351929,       37.6483459473
424.721436,       36.8621139526
425.090942,       37.5190849304
425.460358,       39.9914932251
425.829773,       41.9788894653
426.199158,       44.6286430359
426.568481,       47.7719039917
426.937775,       48.7781295776
427.307037,       47.7810974121
427.676239,       47.9647102356
428.045441,       47.5529937744
428.414581,       49.1822967529
428.783722,       49.0643844604
429.152802,       50.6176910400
429.521790,       48.7618865967
429.890839,       49.5306930542
430.259766,       51.5144500732
430.628693,       49.3509826660
430.997589,       49.9024353027
431.366425,       49.2329177856
431.735229,       48.0085945129
432.104004,       47.8953247070
432.472748,       49.0130424500
432.841431,       49.3419036865
433.210052,       49.7401046753
433.578705,       50.3431015015
433.947266,       49.5558929443
434.315826,       50.5074081421
434.684326,       51.1170692444
435.052765,       50.8781585693
435.421204,       48.9695739746
435.789612,       50.9103927612
436.157959,       50.9951095581
436.526276,       51.5392913818
436.894531,       49.0296249390
437.262756,       52.7081069946
437.630951,       51.8867111206
437.999146,       52.0425109863
438.367249,       52.6596069336
438.735321,       52.9907989502
439.103394,       54.6734771729
439.471405,       54.6566963196
439.839386,       29.1594467163
440.207306,       28.6586380005
440.575195,       26.1558837891
440.943054,       27.1490631104
441.310883,       26.5847625732
441.678680,       25.7863006592
442.046387,       25.6183624268
442.414093,       24.9242095947
442.781799,       25.5534896851
443.149414,       27.1067199707
443.516998,       27.1630859375
443.884552,       27.3750457764
444.252045,       28.2029800415
444.619537,       31.4146347046
444.987000,       30.7932434082
445.354401,       32.4947357178
445.721710,       33.1584625244
446.089081,       34.4789733887
446.456360,       34.7945175171
446.823608,       35.1200714111
447.190826,       36.0145721436
447.557953,       60.6460990906
447.925110,       61.9137344360
448.292175,       64.9138641357
448.659271,       64.4749450684
449.026276,       66.0235671997
449.393250,       67.1471252441
449.760193,       66.7047348022
450.127075,       68.0214614868
450.493958,       69.0009307861
450.860779,       70.3603668213
451.227570,       71.0527877808
451.594330,       71.0631790161
451.960999,       69.9722137451
452.327698,       69.6025466919
452.694336,       69.8322601318
453.060913,       69.9417495728
453.427490,       70.4870834351
453.793976,       70.4790649414
454.160492,       71.2059783936
454.526917,       46.0255622864
454.893311,       46.0554809570
455.259674,       47.0932617188
455.626007,       47.2101783752
455.992310,       47.1649322510
456.358551,       48.1504859924
456.724731,       47.7509918213
457.090912,       48.3107757568
457.457031,       49.1822624207
457.823151,       49.4133758545
458.189209,       49.8891868591
458.555206,       50.2088165283
458.921173,       49.9357910156
459.287109,       50.7330436707
459.653015,       51.3230323792
460.018890,       52.1617698669
460.384705,       53.0614700317
460.750519,       52.1925125122
461.116241,       52.6808242798
461.481964,       52.9401855469
461.847626,       52.8708915710
462.213226,       74.0102310181
462.578827,       74.6855545044
462.944427,       75.0899200439
463.309906,       75.1053085327
463.675385,       75.5998840332
464.040802,       75.7699737549
464.406219,       76.4994735718
464.771606,       77.1672592163
465.136902,       77.3206939697
465.502197,       77.3612213135
465.867462,       77.0801925659
466.232635,       77.4660186768
466.597839,       77.4988708496
466.962921,       77.4409484863
467.328003,       77.7323455811
467.693054,       77.7932128906
468.058075,       77.8935546875
468.423035,       79.0434799194
468.787994,       78.2452697754
469.152863,       78.1877365112
469.517700,       77.9933090210
469.882538,       78.2066955566
470.247314,       78.6755065918
470.612061,       77.6120071411
470.976746,       78.0090866089
471.341431,       77.5720138550
471.706024,       77.5667800903
472.070618,       77.3499755859
472.435181,       77.5804748535
472.799622,       77.6415252686
473.164124,       77.6038818359
473.528534,       78.1353149414
473.892975,       77.9558410645
474.257294,       78.5436553955
474.621582,       79.2005691528
474.985870,       79.5448455811
475.350098,       79.1715164185
475.714325,       79.5131607056
476.078461,       79.8717346191
476.442535,       80.3043975830
476.806641,       81.0312423706
477.170685,       81.5511169434
477.534668,       81.9952850342
477.898621,       82.2179870605
478.262512,       82.7110137939
478.626404,       82.0240631104
478.990265,       82.6429977417
479.354065,       82.8775634766
479.717834,       83.1492462158
480.081512,       82.8779602051
480.445221,       82.9337005615
480.808899,       83.2182617188
481.172485,       82.8346710205
481.536041,       83.0934906006
481.899567,       83.1439590454
482.263062,       83.3125305176
482.626526,       83.2384948730
482.989929,       83.6548156738
483.353271,       83.4401321411
483.716583,       83.3994903564
484.079895,       83.6870193481
484.443146,       83.6146926880
484.806366,       83.7696456909
485.169525,       83.6818389893
485.532654,       83.7863693237
485.895752,       84.2218017578
486.258820,       84.9349136353
486.621857,       84.7754440308
486.984802,       84.5916748047
487.347748,       84.5537109375
487.710663,       84.8811950684
488.073517,       85.2555999756
488.436340,       85.3566436768
488.799072,       85.6241760254
489.161835,       85.8563919067
489.524536,       86.2143630981
489.887238,       86.2381896973
490.249847,       86.4545364380
490.612396,       86.5183868408
490.974915,       86.7430114746
491.337433,       87.1297454834
491.699921,       87.1406021118
492.062347,       87.0351562500
492.424713,       87.0183715820
492.787079,       87.2336349487
493.149353,       86.5815429688
493.511658,       86.7681503296
493.873871,       86.8680725098
494.236053,       86.8687210083
494.598206,       86.9438095093
494.960297,       86.9527740479
495.322388,       86.8944625854
495.684418,       85.8749084473
496.046356,       86.0927810669
496.408325,       86.3698730469
496.770264,       86.3525924683
497.132141,       86.2965393066
497.493958,       86.2477645874
497.855713,       86.1256866455
498.217499,       86.1678695679
498.579193,       86.2019348145
498.940887,       86.1900405884
499.302490,       86.2786407471
499.664093,       86.3256683350
500.025635,       86.4109344482
500.387177,       86.3667984009
500.748627,       87.0745697021
501.110077,       86.8858108521
501.471436,       86.8403396606
501.832825,       87.0170974731
502.194153,       87.1323471069
502.555389,       87.1462326050
502.916626,       86.9351196289
503.277802,       87.6432571411
503.638977,       87.4355316162
504.000092,       87.2574234009
504.361176,       87.0892639160
504.722198,       86.9715118408
505.083160,       86.9855194092
505.444153,       87.0967483521
505.805084,       87.1550598145
506.165924,       87.1672210693
506.526764,       87.1092605591
506.887543,       86.7501983643
507.248322,       86.6689910889
507.609070,       86.6163940430
507.969727,       86.6378555298
508.330322,       86.4230804443
508.690918,       86.5962219238
509.051514,       86.5958862305
509.412018,       86.5590209961
509.772491,       86.5506210327
510.132904,       86.4734344482
510.493286,       86.4906616211
510.853699,       86.6430511475
511.213989,       86.7428894043
511.574280,       86.7713012695
511.934509,       86.8894195557
512.294678,       86.9197235107
512.654846,       86.9611206055
513.014954,       87.0156173706
513.375061,       86.6737899780
513.735046,       86.4054031372
514.095032,       86.5434112549
514.455078,       86.6870727539
514.814941,       86.8520584106
515.174805,       86.9231719971
515.534607,       86.9208526611
515.894409,       86.9821319580
516.254211,       85.4057769775
516.613892,       85.2090148926
516.973572,       85.0972595215
517.333130,       85.0324478149
517.692749,       85.1096267700
518.052368,       85.2212219238
518.411865,       85.1079711914
518.771301,       85.1585311890
519.130737,       85.0879364014
519.490173,       84.9675445557
519.849548,       84.8974456787
520.208801,       84.8396224976
520.568054,       84.6487884521
520.927307,       84.9061737061
521.286499,       85.0805206299
521.645691,       84.8840484619
522.004822,       84.8665618896
522.363831,       84.7459564209
522.722839,       84.6761627197
523.081848,       84.2399444580
523.440796,       84.1660919189
523.799744,       85.3893585205
524.158569,       85.5844268799
524.517395,       85.7349014282
524.876160,       85.7401199341
525.234924,       85.6757812500
525.593628,       85.6740188599
525.952271,       85.4771804810
526.310913,       85.3539886475
526.669495,       85.2466506958
527.028076,       85.2857131958
527.386536,       85.1840209961
527.744995,       85.0976486206
528.103394,       85.0768203735
528.461792,       84.8856201172
528.820129,       84.7800827026
529.178406,       84.7547607422
529.536743,       84.3957519531
529.894958,       84.5140075684
530.253113,       84.4108428955
530.611267,       84.4483718872
530.969299,       84.3364715576
531.327393,       84.0047225952
531.685486,       83.9483337402
532.043335,       83.8643035889
532.401367,       83.7891159058
532.759216,       83.8442916870
533.117004,       83.7535095215
533.474915,       83.8095932007
533.832642,       83.7248382568
534.190430,       83.8140106201
534.548096,       83.7364501953
534.905762,       83.7392196655
535.263367,       83.6403503418
535.620850,       83.6431732178
535.978455,       83.7291336060
536.335876,       83.8097305298
536.693359,       83.9006195068
537.050781,       84.2788848877
537.408142,       84.1590957642
537.765442,       84.2394256592
538.122681,       84.5038986206
538.479919,       84.5945281982
538.837219,       84.8480682373
539.194336,       84.7137832642
539.551453,       84.5253753662
539.908508,       84.3319702148
540.265564,       84.3575973511
540.622559,       84.3463134766
540.979553,       84.3846817017
541.336426,       84.3389892578
541.693298,       84.3444900513
542.050110,       84.2025833130
542.406921,       84.2010650635
542.763672,       84.2396545410
543.120422,       84.2607116699
543.477051,       84.1808471680
543.833679,       84.1390457153
544.190308,       84.0218505859
544.546814,       83.9582061768
544.903381,       83.7852935791
545.259827,       83.7722854614
545.616211,       83.6040267944
545.972595,       83.6773529053
546.328979,       83.6869049072
546.685242,       83.7041549683
547.041504,       83.8309402466
547.397644,       83.9938201904
547.753906,       83.9406738281
548.110046,       84.0181121826
548.466125,       84.0053405762
548.822144,       84.0891647339
549.178223,       83.9008636475
549.534241,       83.8940124512
549.890137,       83.9679946899
550.246033,       83.9983749390
550.601868,       83.9800643921
550.957581,       84.0309600830
551.313416,       83.8998641968
551.669128,       83.9343109131
552.024841,       83.7552413940
552.380432,       83.8692703247
552.736023,       83.7700042725
553.091675,       83.5987625122
553.447144,       83.5669708252
553.802612,       83.5541687012
554.158020,       83.5276107788
554.513428,       83.5271224976
554.868774,       83.6031112671
555.224121,       83.4712219238
555.579346,       83.3548049927
555.934631,       83.3767623901
556.289734,       83.3722534180
556.644958,       83.4576721191
557.000000,       83.3318862915
557.355103,       83.3177566528
557.710083,       83.3447875977
558.065063,       83.3653411865
558.420105,       83.3629074097
558.774963,       83.4906387329
559.129822,       83.3776931763
559.484619,       83.5646362305
559.839355,       83.6349868774
560.194153,       83.6870956421
560.548828,       83.8849487305
560.903442,       83.9014892578
561.258057,       83.8425979614
561.612610,       83.9054412842
561.967224,       83.9225616455
562.321655,       83.8631362915
562.676086,       84.0771102905
563.030457,       84.1096038818
563.384827,       84.1046905518
563.739197,       83.9952850342
564.093445,       84.0978393555
564.447693,       84.3159561157
564.801880,       84.3119735718
565.156006,       84.2637939453
565.510132,       84.2790374756
565.864197,       84.2880172729
566.218262,       84.3377532959
566.572205,       84.5552368164
566.926086,       84.5823898315
567.280090,       84.5816955566
567.633972,       84.6560363770
567.987732,       84.7521057129
568.341553,       84.8451843262
568.695190,       84.9459457397
569.048950,       84.9679870605
569.402649,       84.9547119141
569.756165,       84.9651489258
570.109802,       84.9423141479
570.463257,       84.9883346558
570.816772,       85.0086746216
571.170227,       85.1630172729
571.523621,       85.1608428955
571.877014,       85.1905212402
572.230286,       85.2348175049
572.583557,       85.2868957520
572.936829,       85.2613220215
573.289978,       85.2049331665
573.643250,       85.1913604736
573.996216,       85.1479415894
574.349365,       85.1224288940
574.702393,       85.1792755127
575.055359,       85.1996612549
575.408325,       85.2171020508
575.761169,       85.1596145630
576.114075,       85.2004852295
576.466919,       85.2650299072
576.819641,       85.2878875732
577.172363,       85.4243850708
577.525085,       85.3758544922
577.877686,       85.3583602905
578.230286,       85.4355773926
578.582825,       85.5107727051
578.935425,       85.3897399902
579.287903,       85.3800048828
579.640320,       85.3628540039
579.992676,       85.2861099243
580.345093,       85.3956756592
580.697388,       85.5037841797
581.049683,       85.5640716553
581.401855,       85.6456298828
581.754089,       85.5621109009
582.106201,       85.5092010498
582.458313,       85.4065017700
582.810425,       85.4030914307
583.162354,       85.4714965820
583.514404,       85.4665222168
583.866272,       85.4703674316
584.218201,       85.5174713135
584.570068,       85.2000427246
584.921875,       85.2585372925
585.273560,       85.3162078857
585.625305,       85.2211151123
585.977051,       85.2198867798
586.328674,       85.2217025757
586.680237,       85.3250274658
587.031799,       85.3506393433
587.383301,       85.4163436890
587.734802,       85.3540878296
588.086243,       85.3610000610
588.437561,       85.3343887329
588.788940,       85.2659912109
589.140198,       85.4490814209
589.491516,       85.5307922363
589.842712,       85.6373519897
590.193848,       85.5462646484
590.544983,       85.4808502197
590.896057,       85.3832015991
591.247192,       85.3888778687
591.598145,       85.4128952026
591.949158,       85.5923156738
592.300049,       85.6220550537
592.650879,       85.6279067993
593.001770,       85.7244720459
593.352539,       85.6492004395
593.703308,       85.6902618408
594.054016,       85.6606903076
594.404663,       85.6589813232
594.755310,       85.6680831909
595.105896,       85.6829528809
595.456360,       85.6830291748
595.806885,       85.7196807861
596.157349,       85.5308914185
596.507751,       85.4511871338
596.858154,       85.3589248657
597.208435,       85.3318328857
597.558777,       85.3586578369
597.908997,       85.4487075806
598.259216,       85.5271759033
598.609314,       85.3778381348
598.959473,       85.3483428955
599.309570,       85.4288635254
599.659546,       85.4405136108
600.009583,       85.4359588623
600.359497,       85.4217529297
600.709412,       85.5339050293
601.059265,       85.6492004395
601.409058,       85.5651397705
601.758850,       85.6005859375
602.108521,       85.6290359497
602.458191,       85.6971206665
602.807922,       85.7404785156
603.157471,       85.6010437012
603.507080,       85.7611160278
603.856567,       85.8001098633
604.205994,       85.9031066895
604.555542,       85.9724578857
604.904846,       86.0524673462
605.254211,       86.0001754761
605.603516,       85.7953872681
605.952759,       85.9305953979
606.302063,       85.8893203735
606.651123,       85.9113159180
607.000305,       85.9010009766
607.349365,       85.9107589722
607.698425,       85.9519119263
608.047485,       85.8944778442
608.396362,       85.8874664307
608.745300,       85.8845138550
609.094177,       85.9771575928
609.442993,       86.0133132935
609.791809,       86.0271911621
610.140503,       86.0414733887
610.489258,       86.2149658203
610.837891,       86.2384414673
611.186523,       86.2669448853
611.535156,       86.3127288818
611.883606,       86.3073577881
612.232178,       86.2638397217
612.580566,       86.2568130493
612.928955,       86.4047088623
613.277344,       86.4740066528
613.625610,       86.5125885010
613.973938,       86.4546127319
614.322144,       86.4580688477
614.670288,       86.5146713257
615.018555,       86.5160140991
615.366516,       86.5414733887
615.714661,       86.5914611816
616.062622,       86.6140136719
616.410645,       86.5821380615
616.758606,       86.5174636841
617.106445,       86.5026931763
617.454285,       86.5161437988
617.802063,       86.4212341309
618.149841,       86.4296875000
618.497559,       86.4850387573
618.845215,       86.4254074097
619.192871,       86.3804397583
619.540466,       86.4831390381
619.888000,       86.5519256592
620.235535,       86.5757369995
620.582886,       86.5120162964
620.930359,       86.5651702881
621.277710,       86.6494140625
621.625061,       86.6288604736
621.972351,       86.6296920776
622.319519,       86.5807723999
622.666809,       86.5638046265
623.013916,       86.5726394653
623.361023,       86.6330947876
623.708130,       86.2147979736
624.055054,       86.2913970947
624.402100,       86.3512191772
624.749023,       86.2949752808
625.095947,       86.2732238770
625.442810,       86.2923812866
625.789551,       86.2512664795
626.136353,       86.2868881226
626.483032,       86.2929687500
626.829712,       86.1726226807
627.176392,       86.1342926025
627.522949,       86.1469345093
627.869507,       86.1549072266
628.216003,       86.1651763916
628.562500,       86.1394500732
628.908936,       86.1761550903
629.255310,       86.2086563110
629.601624,       86.2946319580
629.947876,       86.3078613281
630.294067,       86.0716857910
630.640320,       86.1401138306
630.986511,       86.5156707764
631.332642,       86.4794540405
631.678650,       86.2822570801
632.024658,       86.3413696289
632.370728,       86.4432525635
632.716614,       86.4807662964
633.062500,       86.4848251343
633.408325,       86.4915008545
633.754089,       86.4320983887
634.099915,       86.5322875977
634.445679,       86.5652847290
634.791321,       86.6437683105
635.136963,       86.6273269653
635.482483,       86.4596328735
635.828125,       86.4856414795
636.173584,       86.5402603149
636.519043,       86.4793472290
636.864502,       86.3649139404
637.209778,       86.3404541016
637.555237,       86.6018218994
637.900452,       86.6442184448
638.245728,       86.6763381958
638.590881,       86.7404403687
638.935974,       86.9561386108
639.281189,       86.9558563232
639.626221,       86.8707275391
639.971191,       86.8797683716
640.316223,       86.8731918335
640.661072,       86.8965988159
641.006042,       86.9766464233
641.350891,       87.0361862183
641.695679,       87.0062026978
642.040466,       87.0245285034
642.385071,       87.0823211670
642.729858,       87.3225402832
643.074463,       87.0327301025
643.419067,       87.0528640747
643.763611,       87.1181869507
644.108032,       87.2108001709
644.452515,       87.2614593506
644.796936,       87.2772064209
645.141296,       87.2563323975
645.485657,       87.2739181519
645.829834,       87.2481689453
646.174133,       87.2463455200
646.518311,       87.3437881470
646.862427,       87.4587936401
647.206604,       87.5172119141
647.550598,       87.5857086182
647.894653,       87.6273040771
648.238647,       87.6637115479
648.582458,       87.6741333008
648.926453,       87.7347412109
649.270203,       87.8154602051
649.614075,       87.9129028320
649.957764,       87.8529968262
650.301453,       88.2208862305
650.645142,       88.1980209351
650.988708,       88.2259674072
651.332336,       88.3291320801
651.675842,       88.3741912842
652.019348,       88.3341979980
652.362854,       88.2840270996
652.706177,       88.3391876221
653.049561,       88.4133453369
653.392883,       88.4111099243
653.736084,       88.4030761719
654.079346,       88.4044342041
654.422424,       87.9690551758
654.765625,       87.9529342651
655.108765,       87.9949874878
655.451721,       88.0723724365
655.794800,       88.0499649048
656.137695,       88.0857162476
656.480591,       87.9950637817
656.823486,       87.9593276978
657.166260,       87.9929199219
657.509094,       88.0103759766
657.851807,       88.0337448120
658.194519,       88.0585250854
658.537109,       87.9396362305
658.879761,       87.9284973145
659.222351,       87.9531250000
659.564758,       88.0501022339
659.907349,       88.1015930176
660.249695,       88.1150054932
660.592041,       88.1120376587
660.934448,       88.0753173828
661.276672,       88.1785583496
661.619019,       88.5915222168
661.961182,       88.6654663086
662.303284,       88.6334152222
662.645508,       88.5895156860
662.987427,       88.6428756714
663.329529,       88.6751022339
663.671448,       88.7620925903
664.013428,       88.7036895752
664.355347,       88.7292327881
664.697205,       88.5985565186
665.039001,       88.6447525024
665.380676,       88.6224212646
665.722412,       88.7321090698
666.064148,       88.8169631958
666.405701,       88.9273986816
666.747253,       88.9863357544
667.088806,       89.0274887085
667.430298,       89.0473098755
667.771790,       89.1221008301
668.113159,       89.1659851074
668.454529,       89.0806808472
668.795837,       89.1043395996
669.137085,       89.1258239746
669.478394,       89.1901321411
669.819519,       89.2005233765
670.160645,       89.1989593506
670.501709,       89.2416610718
670.842773,       89.2920455933
671.183777,       89.3732604980
671.524719,       89.4436874390
671.865662,       89.6015777588
672.206482,       89.6459197998
672.547302,       89.7334136963
672.888123,       89.7253341675
673.228821,       89.7027893066
673.569458,       89.6756668091
673.910095,       89.6141510010
674.250732,       89.4867553711
674.591370,       89.4295654297
674.931824,       89.3959960938
675.272217,       89.3874282837
675.612732,       89.4764556885
675.953003,       89.5034332275
676.293396,       89.5212097168
676.633667,       89.4464111328
676.973877,       89.4118804932
677.314148,       89.4253387451
677.654236,       89.3558273315
677.994385,       89.2701110840
678.334412,       89.3042831421
678.674438,       89.2110748291
679.014404,       89.1503601074
679.354309,       89.0731430054
679.694214,       89.0458679199
680.034058,       89.0037765503
680.373840,       88.9999313354
680.713623,       88.9303588867
681.053223,       88.9638519287
681.392944,       88.9219512939
681.732544,       88.2233886719
682.072083,       85.6966934204
682.411621,       85.6875762939
682.751038,       85.6107330322
683.090515,       85.5766220093
683.429871,       85.3445587158
683.769226,       85.2779998779
684.108582,       85.2485809326
684.447754,       85.1696319580
684.786987,       85.1733703613
685.126160,       85.1201629639
685.465210,       85.0216979980
685.804382,       84.9880294800
686.143311,       84.9068527222
686.482361,       84.8405380249
686.821289,       84.7092056274
687.160156,       84.6453170776
687.499023,       84.5656127930
687.837769,       84.4129180908
688.176514,       84.2386016846
688.515259,       84.1901550293
688.853882,       84.7589111328
689.192566,       87.0777893066
689.531067,       86.9154663086
689.869629,       86.6992645264
690.208130,       86.5363311768
690.546570,       86.4140625000
690.885010,       86.2161560059
691.223267,       86.0556335449
691.561584,       85.8861541748
691.899841,       85.5496597290
692.238037,       85.3610382080
692.576294,       85.1307296753
692.914307,       84.8692169189
693.252380,       84.6388168335
693.590454,       84.3478240967
693.928406,       84.0963592529
694.266357,       83.7834777832
694.604187,       83.4661102295
694.942078,       83.2219696045
695.279907,       82.9596328735
695.617615,       82.5324554443
695.955444,       82.2644042969
696.292969,       81.9565887451
696.630676,       81.5613021851
696.968201,       81.2825164795
697.305725,       80.7378311157
697.643250,       80.4203643799
697.980652,       80.0861053467
698.318054,       79.6721267700
698.655396,       79.2394332886
698.992676,       78.9062957764
699.330017,       78.4341583252
699.667175,       77.9963150024
700.004395,       77.5678024292
700.341492,       77.1362686157
700.678528,       76.7137603760
701.015564,       76.0416870117
701.352478,       75.6283950806
701.689514,       75.1474838257
702.026428,       74.5491714478
702.363220,       74.0169982910
702.700073,       73.6422805786
703.036804,       73.1026763916
703.373474,       72.6250000000
703.710144,       72.1259307861
704.046814,       71.5006866455
704.383362,       71.2713165283
704.719910,       70.7680435181
705.056335,       70.3048248291
705.392761,       69.8245086670
705.729187,       69.3272399902
706.065552,       68.8055496216
706.401855,       68.3875961304
706.738098,       67.8599014282
707.074280,       67.3814010620
707.410461,       66.8455505371
707.746643,       66.3310928345
708.082642,       65.9818572998
708.418701,       65.3947067261
708.754639,       64.9259719849
709.090576,       64.6015548706
709.426514,       64.1579895020
709.762329,       63.5593986511
710.098083,       62.9909248352
710.433838,       62.3396263123
710.769592,       61.8806877136
711.105286,       61.4921493530
711.440796,       60.9082870483
711.776367,       60.4673461914
712.112000,       59.9668540955
712.447388,       59.4729080200
712.782837,       58.9618530273
713.118225,       58.5400581360
713.453552,       58.0351371765
713.788818,       57.6569900513
714.124023,       57.1349258423
714.459290,       56.6572685242
714.794434,       56.2606811523
715.129517,       55.8085365295
715.464661,       55.3409538269
715.799622,       54.8705558777
716.134583,       54.3686485291
716.469482,       53.8851470947
716.804321,       53.4874649048
717.139221,       53.1479263306
717.473938,       52.8781013489
717.808777,       52.4243011475
718.143433,       52.0267028809
718.478088,       51.6046218872
718.812683,       51.2501373291
719.147217,       50.8656997681
719.481750,       50.4626350403
719.816223,       50.0785751343
720.150574,       49.5778808594
720.485046,       49.2112426758
720.819214,       48.7225761414
721.153564,       48.3093681335
721.487854,       47.9123382568
721.821960,       47.4885978699
722.156189,       46.9551391602
722.490234,       46.6836967468
722.824341,       46.3710403442
723.158264,       45.9383087158
723.492249,       45.5837135315
723.826172,       45.2787322998
724.159973,       44.9263000488
724.493835,       44.6200180054
724.827576,       43.9717864990
725.161316,       43.5254821777
725.494995,       43.2336730957
725.828613,       42.8067169189
726.162231,       42.4425964355
726.495728,       42.0715713501
726.829163,       41.7424240112
727.162720,       41.5373001099
727.496033,       41.2027130127
727.829468,       40.9536514282
728.162720,       40.6537208557
728.496033,       40.3421325684
728.829224,       40.0884361267
729.162354,       40.0518264771
729.495483,       39.7923736572
729.828552,       39.4794235229
730.161560,       39.2925949097
730.494629,       39.0622901917
730.827454,       38.8643035889
731.160400,       38.5475845337
731.493225,       38.1956176758
731.825989,       38.3009872437
732.158813,       38.0514564514
732.491455,       37.7699546814
732.824158,       37.5355720520
733.156799,       37.2776031494
733.489319,       36.9238052368
733.821899,       36.6512413025
734.154236,       36.4725418091
734.486755,       36.1602249146
734.819092,       35.9238739014
735.151428,       35.7456512451
735.483765,       35.6016082764
735.815857,       35.4019851685
736.148132,       35.1571731567
736.480286,       34.9889831543
736.812378,       34.6954193115
737.144470,       34.4904708862
737.476379,       34.2094879150
737.808411,       33.9356918335
738.140259,       33.7096023560
738.472168,       33.6129455566
738.804016,       33.4173049927
739.135742,       33.3302917480
739.467468,       33.1070938110
739.799133,       32.9025192261
740.130798,       32.7948074341
740.462402,       32.6235046387
740.793884,       32.3325576782
741.125366,       32.0594558716
741.456848,       32.0262985229
741.788208,       31.8118515015
742.119568,       31.6708755493
742.450928,       31.4914169312
742.782166,       31.2827072144
743.113281,       31.0092086792
743.444458,       30.7333297729
743.775635,       30.6426696777
744.106689,       30.4661026001
744.437683,       30.3769760132
744.768677,       30.1591949463
745.099609,       30.1132278442
745.430481,       29.8868865967
745.761353,       29.5805053711
746.092102,       29.3302459717
746.422852,       29.1393127441
746.753479,       29.0809173584
747.084229,       28.8954086304
747.414795,       28.9296264648
747.745300,       28.8389511108
748.075806,       28.7001037598
748.406311,       28.5436248779
748.736694,       28.4906005859
749.067078,       28.3355178833
749.397400,       28.1854782104
749.727722,       28.1043243408
750.057861,       28.0667572021
750.388062,       27.9985961914
750.718201,       27.8906936646
751.048279,       27.8325729370
751.378357,       27.7604141235
751.708252,       27.7046966553
752.038208,       27.4634704590
752.368164,       27.3787841797
752.697937,       27.4696197510
753.027832,       27.4857025146
753.357483,       27.4336166382
753.687256,       27.3101577759
754.016907,       27.1591873169
754.346497,       27.0377731323
754.676147,       27.1600646973
755.005493,       27.1629943848
755.335083,       27.0766296387
755.664490,       26.8562393188
755.993835,       26.7233963013
756.323181,       26.6134643555
756.652405,       26.5389022827
756.981689,       26.5682373047
757.310852,       26.5225677490
757.640015,       26.3606796265
757.969177,       26.2836532593
758.298096,       26.2520675659
758.627197,       26.1441421509
758.956116,       26.1013259888
759.284973,       26.0971832275
759.613892,       26.0464706421
759.942627,       25.9997024536
760.271423,       26.0204162598
760.600159,       25.9953918457
760.928772,       26.0147705078
761.257446,       26.0058898926
761.585999,       25.8534088135
761.914490,       25.6179275513
762.242981,       25.5564422607
762.571350,       25.6508407593
762.899841,       25.4506225586
763.228088,       25.4804916382
763.556396,       25.3438110352
763.884644,       25.2787933350
764.212830,       25.1731414795
764.541016,       25.1213989258
764.869080,       25.1094970703
765.197144,       25.0116577148
765.525146,       25.0928573608
765.853088,       25.1484146118
766.181030,       25.0513076782
766.508789,       25.0322723389
766.836670,       24.9386138916
767.164429,       24.7836837769
767.492126,       24.7058715820
767.819824,       24.6536865234
768.147400,       24.4514007568
768.475037,       24.4650268555
768.802490,       24.4629669189
769.130005,       24.2421646118
769.457458,       24.2257690430
769.784790,       24.3900604248
770.112183,       24.3539733887
770.439453,       24.3639602661
770.766663,       24.2316513062
771.093872,       24.3021621704
771.420959,       24.4076080322
771.748108,       24.3474578857
772.075195,       24.2275466919
772.402161,       23.9748611450
772.729126,       23.9051895142
773.055969,       23.9138946533
773.382874,       23.8292694092
773.709717,       23.8467864990
774.036438,       23.9250488281
774.363159,       23.8637847900
774.689758,       23.7195739746
775.016479,       23.8130264282
775.343018,       23.8129272461
775.669495,       23.8975448608
775.996033,       24.0795288086
776.322449,       24.0207214355
776.648865,       24.0401687622
776.975098,       23.9409790039
777.301453,       23.9124832153
777.627686,       23.9657897949
777.953857,       23.8213195801
778.280029,       23.7917633057
778.606079,       23.5679855347
778.932068,       23.6359558105
779.258179,       23.7404022217
779.584045,       23.7498397827
779.909973,       23.7159118652
780.235840,       23.6628189087
780.561646,       23.5770874023
780.887390,       23.5203170776
781.213135,       23.5769653320
781.538757,       23.6895523071
781.864380,       23.3816757202
782.189880,       23.2286682129
782.515442,       23.2190551758
782.840942,       23.1474380493
783.166321,       23.1512145996
783.491699,       23.1417694092
783.817017,       23.2736206055
784.142395,       23.2827529907
784.467529,       23.1810455322
784.792725,       23.1918792725
785.117859,       23.1014556885
785.442932,       23.2821884155
785.768005,       23.2897109985
786.092957,       23.3606567383
786.417908,       23.3196105957
786.742798,       23.3108825684
787.067566,       23.2448730469
787.392456,       23.2442398071
787.717163,       23.2219467163
788.041870,       23.0746612549
788.366577,       23.0300827026
788.691101,       23.4326095581
789.015686,       23.3117370605
789.340149,       23.2148437500
789.664673,       23.1277313232
789.989075,       23.0759277344
790.313354,       22.8138427734
790.637756,       22.6025695801
790.962036,       22.5178298950
791.286194,       22.5204925537
791.610413,       22.4964599609
791.934448,       22.4795455933
792.258606,       22.4156112671
792.582581,       22.1709136963
792.906555,       22.0742645264
793.230530,       22.1414718628
793.554321,       22.0912704468
793.878174,       22.1570281982
794.201965,       22.1856765747
794.525696,       22.1251525879
794.849426,       22.1425094604
795.172974,       22.1621322632
795.496643,       21.9831466675
795.820129,       22.0369720459
796.143616,       22.0306854248
796.467102,       22.0557327271
796.790405,       21.9381561279
797.113831,       22.1212615967
797.437134,       22.1684875488
797.760315,       22.1274566650
798.083618,       22.0946807861
798.406677,       22.1194610596
798.729797,       21.8439025879
799.052856,       21.7832565308
799.375854,       21.9188461304
799.698853,       21.8112945557
800.021729,       21.5190353394
800.344604,       21.5091934204
800.667358,       21.3474884033
800.990112,       21.1862716675
801.312866,       21.1544189453
801.635498,       20.9694290161
801.958191,       20.8713912964
802.280701,       20.9544296265
802.603210,       20.9876403809
802.925781,       20.9925231934
803.248108,       20.9333496094
803.570496,       20.9463729858
803.892822,       20.8478622437
804.215088,       20.7414093018
804.537354,       20.6135711670
804.859436,       20.6061401367
805.181641,       20.4117736816
805.503723,       20.5544967651
805.825745,       20.3907012939
806.147766,       20.3338928223
806.469604,       20.3091506958
806.791504,       20.3844070435
807.113342,       20.3435440063
807.435181,       20.3713912964
807.756897,       20.3401641846
808.078552,       20.2706604004
808.400208,       20.3449020386
808.721802,       20.2694854736
809.043335,       20.1481018066
809.364929,       19.9987335205
809.686279,       19.9131011963
810.007751,       19.8611450195
810.329041,       19.8641281128
810.650330,       19.8188323975
810.971619,       19.7868957520
811.292786,       19.8845138550
811.613953,       19.8460998535
811.935059,       19.9483566284
812.256104,       19.9717712402
812.577148,       19.9965972900
812.898071,       19.9559783936
813.218994,       20.0160446167
813.539795,       20.0774078369
813.860596,       19.9159240723
814.181396,       19.8786010742
814.502136,       19.9525299072
814.822754,       19.9044494629
815.143372,       19.8812713623
815.463928,       19.7999801636
815.784485,       19.7614898682
816.104919,       19.7961425781
816.425354,       19.7540206909
816.745728,       19.6903762817
817.065979,       19.6049194336
817.386353,       19.6173706055
817.706421,       19.5482711792
818.026733,       19.4212951660
818.346863,       19.2087097168
818.666809,       19.0309600830
818.986938,       18.9012222290
819.306824,       19.0858459473
819.626770,       18.9612350464
819.946716,       18.8294525146
820.266479,       18.7007598877
820.586304,       18.7529525757
820.905945,       18.7498626709
821.225647,       18.6244583130
821.545349,       18.4188385010
821.864868,       18.4176483154
822.184448,       18.4123687744
822.503845,       18.2931823730
822.823364,       18.2650451660
823.142761,       18.2021255493
823.462036,       18.2348709106
823.781372,       18.2862701416
824.100525,       18.2412414551
824.419800,       18.1142883301
824.738953,       18.1263580322
825.057922,       18.1756591797
825.377014,       18.1525726318
825.695984,       18.0983200073
826.014954,       17.8626098633
826.333862,       17.8994064331
826.652649,       17.8904800415
826.971497,       17.8642883301
827.290100,       17.7734222412
827.608887,       17.6017456055
827.927612,       17.5256805420
828.246094,       17.7117156982
828.564697,       17.7281188965
828.883118,       17.7360839844
829.201599,       17.8502807617
829.520020,       17.9406509399
829.838318,       17.8847961426
830.156616,       17.8606033325
830.474854,       17.8026733398
830.793091,       17.7405014038
831.111267,       17.8674468994
831.429260,       17.8834762573
831.747437,       17.8976211548
832.065308,       17.9328918457
832.383362,       17.8358001709
832.701233,       17.7804641724
833.019043,       17.7506332397
833.336914,       17.7084579468
833.654663,       17.7249221802
833.972351,       17.7604293823
834.289978,       17.5741271973
834.607483,       17.4514923096
834.925171,       17.3526153564
835.242676,       17.3176193237
835.560059,       17.2241134644
835.877502,       17.1563339233
836.194763,       16.9894485474
836.512146,       17.0369415283
836.829468,       16.8509368896
837.146545,       16.7153244019
837.463745,       16.8116073608
837.780823,       16.7036743164
838.097900,       16.5854644775
838.414917,       16.3303833008
838.731873,       16.2577438354
839.048828,       16.3540420532
839.365540,       16.4203262329
839.682434,       16.4332733154
839.999207,       16.3537063599
840.315857,       16.2045593262
840.632568,       16.1431503296
840.949097,       16.3299407959
841.265747,       16.4375610352
841.582275,       16.3247909546
841.898682,       16.0877380371
842.215088,       16.0610809326
842.531433,       16.0171508789
842.847778,       16.0707855225
843.164063,       15.9963226318
843.480164,       16.0197830200
843.796387,       16.0917968750
844.112427,       15.9241790771
844.428528,       15.8766632080
844.744568,       15.8299331665
845.060486,       15.8661727905
845.376404,       15.8676300049
845.692200,       15.8465499878
846.008057,       15.7772750854
846.323853,       15.7368927002
846.639465,       15.7624053955
846.955139,       15.7657470703
847.270691,       15.7039489746
847.586304,       15.6557159424
847.901855,       15.5524826050
848.217224,       15.6774597168
848.532715,       15.7351150513
848.847961,       15.5077285767
849.163330,       15.5883789063
849.478638,       15.4889221191
849.793823,       15.2939224243
850.108948,       15.3645172119
850.424011,       15.0867767334
850.739136,       15.0919876099
851.054199,       15.1586532593
851.369019,       15.2657699585
851.684021,       15.3036804199
851.998779,       15.1319198608
852.313660,       15.1015777588
852.628418,       15.0031738281
852.943054,       14.8151626587
853.257751,       14.7702713013
853.572327,       14.7704315186
853.886841,       14.8294448853
854.201477,       14.7429275513
854.515808,       14.7743453979
854.830261,       14.6777267456
855.144592,       14.5474395752
855.458862,       14.8047485352
855.773193,       14.6868286133
856.087280,       14.6917572021
856.401489,       14.7761077881
856.715515,       14.5791168213
857.029602,       14.6242370605
857.343628,       14.6998443604
857.657532,       14.6716613770
857.971497,       14.5632629395
858.285278,       14.5488586426
858.599121,       14.6590881348
858.912903,       14.6745376587
859.226501,       14.7053833008
859.540222,       14.6700057983
859.853699,       14.5981979370
860.167297,       14.6011886597
860.480896,       14.3921890259
860.794250,       14.3719482422
861.107666,       14.2841796875
861.420959,       14.2787094116
861.734314,       14.3475036621
862.047546,       14.3154983521
862.360657,       14.2393035889
862.673889,       14.0555114746
862.986938,       13.9947814941
863.299988,       13.9950180054
863.613037,       13.8822326660
863.925903,       13.6595916748
864.238831,       13.4758911133
864.551575,       13.5886611938
864.864380,       13.6758346558
865.177185,       13.7135620117
865.489807,       13.5998382568
865.802490,       13.6176757813
866.114990,       13.6038818359
866.427612,       13.5532684326
866.740112,       13.5207443237
867.052429,       13.5893859863
867.364868,       13.5704803467
867.677124,       13.5828094482
867.989502,       13.4886474609
868.301758,       13.5165328979
868.613831,       13.3897323608
868.926025,       13.4020538330
869.238159,       13.4984970093
869.550049,       13.5945205688
869.862122,       13.5592651367
870.173950,       13.6548919678
870.485901,       13.6731033325
870.797791,       13.7262802124
871.109497,       13.5285491943
871.421204,       13.4938430786
871.732849,       13.3569412231
872.044495,       13.3468093872
872.356079,       13.3188323975
872.667542,       13.3968353271
872.979065,       13.4894790649
873.290344,       13.4384460449
873.601807,       13.4999237061
873.913147,       13.5621261597
874.224304,       13.5876770020
874.535645,       13.6998443604
874.846741,       13.5820312500
875.157837,       13.5209732056
875.468994,       13.2487716675
875.779907,       13.2371978760
876.090881,       13.0739288330
876.401733,       13.0763092041
876.712646,       13.0365371704
877.023499,       13.0419387817
877.334167,       13.1065063477
877.644897,       13.1146087646
877.955505,       13.1080322266
878.266113,       13.0768890381
878.576721,       13.1007843018
878.887146,       12.9612884521
879.197571,       13.0014190674
879.507996,       12.9101638794
879.818298,       12.8303070068
880.128662,       12.5871734619
880.438843,       12.5855407715
880.749084,       12.4559020996
881.059143,       11.9448318481
881.369263,       11.9421386719
881.679382,       12.0146713257
881.989258,       12.1195373535
882.299194,       12.0162887573
882.609070,       12.0283432007
882.918945,       12.0096130371
883.228760,       12.1444168091
883.538452,       12.1453323364
883.848145,       11.9310226440
884.157654,       11.9516067505
884.467285,       11.8466949463
884.776917,       11.8695602417
885.086243,       11.7767028809
885.395813,       11.7699356079
885.705017,       11.7048950195
886.014404,       11.7494354248
886.323730,       11.7299423218
886.632874,       11.8021163940
886.942078,       11.6614685059
887.251160,       11.6481246948
887.560242,       12.1391067505
887.869263,       12.1179275513
888.178162,       11.9350280762
888.487122,        6.9370727539
888.795898,        6.8819198608
889.104797,        6.9432067871
889.413513,        7.0783233643
889.722168,        6.8723144531
890.030884,        6.7785491943
890.339417,        6.8562011719
890.648010,        6.7969818115
890.956543,        6.7285614014
891.264893,        6.6949615479
891.573364,        6.7543182373
891.881653,        6.7029953003
892.189941,        6.5593414307
892.498230,        6.3708801270
892.806335,        6.3658142090
893.114502,        6.3504180908
893.422546,        6.2997741699
893.730652,        6.2140121460
894.038696,        6.0217285156
894.346497,        6.0298461914
894.654419,        6.0372772217
894.962158,       11.3907623291
895.270020,       11.4494094849
895.577759,       11.3902130127
895.885376,       11.2041320801
896.192993,       11.3506011963
896.500549,       11.2282104492
896.808044,       11.2711715698
897.115601,       11.1157989502
897.422913,       11.0401000977
897.730347,       10.9458923340
898.037598,       10.7183380127
898.344910,       10.6478424072
898.652161,       10.7829971313
898.959167,       10.8025207520
899.266418,       10.7293090820
899.573364,       10.6800308228
899.880371,       10.8050689697
900.187378,       10.9028549194
900.494202,       10.9500198364
900.801086,       10.9327850342
901.107788,       11.0479583740
901.414612,       11.0851669312
901.721375,       11.0774612427
902.027832,       11.0210952759
902.334534,       11.0543518066
902.641113,       10.9838562012
902.947510,       11.1397399902
903.253967,       11.0909805298
903.560242,       11.1834945679
903.866638,       11.2842864990
904.172974,       11.4138793945
904.479126,       11.5664825439
904.785278,       11.6830291748
905.091370,       11.5241317749
905.397461,       11.5212707520
905.703552,       11.3966522217
906.009399,       11.3852691650
906.315369,       11.1191329956
906.621155,       11.1400070190
906.927002,       11.1520233154
907.232788,       11.1113891602
907.538452,       11.0569305420
907.844116,       11.0097351074
908.149658,       10.9632186890
908.455200,       10.9866638184
908.760803,       10.9910659790
909.066162,       10.8343353271
909.371582,       10.7699127197
909.676880,       10.7892913818
909.982178,       10.7007369995
910.287476,       10.7215118408
910.592529,       10.5648574829
910.897705,       10.2861022949
911.202759,       10.2015457153
911.507813,       10.1316986084
911.812805,       10.1433868408
912.117676,       10.3473968506
912.422546,       10.2781219482
912.727356,       10.4896011353
913.032104,       10.4805297852
913.336853,       10.4772796631
913.641479,       10.3648834229
913.946106,       10.3652572632
914.250610,       10.0991973877
914.555115,       10.0542755127
914.859619,        9.9643707275
915.163940,        9.9906692505
915.468323,        9.9924163818
915.772583,        9.9633178711
916.076843,        9.9762115479
916.381104,       10.0412826538
916.685120,       10.0354003906
916.989258,       10.1043243408
917.293213,       10.3690109253
917.597290,       10.0216369629
917.901184,        9.7560119629
918.205017,        9.5518112183
918.508850,        9.5056610107
918.812561,        9.6151275635
919.116333,        9.4986419678
919.420044,        9.4624404907
919.723572,        9.1203918457
920.027222,        9.2235107422
920.330627,        9.2756805420
920.634094,        9.4503707886
920.937561,        9.5903625488
921.240784,        9.4465255737
921.544189,        9.4261169434
921.847351,        9.5077514648
922.150574,        9.2671203613
922.453735,        9.0974578857
922.756775,        9.0358886719
923.059875,        9.0364074707
923.362793,        8.8226013184
923.665771,        8.5397796631
923.968689,        8.7730255127
924.271362,        9.0752792358
924.574219,        9.1524658203
924.876892,        9.1565856934
925.179565,        8.8880767822
925.482239,        8.9176864624
925.784729,        8.7342529297
926.087280,        8.8728027344
926.389648,        8.7842864990
926.692078,        8.8029632568
926.994507,        8.8623886108
927.296692,        8.8686065674
927.599060,        8.7882232666
927.901123,        8.7933654785
928.203308,        8.7494354248
928.505432,        8.9363784790
928.807434,        9.1209793091
929.109436,        9.1984786987
929.411316,        9.0545730591
929.713196,        9.1598968506
930.015015,        9.3537750244
930.316711,        9.4731597900
930.618530,        9.5665054321
930.920105,        9.6875762939
931.221802,        9.3989562988
931.523315,        9.6257629395
931.824829,        9.6032562256
932.126282,        9.5737838745
932.427612,        9.7684249878
932.729004,        9.8257217407
933.030334,        9.7348175049
933.331482,        9.5277709961
933.632751,        9.3285064697
933.933777,        9.5396804810
934.234924,        9.4042663574
934.536011,        9.4561386108
934.836914,        9.3537673950
935.137878,        9.2414245605
935.438660,        8.8466949463
935.739502,        8.8866043091
936.040344,        8.7357940674
936.340942,        8.7288970947
936.641663,        8.7682113647
936.942383,        8.7332763672
937.242798,        8.4790802002
937.543335,        8.6728820801
937.843750,        8.6992645264
938.144165,        8.8751296997
938.444580,        8.8781738281
938.744751,        8.8527069092
939.045044,        8.8815917969
939.345154,        8.7472076416
939.645325,        8.7468261719
939.945435,        8.6396560669
940.245361,        8.5806579590
940.545410,        8.6101913452
940.845215,        8.5362167358
941.145142,        8.4567108154
941.445007,        8.2052764893
941.744629,        8.5357513428
942.044434,        8.4809112549
942.343994,        8.7847747803
942.643677,        8.7949600220
942.943237,        8.5353469849
943.242676,        8.2667999268
943.542114,        8.3464508057
943.841431,        8.3064880371
944.140808,        8.3399810791
944.440125,        8.0556488037
944.739258,        7.9725952148
945.038513,        7.8114624023
945.337524,        7.4331130981
945.636597,        7.4836883545
945.935669,        7.4996185303
946.234558,        7.6457214355
946.533508,        7.7228240967
946.832275,        7.3305206299
947.131165,        7.2604217529
947.429932,        7.4637603760
947.728516,        7.8675689697
948.027222,        7.7804107666
948.325745,        6.5869903564
948.624329,        5.9951324463
948.922852,        5.9097137451
949.221191,        5.9318008423
949.519592,        5.6793365479
949.817810,        5.6875839233
950.116150,        5.4306945801
950.414368,        5.2798156738
950.712463,        5.2468490601
951.010620,        5.3672790527
951.308594,        5.5244293213
951.606628,        5.6524047852
951.904602,        5.2529754639
952.202454,        5.0678787231
952.500305,        4.0510177612
952.798035,        3.6779632568
953.095825,        3.8138198853
953.393494,        3.9771118164
953.691040,        3.9154510498
953.988647,        3.2587585449
954.286133,        3.1541442871
954.583618,        4.2723693848
954.881042,        4.7255401611
955.178345,        4.7616043091
955.475647,        4.4875946045
955.772827,        4.5869445801
956.070068,        4.7902374268
956.367310,        4.9124145508
956.664307,        5.0081024170
956.961365,        4.7204055786
957.258240,        4.5838623047
957.555176,        3.9080963135
957.852112,        3.7601318359
958.148865,        4.0052032471
958.445679,        4.3410491943
958.742310,        5.4057235718
959.039001,        5.6232299805
959.335632,        5.6959457397
959.632141,        5.2957153320
959.928650,        5.3948669434
960.224976,        5.8575820923
960.521484,        5.5665588379
960.817871,        5.7147827148
961.114014,        5.4651031494
961.410339,        5.4388122559
961.706421,        5.7120513916
962.002563,        5.9289855957
962.298645,        5.4724273682
962.594604,        5.5664367676
962.890564,        5.3051605225
963.186401,        3.0224609375
963.482300,        2.4188079834
963.778137,        2.9176483154
964.073792,        3.2652053833
964.369568,        3.2248687744
964.665100,        3.0006484985
964.960693,        2.6048736572
965.256287,        2.1647644043
965.551697,        2.3569488525
965.847168,        2.7770156860
966.142395,        2.6055297852
966.437744,        2.3886566162
966.733032,        2.4893035889
967.028198,        2.4744567871
967.323364,        2.2942581177
967.618408,        2.3735427856
967.913513,        1.7765197754
968.208496,        1.5199127197
968.503357,        1.9461212158
968.798279,        1.7236633301
969.093018,        1.6568145752
969.387817,        4.7083892822
969.682556,        5.3726730347
969.977173,        5.1949234009
970.271790,        4.7411499023
970.566406,        4.3391647339
970.860779,        4.5865707397
971.155334,        4.5852966309
971.449646,        5.2133178711
971.743958,        5.0423736572
972.038330,        4.2607727051
972.332458,        4.1907196045
972.626648,        3.8880767822
972.920715,        4.1275329590
973.214844,        3.7038269043
973.508911,        3.6673431396
973.802734,        3.1706390381
974.096741,        3.2256164551
974.390442,        3.2183609009
974.684265,        2.7491378784
974.978088,        2.8638839722
975.271667,        2.7734298706
975.565369,        2.7452850342
975.858826,        2.4752655029
976.152405,        2.3279571533
976.445923,        2.6430206299
976.739258,        3.1715698242
977.032654,        2.7206726074
977.325867,        2.3856811523
977.619202,        2.0042266846
977.912415,        1.0917510986
978.205505,        1.3990936279
978.498596,        1.2927093506
978.791504,        1.5074996948
979.084534,        1.1651306152
979.377563,        1.2462463379
979.670288,        1.4851760864
979.963196,        1.6082992554
980.255859,        1.7643661499
980.548584,        1.9030380249
980.841309,        0.3802795410
981.133850,        0.0403213501
981.426392,       -0.4165573120
981.718811,       -0.4273986816
982.011292,        0.1142730713
982.303650,        0.1031341553
982.595886,        0.0850982666
982.888245,       -0.5074615479
983.180359,       -0.5324096680
983.472595,       -0.6797332764
983.764709,       -0.2416076660
984.056641,        0.7672729492
984.348755,        0.7810058594
984.640625,        0.4475173950
984.932495,        0.5553512573
985.224365,        0.7807312012
985.516052,        0.5219268799
985.807861,        0.3012237549
986.099426,       -0.7321319580
986.391052,       -0.7792205811
986.682678,       -0.9664916992
986.974121,        0.9872283936
987.265625,        1.1314620972
987.556885,        1.1782684326
987.848328,        1.0960845947
988.139648,        0.3871002197
988.430786,        0.2277679443
988.721985,       -0.5564117432
989.013000,       -0.1588821411
989.304138,       -0.9762573242
989.595215,       -1.4744415283
989.886047,       -2.3051452637
990.177002,       -3.9839019775
990.467834,       -4.3931427002
990.758606,       -4.5887451172
991.049377,       -4.8363418579
991.339966,       -6.5350189209
991.630676,       -6.2115478516
991.921143,       -5.8223724365
992.211670,       -6.3740234375
992.502197,       -5.8413391113
992.792542,       -6.0209884644
993.082886,       -5.9735260010
993.373169,       -6.0971298218
993.663452,       -5.5376586914
993.953613,       -5.9399871826
994.243713,       -5.4665222168
994.533813,       -4.9567947388
994.823792,       -4.9637451172
995.113770,       -4.8613357544
995.403687,       -4.5651092529
995.693481,       -3.4444274902
995.983337,       -3.1038970947
996.273010,       -1.5660095215
996.562744,       -1.1212158203
996.852417,       -1.8654479980
997.141907,       -1.9533309937
997.431458,       -0.1370315552
997.720886,       -0.2281188965
998.010315,       -0.5242767334
998.299744,        1.7731170654
998.588928,        2.0550460815
998.878296,        2.4380340576
999.167419,        2.3461532593
999.456543,        1.0018615723
999.745667,        0.8096008301
1000.034607,        0.9080657959
1000.323669,        0.4947738647
1000.612488,       -0.5196075439
1000.901367,        0.1619873047
1001.190247,        0.6542587280
1001.478882,        1.0217590332
1001.767639,       -0.2609863281
1002.056335,        0.0973205566
1002.344849,       -0.3674011230
1002.633423,       -1.0501403809
1002.921814,       -0.0985870361
1003.210266,        0.3283538818
1003.498657,       -0.0119171143
1003.786926,       -0.0806121826
1004.075256,       -0.6685333252
1004.363342,       -1.2206268311
1004.651489,       -1.5979003906
1004.939697,       -1.8839263916
1005.227600,       -3.3551483154
1005.515686,       -2.2239074707
1005.803467,       -2.7425231934
1006.091370,       -2.4493713379
1006.379272,       -2.4918365479
1006.666870,       -1.9097900391
1006.954712,       -1.2445983887
1007.242188,       -2.0919342041
1007.529907,       -2.7036437988
1007.817444,       -1.3138961792
1008.104858,       -2.8162841797
1008.392334,       -2.0392608643
1008.679565,       -2.4823532104
1008.966980,       -2.9727020264
1009.254272,       -3.6799926758
1009.541382,       -3.6360626221
1009.828613,       -3.2959899902
1010.115601,       -2.3087387085
1010.402649,       -1.8385009766
1010.689697,       -1.8025817871
1010.976563,       -1.8146362305
1011.263489,       -2.5203704834
1011.550171,       -2.3041229248
1011.837036,       -2.5047302246
1012.123657,       -2.6456909180
1012.410278,       -2.8879241943
1012.696899,       -3.9733276367
1012.983337,       -5.2826156616
1013.269897,       -5.7518463135
1013.556396,       -5.2948913574
1013.842651,       -6.1098937988
1014.129028,       -6.2866134644
1014.415161,       -6.9591140747
1014.701477,       -6.7342071533
1014.987671,       -8.8442077637
1015.273560,       -9.4502410889
1015.559692,       -9.8061676025
1015.845581,      -10.3453216553
1016.131592,      -12.1791305542
1016.417542,      -14.2038269043
1016.703247,      -15.4573898315
1016.989014,      -15.6146240234
1017.274658,      -16.2558135986
1017.560303,      -18.5161056519
1017.845947,      -17.8018188477
1018.131409,      -18.5143432617
1018.416870,      -18.6073150635
1018.702271,      -17.4146957397
1018.987671,      -17.3004455566
1019.272949,      -19.0667648315
1019.558228,      -20.8731842041
1019.843445,      -20.7044982910
1020.128540,      -19.4568634033
1020.413574,      -19.6014099121
1020.698608,      -19.4947204590
1020.983521,      -16.7869796753
1021.268555,      -18.6793365479
1021.553284,      -20.5556716919
1021.838135,      -21.5725021362
1022.122925,      -21.4689178467
1022.407593,      -41.9955139160
1022.692261,       -7.8943710327
1022.976807,        0.6491851807
1023.261292,       -0.8191680908
1023.545837,       -5.3940429688
1023.830200,       -9.7821044922
1024.114624,      -51.5795898438
1024.398804,      -37.5480041504
1024.683105,      -17.4407501221
1024.967285,      -20.1306304932
