340.270844,      100.0000000000
340.648560,      100.0000000000
341.026306,    -1552.1286621094
341.403961,     -945.5535888672
341.781616,    -1424.4450683594
342.159210,     7050.0249023438
342.536743,     -132.8431091309
342.914307,      -57.4027099609
343.291779,     -727.2698974609
343.669250,      100.0000000000
344.046661,    -1039.3714599609
344.424042,    -2390.8395996094
344.801422,    -2348.5200195313
345.178711,    -6891.8071289063
345.556000,    -1092.8953857422
345.933258,    -1060.7618408203
346.310486,    -1844.4813232422
346.687622,    12528.6152343750
347.064758,     1551.8088378906
347.441895,      333.9245300293
347.818939,      325.0560607910
348.195953,      403.8069763184
348.572937,       87.6473083496
348.949890,      -10.5209045410
349.326843,     -247.4371032715
349.703735,     -350.7894897461
350.080597,    -1578.5065917969
350.457397,     2371.1777343750
350.834198,     1832.8497314453
351.210968,      891.0300903320
351.587646,      552.1517333984
351.964325,      447.4779663086
352.340942,      471.1275634766
352.717560,      435.3503417969
353.094147,      386.7052612305
353.470673,      351.1739501953
353.847168,      367.8945007324
354.223602,      357.0433959961
354.600037,      325.3557739258
354.976440,      326.0703735352
355.352783,      284.0145263672
355.729126,      304.8319091797
356.105408,      337.5172729492
356.481628,      138.3362121582
356.857849,      123.8341827393
357.234009,       96.8564453125
357.610168,       94.9073867798
357.986267,       74.8138122559
358.362366,       68.0111541748
358.738373,       96.3771820068
359.114349,      104.9485931396
359.490326,      114.4984359741
359.866241,      120.3813323975
360.242157,      110.6091156006
360.617981,      115.8884887695
360.993805,      122.6877212524
361.369568,      106.4895019531
361.745331,      104.9547882080
362.121033,       92.8806152344
362.496704,      107.9969024658
362.872314,      110.0455474854
363.247925,      115.3907394409
363.623505,      103.3974075317
363.999023,      107.0606384277
364.374542,      178.8330078125
364.750000,      192.6524810791
365.125397,      216.5837860107
365.500763,      227.6134643555
365.876160,      235.8618011475
366.251434,      234.9015350342
366.626740,      219.1923065186
367.001953,      199.8273162842
367.377136,      195.7535247803
367.752350,      205.2207183838
368.127472,      201.2796936035
368.502594,      215.2268066406
368.877625,      220.2078857422
369.252625,      231.1093139648
369.627625,      225.4476013184
370.002563,      214.9963531494
370.377502,      188.4789276123
370.752380,      197.6392364502
371.127228,      176.6649780273
371.502014,      193.1281127930
371.876770,      195.6647033691
372.251526,      196.1353912354
372.626221,      180.1684875488
373.000885,      174.4183502197
373.375488,      156.8343200684
373.750092,      157.0458526611
374.124664,      157.9316406250
374.499146,      147.0144348145
374.873627,      156.2134094238
375.248108,      155.7354125977
375.622467,      151.0819854736
375.996887,      146.9426422119
376.371185,      143.9708862305
376.745483,      142.3903503418
377.119751,      143.2522888184
377.493958,      145.7594909668
377.868195,      150.3101806641
378.242310,      165.1016235352
378.616394,      157.5374755859
378.990540,      167.6625061035
379.364563,      160.6663208008
379.738556,      150.1987152100
380.112518,      145.9079284668
380.486481,      150.9582824707
380.860352,      154.5814514160
381.234192,      166.6827239990
381.608063,      166.2767639160
381.981812,      158.9019470215
382.355591,      165.5551757813
382.729309,      170.6479187012
383.102966,      180.1773986816
383.476624,      177.8481445313
383.850220,      178.0634460449
384.223816,      175.1884155273
384.597321,      172.3298645020
384.970856,      168.8500671387
385.344299,      170.7986755371
385.717682,      167.8225555420
386.091125,      158.8838500977
386.464447,      165.3373565674
386.837769,      166.9597015381
387.211029,      165.5939636230
387.584290,      176.1260223389
387.957489,      172.1530456543
388.330627,      175.2584075928
388.703766,      167.1725158691
389.076874,      163.8782958984
389.449921,      165.6958312988
389.822937,      168.3740844727
390.195923,      168.5296936035
390.568878,      158.1686248779
390.941772,      153.1140899658
391.314636,      155.8864746094
391.687500,      154.3558197021
392.060272,      156.9965209961
392.433075,      157.6948852539
392.805756,      157.4391937256
393.178436,      155.9083251953
393.551117,      154.7100677490
393.923737,      158.0504150391
394.296326,      152.0811462402
394.668854,      153.6318664551
395.041321,      152.4208831787
395.413849,      140.7880706787
395.786255,      142.2921295166
396.158630,      139.0897216797
396.531006,      138.0717468262
396.903320,      136.7968292236
397.275604,      133.9909057617
397.647827,      131.7383117676
398.020050,      125.3269042969
398.392212,      124.1406707764
398.764343,      124.4178695679
399.136444,      123.4789886475
399.508514,      119.0063400269
399.880554,      116.7252731323
400.252533,      114.9380035400
400.624512,      114.1858520508
400.996399,      114.4220199585
401.368286,      116.3820266724
401.740112,      113.2387542725
402.111908,      111.9344558716
402.483673,      110.8464355469
402.855408,      111.4175643921
403.227081,      117.6955718994
403.598755,      117.3329086304
403.970367,      116.6829986572
404.341980,      114.2002105713
404.713501,      111.6881027222
405.085022,      110.1762237549
405.456482,      111.3669128418
405.827911,      113.3607559204
406.199310,      114.8701934814
406.570648,      109.7429962158
406.942017,      110.2472686768
407.313263,      113.4824066162
407.684509,      114.9879837036
408.055725,      115.9283523560
408.426880,      117.7306213379
408.798035,      112.4613952637
409.169128,      111.0152664185
409.540161,      107.4727172852
409.911224,      109.2248001099
410.282196,      110.4152526855
410.653137,      111.4761428833
411.024048,      110.1101608276
411.394897,      111.5694046021
411.765747,      111.9088592529
412.136536,      114.4776306152
412.507324,      109.5294036865
412.878052,      109.2230911255
413.248718,      106.1152191162
413.619385,      105.9571838379
413.989990,      104.8875350952
414.360565,      106.8461303711
414.731110,      106.7115020752
415.101563,      106.3756866455
415.472076,      106.0645675659
415.842468,      105.5838317871
416.212891,       97.9826889038
416.583221,      100.7317657471
416.953522,      100.4448013306
417.323792,      103.0373992920
417.694031,      100.5502700806
418.064240,       99.1534423828
418.434418,       99.9037475586
418.804535,       98.6602630615
419.174622,       98.3452529907
419.544678,       98.5978088379
419.914673,       97.3153076172
420.284668,      102.0192337036
420.654572,      102.8981628418
421.024475,      105.2046127319
421.394348,      104.8619689941
421.764191,      105.7035827637
422.133972,      106.3476409912
422.503693,      104.8765106201
422.873444,      105.0361480713
423.243134,      104.4522247314
423.612762,      104.7094268799
423.982330,      109.5615539551
424.351929,      109.5662689209
424.721436,      109.4541702271
425.090942,      108.7063369751
425.460358,      109.7228469849
425.829773,      109.5045242310
426.199158,      108.6174621582
426.568481,      109.0740737915
426.937775,      108.5146636963
427.307037,      107.2316436768
427.676239,      108.0604324341
428.045441,      107.0795593262
428.414581,      106.9181289673
428.783722,      106.4520339966
429.152802,      106.6004333496
429.521790,      104.2339553833
429.890839,      104.1809692383
430.259766,      105.1802215576
430.628693,      103.8817291260
430.997589,      103.3961105347
431.366425,      102.3908462524
431.735229,      102.0098495483
432.104004,      100.9108886719
432.472748,      101.3587265015
432.841431,      101.9772338867
433.210052,      102.0298614502
433.578705,      102.3806991577
433.947266,      101.5688858032
434.315826,      101.6032867432
434.684326,      101.7782592773
435.052765,      101.8672256470
435.421204,      101.4808502197
435.789612,      101.4493331909
436.157959,      101.5423355103
436.526276,      101.1406784058
436.894531,      100.6039657593
437.262756,      102.1378479004
437.630951,      101.3497695923
437.999146,      101.2337417603
438.367249,      101.4771575928
438.735321,      101.6300277710
439.103394,      101.7678680420
439.471405,      101.5986099243
439.839386,       94.6691894531
440.207306,       94.5901031494
440.575195,       93.9343643188
440.943054,       94.1591873169
441.310883,       93.3085174561
441.678680,       93.4459533691
442.046387,       93.3987121582
442.414093,       93.0679168701
442.781799,       93.5923004150
443.149414,       93.3041152954
443.516998,       93.6048507690
443.884552,       93.0128402710
444.252045,       93.2663803101
444.619537,       93.4336471558
444.987000,       93.2491531372
445.354401,       93.6270675659
445.721710,       93.4962081909
446.089081,       93.9948272705
446.456360,       93.9076614380
446.823608,       93.9882659912
447.190826,       93.7963867188
447.557953,       99.7570648193
447.925110,       99.7782745361
448.292175,       99.9897613525
448.659271,       99.7895126343
449.026276,      100.4133682251
449.393250,      100.3822708130
449.760193,       99.9349441528
450.127075,      100.2284622192
450.493958,       99.8768005371
450.860779,      100.5011749268
451.227570,      100.1406860352
451.594330,      100.1135635376
451.960999,       99.4625244141
452.327698,       99.6406555176
452.694336,       99.0443191528
453.060913,       99.3806152344
453.427490,       99.3663940430
453.793976,       99.0156250000
454.160492,       98.8278198242
454.526917,       92.0397872925
454.893311,       92.3783111572
455.259674,       92.5848236084
455.626007,       92.5488815308
455.992310,       92.5823974609
456.358551,       92.5011215210
456.724731,       92.5423431396
457.090912,       92.5158462524
457.457031,       92.9249191284
457.823151,       92.8465042114
458.189209,       92.8559417725
458.555206,       92.7409439087
458.921173,       93.0455017090
459.287109,       93.2760467529
459.653015,       93.6774978638
460.018890,       93.7698974609
460.384705,       93.9417724609
460.750519,       93.2906723022
461.116241,       93.3341598511
461.481964,       93.1321563721
461.847626,       93.1843948364
462.213226,       98.2191696167
462.578827,       98.2478256226
462.944427,       98.2658233643
463.309906,       98.2816162109
463.675385,       98.4137420654
464.040802,       98.7058715820
464.406219,       98.5682525635
464.771606,       98.5551986694
465.136902,       98.5748901367
465.502197,       98.6290054321
465.867462,       98.8735656738
466.232635,       99.0530929565
466.597839,       99.0431823730
466.962921,       99.0249404907
467.328003,       98.9795532227
467.693054,       98.8238449097
468.058075,       99.0588302612
468.423035,       99.2821502686
468.787994,       98.9908523560
469.152863,       99.0262527466
469.517700,       98.9512176514
469.882538,       98.6550369263
470.247314,       98.5657653809
470.612061,       98.1541748047
470.976746,       98.1167526245
471.341431,       97.9186248779
471.706024,       97.8002471924
472.070618,       97.8283996582
472.435181,       97.9703521729
472.799622,       98.0215301514
473.164124,       97.8558502197
473.528534,       97.7503509521
473.892975,       97.4406585693
474.257294,       97.3129501343
474.621582,       97.2871246338
474.985870,       97.3142700195
475.350098,       97.4246597290
475.714325,       97.4525604248
476.078461,       97.4490585327
476.442535,       97.6184005737
476.806641,       97.7291641235
477.170685,       97.8718490601
477.534668,       98.1918258667
477.898621,       98.2784576416
478.262512,       98.6680221558
478.626404,       98.4543075562
478.990265,       98.4769515991
479.354065,       98.3705215454
479.717834,       98.1965942383
480.081512,       98.1748962402
480.445221,       98.0717468262
480.808899,       98.0844650269
481.172485,       97.9013824463
481.536041,       97.9154891968
481.899567,       97.9188156128
482.263062,       98.2097091675
482.626526,       98.2148361206
482.989929,       98.1560974121
483.353271,       98.0926361084
483.716583,       97.9832611084
484.079895,       97.8709564209
484.443146,       97.7999420166
484.806366,       97.8153686523
485.169525,       97.6546936035
485.532654,       97.4344024658
485.895752,       97.3143539429
486.258820,       97.4247817993
486.621857,       97.4065780640
486.984802,       97.4206771851
487.347748,       97.5186462402
487.710663,       97.4399414063
488.073517,       97.5204162598
488.436340,       97.5976104736
488.799072,       97.6307830811
489.161835,       97.6704177856
489.524536,       97.7312850952
489.887238,       97.5694046021
490.249847,       97.5187225342
490.612396,       97.5001068115
490.974915,       97.4969253540
491.337433,       97.5448989868
491.699921,       97.6004257202
492.062347,       97.6514892578
492.424713,       97.6096191406
492.787079,       97.5985794067
493.149353,       97.5691757202
493.511658,       97.6205596924
493.873871,       97.6742935181
494.236053,       97.7674407959
494.598206,       97.7193679810
494.960297,       97.6337966919
495.322388,       97.6757583618
495.684418,       97.2884292603
496.046356,       97.2099533081
496.408325,       97.2511978149
496.770264,       97.2839889526
497.132141,       97.2260742188
497.493958,       97.1466827393
497.855713,       97.1391983032
498.217499,       97.1164093018
498.579193,       97.1323242188
498.940887,       97.1293182373
499.302490,       97.1144790649
499.664093,       97.0860900879
500.025635,       97.0809402466
500.387177,       97.1438980103
500.748627,       97.2084350586
501.110077,       97.2129516602
501.471436,       97.1305084229
501.832825,       97.0863800049
502.194153,       97.0937194824
502.555389,       97.0571060181
502.916626,       96.9895324707
503.277802,       97.2719802856
503.638977,       97.2772064209
504.000092,       97.2469100952
504.361176,       97.1166305542
504.722198,       97.0856933594
505.083160,       97.0220718384
505.444153,       97.0351333618
505.805084,       97.0781555176
506.165924,       97.0612335205
506.526764,       96.9664611816
506.887543,       96.8628616333
507.248322,       96.7390136719
507.609070,       96.6740493774
507.969727,       96.6234741211
508.330322,       96.5774841309
508.690918,       96.4969863892
509.051514,       96.5179214478
509.412018,       96.4386444092
509.772491,       96.4184341431
510.132904,       96.4079742432
510.493286,       96.3085861206
510.853699,       96.2069320679
511.213989,       96.1937561035
511.574280,       96.1187286377
511.934509,       96.1124191284
512.294678,       96.0922622681
512.654846,       96.0847015381
513.014954,       96.0220336914
513.375061,       95.8640136719
513.735046,       95.7420349121
514.095032,       95.7939910889
514.455078,       95.7826309204
514.814941,       95.7471084595
515.174805,       95.6961441040
515.534607,       95.6200714111
515.894409,       95.5664749146
516.254211,       95.3906860352
516.613892,       95.2338714600
516.973572,       95.1579360962
517.333130,       95.0210800171
517.692749,       94.9893264771
518.052368,       94.9633483887
518.411865,       94.9169006348
518.771301,       94.8330917358
519.130737,       94.7165451050
519.490173,       94.5988159180
519.849548,       94.4987716675
520.208801,       94.4002227783
520.568054,       94.2961120605
520.927307,       94.2460021973
521.286499,       94.1784973145
521.645691,       94.0765151978
522.004822,       93.9565200806
522.363831,       93.8687820435
522.722839,       93.7496109009
523.081848,       93.5342407227
523.440796,       93.4260330200
523.799744,       93.4421386719
524.158569,       93.3743362427
524.517395,       93.2834243774
524.876160,       93.3127136230
525.234924,       93.2227935791
525.593628,       93.1624603271
525.952271,       93.0330505371
526.310913,       92.9946823120
526.669495,       92.9225234985
527.028076,       92.8704910278
527.386536,       92.7968750000
527.744995,       92.7326126099
528.103394,       92.6593170166
528.461792,       92.6204910278
528.820129,       92.5512390137
529.178406,       92.4241256714
529.536743,       92.3493041992
529.894958,       92.2829742432
530.253113,       92.2451248169
530.611267,       92.2459869385
530.969299,       92.1774749756
531.327393,       92.0476074219
531.685486,       91.9937744141
532.043335,       91.9746475220
532.401367,       91.8339920044
532.759216,       91.7815933228
533.117004,       91.7108612061
533.474915,       91.6709899902
533.832642,       91.5548095703
534.190430,       91.5353012085
534.548096,       91.4949417114
534.905762,       91.4256362915
535.263367,       91.3618545532
535.620850,       91.3377532959
535.978455,       91.2909317017
536.335876,       91.2677459717
536.693359,       91.2773590088
537.050781,       91.3130111694
537.408142,       91.2747726440
537.765442,       91.2410125732
538.122681,       91.2692108154
538.479919,       91.2616729736
538.837219,       91.2519683838
539.194336,       91.2238540649
539.551453,       91.1346206665
539.908508,       91.1173248291
540.265564,       91.0434875488
540.622559,       91.0399398804
540.979553,       91.0048980713
541.336426,       90.9343109131
541.693298,       90.9332199097
542.050110,       90.8701934814
542.406921,       90.8177947998
542.763672,       90.8451843262
543.120422,       90.7922439575
543.477051,       90.7558441162
543.833679,       90.6968841553
544.190308,       90.6476135254
544.546814,       90.5480804443
544.903381,       90.5005874634
545.259827,       90.4558868408
545.616211,       90.3592987061
545.972595,       90.3448333740
546.328979,       90.3251113892
546.685242,       90.2807464600
547.041504,       90.2786178589
547.397644,       90.2642288208
547.753906,       90.2669677734
548.110046,       90.2099914551
548.466125,       90.1877593994
548.822144,       90.1799240112
549.178223,       90.0644149780
549.534241,       90.0338287354
549.890137,       89.9905395508
550.246033,       89.9047851563
550.601868,       89.8830871582
550.957581,       89.8487091064
551.313416,       89.8557510376
551.669128,       89.8606414795
552.024841,       89.7948913574
552.380432,       89.7972183228
552.736023,       89.7723922729
553.091675,       89.7314682007
553.447144,       89.7055892944
553.802612,       89.7022247314
554.158020,       89.6968307495
554.513428,       89.6872100830
554.868774,       89.6317825317
555.224121,       89.5996551514
555.579346,       89.5809097290
555.934631,       89.5782241821
556.289734,       89.5554962158
556.644958,       89.5843811035
557.000000,       89.5720138550
557.355103,       89.6101150513
557.710083,       89.6170043945
558.065063,       89.5942306519
558.420105,       89.6076660156
558.774963,       89.6128921509
559.129822,       89.5661239624
559.484619,       89.6445617676
559.839355,       89.6874694824
560.194153,       89.6817626953
560.548828,       89.7129135132
560.903442,       89.7362747192
561.258057,       89.7181320190
561.612610,       89.7321243286
561.967224,       89.7054214478
562.321655,       89.7463455200
562.676086,       89.7846603394
563.030457,       89.8081359863
563.384827,       89.8425369263
563.739197,       89.8612976074
564.093445,       89.9105224609
564.447693,       89.9389114380
564.801880,       89.9445419312
565.156006,       89.9686355591
565.510132,       90.0255126953
565.864197,       90.0455703735
566.218262,       90.0876998901
566.572205,       90.1449966431
566.926086,       90.1680984497
567.280090,       90.1856689453
567.633972,       90.2277526855
567.987732,       90.2988281250
568.341553,       90.3528518677
568.695190,       90.4305496216
569.048950,       90.4849929810
569.402649,       90.5593490601
569.756165,       90.5864334106
570.109802,       90.6303100586
570.463257,       90.6580963135
570.816772,       90.6343307495
571.170227,       90.7156677246
571.523621,       90.7426681519
571.877014,       90.8022384644
572.230286,       90.8449478149
572.583557,       90.9012603760
572.936829,       90.9185104370
573.289978,       90.9523010254
573.643250,       90.9654922485
573.996216,       91.0203552246
574.349365,       91.0421371460
574.702393,       91.1008453369
575.055359,       91.1672363281
575.408325,       91.2075500488
575.761169,       91.2390670776
576.114075,       91.2824630737
576.466919,       91.2976379395
576.819641,       91.3212280273
577.172363,       91.3491744995
577.525085,       91.3669891357
577.877686,       91.4290847778
578.230286,       91.5200271606
578.582825,       91.5600433350
578.935425,       91.5692443848
579.287903,       91.6091232300
579.640320,       91.6753540039
579.992676,       91.6878280640
580.345093,       91.7468566895
580.697388,       91.7604675293
581.049683,       91.7837677002
581.401855,       91.8154144287
581.754089,       91.8590469360
582.106201,       91.8342590332
582.458313,       91.8350982666
582.810425,       91.8449554443
583.162354,       91.8750686646
583.514404,       91.8654556274
583.866272,       91.9024276733
584.218201,       91.9159469604
584.570068,       91.9324340820
584.921875,       91.9703979492
585.273560,       91.9569702148
585.625305,       91.9366912842
585.977051,       91.9459838867
586.328674,       91.9563217163
586.680237,       91.9876403809
587.031799,       91.9892120361
587.383301,       92.0032882690
587.734802,       92.0074768066
588.086243,       92.0323028564
588.437561,       92.0655517578
588.788940,       92.0567321777
589.140198,       92.0981674194
589.491516,       92.1498413086
589.842712,       92.1670379639
590.193848,       92.1600494385
590.544983,       92.1074905396
590.896057,       92.1187133789
591.247192,       92.1250381470
591.598145,       92.1420745850
591.949158,       92.1397247314
592.300049,       92.1510696411
592.650879,       92.2082214355
593.001770,       92.2565155029
593.352539,       92.2344512939
593.703308,       92.2467498779
594.054016,       92.2418365479
594.404663,       92.2397155762
594.755310,       92.2622222900
595.105896,       92.2404098511
595.456360,       92.2603302002
595.806885,       92.2558135986
596.157349,       92.1940841675
596.507751,       92.1492614746
596.858154,       92.1312713623
597.208435,       92.1493759155
597.558777,       92.1581802368
597.908997,       92.2089920044
598.259216,       92.2218704224
598.609314,       92.1940002441
598.959473,       92.2035980225
599.309570,       92.2324600220
599.659546,       92.2223358154
600.009583,       92.2034149170
600.359497,       92.1935424805
600.709412,       92.2132873535
601.059265,       92.2114868164
601.409058,       92.2043991089
601.758850,       92.2385787964
602.108521,       92.2494354248
602.458191,       92.2882232666
602.807922,       92.2947311401
603.157471,       92.2728729248
603.507080,       92.3174896240
603.856567,       92.3473739624
604.205994,       92.3574981689
604.555542,       92.4005966187
604.904846,       92.4487686157
605.254211,       92.4587936401
605.603516,       92.4212493896
605.952759,       92.4688644409
606.302063,       92.4641418457
606.651123,       92.4823532104
607.000305,       92.5148086548
607.349365,       92.5226898193
607.698425,       92.5532073975
608.047485,       92.5759353638
608.396362,       92.6342773438
608.745300,       92.6407012939
609.094177,       92.6321487427
609.442993,       92.6615753174
609.791809,       92.6645507813
610.140503,       92.6696548462
610.489258,       92.7199172974
610.837891,       92.7688827515
611.186523,       92.7884979248
611.535156,       92.8069992065
611.883606,       92.7935638428
612.232178,       92.8008270264
612.580566,       92.7993698120
612.928955,       92.8328857422
613.277344,       92.8701019287
613.625610,       92.8927993774
613.973938,       92.9223098755
614.322144,       92.9314117432
614.670288,       92.9613265991
615.018555,       92.9794921875
615.366516,       92.9955215454
615.714661,       92.9918518066
616.062622,       93.0056304932
616.410645,       93.0146865845
616.758606,       92.9987640381
617.106445,       93.0231170654
617.454285,       93.0446472168
617.802063,       93.0345840454
618.149841,       93.0410766602
618.497559,       93.0495834351
618.845215,       93.0859375000
619.192871,       93.0849380493
619.540466,       93.0991134644
619.888000,       93.1347656250
620.235535,       93.1636810303
620.582886,       93.1377487183
620.930359,       93.1401596069
621.277710,       93.1280975342
621.625061,       93.1250915527
621.972351,       93.1252517700
622.319519,       93.1113433838
622.666809,       93.1191864014
623.013916,       93.1336517334
623.361023,       93.1444778442
623.708130,       93.1632919312
624.055054,       93.1844329834
624.402100,       93.2103576660
624.749023,       93.2242202759
625.095947,       93.2177734375
625.442810,       93.2227325439
625.789551,       93.2244644165
626.136353,       93.2023925781
626.483032,       93.2167816162
626.829712,       93.1936950684
627.176392,       93.1671752930
627.522949,       93.1682434082
627.869507,       93.1901321411
628.216003,       93.2190551758
628.562500,       93.2256469727
628.908936,       93.2157287598
629.255310,       93.1970062256
629.601624,       93.2066497803
629.947876,       93.2101593018
630.294067,       93.1636123657
630.640320,       93.2035751343
630.986511,       93.1934814453
631.332642,       93.1917266846
631.678650,       93.1467208862
632.024658,       93.1642684937
632.370728,       93.2184906006
632.716614,       93.2252731323
633.062500,       93.2279663086
633.408325,       93.2414398193
633.754089,       93.2105255127
634.099915,       93.2204437256
634.445679,       93.2244644165
634.791321,       93.2594985962
635.136963,       93.2464370728
635.482483,       93.2055816650
635.828125,       93.2469329834
636.173584,       93.2877807617
636.519043,       93.3285446167
636.864502,       93.3392868042
637.209778,       93.3497467041
637.555237,       93.4327392578
637.900452,       93.4347610474
638.245728,       93.4848327637
638.590881,       93.5157241821
638.935974,       93.5801544189
639.281189,       93.5820312500
639.626221,       93.6333084106
639.971191,       93.6705932617
640.316223,       93.6920318604
640.661072,       93.7190475464
641.006042,       93.7743835449
641.350891,       93.8375854492
641.695679,       93.8777313232
642.040466,       93.9288330078
642.385071,       93.9879913330
642.729858,       94.0668182373
643.074463,       94.0206604004
643.419067,       94.0430603027
643.763611,       94.0693664551
644.108032,       94.1276702881
644.452515,       94.1882400513
644.796936,       94.2225952148
645.141296,       94.2413787842
645.485657,       94.2464904785
645.829834,       94.2678985596
646.174133,       94.2530136108
646.518311,       94.2861862183
646.862427,       94.2786483765
647.206604,       94.3374328613
647.550598,       94.3932189941
647.894653,       94.4281234741
648.238647,       94.4574966431
648.582458,       94.4717102051
648.926453,       94.5241699219
649.270203,       94.5305938721
649.614075,       94.5717315674
649.957764,       94.5921325684
650.301453,       94.6811981201
650.645142,       94.7215347290
650.988708,       94.7385025024
651.332336,       94.7692413330
651.675842,       94.7775878906
652.019348,       94.7821731567
652.362854,       94.8058319092
652.706177,       94.8354721069
653.049561,       94.8804626465
653.392883,       94.9235000610
653.736084,       94.9472808838
654.079346,       94.9613418579
654.422424,       94.8421478271
654.765625,       94.8550720215
655.108765,       94.8873519897
655.451721,       94.9307327271
655.794800,       94.9377899170
656.137695,       94.9519042969
656.480591,       94.9661178589
656.823486,       94.9823532104
657.166260,       95.0164566040
657.509094,       95.0448074341
657.851807,       95.0399322510
658.194519,       95.0592575073
658.537109,       95.0223388672
658.879761,       95.0737152100
659.222351,       95.1152877808
659.564758,       95.1582717896
659.907349,       95.1952972412
660.249695,       95.1969070435
660.592041,       95.2257003784
660.934448,       95.2718887329
661.276672,       95.2995376587
661.619019,       95.4147415161
661.961182,       95.4284057617
662.303284,       95.4789428711
662.645508,       95.4953536987
662.987427,       95.5404663086
663.329529,       95.5782928467
663.671448,       95.6049041748
664.013428,       95.6041412354
664.355347,       95.6160125732
664.697205,       95.6040802002
665.039001,       95.6501007080
665.380676,       95.6743011475
665.722412,       95.7471923828
666.064148,       95.7318496704
666.405701,       95.7411346436
666.747253,       95.7603378296
667.088806,       95.7731475830
667.430298,       95.7872772217
667.771790,       95.8193359375
668.113159,       95.8237609863
668.454529,       95.8167343140
668.795837,       95.8576965332
669.137085,       95.8902969360
669.478394,       95.8783264160
669.819519,       95.8693618774
670.160645,       95.8709411621
670.501709,       95.8675842285
670.842773,       95.8926239014
671.183777,       95.8942489624
671.524719,       95.9127655029
671.865662,       95.9593658447
672.206482,       95.9584121704
672.547302,       96.0002441406
672.888123,       95.9905929565
673.228821,       96.0175170898
673.569458,       96.0337142944
673.910095,       96.0201873779
674.250732,       96.0032730103
674.591370,       95.9437713623
674.931824,       95.9321594238
675.272217,       95.9304122925
675.612732,       95.9594268799
675.953003,       95.9606018066
676.293396,       95.9568481445
676.633667,       95.9436645508
676.973877,       95.9248352051
677.314148,       95.9121017456
677.654236,       95.8866119385
677.994385,       95.8566970825
678.334412,       95.8474426270
678.674438,       95.8194961548
679.014404,       95.7868423462
679.354309,       95.7688140869
679.694214,       95.7125244141
680.034058,       95.6905364990
680.373840,       95.6491622925
680.713623,       95.6087951660
681.053223,       95.5980072021
681.392944,       95.5587005615
681.732544,       95.4689865112
682.072083,       95.1304550171
682.411621,       95.0894012451
682.751038,       95.0229339600
683.090515,       94.9680633545
683.429871,       94.8946685791
683.769226,       94.8331985474
684.108582,       94.7916946411
684.447754,       94.7238388062
684.786987,       94.6717147827
685.126160,       94.5989608765
685.465210,       94.4982604980
685.804382,       94.4000701904
686.143311,       94.3139801025
686.482361,       94.2127532959
686.821289,       94.1019439697
687.160156,       93.9961700439
687.499023,       93.8817138672
687.837769,       93.7082061768
688.176514,       93.5432281494
688.515259,       93.4055862427
688.853882,       93.3543395996
689.192566,       93.4741897583
689.531067,       93.2835083008
689.869629,       93.0855331421
690.208130,       92.8974761963
690.546570,       92.6657104492
690.885010,       92.4419708252
691.223267,       92.2294616699
691.561584,       91.9839859009
691.899841,       91.7017059326
692.238037,       91.4237518311
692.576294,       91.1549530029
692.914307,       90.8583602905
693.252380,       90.5342483521
693.590454,       90.1852416992
693.928406,       89.8670959473
694.266357,       89.4676055908
694.604187,       89.0552902222
694.942078,       88.6900634766
695.279907,       88.2890167236
695.617615,       87.8333587646
695.955444,       87.4348678589
696.292969,       87.0243225098
696.630676,       86.5308837891
696.968201,       86.0790176392
697.305725,       85.5314178467
697.643250,       85.0366897583
697.980652,       84.5087432861
698.318054,       83.9289779663
698.655396,       83.3820877075
698.992676,       82.8419494629
699.330017,       82.2378692627
699.667175,       81.6822052002
700.004395,       81.0987091064
700.341492,       80.4754257202
700.678528,       79.8924255371
701.015564,       79.2062835693
701.352478,       78.6335449219
701.689514,       78.0547256470
702.026428,       77.3614044189
702.363220,       76.7240982056
702.700073,       76.1421966553
703.036804,       75.4588851929
703.373474,       74.7803039551
703.710144,       74.1518859863
704.046814,       73.4746246338
704.383362,       72.9025192261
704.719910,       72.2291870117
705.056335,       71.6054229736
705.392761,       70.9830551147
705.729187,       70.3141403198
706.065552,       69.6224594116
706.401855,       69.0072402954
706.738098,       68.3144836426
707.074280,       67.6886978149
707.410461,       67.0635070801
707.746643,       66.4164276123
708.082642,       65.8512954712
708.418701,       65.1992492676
708.754639,       64.5390548706
709.090576,       63.9856491089
709.426514,       63.3269348145
709.762329,       62.6443939209
710.098083,       62.0396347046
710.433838,       61.3729782104
710.769592,       60.7261276245
711.105286,       60.1487960815
711.440796,       59.4908561707
711.776367,       58.9285888672
712.112000,       58.3009643555
712.447388,       57.6905593872
712.782837,       57.0887718201
713.118225,       56.5285949707
713.453552,       55.9592514038
713.788818,       55.3962554932
714.124023,       54.7544975281
714.459290,       54.1795730591
714.794434,       53.6477737427
715.129517,       53.0424118042
715.464661,       52.4544105530
715.799622,       51.9225616455
716.134583,       51.3430099487
716.469482,       50.7823066711
716.804321,       50.2334671021
717.139221,       49.7310714722
717.473938,       49.2947311401
717.808777,       48.7066574097
718.143433,       48.1671524048
718.478088,       47.6569290161
718.812683,       47.1605033875
719.147217,       46.6380767822
719.481750,       46.1456947327
719.816223,       45.6649169922
720.150574,       45.1495895386
720.485046,       44.6684722900
720.819214,       44.1776351929
721.153564,       43.7205200195
721.487854,       43.2908859253
721.821960,       42.8216934204
722.156189,       42.3178482056
722.490234,       41.9016952515
722.824341,       41.4754486084
723.158264,       41.0259399414
723.492249,       40.6437797546
723.826172,       40.2598495483
724.159973,       39.7634048462
724.493835,       39.3181838989
724.827576,       38.9171485901
725.161316,       38.4396972656
725.494995,       37.9893455505
725.828613,       37.5624237061
726.162231,       37.1925506592
726.495728,       36.7967224121
726.829163,       36.4020500183
727.162720,       36.0496444702
727.496033,       35.6735687256
727.829468,       35.3046951294
728.162720,       34.9294662476
728.496033,       34.5149230957
728.829224,       34.1353530884
729.162354,       33.9259490967
729.495483,       33.6101531982
729.828552,       33.2253952026
730.161560,       32.9458312988
730.494629,       32.6107025146
730.827454,       32.3005981445
731.160400,       31.9892501831
731.493225,       31.6734313965
731.825989,       31.4243392944
732.158813,       31.1600875854
732.491455,       30.9174499512
732.824158,       30.5784759521
733.156799,       30.2793884277
733.489319,       29.9479980469
733.821899,       29.6423034668
734.154236,       29.3754425049
734.486755,       29.0254821777
734.819092,       28.7382507324
735.151428,       28.5005569458
735.483765,       28.2479095459
735.815857,       28.0249023438
736.148132,       27.7484893799
736.480286,       27.5139541626
736.812378,       27.2498092651
737.144470,       26.9678955078
737.476379,       26.6554489136
737.808411,       26.3938293457
738.140259,       26.1527709961
738.472168,       25.9678039551
738.804016,       25.8041992188
739.135742,       25.6345443726
739.467468,       25.3847503662
739.799133,       25.1972198486
740.130798,       25.0579833984
740.462402,       24.8512115479
740.793884,       24.6360168457
741.125366,       24.4102020264
741.456848,       24.2687988281
741.788208,       24.1005020142
742.119568,       23.8773117065
742.450928,       23.6859207153
742.782166,       23.5020675659
743.113281,       23.2729034424
743.444458,       23.0159606934
743.775635,       22.8822479248
744.106689,       22.7391815186
744.437683,       22.6269226074
744.768677,       22.4847030640
745.099609,       22.3839187622
745.430481,       22.2473297119
745.761353,       21.9879302979
746.092102,       21.7784576416
746.422852,       21.6140441895
746.753479,       21.5450820923
747.084229,       21.3834838867
747.414795,       21.3188171387
747.745300,       21.2158432007
748.075806,       21.1480865479
748.406311,       21.0737152100
748.736694,       20.9501953125
749.067078,       20.8490447998
749.397400,       20.7561645508
749.727722,       20.6656188965
750.057861,       20.5362854004
750.388062,       20.4942092896
750.718201,       20.4264373779
751.048279,       20.3636474609
751.378357,       20.3456878662
751.708252,       20.2667236328
752.038208,       20.1581115723
752.368164,       19.9865112305
752.697937,       20.0467529297
753.027832,       20.0257263184
753.357483,       19.9324111938
753.687256,       19.8697204590
754.016907,       19.7722778320
754.346497,       19.6713409424
754.676147,       19.6876220703
755.005493,       19.6570739746
755.335083,       19.5577926636
755.664490,       19.4122619629
755.993835,       19.4051284790
756.323181,       19.2988204956
756.652405,       19.2559814453
756.981689,       19.2957763672
757.310852,       19.2349166870
757.640015,       19.1035461426
757.969177,       19.0594787598
758.298096,       19.0103378296
758.627197,       18.9000701904
758.956116,       18.8962860107
759.284973,       18.9377288818
759.613892,       18.8737182617
759.942627,       18.7965927124
760.271423,       18.8552322388
760.600159,       18.8246307373
760.928772,       18.7739410400
761.257446,       18.8195266724
761.585999,       18.7506561279
761.914490,       18.5469436646
762.242981,       18.5956573486
762.571350,       18.6538238525
762.899841,       18.5462112427
763.228088,       18.6149291992
763.556396,       18.5089416504
763.884644,       18.5186767578
764.212830,       18.4689178467
764.541016,       18.4528045654
764.869080,       18.4054183960
765.197144,       18.4127578735
765.525146,       18.5296020508
765.853088,       18.5323181152
766.181030,       18.4413375854
766.508789,       18.4589080811
766.836670,       18.4737472534
767.164429,       18.3888778687
767.492126,       18.3502044678
767.819824,       18.4195098877
768.147400,       18.2960815430
768.475037,       18.2846527100
768.802490,       18.3468170166
769.130005,       18.1472473145
769.457458,       18.2296447754
769.784790,       18.2565155029
770.112183,       18.1731719971
770.439453,       18.2005310059
770.766663,       18.0668029785
771.093872,       18.1256332397
771.420959,       18.1746139526
771.748108,       18.1902465820
772.075195,       18.1167755127
772.402161,       17.9960250854
772.729126,       17.9831695557
773.055969,       18.0238952637
773.382874,       18.0101852417
773.709717,       18.0297088623
774.036438,       18.1712951660
774.363159,       18.0973892212
774.689758,       17.9389648438
775.016479,       17.9989318848
775.343018,       17.9756469727
775.669495,       18.1227264404
775.996033,       18.3826904297
776.322449,       18.2622604370
776.648865,       18.2923126221
776.975098,       18.2943191528
777.301453,       18.3472900391
777.627686,       18.4129409790
777.953857,       18.3199081421
778.280029,       18.3636016846
778.606079,       18.2419891357
778.932068,       18.2529449463
779.258179,       18.2842254639
779.584045,       18.2855224609
779.909973,       18.3058013916
780.235840,       18.2997894287
780.561646,       18.2704620361
780.887390,       18.2139892578
781.213135,       18.3474273682
781.538757,       18.4768447876
781.864380,       18.2594604492
782.189880,       18.2896575928
782.515442,       18.1987915039
782.840942,       18.0642852783
783.166321,       18.1940231323
783.491699,       18.1969451904
783.817017,       18.3034820557
784.142395,       18.2239990234
784.467529,       18.1749572754
784.792725,       18.2444000244
785.117859,       18.2586059570
785.442932,       18.3940582275
785.768005,       18.4375152588
786.092957,       18.4880218506
786.417908,       18.4279022217
786.742798,       18.4617462158
787.067566,       18.4477310181
787.392456,       18.4279708862
787.717163,       18.4291534424
788.041870,       18.3821258545
788.366577,       18.4282073975
788.691101,       18.7466888428
789.015686,       18.6422653198
789.340149,       18.6706466675
789.664673,       18.5743789673
789.989075,       18.5595703125
790.313354,       18.4731750488
790.637756,       18.3102111816
790.962036,       18.3140869141
791.286194,       18.4209442139
791.610413,       18.3964385986
791.934448,       18.3495254517
792.258606,       18.3052062988
792.582581,       18.2009735107
792.906555,       18.1675567627
793.230530,       18.2203063965
793.554321,       18.1242294312
793.878174,       18.1884765625
794.201965,       18.2135314941
794.525696,       18.1898803711
794.849426,       18.1832046509
795.172974,       18.0538635254
795.496643,       17.9465713501
795.820129,       17.9319763184
796.143616,       17.8394622803
796.467102,       17.8860168457
796.790405,       17.8254318237
797.113831,       17.9275207520
797.437134,       17.9615478516
797.760315,       17.9461212158
798.083618,       17.8596496582
798.406677,       17.7939910889
798.729797,       17.6579742432
799.052856,       17.6623687744
799.375854,       17.7158737183
799.698853,       17.6567840576
800.021729,       17.5565719604
800.344604,       17.6143264771
800.667358,       17.4422378540
800.990112,       17.3859558105
801.312866,       17.3082733154
801.635498,       17.1681671143
801.958191,       17.1254730225
802.280701,       17.1660614014
802.603210,       17.2117767334
802.925781,       17.1893234253
803.248108,       17.2119293213
803.570496,       17.1469497681
803.892822,       17.0418930054
804.215088,       16.9817886353
804.537354,       16.9929122925
804.859436,       16.9501647949
805.181641,       17.0412902832
805.503723,       17.0809326172
805.825745,       16.9838256836
806.147766,       16.9083557129
806.469604,       16.8757781982
806.791504,       16.8176040649
807.113342,       16.8159179688
807.435181,       16.8646850586
807.756897,       16.8622589111
808.078552,       16.8303909302
808.400208,       16.8720855713
808.721802,       16.9123840332
809.043335,       16.8597106934
809.364929,       16.7184448242
809.686279,       16.7424621582
810.007751,       16.7751159668
810.329041,       16.8247833252
810.650330,       16.8482894897
810.971619,       16.8921356201
811.292786,       16.8749465942
811.613953,       16.9163665771
811.935059,       16.9005813599
812.256104,       16.9514999390
812.577148,       16.9333724976
812.898071,       16.9422454834
813.218994,       17.0027313232
813.539795,       17.0816879272
813.860596,       16.9599609375
814.181396,       16.9566497803
814.502136,       17.0574264526
814.822754,       17.0433959961
815.143372,       17.0674133301
815.463928,       17.0616683960
815.784485,       17.0990142822
816.104919,       17.2514495850
816.425354,       17.2174835205
816.745728,       17.2026977539
817.065979,       17.1842041016
817.386353,       17.2260055542
817.706421,       17.0954589844
818.026733,       17.0253295898
818.346863,       16.9508972168
818.666809,       16.8267669678
818.986938,       16.7513198853
819.306824,       16.8173828125
819.626770,       16.7511978149
819.946716,       16.7110519409
820.266479,       16.6737823486
820.586304,       16.7691345215
820.905945,       16.7477264404
821.225647,       16.5734710693
821.545349,       16.5205535889
821.864868,       16.4957275391
822.184448,       16.3809356689
822.503845,       16.2478942871
822.823364,       16.1654815674
823.142761,       16.1328811646
823.462036,       16.0609436035
823.781372,       16.0920715332
824.100525,       16.0531463623
824.419800,       16.1710891724
824.738953,       16.2277908325
825.057922,       16.2516479492
825.377014,       16.3455352783
825.695984,       16.3270187378
826.014954,       16.3601074219
826.333862,       16.4207000732
826.652649,       16.3678741455
826.971497,       16.3245239258
827.290100,       16.2967529297
827.608887,       16.2453918457
827.927612,       16.2442474365
828.246094,       16.3225250244
828.564697,       16.3368606567
828.883118,       16.4961853027
829.201599,       16.5729370117
829.520020,       16.6098785400
829.838318,       16.6527481079
830.156616,       16.6227874756
830.474854,       16.6269531250
830.793091,       16.6085357666
831.111267,       16.6309890747
831.429260,       16.6808319092
831.747437,       16.7124176025
832.065308,       16.6605834961
832.383362,       16.6333160400
832.701233,       16.5552444458
833.019043,       16.5933685303
833.336914,       16.6104431152
833.654663,       16.6194000244
833.972351,       16.5796737671
834.289978,       16.4546890259
834.607483,       16.4299621582
834.925171,       16.3909149170
835.242676,       16.3442687988
835.560059,       16.2761611938
835.877502,       16.2590942383
836.194763,       16.2336273193
836.512146,       16.2490005493
836.829468,       16.1891021729
837.146545,       16.0280303955
837.463745,       16.0347366333
837.780823,       15.9539337158
838.097900,       15.8338317871
838.414917,       15.6252746582
838.731873,       15.5933609009
839.048828,       15.6152496338
839.365540,       15.5963058472
839.682434,       15.4917449951
839.999207,       15.4513473511
840.315857,       15.4321823120
840.632568,       15.3890380859
840.949097,       15.5013656616
841.265747,       15.5619735718
841.582275,       15.5274658203
841.898682,       15.4616699219
842.215088,       15.3862152100
842.531433,       15.3134231567
842.847778,       15.3280029297
843.164063,       15.2402267456
843.480164,       15.2646942139
843.796387,       15.4027328491
844.112427,       15.4028320313
844.428528,       15.4127807617
844.744568,       15.4335861206
845.060486,       15.5531158447
845.376404,       15.5941390991
845.692200,       15.6598510742
846.008057,       15.5905151367
846.323853,       15.6213607788
846.639465,       15.6007537842
846.955139,       15.6320953369
847.270691,       15.5966491699
847.586304,       15.5793151855
847.901855,       15.5364685059
848.217224,       15.5116119385
848.532715,       15.4928054810
848.847961,       15.4790954590
849.163330,       15.5850219727
849.478638,       15.5809020996
849.793823,       15.5673828125
850.108948,       15.5572586060
850.424011,       15.3104858398
850.739136,       15.2942047119
851.054199,       15.2760086060
851.369019,       15.2928924561
851.684021,       15.2660598755
851.998779,       15.1607971191
852.313660,       15.0815124512
852.628418,       15.0833053589
852.943054,       15.0644531250
853.257751,       15.0258026123
853.572327,       15.0256195068
853.886841,       15.0754699707
854.201477,       15.0168533325
854.515808,       14.9281921387
854.830261,       14.9548034668
855.144592,       15.0271911621
855.458862,       15.0733947754
855.773193,       14.9402923584
856.087280,       14.9362030029
856.401489,       14.9452133179
856.715515,       14.8833007813
857.029602,       15.0118713379
857.343628,       15.0095367432
857.657532,       15.0593872070
857.971497,       15.0179748535
858.285278,       14.9803161621
858.599121,       14.8967742920
858.912903,       14.9116897583
859.226501,       14.9367370605
859.540222,       14.8357238770
859.853699,       14.8367767334
860.167297,       14.7809219360
860.480896,       14.7029571533
860.794250,       14.7571563721
861.107666,       14.7996520996
861.420959,       14.8834075928
861.734314,       14.8298492432
862.047546,       14.8629608154
862.360657,       14.8780212402
862.673889,       14.8274154663
862.986938,       14.8134918213
863.299988,       14.9105224609
863.613037,       14.8062667847
863.925903,       14.6954803467
864.238831,       14.5599975586
864.551575,       14.5267257690
864.864380,       14.6435852051
865.177185,       14.8107452393
865.489807,       14.7500610352
865.802490,       14.7536239624
866.114990,       14.7684326172
866.427612,       14.8578948975
866.740112,       14.9337463379
867.052429,       15.0706634521
867.364868,       15.1311645508
867.677124,       15.0944747925
867.989502,       14.9341506958
868.301758,       14.8841247559
868.613831,       14.7700958252
868.926025,       14.7973632813
869.238159,       14.8274536133
869.550049,       14.8455047607
869.862122,       14.6903228760
870.173950,       14.7714157104
870.485901,       14.7637329102
870.797791,       14.7652587891
871.109497,       14.7740859985
871.421204,       14.7504196167
871.732849,       14.7015075684
872.044495,       14.7075500488
872.356079,       14.6586303711
872.667542,       14.7021331787
872.979065,       14.6379394531
873.290344,       14.5712280273
873.601807,       14.4561157227
873.913147,       14.3740997314
874.224304,       14.4179687500
874.535645,       14.5779342651
874.846741,       14.5211563110
875.157837,       14.4917449951
875.468994,       14.5140304565
875.779907,       14.5028228760
876.090881,       14.4774856567
876.401733,       14.5868148804
876.712646,       14.5983200073
877.023499,       14.6164245605
877.334167,       14.7271118164
877.644897,       14.7066802979
877.955505,       14.7422943115
878.266113,       14.7251281738
878.576721,       14.6616058350
878.887146,       14.6781005859
879.197571,       14.6216278076
879.507996,       14.4888916016
879.818298,       14.4295196533
880.128662,       14.3410797119
880.438843,       14.3337402344
880.749084,       14.3396224976
881.059143,       14.1682128906
881.369263,       14.2916107178
881.679382,       14.3688507080
881.989258,       14.3003540039
882.299194,       14.3201293945
882.609070,       14.3233718872
882.918945,       14.2877807617
883.228760,       14.2867202759
883.538452,       14.3353805542
883.848145,       14.2333374023
884.157654,       14.3153991699
884.467285,       14.1600036621
884.776917,       14.1662902832
885.086243,       14.2088317871
885.395813,       14.1518173218
885.705017,       14.1919555664
886.014404,       14.3300933838
886.323730,       14.3320159912
886.632874,       14.4236755371
886.942078,       14.4029083252
887.251160,       14.3782348633
887.560242,       14.4738922119
887.869263,       14.4668273926
888.178162,       14.3970947266
888.487122,       13.8240509033
888.795898,       13.7629776001
889.104797,       13.7381134033
889.413513,       13.7210083008
889.722168,       13.7403945923
890.030884,       13.6699066162
890.339417,       13.7841339111
890.648010,       13.7474212646
890.956543,       13.7390289307
891.264893,       13.6855621338
891.573364,       13.7246704102
891.881653,       13.7450561523
892.189941,       13.6898193359
892.498230,       13.6684722900
892.806335,       13.6566619873
893.114502,       13.6147613525
893.422546,       13.5401306152
893.730652,       13.5316619873
894.038696,       13.4775390625
894.346497,       13.3840637207
894.654419,       13.4201049805
894.962158,       14.0283203125
895.270020,       13.9564361572
895.577759,       13.9409332275
895.885376,       13.9374694824
896.192993,       13.9085388184
896.500549,       13.9090042114
896.808044,       13.8163909912
897.115601,       13.6655273438
897.422913,       13.6815795898
897.730347,       13.7251052856
898.037598,       13.6272506714
898.344910,       13.6393432617
898.652161,       13.7357635498
898.959167,       13.7206115723
899.266418,       13.7704162598
899.573364,       13.7012329102
899.880371,       13.7247314453
900.187378,       13.7746505737
900.494202,       13.7581939697
900.801086,       13.7607955933
901.107788,       13.7557601929
901.414612,       13.7901840210
901.721375,       13.8563079834
902.027832,       13.8235015869
902.334534,       13.8363723755
902.641113,       13.7784118652
902.947510,       13.8292465210
903.253967,       13.7097167969
903.560242,       13.8183517456
903.866638,       13.8724975586
904.172974,       13.8912353516
904.479126,       13.9994354248
904.785278,       13.9954376221
905.091370,       13.8880081177
905.397461,       13.8656082153
905.703552,       13.7915039063
906.009399,       13.9749603271
906.315369,       13.9481811523
906.621155,       13.9560470581
906.927002,       13.9869918823
907.232788,       14.0230560303
907.538452,       13.9116058350
907.844116,       13.8660430908
908.149658,       13.8501281738
908.455200,       13.8712463379
908.760803,       13.8226699829
909.066162,       13.8582458496
909.371582,       13.8103332520
909.676880,       14.0004272461
909.982178,       13.9498901367
910.287476,       13.9218215942
910.592529,       13.8486785889
910.897705,       13.7650604248
911.202759,       13.7633972168
911.507813,       13.8370666504
911.812805,       13.8328704834
912.117676,       13.8398971558
912.422546,       13.7016754150
912.727356,       13.8168182373
913.032104,       13.7622528076
913.336853,       13.7053833008
913.641479,       13.6858673096
913.946106,       13.7840881348
914.250610,       13.5817871094
914.555115,       13.5010070801
914.859619,       13.4744110107
915.163940,       13.5834960938
915.468323,       13.5370788574
915.772583,       13.4849090576
916.076843,       13.4278259277
916.381104,       13.4053192139
916.685120,       13.2970657349
916.989258,       13.2103271484
917.293213,       13.2361907959
917.597290,       13.1731719971
917.901184,       13.1016616821
918.205017,       13.0948791504
918.508850,       13.1078109741
918.812561,       13.1528320313
919.116333,       13.0056838989
919.420044,       13.0166625977
919.723572,       13.0114440918
920.027222,       13.1192779541
920.330627,       13.0174484253
920.634094,       13.2371520996
920.937561,       13.2852783203
921.240784,       13.2586364746
921.544189,       13.2198181152
921.847351,       13.2378997803
922.150574,       13.2258148193
922.453735,       13.1665649414
922.756775,       13.0543060303
923.059875,       13.1651229858
923.362793,       13.2134933472
923.665771,       13.1988754272
923.968689,       13.2765808105
924.271362,       13.3417358398
924.574219,       13.3698272705
924.876892,       13.4373092651
925.179565,       13.3667449951
925.482239,       13.5202407837
925.784729,       13.4086151123
926.087280,       13.4764099121
926.389648,       13.3344421387
926.692078,       13.5911560059
926.994507,       13.5666046143
927.296692,       13.6676635742
927.599060,       13.6741333008
927.901123,       13.6634521484
928.203308,       13.7337493896
928.505432,       13.7998046875
928.807434,       13.7806701660
929.109436,       13.8963623047
929.411316,       13.9543991089
929.713196,       14.0693206787
930.015015,       14.0398406982
930.316711,       14.0317840576
930.618530,       13.9981002808
930.920105,       13.9509277344
931.221802,       13.9671325684
931.523315,       14.0970001221
931.824829,       14.0455398560
932.126282,       14.0204925537
932.427612,       14.1187973022
932.729004,       14.1602401733
933.030334,       14.0241241455
933.331482,       13.8468856812
933.632751,       13.8267211914
933.933777,       13.8925552368
934.234924,       13.9205932617
934.536011,       13.8565826416
934.836914,       13.8789672852
935.137878,       13.9132537842
935.438660,       14.0990142822
935.739502,       14.0596466064
936.040344,       14.0907211304
936.340942,       14.1326141357
936.641663,       14.1164398193
936.942383,       14.0995864868
937.242798,       14.0527496338
937.543335,       13.9196777344
937.843750,       13.8216400146
938.144165,       13.8522644043
938.444580,       13.9939422607
938.744751,       13.8490600586
939.045044,       13.8105239868
939.345154,       13.7545623779
939.645325,       13.8722991943
939.945435,       13.9975585938
940.245361,       14.0081481934
940.545410,       13.8908386230
940.845215,       13.9467468262
941.145142,       13.9667816162
941.445007,       14.0620956421
941.744629,       13.8904876709
942.044434,       13.8547821045
942.343994,       13.8540344238
942.643677,       13.8510971069
942.943237,       13.9848098755
943.242676,       14.0755157471
943.542114,       14.0648040771
943.841431,       14.1676712036
944.140808,       14.1941680908
944.440125,       14.1801910400
944.739258,       14.0509796143
945.038513,       14.1692810059
945.337524,       14.2420349121
945.636597,       14.3857727051
945.935669,       14.6407318115
946.234558,       14.5060272217
946.533508,       14.5242691040
946.832275,       14.6453857422
947.131165,       14.7238540649
947.429932,       14.7482147217
947.728516,       14.8264923096
948.027222,       14.8323059082
948.325745,       14.4281463623
948.624329,       14.2776565552
948.922852,       14.2795867920
949.221191,       14.2378540039
949.519592,       13.9452362061
949.817810,       14.0244445801
950.116150,       13.8698043823
950.414368,       13.8710784912
950.712463,       13.8944702148
951.010620,       14.0309295654
951.308594,       13.9855651855
951.606628,       13.9457931519
951.904602,       13.7061157227
952.202454,       13.5870513916
952.500305,       13.3869552612
952.798035,       13.2445983887
953.095825,       13.1143264771
953.393494,       12.9933776855
953.691040,       12.9645385742
953.988647,       12.6241149902
954.286133,       12.7572860718
954.583618,       13.2976074219
954.881042,       13.4554519653
955.178345,       13.4268951416
955.475647,       13.2061309814
955.772827,       13.2717666626
956.070068,       13.4438018799
956.367310,       13.5396575928
956.664307,       13.5541229248
956.961365,       13.4147491455
957.258240,       13.3681030273
957.555176,       13.1366119385
957.852112,       13.1083602905
958.148865,       13.2310180664
958.445679,       13.3143234253
958.742310,       13.5733642578
959.039001,       13.7154846191
959.335632,       13.8616027832
959.632141,       13.9247436523
959.928650,       13.9364776611
960.224976,       14.2359313965
960.521484,       14.1167831421
960.817871,       14.7256469727
961.114014,       14.6609115601
961.410339,       14.6617279053
961.706421,       14.7564544678
962.002563,       15.0232849121
962.298645,       14.8728561401
962.594604,       14.8784027100
962.890564,       14.8023834229
963.186401,       14.6578369141
963.482300,       14.6762695313
963.778137,       14.9313659668
964.073792,       14.9652099609
964.369568,       15.0547485352
964.665100,       14.7320861816
964.960693,       14.5301361084
965.256287,       14.4187011719
965.551697,       14.5490875244
965.847168,       14.6306915283
966.142395,       14.5842895508
966.437744,       14.5206451416
966.733032,       14.5102996826
967.028198,       13.7938079834
967.323364,       13.6470031738
967.618408,       13.7410964966
967.913513,       13.6527862549
968.208496,       13.5441589355
968.503357,       13.6756286621
968.798279,       13.4172973633
969.093018,       13.5733947754
969.387817,       13.9252700806
969.682556,       14.0826110840
969.977173,       13.9729309082
970.271790,       13.9281234741
970.566406,       13.8584136963
970.860779,       14.1756896973
971.155334,       14.3277587891
971.449646,       14.4861755371
971.743958,       14.3644714355
972.038330,       14.1752777100
972.332458,       14.2316818237
972.626648,       14.1644973755
972.920715,       14.0977096558
973.214844,       14.0596084595
973.508911,       14.4609527588
973.802734,       14.5473480225
974.096741,       14.5007095337
974.390442,       14.4469909668
974.684265,       14.4490280151
974.978088,       15.0266418457
975.271667,       15.0065078735
975.565369,       15.0838775635
975.858826,       14.9640197754
976.152405,       15.1251907349
976.445923,       15.2174835205
976.739258,       15.2830505371
977.032654,       15.2328186035
977.325867,       15.0811004639
977.619202,       15.1188049316
977.912415,       14.7134704590
978.205505,       15.0482940674
978.498596,       15.1109008789
978.791504,       15.3746337891
979.084534,       15.3875427246
979.377563,       15.4503402710
979.670288,       15.4404449463
979.963196,       15.2146377563
980.255859,       15.5415267944
980.548584,       15.6744384766
980.841309,       14.8216094971
981.133850,       14.5829467773
981.426392,       14.5514678955
981.718811,       14.4726104736
982.011292,       14.3986053467
982.303650,       14.2990570068
982.595886,       14.4890823364
982.888245,       14.4165191650
983.180359,       14.1129150391
983.472595,       14.2657623291
983.764709,       14.1920318604
984.056641,       14.5371856689
984.348755,       14.4202117920
984.640625,       14.2971267700
984.932495,       14.1674957275
985.224365,       14.2697296143
985.516052,       14.0329132080
985.807861,       13.7879257202
986.099426,       14.0096282959
986.391052,       13.8987960815
986.682678,       13.8773880005
986.974121,       14.7848205566
987.265625,       14.7852783203
987.556885,       14.6176071167
987.848328,       14.5897216797
988.139648,       14.4466476440
988.430786,       14.4343109131
988.721985,       14.0898742676
989.013000,       14.2556610107
989.304138,       14.5348510742
989.595215,       14.4410858154
989.886047,       14.3805313110
990.177002,       13.9426879883
990.467834,       13.7480926514
990.758606,       13.7580261230
991.049377,       13.8655242920
991.339966,       13.7894897461
991.630676,       13.9496765137
991.921143,       13.9351348877
992.211670,       13.4483947754
992.502197,       13.5033416748
992.792542,       13.4764633179
993.082886,       13.6077270508
993.373169,       13.6604309082
993.663452,       14.2798690796
993.953613,       14.1084671021
994.243713,       14.3158264160
994.533813,       14.7481842041
994.823792,       14.6114044189
995.113770,       14.4866943359
995.403687,       14.3161239624
995.693481,       14.5466766357
995.983337,       14.8710098267
996.273010,       15.8119201660
996.562744,       15.8204498291
996.852417,       15.5482025146
997.141907,       15.8375396729
997.431458,       16.2523574829
997.720886,       16.4677810669
998.010315,       16.1307220459
998.299744,       16.5708923340
998.588928,       16.8356170654
998.878296,       16.5982360840
999.167419,       16.7847137451
999.456543,       16.5506362915
999.745667,       16.1468505859
1000.034607,       16.7599029541
1000.323669,       16.9272766113
1000.612488,       16.2769165039
1000.901367,       16.9524993896
1001.190247,       16.8362579346
1001.478882,       17.0929412842
1001.767639,       16.8429412842
1002.056335,       16.9130249023
1002.344849,       16.5260772705
1002.633423,       16.4021759033
1002.921814,       16.6733551025
1003.210266,       16.3237762451
1003.498657,       16.0100402832
1003.786926,       15.9801635742
1004.075256,       16.3679122925
1004.363342,       16.4923248291
1004.651489,       16.3733749390
1004.939697,       16.9090270996
1005.227600,       16.3845520020
1005.515686,       16.9699630737
1005.803467,       16.6768341064
1006.091370,       16.3330383301
1006.379272,       16.3501586914
1006.666870,       17.0424499512
1006.954712,       17.1809844971
1007.242188,       17.3848648071
1007.529907,       16.9841918945
1007.817444,       17.6293640137
1008.104858,       16.9672546387
1008.392334,       17.4574279785
1008.679565,       17.8507690430
1008.966980,       17.8733825684
1009.254272,       17.3379364014
1009.541382,       17.8702392578
1009.828613,       17.9552307129
1010.115601,       18.2092132568
1010.402649,       18.0453338623
1010.689697,       17.9264221191
1010.976563,       18.0860366821
1011.263489,       18.0339584351
1011.550171,       17.9577178955
1011.837036,       18.1505584717
1012.123657,       18.3244323730
1012.410278,       18.5486373901
1012.696899,       18.1101684570
1012.983337,       17.3449935913
1013.269897,       17.3223571777
1013.556396,       17.3836822510
1013.842651,       17.5630950928
1014.129028,       17.8548507690
1014.415161,       17.3427734375
1014.701477,       17.0364379883
1014.987671,       16.3249206543
1015.273560,       16.7060394287
1015.559692,       15.9062652588
1015.845581,       15.7478942871
1016.131592,       14.7620315552
1016.417542,       14.5233917236
1016.703247,       14.5397262573
1016.989014,       14.1729583740
1017.274658,       15.0754776001
1017.560303,       14.8186187744
1017.845947,       15.1072998047
1018.131409,       15.3161010742
1018.416870,       15.5726242065
1018.702271,       16.0605010986
1018.987671,       16.6562347412
1019.272949,       16.6743316650
1019.558228,       16.2935867310
1019.843445,       15.2825622559
1020.128540,       15.5792083740
1020.413574,       15.4156646729
1020.698608,       15.7516021729
1020.983521,       17.4013671875
1021.268555,       17.2322845459
1021.553284,       17.4944305420
1021.838135,       17.1926040649
1022.122925,       17.2508163452
1022.407593,       -2.8905639648
1022.692261,        6.5020751953
1022.976807,       22.0382080078
1023.261292,       13.2264709473
1023.545837,       20.7409286499
1023.830200,       27.9907531738
1024.114624,        3.7779083252
1024.398804,       14.0017089844
1024.683105,       13.2078323364
1024.967285,      -13.1837158203
