340.270844,      100.0000000000
340.648560,      100.0000000000
341.026306,    -2223.6699218750
341.403961,     2883.1691894531
341.781616,     -743.0434570313
342.159210,     -667.4565429688
342.536743,       71.3392562866
342.914307,      -70.8698577881
343.291779,      -32.3085632324
343.669250,      100.0000000000
344.046661,       -5.0189819336
344.424042,       -0.6678924561
344.801422,        0.8388824463
345.178711,       -8.9051666260
345.556000,      -17.6303176880
345.933258,      -28.2471923828
346.310486,      -35.8788452148
346.687622,      -40.5541992188
347.064758,      -44.9950866699
347.441895,      -41.3792419434
347.818939,      -40.5141296387
348.195953,      -36.0762023926
348.572937,      -33.7558288574
348.949890,      -36.8632202148
349.326843,      -40.7467651367
349.703735,      -40.9350585938
350.080597,      -42.6764678955
350.457397,      -42.6226959229
350.834198,      -38.1442260742
351.210968,      -36.5466308594
351.587646,      -38.3159484863
351.964325,      -36.6398010254
352.340942,      -37.2226257324
352.717560,      -43.1511535645
353.094147,      -44.4239501953
353.470673,      -43.2804260254
353.847168,      -41.2719421387
354.223602,      -40.7555541992
354.600037,      -42.3300781250
354.976440,      -35.6474456787
355.352783,      -39.3810424805
355.729126,      -40.4972534180
356.105408,      -39.8412475586
356.481628,      -63.1933746338
356.857849,      -61.7464599609
357.234009,      -58.4893035889
357.610168,      -59.3125610352
357.986267,      -56.1366424561
358.362366,      -55.7687072754
358.738373,      -55.5834045410
359.114349,      -54.7259674072
359.490326,      -52.2721710205
359.866241,      -48.6869506836
360.242157,      -49.6532592773
360.617981,      -46.5096435547
360.993805,      -43.3114013672
361.369568,      -45.1917419434
361.745331,      -46.1546478271
362.121033,      -48.1870117188
362.496704,      -47.0641021729
362.872314,      -47.6791687012
363.247925,      -46.0996704102
363.623505,      -42.6812744141
363.999023,      -41.8636169434
364.374542,      -14.7284164429
364.750000,      -13.5593719482
365.125397,      -11.6376953125
365.500763,      -10.6919403076
365.876160,      -11.5418472290
366.251434,      -13.3069458008
366.626740,      -11.3909225464
367.001953,      -14.7441101074
367.377136,      -15.7974395752
367.752350,      -17.8731994629
368.127472,      -19.7956848145
368.502594,      -16.8259124756
368.877625,      -14.8945617676
369.252625,      -14.1499938965
369.627625,      -11.8525390625
370.002563,       -4.2016754150
370.377502,       -7.4705963135
370.752380,       -5.7077636719
371.127228,      -11.1115570068
371.502014,      -12.7276840210
371.876770,      -16.5614395142
372.251526,      -13.1074218750
372.626221,      -12.7018585205
373.000885,      -12.9408874512
373.375488,      -12.4558563232
373.750092,      -10.3546981812
374.124664,       -6.4674682617
374.499146,      -12.7336883545
374.873627,      -13.2940826416
375.248108,      -14.0792388916
375.622467,      -20.0122451782
375.996887,      -23.1414489746
376.371185,      -22.1528778076
376.745483,      -23.0936889648
377.119751,      -24.8209152222
377.493958,      -27.2126770020
377.868195,      -28.8951873779
378.242310,      -23.1739501953
378.616394,      -27.2812805176
378.990540,      -25.2017898560
379.364563,      -28.7154846191
379.738556,      -28.6513671875
380.112518,      -28.7195587158
380.486481,      -29.0433654785
380.860352,      -28.8762359619
381.234192,      -28.8097534180
381.608063,      -27.9315872192
381.981812,      -28.2761688232
382.355591,      -23.8637237549
382.729309,      -22.9452209473
383.102966,      -21.3107376099
383.476624,      -15.3865509033
383.850220,      -10.4700622559
384.223816,      -12.4750213623
384.597321,      -13.3283615112
384.970856,      -10.3281021118
385.344299,       -5.2945861816
385.717682,       -2.6653289795
386.091125,       -6.6960449219
386.464447,       -0.2808074951
386.837769,        2.0194473267
387.211029,        6.3197479248
387.584290,        9.4419708252
387.957489,        9.1899261475
388.330627,       11.8065490723
388.703766,       11.6445083618
389.076874,       13.7078018188
389.449921,        9.2958602905
389.822937,       11.6223220825
390.195923,       11.1396331787
390.568878,        9.6789855957
390.941772,       10.5213012695
391.314636,       15.6403121948
391.687500,       18.2595825195
392.060272,       19.9651641846
392.433075,       21.4179382324
392.805756,       23.1108551025
393.178436,       23.9138336182
393.551117,       18.9602203369
393.923737,       24.5917510986
394.296326,       25.7678527832
394.668854,       29.6223297119
395.041321,       27.4770812988
395.413849,       25.7789840698
395.786255,       22.8599853516
396.158630,       22.1741943359
396.531006,       19.1262512207
396.903320,       20.3326644897
397.275604,       21.1514282227
397.647827,       21.4057235718
398.020050,       17.3373718262
398.392212,       19.7897491455
398.764343,       20.8396606445
399.136444,       19.0100860596
399.508514,       11.5679473877
399.880554,       12.4721984863
400.252533,       12.8613586426
400.624512,        8.8675231934
400.996399,        7.7833404541
401.368286,       10.5851440430
401.740112,       11.7750244141
402.111908,       12.0524749756
402.483673,       12.1431884766
402.855408,       12.0538787842
403.227081,       13.2155838013
403.598755,       19.0801620483
403.970367,       20.0279617310
404.341980,       16.4548950195
404.713501,       15.1358642578
405.085022,       15.0270843506
405.456482,       15.0723876953
405.827911,       19.7167663574
406.199310,       23.5274353027
406.570648,       20.3919525146
406.942017,       22.1271972656
407.313263,       29.4412384033
407.684509,       30.5514831543
408.055725,       31.8155822754
408.426880,       33.2799148560
408.798035,       24.3396377563
409.169128,       24.8751068115
409.540161,       19.5530090332
409.911224,       20.3875122070
410.282196,       21.0615539551
410.653137,       23.3611373901
411.024048,       25.0448913574
411.394897,       23.8239212036
411.765747,       24.4407424927
412.136536,       30.2749557495
412.507324,       23.3141937256
412.878052,       24.8218612671
413.248718,       23.0975341797
413.619385,       23.6312408447
413.989990,       22.1981353760
414.360565,       24.7331542969
414.731110,       24.2746582031
415.101563,       23.5373992920
415.472076,       23.8157806396
415.842468,       25.5972747803
416.212891,       16.6139602661
416.583221,       23.6322479248
416.953522,       25.0675811768
417.323792,       30.9612274170
417.694031,       27.9820404053
418.064240,       26.8025360107
418.434418,       26.7138671875
418.804535,       24.0557632446
419.174622,       24.7747879028
419.544678,       25.9981384277
419.914673,       26.2914047241
420.284668,       32.3312683105
420.654572,       33.5967178345
421.024475,       36.9379692078
421.394348,       35.5094604492
421.764191,       36.3528060913
422.133972,       36.5521621704
422.503693,       36.6306114197
422.873444,       37.9651184082
423.243134,       38.4954910278
423.612762,       37.1546554565
423.982330,       50.1635589600
424.351929,       49.5220413208
424.721436,       48.4159698486
425.090942,       48.5340118408
425.460358,       51.2673263550
425.829773,       52.7971496582
426.199158,       54.4450187683
426.568481,       58.0357284546
426.937775,       58.7594223022
427.307037,       57.6040649414
427.676239,       58.4065437317
428.045441,       58.2799835205
428.414581,       58.9335174561
428.783722,       57.6720733643
429.152802,       58.9635009766
429.521790,       56.0182266235
429.890839,       57.0709533691
430.259766,       58.9983444214
430.628693,       56.6009368896
430.997589,       56.4318389893
431.366425,       54.9489746094
431.735229,       52.0973663330
432.104004,       52.1730575562
432.472748,       52.4781913757
432.841431,       52.9101562500
433.210052,       53.3722305298
433.578705,       53.6440811157
433.947266,       53.0627021790
434.315826,       54.2231521606
434.684326,       55.0536193848
435.052765,       55.0584182739
435.421204,       52.5675506592
435.789612,       54.4485588074
436.157959,       55.1717910767
436.526276,       55.9779624939
436.894531,       53.2326126099
437.262756,       57.3047027588
437.630951,       56.3141326904
437.999146,       56.5093116760
438.367249,       58.0283966064
438.735321,       58.4988632202
439.103394,       61.1834869385
439.471405,       62.1405029297
439.839386,       36.3370742798
440.207306,       36.2231788635
440.575195,       33.4436645508
440.943054,       34.3713684082
441.310883,       33.8331298828
441.678680,       33.5590667725
442.046387,       33.3616333008
442.414093,       32.9589843750
442.781799,       33.7461395264
443.149414,       35.1666107178
443.516998,       35.3305664063
443.884552,       34.9999771118
444.252045,       35.5908508301
444.619537,       39.2020339966
444.987000,       38.8280372620
445.354401,       40.4951705933
445.721710,       41.0379638672
446.089081,       41.5488739014
446.456360,       41.7162628174
446.823608,       41.7640991211
447.190826,       42.2364883423
447.557953,       67.8412933350
447.925110,       68.7394104004
448.292175,       71.8301239014
448.659271,       71.0131988525
449.026276,       72.3025054932
449.393250,       72.8575897217
449.760193,       71.5506896973
450.127075,       72.5150604248
450.493958,       73.1911087036
450.860779,       74.5578994751
451.227570,       74.7853698730
451.594330,       74.2424545288
451.960999,       73.4441604614
452.327698,       73.2186889648
452.694336,       73.2058258057
453.060913,       73.0803222656
453.427490,       73.1926498413
453.793976,       73.4620895386
454.160492,       73.9545593262
454.526917,       42.1129302979
454.893311,       42.5579681396
455.259674,       43.5320014954
455.626007,       43.9479713440
455.992310,       43.9788665771
456.358551,       45.1896514893
456.724731,       44.9034423828
457.090912,       45.2915000916
457.457031,       46.7493019104
457.823151,       46.7787399292
458.189209,       47.4922103882
458.555206,       47.5379524231
458.921173,       47.8809280396
459.287109,       49.5011558533
459.653015,       49.9435882568
460.018890,       50.5255889893
460.384705,       51.2366256714
460.750519,       50.5315589905
461.116241,       51.3545684814
461.481964,       51.8612060547
461.847626,       52.0523300171
462.213226,       77.7951507568
462.578827,       78.3975830078
462.944427,       78.6065292358
463.309906,       78.6407699585
463.675385,       79.2822494507
464.040802,       79.5184326172
464.406219,       80.4683685303
464.771606,       81.2651519775
465.136902,       81.2539520264
465.502197,       81.3935012817
465.867462,       80.8229751587
466.232635,       81.3504714966
466.597839,       81.1737976074
466.962921,       80.9799652100
467.328003,       81.1112213135
467.693054,       81.1197357178
468.058075,       81.1313476563
468.423035,       82.3674621582
468.787994,       81.3176956177
469.152863,       81.0583190918
469.517700,       80.9033966064
469.882538,       81.0198669434
470.247314,       81.4712677002
470.612061,       80.2894744873
470.976746,       80.8299255371
471.341431,       80.2376098633
471.706024,       79.9707717896
472.070618,       79.6140441895
472.435181,       79.8064727783
472.799622,       79.8318176270
473.164124,       79.7227706909
473.528534,       80.3464050293
473.892975,       80.2591857910
474.257294,       80.9745025635
474.621582,       81.3844146729
474.985870,       81.8268432617
475.350098,       81.5260314941
475.714325,       81.9344635010
476.078461,       82.2196884155
476.442535,       82.6935195923
476.806641,       83.2893829346
477.170685,       83.6520767212
477.534668,       84.1600494385
477.898621,       84.3331680298
478.262512,       84.8439941406
478.626404,       83.9916000366
478.990265,       84.5837478638
479.354065,       84.9025878906
479.717834,       85.1697235107
480.081512,       84.9914016724
480.445221,       85.0688476563
480.808899,       85.4342803955
481.172485,       85.0410385132
481.536041,       85.2506713867
481.899567,       85.0828933716
482.263062,       85.2092208862
482.626526,       85.0858993530
482.989929,       85.4118041992
483.353271,       85.2625427246
483.716583,       85.0895233154
484.079895,       85.3250885010
484.443146,       85.2305068970
484.806366,       85.4416275024
485.169525,       85.3929672241
485.532654,       85.6058502197
485.895752,       85.9242401123
486.258820,       86.4186859131
486.621857,       86.3122253418
486.984802,       86.2049331665
487.347748,       86.1037826538
487.710663,       86.1573486328
488.073517,       86.3973312378
488.436340,       86.3597640991
488.799072,       86.5532379150
489.161835,       86.7359924316
489.524536,       87.1559295654
489.887238,       87.2307739258
490.249847,       87.4710311890
490.612396,       87.5495758057
490.974915,       87.7350769043
491.337433,       88.1660156250
491.699921,       88.2000122070
492.062347,       88.1198196411
492.424713,       88.0461120605
492.787079,       88.1375045776
493.149353,       87.4033050537
493.511658,       87.5917510986
493.873871,       87.8300704956
494.236053,       87.8017578125
494.598206,       87.7269058228
494.960297,       87.6895599365
495.322388,       87.7326736450
495.684418,       86.7549972534
496.046356,       86.9630432129
496.408325,       87.1505889893
496.770264,       87.1125030518
497.132141,       86.9411163330
497.493958,       86.9323577881
497.855713,       86.7771835327
498.217499,       86.7019042969
498.579193,       86.6979598999
498.940887,       86.6209411621
499.302490,       86.7102966309
499.664093,       86.7641677856
500.025635,       86.8643798828
500.387177,       86.7948837280
500.748627,       87.4940872192
501.110077,       87.2864532471
501.471436,       87.1774444580
501.832825,       87.2980041504
502.194153,       87.4638824463
502.555389,       87.4535980225
502.916626,       87.1185607910
503.277802,       87.8479156494
503.638977,       87.5386123657
504.000092,       87.3355560303
504.361176,       87.1239929199
504.722198,       86.9804992676
505.083160,       86.8647918701
505.444153,       86.8818359375
505.805084,       86.9041442871
506.165924,       86.8824996948
506.526764,       86.8056945801
506.887543,       86.2636566162
507.248322,       86.0358123779
507.609070,       85.8911743164
507.969727,       85.8419647217
508.330322,       85.4779968262
508.690918,       85.5537567139
509.051514,       85.5264053345
509.412018,       85.3809204102
509.772491,       85.2216262817
510.132904,       85.0775299072
510.493286,       85.0069732666
510.853699,       84.9152374268
511.213989,       84.9221038818
511.574280,       84.8891448975
511.934509,       84.8688964844
512.294678,       84.7631072998
512.654846,       84.7117156982
513.014954,       84.5895690918
513.375061,       84.1757507324
513.735046,       83.8561553955
514.095032,       83.8037109375
514.455078,       83.8386383057
514.814941,       83.9395294189
515.174805,       83.7984466553
515.534607,       83.6186828613
515.894409,       83.6255493164
516.254211,       81.8259887695
516.613892,       81.3676681519
516.973572,       81.1566543579
517.333130,       81.0055847168
517.692749,       80.9383926392
518.052368,       80.9051513672
518.411865,       80.7138366699
518.771301,       80.6416473389
519.130737,       80.3876876831
519.490173,       80.1669158936
519.849548,       80.0226821899
520.208801,       79.8213653564
520.568054,       79.5364303589
520.927307,       79.6119842529
521.286499,       79.4911346436
521.645691,       79.1451416016
522.004822,       78.9968566895
522.363831,       78.7190246582
522.722839,       78.5194625854
523.081848,       77.9931945801
523.440796,       77.7174148560
523.799744,       78.8805236816
524.158569,       79.0282821655
524.517395,       78.9403152466
524.876160,       78.8031539917
525.234924,       78.6372299194
525.593628,       78.5763015747
525.952271,       78.1890258789
526.310913,       78.0072479248
526.669495,       77.8170166016
527.028076,       77.6582565308
527.386536,       77.3923187256
527.744995,       77.1530303955
528.103394,       77.0047454834
528.461792,       76.7323532104
528.820129,       76.5531311035
529.178406,       76.4381561279
529.536743,       75.9662322998
529.894958,       75.9160614014
530.253113,       75.7575531006
530.611267,       75.6282958984
530.969299,       75.4147796631
531.327393,       74.9302520752
531.685486,       74.7137908936
532.043335,       74.6848907471
532.401367,       74.5141830444
532.759216,       74.4354248047
533.117004,       74.2451400757
533.474915,       74.2357788086
533.832642,       74.0114822388
534.190430,       74.0066223145
534.548096,       73.8746032715
534.905762,       73.8699645996
535.263367,       73.7082366943
535.620850,       73.6187286377
535.978455,       73.6757202148
536.335876,       73.7302398682
536.693359,       73.6808929443
537.050781,       74.0173568726
537.408142,       73.8965988159
537.765442,       73.8869476318
538.122681,       74.1393585205
538.479919,       74.1787414551
538.837219,       74.4241027832
539.194336,       74.4387512207
539.551453,       74.1352081299
539.908508,       73.9105453491
540.265564,       73.9246978760
540.622559,       73.9145202637
540.979553,       73.9122467041
541.336426,       73.8443679810
541.693298,       73.7957611084
542.050110,       73.6562423706
542.406921,       73.5460662842
542.763672,       73.5504989624
543.120422,       73.5749206543
543.477051,       73.4728088379
543.833679,       73.3793716431
544.190308,       73.3048477173
544.546814,       73.2361145020
544.903381,       73.0668334961
545.259827,       73.0537414551
545.616211,       72.8647308350
545.972595,       72.9467697144
546.328979,       72.9299316406
546.685242,       72.8149261475
547.041504,       72.9083557129
547.397644,       73.0718231201
547.753906,       72.9976654053
548.110046,       72.9745330811
548.466125,       72.9847793579
548.822144,       73.0650329590
549.178223,       72.9212493896
549.534241,       72.9651260376
549.890137,       73.0350036621
550.246033,       73.0632934570
550.601868,       73.0580902100
550.957581,       73.1018447876
551.313416,       72.9363937378
551.669128,       72.9821472168
552.024841,       72.8032836914
552.380432,       72.8969726563
552.736023,       72.8171844482
553.091675,       72.6602325439
553.447144,       72.6091766357
553.802612,       72.6211318970
554.158020,       72.6106414795
554.513428,       72.6205596924
554.868774,       72.6457824707
555.224121,       72.5417022705
555.579346,       72.4906768799
555.934631,       72.5383071899
556.289734,       72.5298004150
556.644958,       72.5920639038
557.000000,       72.4187240601
557.355103,       72.4339294434
557.710083,       72.4479293823
558.065063,       72.4810791016
558.420105,       72.4288024902
558.774963,       72.5561447144
559.129822,       72.4940185547
559.484619,       72.6888504028
559.839355,       72.7783660889
560.194153,       72.8552246094
560.548828,       73.0764312744
560.903442,       73.1613006592
561.258057,       73.1222534180
561.612610,       73.1847229004
561.967224,       73.2281570435
562.321655,       73.2391204834
562.676086,       73.4852294922
563.030457,       73.5486907959
563.384827,       73.5386734009
563.739197,       73.4783706665
564.093445,       73.6239624023
564.447693,       73.8984375000
564.801880,       73.9140319824
565.156006,       73.9495162964
565.510132,       74.0353393555
565.864197,       74.1505584717
566.218262,       74.2896575928
566.572205,       74.5129547119
566.926086,       74.6020736694
567.280090,       74.6785354614
567.633972,       74.8097534180
567.987732,       74.9672088623
568.341553,       75.0655670166
568.695190,       75.2178955078
569.048950,       75.2492828369
569.402649,       75.2933807373
569.756165,       75.3739166260
570.109802,       75.4198760986
570.463257,       75.5205307007
570.816772,       75.6219177246
571.170227,       75.8578262329
571.523621,       75.9326934814
571.877014,       76.0672760010
572.230286,       76.2254638672
572.583557,       76.3251800537
572.936829,       76.3610000610
573.289978,       76.3866195679
573.643250,       76.4144439697
573.996216,       76.4318542480
574.349365,       76.4845886230
574.702393,       76.5806655884
575.055359,       76.6852722168
575.408325,       76.7857131958
575.761169,       76.8349838257
576.114075,       76.9315338135
576.466919,       77.1219711304
576.819641,       77.2291564941
577.172363,       77.3829345703
577.525085,       77.3941726685
577.877686,       77.4683761597
578.230286,       77.6161117554
578.582825,       77.7328720093
578.935425,       77.6781311035
579.287903,       77.6989822388
579.640320,       77.7454528809
579.992676,       77.7173004150
580.345093,       77.8592910767
580.697388,       77.9512023926
581.049683,       78.0703659058
581.401855,       78.2341079712
581.754089,       78.2060852051
582.106201,       78.1683502197
582.458313,       78.1209564209
582.810425,       78.1391983032
583.162354,       78.2560729980
583.514404,       78.3138122559
583.866272,       78.3664016724
584.218201,       78.4618530273
584.570068,       78.2513580322
584.921875,       78.3262939453
585.273560,       78.3660583496
585.625305,       78.3120117188
585.977051,       78.3274383545
586.328674,       78.3582839966
586.680237,       78.4918975830
587.031799,       78.5285720825
587.383301,       78.6775894165
587.734802,       78.6732101440
588.086243,       78.7364273071
588.437561,       78.7882080078
588.788940,       78.7536315918
589.140198,       78.9513931274
589.491516,       79.0865631104
589.842712,       79.1382217407
590.193848,       79.0950622559
590.544983,       79.0179977417
590.896057,       78.9423141479
591.247192,       78.9539566040
591.598145,       78.9784851074
591.949158,       79.1728668213
592.300049,       79.2207336426
592.650879,       79.2823715210
593.001770,       79.3809204102
593.352539,       79.3413467407
593.703308,       79.3776092529
594.054016,       79.3711166382
594.404663,       79.3939056396
594.755310,       79.3958587646
595.105896,       79.4051055908
595.456360,       79.4619598389
595.806885,       79.4769744873
596.157349,       79.3326644897
596.507751,       79.2343292236
596.858154,       79.1794815063
597.208435,       79.1847991943
597.558777,       79.1903915405
597.908997,       79.2639923096
598.259216,       79.3443298340
598.609314,       79.2333679199
598.959473,       79.1850128174
599.309570,       79.2406005859
599.659546,       79.2080688477
600.009583,       79.2078781128
600.359497,       79.2135848999
600.709412,       79.3541717529
601.059265,       79.4793853760
601.409058,       79.3757781982
601.758850,       79.4332046509
602.108521,       79.5039978027
602.458191,       79.5795059204
602.807922,       79.6093902588
603.157471,       79.4816284180
603.507080,       79.6296081543
603.856567,       79.7084121704
604.205994,       79.8000030518
604.555542,       79.8753509521
604.904846,       79.9435729980
605.254211,       79.9539031982
605.603516,       79.8038177490
605.952759,       79.9294586182
606.302063,       79.9063568115
606.651123,       79.9500503540
607.000305,       80.0498504639
607.349365,       80.0755157471
607.698425,       80.1456604004
608.047485,       80.0980834961
608.396362,       80.1082458496
608.745300,       80.1414337158
609.094177,       80.1869354248
609.442993,       80.2114410400
609.791809,       80.2578659058
610.140503,       80.2671890259
610.489258,       80.4634170532
610.837891,       80.5158462524
611.186523,       80.5951614380
611.535156,       80.6612701416
611.883606,       80.7288970947
612.232178,       80.7783279419
612.580566,       80.7900848389
612.928955,       80.9623107910
613.277344,       81.0651168823
613.625610,       81.2001953125
613.973938,       81.1897430420
614.322144,       81.1927185059
614.670288,       81.2862548828
615.018555,       81.3134994507
615.366516,       81.3911361694
615.714661,       81.5004730225
616.062622,       81.6059722900
616.410645,       81.6604232788
616.758606,       81.6818313599
617.106445,       81.7129516602
617.454285,       81.8175888062
617.802063,       81.7881164551
618.149841,       81.8234100342
618.497559,       81.8863143921
618.845215,       81.8929061890
619.192871,       81.9057312012
619.540466,       82.0496444702
619.888000,       82.1314163208
620.235535,       82.1974029541
620.582886,       82.1559600830
620.930359,       82.2151489258
621.277710,       82.3289337158
621.625061,       82.3464660645
621.972351,       82.3902893066
622.319519,       82.3763732910
622.666809,       82.3912963867
623.013916,       82.4341735840
623.361023,       82.4788055420
623.708130,       82.5542602539
624.055054,       82.6187591553
624.402100,       82.6766586304
624.749023,       82.5907135010
625.095947,       82.5638885498
625.442810,       82.6201324463
625.789551,       82.6059265137
626.136353,       82.6543960571
626.483032,       82.6403732300
626.829712,       82.4826507568
627.176392,       82.4831771851
627.522949,       82.5022888184
627.869507,       82.5488052368
628.216003,       82.5732269287
628.562500,       82.5458221436
628.908936,       82.5822906494
629.255310,       82.5936126709
629.601624,       82.6326370239
629.947876,       82.6143341064
630.294067,       82.3714447021
630.640320,       82.4398193359
630.986511,       82.3593673706
631.332642,       82.3515319824
631.678650,       82.1766510010
632.024658,       82.2933273315
632.370728,       82.3951034546
632.716614,       82.4063491821
633.062500,       82.4210128784
633.408325,       82.4213943481
633.754089,       82.3830108643
634.099915,       82.5302505493
634.445679,       82.5664291382
634.791321,       82.6439361572
635.136963,       82.6454925537
635.482483,       82.5408630371
635.828125,       82.5925598145
636.173584,       82.7006072998
636.519043,       82.6845092773
636.864502,       82.6682586670
637.209778,       82.6972122192
637.555237,       82.9998474121
637.900452,       83.0502014160
638.245728,       83.1211395264
638.590881,       83.2358856201
638.935974,       83.4801177979
639.281189,       83.4735794067
639.626221,       83.4990615845
639.971191,       83.5948562622
640.316223,       83.6072540283
640.661072,       83.6928405762
641.006042,       83.8248748779
641.350891,       83.9219665527
641.695679,       83.9649505615
642.040466,       84.0480957031
642.385071,       84.1487274170
642.729858,       84.3545455933
643.074463,       84.1585159302
643.419067,       84.1811523438
643.763611,       84.2809677124
644.108032,       84.4088897705
644.452515,       84.5398254395
644.796936,       84.6069564819
645.141296,       84.6515731812
645.485657,       84.7137374878
645.829834,       84.7326583862
646.174133,       84.8040313721
646.518311,       84.9590225220
646.862427,       85.0917510986
647.206604,       85.2037811279
647.550598,       85.3263092041
647.894653,       85.4170913696
648.238647,       85.4781265259
648.582458,       85.5081634521
648.926453,       85.5859451294
649.270203,       85.6869583130
649.614075,       85.8050308228
649.957764,       85.8543853760
650.301453,       86.2096633911
650.645142,       86.2552261353
650.988708,       86.3270111084
651.332336,       86.4262542725
651.675842,       86.4674682617
652.019348,       86.4778747559
652.362854,       86.5149993896
652.706177,       86.5841064453
653.049561,       86.6515197754
653.392883,       86.6797409058
653.736084,       86.6962966919
654.079346,       86.7153091431
654.422424,       86.3003997803
654.765625,       86.3423843384
655.108765,       86.3891906738
655.451721,       86.5228424072
655.794800,       86.5690307617
656.137695,       86.6519775391
656.480591,       86.5719604492
656.823486,       86.5847167969
657.166260,       86.6322097778
657.509094,       86.7132110596
657.851807,       86.7606506348
658.194519,       86.8073120117
658.537109,       86.7728805542
658.879761,       86.8382873535
659.222351,       86.8807678223
659.564758,       86.9815826416
659.907349,       87.0942382813
660.249695,       87.1737747192
660.592041,       87.2105865479
660.934448,       87.2503509521
661.276672,       87.3813171387
661.619019,       87.8004531860
661.961182,       87.8992385864
662.303284,       87.9118423462
662.645508,       87.9050292969
662.987427,       87.9835815430
663.329529,       88.0573730469
663.671448,       88.2250595093
664.013428,       88.2874374390
664.355347,       88.3496246338
664.697205,       88.2925720215
665.039001,       88.3543930054
665.380676,       88.3966140747
665.722412,       88.5358276367
666.064148,       88.6234283447
666.405701,       88.7735824585
666.747253,       88.8579635620
667.088806,       88.9007644653
667.430298,       88.9496383667
667.771790,       89.0477905273
668.113159,       89.1208953857
668.454529,       89.0835418701
668.795837,       89.1484756470
669.137085,       89.2070312500
669.478394,       89.2993774414
669.819519,       89.3098907471
670.160645,       89.3392791748
670.501709,       89.4084243774
670.842773,       89.4867324829
671.183777,       89.5376892090
671.524719,       89.6283493042
671.865662,       89.7647171021
672.206482,       89.8596649170
672.547302,       89.9519042969
672.888123,       89.9688644409
673.228821,       89.9733886719
673.569458,       89.9526519775
673.910095,       89.9093170166
674.250732,       89.8340911865
674.591370,       89.7937240601
674.931824,       89.7902221680
675.272217,       89.7908706665
675.612732,       89.8764648438
675.953003,       89.9053802490
676.293396,       89.9215240479
676.633667,       89.8837127686
676.973877,       89.8994750977
677.314148,       89.9067001343
677.654236,       89.8365783691
677.994385,       89.7752380371
678.334412,       89.7994842529
678.674438,       89.6966781616
679.014404,       89.6429214478
679.354309,       89.5671081543
679.694214,       89.5688095093
680.034058,       89.5342483521
680.373840,       89.5276412964
680.713623,       89.4467926025
681.053223,       89.4769973755
681.392944,       89.4259796143
681.732544,       88.7659683228
682.072083,       86.3838806152
682.411621,       86.3210449219
682.751038,       86.1907806396
683.090515,       86.1157836914
683.429871,       85.8490371704
683.769226,       85.6548309326
684.108582,       85.5521926880
684.447754,       85.4206695557
684.786987,       85.3414840698
685.126160,       85.2001571655
685.465210,       84.9911041260
685.804382,       84.8674316406
686.143311,       84.6952209473
686.482361,       84.5352935791
686.821289,       84.2667236328
687.160156,       84.0656967163
687.499023,       83.8446655273
687.837769,       83.5351715088
688.176514,       83.1998672485
688.515259,       82.9934387207
688.853882,       83.3204040527
689.192566,       85.2572631836
689.531067,       84.9279479980
689.869629,       84.5404205322
690.208130,       84.1446456909
690.546570,       83.8041152954
690.885010,       83.4394531250
691.223267,       83.0209350586
691.561584,       82.5733108521
691.899841,       81.9760894775
692.238037,       81.4709167480
692.576294,       80.9412231445
692.914307,       80.3808288574
693.252380,       79.8599014282
693.590454,       79.2194213867
693.928406,       78.6569366455
694.266357,       77.9908752441
694.604187,       77.3363189697
694.942078,       76.8024215698
695.279907,       76.1939086914
695.617615,       75.3932342529
695.955444,       74.7462615967
696.292969,       74.1079559326
696.630676,       73.3783035278
696.968201,       72.7434997559
697.305725,       71.9254379272
697.643250,       71.2580261230
697.980652,       70.6126632690
698.318054,       69.9047698975
698.655396,       69.1636810303
698.992676,       68.5494613647
699.330017,       67.7666549683
699.667175,       67.0664672852
700.004395,       66.3762359619
700.341492,       65.6154174805
700.678528,       64.9378356934
701.015564,       64.0562133789
701.352478,       63.4227218628
701.689514,       62.6724472046
702.026428,       61.8411788940
702.363220,       61.0873870850
702.700073,       60.4913558960
703.036804,       59.7559089661
703.373474,       59.0322761536
703.710144,       58.3160476685
704.046814,       57.4929046631
704.383362,       56.9988899231
704.719910,       56.2692794800
705.056335,       55.5982131958
705.392761,       54.9125709534
705.729187,       54.2713165283
706.065552,       53.5694465637
706.401855,       53.0122947693
706.738098,       52.3244705200
707.074280,       51.6707305908
707.410461,       50.9889068604
707.746643,       50.3412094116
708.082642,       49.7791213989
708.418701,       49.0961990356
708.754639,       48.4889411926
709.090576,       47.9572448730
709.426514,       47.3278656006
709.762329,       46.5775146484
710.098083,       45.8894271851
710.433838,       45.1167449951
710.769592,       44.4760513306
711.105286,       43.9571380615
711.440796,       43.2561492920
711.776367,       42.7108726501
712.112000,       42.0603942871
712.447388,       41.4265975952
712.782837,       40.7605705261
713.118225,       40.1703338623
713.453552,       39.5384483337
713.788818,       39.0092048645
714.124023,       38.3845176697
714.459290,       37.7918777466
714.794434,       37.2117156982
715.129517,       36.6235389709
715.464661,       36.0243453979
715.799622,       35.4715042114
716.134583,       34.8258056641
716.469482,       34.2299194336
716.804321,       33.6965103149
717.139221,       33.1617584229
717.473938,       32.7573547363
717.808777,       32.2250823975
718.143433,       31.6578826904
718.478088,       31.1064758301
718.812683,       30.6235198975
719.147217,       30.1082992554
719.481750,       29.6093139648
719.816223,       29.1254806519
720.150574,       28.5184020996
720.485046,       28.0245132446
720.819214,       27.4377670288
721.153564,       26.8709716797
721.487854,       26.3785095215
721.821960,       25.9204711914
722.156189,       25.2609405518
722.490234,       24.7764739990
722.824341,       24.2806854248
723.158264,       23.7798309326
723.492249,       23.2410430908
723.826172,       22.8240051270
724.159973,       22.3773193359
724.493835,       21.9093627930
724.827576,       21.1615524292
725.161316,       20.6411743164
725.494995,       20.1774139404
725.828613,       19.6258850098
726.162231,       19.1707611084
726.495728,       18.6363830566
726.829163,       18.1897811890
727.162720,       17.8374328613
727.496033,       17.3812561035
727.829468,       16.9762268066
728.162720,       16.5593185425
728.496033,       16.0494918823
728.829224,       15.5731048584
729.162354,       15.3885192871
729.495483,       15.0110931396
729.828552,       14.5700531006
730.161560,       14.2279815674
730.494629,       13.9497070313
730.827454,       13.6362609863
731.160400,       13.2256927490
731.493225,       12.8565521240
731.825989,       12.8243331909
732.158813,       12.4770050049
732.491455,       12.1660461426
732.824158,       11.8040847778
733.156799,       11.4497833252
733.489319,       11.0568847656
733.821899,       10.6420898438
734.154236,       10.4139556885
734.486755,       10.0221099854
734.819092,        9.7361145020
735.151428,        9.4349899292
735.483765,        9.2312316895
735.815857,        9.0835494995
736.148132,        8.8422546387
736.480286,        8.5635681152
736.812378,        8.3025360107
737.144470,        8.1206283569
737.476379,        7.7993392944
737.808411,        7.4868469238
738.140259,        7.1975402832
738.472168,        7.0147171021
738.804016,        6.7660903931
739.135742,        6.6267547607
739.467468,        6.3729476929
739.799133,        6.2090759277
740.130798,        6.0469207764
740.462402,        5.8999328613
740.793884,        5.7217178345
741.125366,        5.4452667236
741.456848,        5.3652038574
741.788208,        5.1103057861
742.119568,        4.9593353271
742.450928,        4.8005065918
742.782166,        4.5272369385
743.113281,        4.2379150391
743.444458,        4.0072708130
743.775635,        3.7966918945
744.106689,        3.5650787354
744.437683,        3.4637145996
744.768677,        3.2507400513
745.099609,        3.2034912109
745.430481,        3.0527343750
745.761353,        2.8117828369
746.092102,        2.6525115967
746.422852,        2.5704956055
746.753479,        2.4289093018
747.084229,        2.3438720703
747.414795,        2.3212585449
747.745300,        2.2396316528
748.075806,        2.1412658691
748.406311,        2.0508270264
748.736694,        2.0172882080
749.067078,        1.9711380005
749.397400,        1.7915802002
749.727722,        1.7218780518
750.057861,        1.7076797485
750.388062,        1.6692810059
750.718201,        1.6381225586
751.048279,        1.6084823608
751.378357,        1.5638732910
751.708252,        1.5505981445
752.038208,        1.3596572876
752.368164,        1.2537841797
752.697937,        1.2964477539
753.027832,        1.2010269165
753.357483,        1.0163421631
753.687256,        0.9919738770
754.016907,        0.7851791382
754.346497,        0.6820144653
754.676147,        0.6794738770
755.005493,        0.6531219482
755.335083,        0.5003585815
755.664490,        0.2532196045
755.993835,        0.1318817139
756.323181,        0.0560302734
756.652405,       -0.0405654907
756.981689,       -0.0803985596
757.310852,       -0.0532760620
757.640015,       -0.1425476074
757.969177,       -0.1865386963
758.298096,       -0.1705474854
758.627197,       -0.2027435303
758.956116,       -0.1658020020
759.284973,       -0.1699066162
759.613892,       -0.2340240479
759.942627,       -0.2070770264
760.271423,       -0.1833038330
760.600159,       -0.2481079102
760.928772,       -0.2420196533
761.257446,       -0.2279586792
761.585999,       -0.2884826660
761.914490,       -0.4324798584
762.242981,       -0.4319610596
762.571350,       -0.3066864014
762.899841,       -0.4714050293
763.228088,       -0.3507232666
763.556396,       -0.3577880859
763.884644,       -0.2892456055
764.212830,       -0.3314056396
764.541016,       -0.4048995972
764.869080,       -0.4870529175
765.197144,       -0.5759429932
765.525146,       -0.5420913696
765.853088,       -0.4539718628
766.181030,       -0.5094604492
766.508789,       -0.4616546631
766.836670,       -0.5401611328
767.164429,       -0.6043090820
767.492126,       -0.5896453857
767.819824,       -0.5438690186
768.147400,       -0.6934432983
768.475037,       -0.6122283936
768.802490,       -0.6090850830
769.130005,       -0.7832183838
769.457458,       -0.7058868408
769.784790,       -0.4485473633
770.112183,       -0.4739685059
770.439453,       -0.4889221191
770.766663,       -0.6065216064
771.093872,       -0.6373291016
771.420959,       -0.5241394043
771.748108,       -0.4962768555
772.075195,       -0.5748748779
772.402161,       -0.7182617188
772.729126,       -0.7445144653
773.055969,       -0.7405242920
773.382874,       -0.7938079834
773.709717,       -0.6777725220
774.036438,       -0.5240859985
774.363159,       -0.5575561523
774.689758,       -0.5594940186
775.016479,       -0.4187774658
775.343018,       -0.4587936401
775.669495,       -0.4369049072
775.996033,       -0.1718597412
776.322449,       -0.2451629639
776.648865,       -0.2647857666
776.975098,       -0.4170913696
777.301453,       -0.3147430420
777.627686,       -0.2997894287
777.953857,       -0.4162139893
778.280029,       -0.3340454102
778.606079,       -0.4979934692
778.932068,       -0.3769226074
779.258179,       -0.3879776001
779.584045,       -0.3637542725
779.909973,       -0.3175201416
780.235840,       -0.2609100342
780.561646,       -0.3629226685
780.887390,       -0.4020538330
781.213135,       -0.3937454224
781.538757,       -0.3879623413
781.864380,       -1.2172851563
782.189880,       -1.3568725586
782.515442,       -1.2504882813
782.840942,       -1.3028259277
783.166321,       -1.2377166748
783.491699,       -1.2877502441
783.817017,       -1.1040649414
784.142395,       -1.2321777344
784.467529,       -1.2554779053
784.792725,       -1.1385650635
785.117859,       -1.1649169922
785.442932,       -0.9989471436
785.768005,       -1.0246582031
786.092957,       -0.8514709473
786.417908,       -0.8902282715
786.742798,       -0.8479232788
787.067566,       -0.9285888672
787.392456,       -0.9620132446
787.717163,       -0.9954833984
788.041870,       -0.9954910278
788.366577,       -0.9853210449
788.691101,       -0.0341339111
789.015686,       -0.0227813721
789.340149,       -0.1292877197
789.664673,       -0.2087097168
789.989075,       -0.2330627441
790.313354,       -0.3679199219
790.637756,       -0.5321655273
790.962036,       -0.4949493408
791.286194,       -0.4506149292
791.610413,       -0.4720306396
791.934448,       -0.5611572266
792.258606,       -0.5435485840
792.582581,       -0.7290496826
792.906555,       -0.7858734131
793.230530,       -0.8073348999
793.554321,       -0.8632202148
793.878174,       -0.7991638184
794.201965,       -0.7243194580
794.525696,       -0.7474746704
794.849426,       -0.7499694824
795.172974,       -0.7809143066
795.496643,       -0.8694534302
795.820129,       -0.8549041748
796.143616,       -0.8769531250
796.467102,       -0.9155273438
796.790405,       -0.8876953125
797.113831,       -0.7268447876
797.437134,       -0.6181640625
797.760315,       -0.6808700562
798.083618,       -0.6491622925
798.406677,       -0.6845092773
798.729797,       -0.8334655762
799.052856,       -0.8136749268
799.375854,       -0.6488342285
799.698853,       -0.6899108887
800.021729,       -0.8888549805
800.344604,       -0.9027404785
800.667358,       -1.0117721558
800.990112,       -1.0515365601
801.312866,       -1.0249938965
801.635498,       -1.1258392334
801.958191,       -1.1151580811
802.280701,       -1.0896301270
802.603210,       -0.9663467407
802.925781,       -0.8778457642
803.248108,       -0.7371063232
803.570496,       -0.7564010620
803.892822,       -0.8460998535
804.215088,       -0.8933563232
804.537354,       -0.8606719971
804.859436,       -0.8871536255
805.181641,       -0.8468475342
805.503723,       -0.7277832031
805.825745,       -0.8948516846
806.147766,       -0.9433288574
806.469604,       -0.9880371094
806.791504,       -0.9391479492
807.113342,       -0.9505004883
807.435181,       -0.9158554077
807.756897,       -0.9870986938
808.078552,       -1.1050491333
808.400208,       -1.1199188232
808.721802,       -1.1522064209
809.043335,       -1.2197265625
809.364929,       -1.3400955200
809.686279,       -1.3977813721
810.007751,       -1.4949722290
810.329041,       -1.4662628174
810.650330,       -1.4485626221
810.971619,       -1.4356842041
811.292786,       -1.4650878906
811.613953,       -1.4898376465
811.935059,       -1.5484771729
812.256104,       -1.4721984863
812.577148,       -1.3619232178
812.898071,       -1.3205566406
813.218994,       -1.2146301270
813.539795,       -1.0676879883
813.860596,       -1.1141204834
814.181396,       -1.0498657227
814.502136,       -0.9264678955
814.822754,       -0.8865890503
815.143372,       -0.7955322266
815.463928,       -0.7827453613
815.784485,       -0.7192306519
816.104919,       -0.6651763916
816.425354,       -0.7052307129
816.745728,       -0.7017135620
817.065979,       -0.8064956665
817.386353,       -0.7636260986
817.706421,       -0.7864532471
818.026733,       -0.7962799072
818.346863,       -0.9122848511
818.666809,       -0.9468002319
818.986938,       -1.0168685913
819.306824,       -0.8927001953
819.626770,       -0.9847412109
819.946716,       -1.0682067871
820.266479,       -1.1524963379
820.586304,       -1.0427474976
820.905945,       -1.1081237793
821.225647,       -1.2072448730
821.545349,       -1.3125762939
821.864868,       -1.2439117432
822.184448,       -1.3993377686
822.503845,       -1.4840087891
822.823364,       -1.4770812988
823.142761,       -1.4992218018
823.462036,       -1.4860763550
823.781372,       -1.4051055908
824.100525,       -1.4033737183
824.419800,       -1.7787322998
824.738953,       -1.7246246338
825.057922,       -1.7251663208
825.377014,       -1.7006072998
825.695984,       -1.8072967529
826.014954,       -1.8871307373
826.333862,       -1.7834014893
826.652649,       -1.8074035645
826.971497,       -1.8225555420
827.290100,       -1.9286346436
827.608887,       -1.9101715088
827.927612,       -1.9230270386
828.246094,       -1.7045288086
828.564697,       -1.7765655518
828.883118,       -1.7290267944
829.201599,       -1.6688003540
829.520020,       -1.7358093262
829.838318,       -1.6468048096
830.156616,       -1.6381378174
830.474854,       -1.6634979248
830.793091,       -1.6738967896
831.111267,       -1.2102661133
831.429260,       -1.1931152344
831.747437,       -1.1315307617
832.065308,       -1.1238555908
832.383362,       -1.0821533203
832.701233,       -1.1189117432
833.019043,       -1.1597137451
833.336914,       -1.0740356445
833.654663,       -0.9883880615
833.972351,       -0.8908386230
834.289978,       -1.1346206665
834.607483,       -1.1324005127
834.925171,       -1.1635208130
835.242676,       -1.0817260742
835.560059,       -0.9874420166
835.877502,       -0.9908523560
836.194763,       -0.9242630005
836.512146,       -0.9463882446
836.829468,       -1.0506286621
837.146545,       -1.1077575684
837.463745,       -1.1458892822
837.780823,       -1.2747573853
838.097900,       -1.3100509644
838.414917,       -1.4220581055
838.731873,       -1.3379516602
839.048828,       -1.2617340088
839.365540,       -1.2275238037
839.682434,       -1.2485198975
839.999207,       -1.3385620117
840.315857,       -1.3836059570
840.632568,       -1.4809265137
840.949097,       -1.2441253662
841.265747,       -1.1544799805
841.582275,       -1.1917953491
841.898682,       -1.3698120117
842.215088,       -1.5150527954
842.531433,       -1.5203857422
842.847778,       -1.5094909668
843.164063,       -1.5422897339
843.480164,       -1.5944366455
843.796387,       -1.5827026367
844.112427,       -1.6150054932
844.428528,       -1.6418304443
844.744568,       -1.6677093506
845.060486,       -1.6255950928
845.376404,       -1.6502990723
845.692200,       -1.6511535645
846.008057,       -1.7716293335
846.323853,       -1.7832870483
846.639465,       -1.7691497803
846.955139,       -1.7583541870
847.270691,       -1.7137756348
847.586304,       -1.7083587646
847.901855,       -1.7741012573
848.217224,       -1.7959442139
848.532715,       -1.7494201660
848.847961,       -1.7528915405
849.163330,       -1.7159729004
849.478638,       -1.7591552734
849.793823,       -1.9411468506
850.108948,       -1.8736114502
850.424011,       -1.9958114624
850.739136,       -1.9842147827
851.054199,       -1.7746505737
851.369019,       -1.6128234863
851.684021,       -1.5937957764
851.998779,       -1.7716064453
852.313660,       -1.7265625000
852.628418,       -1.7328796387
852.943054,       -1.8289184570
853.257751,       -1.8458862305
853.572327,       -1.8740921021
853.886841,       -1.8141098022
854.201477,       -1.8500595093
854.515808,       -1.8564758301
854.830261,       -1.8929824829
855.144592,       -1.8810882568
855.458862,       -1.6462402344
855.773193,       -1.6650314331
856.087280,       -1.6635284424
856.401489,       -1.5108642578
856.715515,       -1.5647430420
857.029602,       -1.4421844482
857.343628,       -1.3610076904
857.657532,       -1.3834686279
857.971497,       -1.5070037842
858.285278,       -1.3880538940
858.599121,       -1.3117828369
858.912903,       -1.3444061279
859.226501,       -1.3963775635
859.540222,       -1.4742279053
859.853699,       -1.5535278320
860.167297,       -1.5712280273
860.480896,       -1.7693328857
860.794250,       -1.8062667847
861.107666,       -1.9379577637
861.420959,       -1.8182525635
861.734314,       -1.7866668701
862.047546,       -1.8902359009
862.360657,       -1.9219207764
862.673889,       -2.0155258179
862.986938,       -1.9636001587
863.299988,       -1.8674774170
863.613037,       -2.0315246582
863.925903,       -2.2038803101
864.238831,       -2.4569931030
864.551575,       -2.4521331787
864.864380,       -2.5811309814
865.177185,       -2.4611892700
865.489807,       -2.5314483643
865.802490,       -2.4700622559
866.114990,       -2.3360900879
866.427612,       -2.2953720093
866.740112,       -2.3087539673
867.052429,       -2.2741851807
867.364868,       -2.2070617676
867.677124,       -2.1923141479
867.989502,       -2.2835845947
868.301758,       -2.2818069458
868.613831,       -2.3764190674
868.926025,       -2.3840255737
869.238159,       -2.3608703613
869.550049,       -2.3811950684
869.862122,       -2.3948059082
870.173950,       -2.2859039307
870.485901,       -2.1561126709
870.797791,       -2.0508270264
871.109497,       -2.2047119141
871.421204,       -2.0251770020
871.732849,       -2.1685485840
872.044495,       -2.2752685547
872.356079,       -2.1650085449
872.667542,       -2.0735473633
872.979065,       -1.9938659668
873.290344,       -2.0148468018
873.601807,       -1.9943389893
873.913147,       -2.0784301758
874.224304,       -2.0184936523
874.535645,       -1.9235839844
874.846741,       -1.9623107910
875.157837,       -1.9383239746
875.468994,       -2.0668640137
875.779907,       -1.8833007813
876.090881,       -1.8411102295
876.401733,       -1.8119964600
876.712646,       -1.7575378418
877.023499,       -1.7666168213
877.334167,       -1.7650146484
877.644897,       -1.6999053955
877.955505,       -1.7788009644
878.266113,       -1.6114349365
878.576721,       -1.4563903809
878.887146,       -1.6121063232
879.197571,       -1.6674346924
879.507996,       -1.7523803711
879.818298,       -1.7282409668
880.128662,       -1.9014205933
880.438843,       -1.8550415039
880.749084,       -1.8831787109
881.059143,       -2.3396453857
881.369263,       -2.3569488525
881.679382,       -2.1498947144
881.989258,       -2.1156616211
882.299194,       -2.3334655762
882.609070,       -2.3850326538
882.918945,       -2.4771881104
883.228760,       -2.5080413818
883.538452,       -2.4808883667
883.848145,       -2.4852066040
884.157654,       -2.4713287354
884.467285,       -2.4239807129
884.776917,       -2.4976959229
885.086243,       -2.5014343262
885.395813,       -2.4575958252
885.705017,       -2.4709472656
886.014404,       -2.4212188721
886.323730,       -2.4542007446
886.632874,       -2.2928009033
886.942078,       -2.4337158203
887.251160,       -2.4253082275
887.560242,       -2.0406188965
887.869263,       -1.9929885864
888.178162,       -2.2169189453
888.487122,       -6.1911621094
888.795898,       -6.1390457153
889.104797,       -6.1700286865
889.413513,       -5.9983367920
889.722168,       -6.0305633545
890.030884,       -6.1626739502
890.339417,       -6.1647491455
890.648010,       -6.1995391846
890.956543,       -6.3301849365
891.264893,       -6.4032821655
891.573364,       -6.4271240234
891.881653,       -6.4983062744
892.189941,       -6.5485000610
892.498230,       -6.6468963623
892.806335,       -6.6705780029
893.114502,       -6.6838989258
893.422546,       -6.6516418457
893.730652,       -6.7151184082
894.038696,       -6.8856811523
894.346497,       -6.9367370605
894.654419,       -7.0205993652
894.962158,       -2.7630691528
895.270020,       -2.7278594971
895.577759,       -2.8563232422
895.885376,       -2.9869308472
896.192993,       -2.8888549805
896.500549,       -2.9121246338
896.808044,       -2.9062194824
897.115601,       -2.9571609497
897.422913,       -3.0135040283
897.730347,       -3.0908050537
898.037598,       -3.2286071777
898.344910,       -3.2426452637
898.652161,       -3.2071990967
898.959167,       -3.1396331787
899.266418,       -3.1315612793
899.573364,       -3.1544189453
899.880371,       -3.0549850464
900.187378,       -2.9141159058
900.494202,       -2.7363433838
900.801086,       -2.7606430054
901.107788,       -2.6264038086
901.414612,       -2.4786682129
901.721375,       -2.3960113525
902.027832,       -2.3002014160
902.334534,       -2.2568664551
902.641113,       -2.2682800293
902.947510,       -2.2019424438
903.253967,       -2.1680831909
903.560242,       -2.0915527344
903.866638,       -2.0409393311
904.172974,       -1.8812484741
904.479126,       -1.7552566528
904.785278,       -1.6352691650
905.091370,       -1.7277450562
905.397461,       -1.7501373291
905.703552,       -1.8970870972
906.009399,       -1.9535675049
906.315369,       -2.1638336182
906.621155,       -2.1998062134
906.927002,       -2.2656402588
907.232788,       -2.2256088257
907.538452,       -2.2446823120
907.844116,       -2.2974395752
908.149658,       -2.4707412720
908.455200,       -2.3791198730
908.760803,       -2.5038757324
909.066162,       -2.5957641602
909.371582,       -2.6097412109
909.676880,       -2.5272827148
909.982178,       -2.4934997559
910.287476,       -2.3884506226
910.592529,       -2.4076995850
910.897705,       -2.5317916870
911.202759,       -2.5639190674
911.507813,       -2.5546722412
911.812805,       -2.4005279541
912.117676,       -2.1507034302
912.422546,       -2.1148986816
912.727356,       -2.0420379639
913.032104,       -1.9224395752
913.336853,       -1.8902893066
913.641479,       -1.8762512207
913.946106,       -1.7471084595
914.250610,       -2.0083618164
914.555115,       -1.9835052490
914.859619,       -2.0140380859
915.163940,       -1.8421478271
915.468323,       -1.7459869385
915.772583,       -1.6646423340
916.076843,       -1.8226623535
916.381104,       -1.8211669922
916.685120,       -1.7751083374
916.989258,       -1.8244400024
917.293213,       -1.8933715820
917.597290,       -2.0277786255
917.901184,       -2.2095260620
918.205017,       -2.4666595459
918.508850,       -2.5193099976
918.812561,       -2.5183639526
919.116333,       -2.4315490723
919.420044,       -2.4311447144
919.723572,       -2.8439941406
920.027222,       -2.9428253174
920.330627,       -2.8874511719
920.634094,       -2.6863403320
920.937561,       -2.5944519043
921.240784,       -2.7034530640
921.544189,       -2.7655181885
921.847351,       -2.7154693604
922.150574,       -3.0185852051
922.453735,       -3.0212631226
922.756775,       -3.0852890015
923.059875,       -3.1654205322
923.362793,       -3.1567077637
923.665771,       -3.0754699707
923.968689,       -2.8809509277
924.271362,       -2.5777740479
924.574219,       -2.3713302612
924.876892,       -2.3206634521
925.179565,       -2.5526733398
925.482239,       -2.4850540161
925.784729,       -2.7136230469
926.087280,       -2.3878479004
926.389648,       -2.3529815674
926.692078,       -2.3406219482
926.994507,       -2.3215179443
927.296692,       -2.1422271729
927.599060,       -2.2146453857
927.901123,       -2.0504608154
928.203308,       -1.9958648682
928.505432,       -1.7718505859
928.807434,       -1.6787261963
929.109436,       -1.5600280762
929.411316,       -1.6568679810
929.713196,       -1.4849777222
930.015015,       -1.4005432129
930.316711,       -1.4968414307
930.618530,       -1.4649734497
930.920105,       -1.4359283447
931.221802,       -1.7329177856
931.523315,       -1.4862899780
931.824829,       -1.4848022461
932.126282,       -1.5413360596
932.427612,       -1.4299926758
932.729004,       -1.2594146729
933.030334,       -1.2612457275
933.331482,       -1.2860717773
933.632751,       -1.5036926270
933.933777,       -1.1840667725
934.234924,       -1.3541336060
934.536011,       -1.5675048828
934.836914,       -1.7800827026
935.137878,       -1.7859344482
935.438660,       -2.1469802856
935.739502,       -1.9183578491
936.040344,       -2.1278991699
936.340942,       -2.0061340332
936.641663,       -1.8889770508
936.942383,       -1.8679504395
937.242798,       -2.0660629272
937.543335,       -1.6937408447
937.843750,       -1.5922393799
938.144165,       -1.5725097656
938.444580,       -1.4794921875
938.744751,       -1.4328918457
939.045044,       -1.4497833252
939.345154,       -1.6277770996
939.645325,       -1.7920608521
939.945435,       -1.9426269531
940.245361,       -2.0471343994
940.545410,       -2.0220108032
940.845215,       -1.9476623535
941.145142,       -1.9461593628
941.445007,       -2.0976486206
941.744629,       -1.6700210571
942.044434,       -1.7815093994
942.343994,       -1.7935791016
942.643677,       -1.7867279053
942.943237,       -2.0022888184
943.242676,       -2.2568817139
943.542114,       -2.2628326416
943.841431,       -2.3116149902
944.140808,       -2.0904235840
944.440125,       -2.1083984375
944.739258,       -2.2482452393
945.038513,       -2.2488403320
945.337524,       -2.3167266846
945.636597,       -2.3941040039
945.935669,       -2.3131408691
946.234558,       -2.0046920776
946.533508,       -2.0100936890
946.832275,       -2.2764816284
947.131165,       -2.1981887817
947.429932,       -1.6974639893
947.728516,       -1.3298797607
948.027222,       -1.3967895508
948.325745,       -2.4411392212
948.624329,       -2.7365722656
948.922852,       -2.7848052979
949.221191,       -2.6581115723
949.519592,       -2.8262176514
949.817810,       -2.7660064697
950.116150,       -2.9656066895
950.414368,       -3.1472091675
950.712463,       -3.0975799561
951.010620,       -2.9061508179
951.308594,       -2.7673110962
951.606628,       -2.7998886108
951.904602,       -2.9538574219
952.202454,       -3.0218200684
952.500305,       -3.7910079956
952.798035,       -4.1594772339
953.095825,       -4.2797851563
953.393494,       -4.2049636841
953.691040,       -4.3732070923
953.988647,       -4.9236907959
954.286133,       -4.9916076660
954.583618,       -3.9958953857
954.881042,       -3.4752349854
955.178345,       -3.5350799561
955.475647,       -3.8128967285
955.772827,       -3.5319671631
956.070068,       -3.3355789185
956.367310,       -3.1457519531
956.664307,       -3.0651245117
956.961365,       -3.3035583496
957.258240,       -3.3263168335
957.555176,       -3.9746398926
957.852112,       -4.0754547119
958.148865,       -3.9175262451
958.445679,       -3.5260848999
958.742310,       -2.5677337646
959.039001,       -2.0754776001
959.335632,       -1.5899276733
959.632141,       -2.0948944092
959.928650,       -2.0152053833
960.224976,       -1.6791076660
960.521484,       -1.7362670898
960.817871,       -1.4519119263
961.114014,       -1.6192626953
961.410339,       -1.5624084473
961.706421,       -1.2198944092
962.002563,       -1.2959747314
962.298645,       -1.6490325928
962.594604,       -2.0078353882
962.890564,       -2.2405242920
963.186401,       -4.4405212402
963.482300,       -4.8275451660
963.778137,       -4.1535339355
964.073792,       -3.9025573730
964.369568,       -3.6626358032
964.665100,       -3.7594146729
964.960693,       -4.2903823853
965.256287,       -4.6223144531
965.551697,       -4.5373535156
965.847168,       -4.0975952148
966.142395,       -4.3776245117
966.437744,       -4.6382598877
966.733032,       -4.6536560059
967.028198,       -4.7339172363
967.323364,       -4.6451110840
967.618408,       -4.5729675293
967.913513,       -5.1994171143
968.208496,       -5.2223663330
968.503357,       -4.7874145508
968.798279,       -4.6393432617
969.093018,       -4.6351318359
969.387817,       -1.6617279053
969.682556,       -1.2927093506
969.977173,       -1.4642639160
970.271790,       -1.9140014648
970.566406,       -2.5165863037
970.860779,       -2.3524627686
971.155334,       -2.2679595947
971.449646,       -1.8443908691
971.743958,       -1.9731140137
972.038330,       -2.4770660400
972.332458,       -2.3611907959
972.626648,       -2.2809371948
972.920715,       -2.0022048950
973.214844,       -2.3309478760
973.508911,       -2.3855590820
973.802734,       -2.7948608398
974.096741,       -2.6426086426
974.390442,       -2.6371154785
974.684265,       -3.2582092285
974.978088,       -2.7840576172
975.271667,       -2.8008422852
975.565369,       -3.0449218750
975.858826,       -3.3023376465
976.152405,       -3.6794128418
976.445923,       -3.3321075439
976.739258,       -2.9466400146
977.032654,       -3.3784027100
977.325867,       -3.3165206909
977.619202,       -3.4475860596
977.912415,       -4.7354888916
978.205505,       -4.3202056885
978.498596,       -4.4864807129
978.791504,       -4.2599792480
979.084534,       -4.4658584595
979.377563,       -4.0927276611
979.670288,       -3.9936370850
979.963196,       -4.0021820068
980.255859,       -3.8898315430
980.548584,       -3.6898345947
980.841309,       -4.9526901245
981.133850,       -5.3853530884
981.426392,       -5.9058380127
981.718811,       -5.6990585327
982.011292,       -5.2257232666
982.303650,       -5.0368499756
982.595886,       -5.1435089111
982.888245,       -5.5584106445
983.180359,       -5.5084381104
983.472595,       -6.0001983643
983.764709,       -5.9572753906
984.056641,       -4.5675354004
984.348755,       -4.7929458618
984.640625,       -4.8783111572
984.932495,       -4.9624633789
985.224365,       -5.0277404785
985.516052,       -5.5059051514
985.807861,       -6.1392898560
986.099426,       -7.0814895630
986.391052,       -6.9300689697
986.682678,       -7.3816680908
986.974121,       -5.8503494263
987.265625,       -5.6895294189
987.556885,       -5.3312835693
987.848328,       -5.8363494873
988.139648,       -6.1962966919
988.430786,       -6.3792572021
988.721985,       -6.9642715454
989.013000,       -6.3022842407
989.304138,       -7.1123199463
989.595215,       -7.5878829956
989.886047,       -8.1202697754
990.177002,       -9.7558288574
990.467834,       -9.6992645264
990.758606,       -9.6448059082
991.049377,      -10.1035232544
991.339966,      -11.3520202637
991.630676,      -11.0111694336
991.921143,      -10.8961563110
992.211670,      -11.0231018066
992.502197,      -11.1453247070
992.792542,      -10.8386383057
993.082886,      -10.1166839600
993.373169,      -10.4126281738
993.663452,      -10.3406982422
993.953613,      -10.5129852295
994.243713,       -9.7057037354
994.533813,       -9.4649353027
994.823792,       -9.3731079102
995.113770,       -9.4509735107
995.403687,       -8.9887084961
995.693481,       -7.9785537720
995.983337,       -7.5341033936
996.273010,       -5.8691558838
996.562744,       -6.3240509033
996.852417,       -6.8511657715
997.141907,       -6.0134887695
997.431458,       -4.2960968018
997.720886,       -4.7449798584
998.010315,       -4.3867034912
998.299744,       -2.4463500977
998.588928,       -1.7912902832
998.878296,       -1.5522079468
999.167419,       -1.8636779785
999.456543,       -3.2327957153
999.745667,       -3.3554534912
1000.034607,       -2.9761886597
1000.323669,       -3.6504440308
1000.612488,       -4.4424591064
1000.901367,       -3.5000915527
1001.190247,       -3.4329986572
1001.478882,       -3.3113098145
1001.767639,       -4.0987396240
1002.056335,       -3.6789398193
1002.344849,       -4.3589019775
1002.633423,       -3.8146972656
1002.921814,       -3.2419891357
1003.210266,       -3.1652450562
1003.498657,       -4.1503601074
1003.786926,       -3.8255767822
1004.075256,       -4.2929992676
1004.363342,       -4.7922210693
1004.651489,       -4.7998352051
1004.939697,       -5.6367721558
1005.227600,       -7.2214126587
1005.515686,       -6.9692077637
1005.803467,       -7.1923522949
1006.091370,       -6.9284286499
1006.379272,       -7.0896453857
1006.666870,       -6.0048141479
1006.954712,       -5.5368652344
1007.242188,       -6.5259094238
1007.529907,       -7.6136398315
1007.817444,       -6.5760192871
1008.104858,       -8.2627182007
1008.392334,       -7.5036621094
1008.679565,       -8.3365631104
1008.966980,       -8.6343841553
1009.254272,       -9.1447143555
1009.541382,       -8.7211151123
1009.828613,       -8.3825683594
1010.115601,       -7.8199615479
1010.402649,       -7.5691528320
1010.689697,       -7.5247192383
1010.976563,       -6.7755432129
1011.263489,       -6.6067123413
1011.550171,       -5.3913116455
1011.837036,       -5.5901489258
1012.123657,       -5.4093093872
1012.410278,       -5.8976593018
1012.696899,       -7.5138778687
1012.983337,       -8.7769927979
1013.269897,       -7.9102478027
1013.556396,       -6.3311538696
1013.842651,       -6.6558837891
1014.129028,       -6.5995864868
1014.415161,       -7.1000900269
1014.701477,       -7.8374862671
1014.987671,       -9.2594833374
1015.273560,      -10.0616073608
1015.559692,      -10.3876495361
1015.845581,      -10.4497680664
1016.131592,      -11.7526016235
1016.417542,      -13.1413116455
1016.703247,      -14.4026031494
1016.989014,      -15.0918197632
1017.274658,      -15.1376953125
1017.560303,      -17.3084716797
1017.845947,      -17.0315704346
1018.131409,      -18.0689468384
1018.416870,      -18.2190017700
1018.702271,      -16.9658203125
1018.987671,      -16.6428375244
1019.272949,      -18.7578430176
1019.558228,      -20.8635406494
1019.843445,      -20.9066162109
1020.128540,      -19.7964172363
1020.413574,      -19.9129791260
1020.698608,      -18.2457733154
1020.983521,      -16.3267822266
1021.268555,      -17.6560974121
1021.553284,      -18.7579498291
1021.838135,      -20.2328643799
1022.122925,      -20.4406127930
1022.407593,      -34.5798797607
1022.692261,        1.6451416016
1022.976807,        3.7748718262
1023.261292,       -8.5751113892
1023.545837,        2.7032089233
1023.830200,      -11.1956634521
1024.114624,      -35.0415649414
1024.398804,      -28.9261169434
1024.683105,      -17.6788177490
1024.967285,      -26.9645843506
