340.270844,      100.0000000000
340.648560,      100.0000000000
341.026306,    -1985.7138671875
341.403961,    -1226.0854492188
341.781616,    -9490.7011718750
342.159210,    -1469.6713867188
342.536743,       86.7347259521
342.914307,      -67.3513183594
343.291779,      -10.1656341553
343.669250,      100.0000000000
344.046661,       -9.2095947266
344.424042,       -7.9885253906
344.801422,       -7.1964874268
345.178711,      -17.1123199463
345.556000,      -27.2487792969
345.933258,      -35.5617980957
346.310486,      -40.3552703857
346.687622,      -45.5053100586
347.064758,      -51.2504272461
347.441895,      -49.5470275879
347.818939,      -47.8126678467
348.195953,      -45.7817230225
348.572937,      -44.4042968750
348.949890,      -48.7126464844
349.326843,      -49.5093994141
349.703735,      -50.0276489258
350.080597,      -51.8245849609
350.457397,      -50.7469177246
350.834198,      -46.2697601318
351.210968,      -44.2316131592
351.587646,      -44.9246520996
351.964325,      -42.1824340820
352.340942,      -39.5042572021
352.717560,      -44.1781616211
353.094147,      -44.8745727539
353.470673,      -42.8370666504
353.847168,      -40.6788787842
354.223602,      -40.1774139404
354.600037,      -40.1450805664
354.976440,      -34.8865051270
355.352783,      -40.0798645020
355.729126,      -42.7978973389
356.105408,      -42.0747070313
356.481628,      -66.2497558594
356.857849,      -63.3901977539
357.234009,      -61.6818237305
357.610168,      -62.5796813965
357.986267,      -58.8118743896
358.362366,      -58.4567108154
358.738373,      -56.5382690430
359.114349,      -55.8359680176
359.490326,      -55.2316284180
359.866241,      -51.2514343262
360.242157,      -54.2376556396
360.617981,      -52.1298217773
360.993805,      -49.7896118164
361.369568,      -50.6715087891
361.745331,      -50.4008178711
362.121033,      -53.1455688477
362.496704,      -51.0846557617
362.872314,      -48.5201416016
363.247925,      -46.5184173584
363.623505,      -41.2893371582
363.999023,      -38.5045318604
364.374542,      -10.0134048462
364.750000,       -9.7214355469
365.125397,      -11.1490936279
365.500763,      -12.5392456055
365.876160,      -12.9580001831
366.251434,      -14.2501678467
366.626740,      -16.1005630493
367.001953,      -19.6864013672
367.377136,      -18.6759185791
367.752350,      -22.0079193115
368.127472,      -24.2701568604
368.502594,      -19.4101257324
368.877625,      -17.2991638184
369.252625,      -16.6958160400
369.627625,      -17.2902755737
370.002563,      -10.1793060303
370.377502,      -14.6514434814
370.752380,      -12.4257965088
371.127228,      -14.6629333496
371.502014,      -17.6191406250
371.876770,      -22.0794754028
372.251526,      -21.7690124512
372.626221,      -21.7528228760
373.000885,      -19.3744659424
373.375488,      -18.4206237793
373.750092,      -17.3497009277
374.124664,      -13.3241195679
374.499146,      -18.2555236816
374.873627,      -18.4263000488
375.248108,      -19.2353820801
375.622467,      -23.5238952637
375.996887,      -25.6340866089
376.371185,      -28.3416137695
376.745483,      -28.1008300781
377.119751,      -27.8920974731
377.493958,      -30.2466735840
377.868195,      -31.8702239990
378.242310,      -27.4719696045
378.616394,      -32.3186798096
378.990540,      -28.9237365723
379.364563,      -30.6240539551
379.738556,      -30.5847167969
380.112518,      -29.0997161865
380.486481,      -26.5002288818
380.860352,      -27.0934143066
381.234192,      -28.2580108643
381.608063,      -26.0465240479
381.981812,      -27.3856353760
382.355591,      -21.0379638672
382.729309,      -18.9184112549
383.102966,      -16.2726593018
383.476624,      -10.4867172241
383.850220,       -7.6241760254
384.223816,       -7.5498886108
384.597321,      -10.3076095581
384.970856,      -10.8564453125
385.344299,       -6.1770324707
385.717682,       -4.4058685303
386.091125,       -5.7984237671
386.464447,       -0.0742034912
386.837769,        0.2831726074
387.211029,        2.3295059204
387.584290,        5.9128875732
387.957489,        6.9590606689
388.330627,        5.9195404053
388.703766,        6.9836425781
389.076874,        9.5877075195
389.449921,        5.2702484131
389.822937,        9.2769775391
390.195923,        6.3898086548
390.568878,        4.6679611206
390.941772,        5.4796447754
391.314636,       10.3511657715
391.687500,       14.4683303833
392.060272,       15.2089996338
392.433075,       18.2237091064
392.805756,       21.9188842773
393.178436,       21.7218017578
393.551117,       16.4095611572
393.923737,       18.0491027832
394.296326,       19.5950241089
394.668854,       21.9460906982
395.041321,       22.3895721436
395.413849,       20.6961212158
395.786255,       17.5401382446
396.158630,       16.7862854004
396.531006,       13.7332077026
396.903320,       13.9472961426
397.275604,       14.4820709229
397.647827,       13.8659057617
398.020050,       12.1592559814
398.392212,       15.8416137695
398.764343,       15.5515975952
399.136444,       14.2631225586
399.508514,        6.9832000732
399.880554,        7.4777832031
400.252533,        6.4271087646
400.624512,        3.5358581543
400.996399,        2.1918411255
401.368286,        7.0674667358
401.740112,       10.0343627930
402.111908,       10.8904724121
402.483673,       11.0502243042
402.855408,       10.8882904053
403.227081,       11.4276428223
403.598755,       15.4761810303
403.970367,       17.3592987061
404.341980,       13.8573455811
404.713501,       13.1184692383
405.085022,       13.4747467041
405.456482,       13.3230895996
405.827911,       18.3251953125
406.199310,       20.9609222412
406.570648,       18.3812408447
406.942017,       19.5231399536
407.313263,       26.4176864624
407.684509,       26.7711791992
408.055725,       27.9038696289
408.426880,       27.3615875244
408.798035,       20.3194427490
409.169128,       20.6633071899
409.540161,       16.1399993896
409.911224,       16.2562255859
410.282196,       16.9007415771
410.653137,       18.2278137207
411.024048,       19.6631088257
411.394897,       19.0049514771
411.765747,       19.0396423340
412.136536,       24.7668914795
412.507324,       18.6258087158
412.878052,       19.4057159424
413.248718,       17.4692687988
413.619385,       17.6055831909
413.989990,       15.9104919434
414.360565,       18.6006469727
414.731110,       17.3979110718
415.101563,       16.1881408691
415.472076,       16.9783477783
415.842468,       18.2695312500
416.212891,        9.6056518555
416.583221,       16.0045242310
416.953522,       17.1401062012
417.323792,       21.5445022583
417.694031,       19.2418212891
418.064240,       18.1627807617
418.434418,       17.4131622314
418.804535,       16.3775482178
419.174622,       17.4123382568
419.544678,       18.8836975098
419.914673,       18.6664352417
420.284668,       24.4849319458
420.654572,       25.8076629639
421.024475,       29.0567779541
421.394348,       27.5062103271
421.764191,       28.0875091553
422.133972,       27.9152984619
422.503693,       28.9647979736
422.873444,       30.1528320313
423.243134,       30.6681823730
423.612762,       30.0798492432
423.982330,       42.3654403687
424.351929,       42.7361984253
424.721436,       41.4673080444
425.090942,       42.2988891602
425.460358,       44.8154830933
425.829773,       46.5025215149
426.199158,       49.1673393250
426.568481,       51.7159347534
426.937775,       53.2613754272
427.307037,       52.8599548340
427.676239,       53.5287818909
428.045441,       53.0661315918
428.414581,       54.1343841553
428.783722,       53.2266578674
429.152802,       54.5950927734
429.521790,       52.4062194824
429.890839,       53.4544296265
430.259766,       55.4702568054
430.628693,       53.6653442383
430.997589,       54.0872726440
431.366425,       53.3929138184
431.735229,       52.3117446899
432.104004,       52.2923507690
432.472748,       53.4441452026
432.841431,       53.6518020630
433.210052,       53.8220062256
433.578705,       54.2052841187
433.947266,       53.3201255798
434.315826,       54.6435089111
434.684326,       54.5376968384
435.052765,       54.3827285767
435.421204,       52.1017913818
435.789612,       54.2796974182
436.157959,       54.8358993530
436.526276,       55.8304901123
436.894531,       53.4818954468
437.262756,       56.8625717163
437.630951,       56.2853393555
437.999146,       56.3623085022
438.367249,       57.8470840454
438.735321,       58.3552322388
439.103394,       60.4580764771
439.471405,       60.5084571838
439.839386,       34.8808822632
440.207306,       34.5335311890
440.575195,       31.7402267456
440.943054,       32.3692703247
441.310883,       31.9083480835
441.678680,       30.9929046631
442.046387,       30.0886764526
442.414093,       29.9168319702
442.781799,       30.5998229980
443.149414,       32.0116729736
443.516998,       32.0367126465
443.884552,       31.6439361572
444.252045,       31.9037170410
444.619537,       34.9858398438
444.987000,       34.6072998047
445.354401,       35.5663909912
445.721710,       35.9336242676
446.089081,       36.9635314941
446.456360,       36.8666152954
446.823608,       36.9794387817
447.190826,       37.7490997314
447.557953,       61.5799102783
447.925110,       62.6445808411
448.292175,       65.7143859863
448.659271,       65.2636413574
449.026276,       66.7679214478
449.393250,       67.7794265747
449.760193,       67.5936355591
450.127075,       68.6613311768
450.493958,       69.4567260742
450.860779,       70.8144226074
451.227570,       71.3037796021
451.594330,       71.8478012085
451.960999,       71.2617263794
452.327698,       71.0163497925
452.694336,       71.0643997192
453.060913,       71.8119201660
453.427490,       72.0507431030
453.793976,       72.0926666260
454.160492,       72.8705596924
454.526917,       46.9440460205
454.893311,       46.9611167908
455.259674,       48.2194671631
455.626007,       48.4418029785
455.992310,       48.6652908325
456.358551,       49.8814086914
456.724731,       49.4569320679
457.090912,       49.9478759766
457.457031,       50.8190841675
457.823151,       50.8713340759
458.189209,       51.3679122925
458.555206,       51.3510589600
458.921173,       51.6287307739
459.287109,       52.0546417236
459.653015,       52.5359802246
460.018890,       53.2395629883
460.384705,       53.6409568787
460.750519,       52.4773788452
461.116241,       53.1702270508
461.481964,       53.0231170654
461.847626,       53.0466842651
462.213226,       74.2894210815
462.578827,       74.8555145264
462.944427,       75.2481842041
463.309906,       75.3378219604
463.675385,       75.8049850464
464.040802,       75.7531433105
464.406219,       76.5835418701
464.771606,       77.3456878662
465.136902,       77.3623809814
465.502197,       77.4454040527
465.867462,       77.3522186279
466.232635,       77.9920272827
466.597839,       77.7510681152
466.962921,       77.8174743652
467.328003,       78.0327148438
467.693054,       77.9991302490
468.058075,       78.2353286743
468.423035,       79.4629364014
468.787994,       78.7145080566
469.152863,       79.0243988037
469.517700,       78.9274597168
469.882538,       78.9805603027
470.247314,       79.5108184814
470.612061,       78.2742843628
470.976746,       78.6861953735
471.341431,       78.0450057983
471.706024,       78.1510772705
472.070618,       77.6395034790
472.435181,       77.8071365356
472.799622,       78.1039123535
473.164124,       78.0888061523
473.528534,       78.5037155151
473.892975,       78.3778991699
474.257294,       78.8587417603
474.621582,       79.4226608276
474.985870,       79.7599334717
475.350098,       79.3886718750
475.714325,       79.8755569458
476.078461,       80.2007904053
476.442535,       80.5817489624
476.806641,       81.3474731445
477.170685,       81.8249053955
477.534668,       82.4342193604
477.898621,       82.5966262817
478.262512,       83.1085052490
478.626404,       82.4995803833
478.990265,       83.1920776367
479.354065,       83.3510589600
479.717834,       83.7996139526
480.081512,       83.5204849243
480.445221,       83.5086593628
480.808899,       83.8048706055
481.172485,       83.4162750244
481.536041,       83.5858001709
481.899567,       83.5810089111
482.263062,       83.6290664673
482.626526,       83.5313339233
482.989929,       83.9692306519
483.353271,       83.7300109863
483.716583,       83.6786651611
484.079895,       83.8867874146
484.443146,       83.7320480347
484.806366,       83.8359527588
485.169525,       83.5520172119
485.532654,       83.7341842651
485.895752,       84.1007843018
486.258820,       84.6561889648
486.621857,       84.5108642578
486.984802,       84.4687042236
487.347748,       84.3310012817
487.710663,       84.6154785156
488.073517,       84.9046020508
488.436340,       84.9676818848
488.799072,       85.2248382568
489.161835,       85.4010467529
489.524536,       85.8096160889
489.887238,       85.8345947266
490.249847,       86.0686492920
490.612396,       86.2055053711
490.974915,       86.4606094360
491.337433,       86.8697280884
491.699921,       86.8717956543
492.062347,       86.6906356812
492.424713,       86.6599884033
492.787079,       86.8965377808
493.149353,       86.2239303589
493.511658,       86.3781051636
493.873871,       86.5017471313
494.236053,       86.4051971436
494.598206,       86.3273925781
494.960297,       86.3690185547
495.322388,       86.2763519287
495.684418,       84.6463470459
496.046356,       84.7487411499
496.408325,       84.9971618652
496.770264,       84.9572830200
497.132141,       84.8427429199
497.493958,       84.8832473755
497.855713,       84.7792282104
498.217499,       84.6856079102
498.579193,       84.7001342773
498.940887,       84.6440048218
499.302490,       84.6809387207
499.664093,       84.7764968872
500.025635,       84.8583984375
500.387177,       84.7931365967
500.748627,       85.4199371338
501.110077,       85.2447357178
501.471436,       85.2010879517
501.832825,       85.3540878296
502.194153,       85.4625778198
502.555389,       85.4346313477
502.916626,       85.2364578247
503.277802,       86.5596618652
503.638977,       86.3475189209
504.000092,       86.0914077759
504.361176,       85.9817504883
504.722198,       85.8334808350
505.083160,       85.7508468628
505.444153,       85.8265457153
505.805084,       85.8812179565
506.165924,       85.8870544434
506.526764,       85.7901687622
506.887543,       85.3671798706
507.248322,       85.2061920166
507.609070,       85.0575866699
507.969727,       85.0570831299
508.330322,       84.9695053101
508.690918,       85.0457229614
509.051514,       85.0590896606
509.412018,       85.0013656616
509.772491,       84.9487762451
510.132904,       84.8879623413
510.493286,       84.7806167603
510.853699,       84.7568435669
511.213989,       84.8527832031
511.574280,       84.9194869995
511.934509,       84.9090576172
512.294678,       84.9049072266
512.654846,       84.9302673340
513.014954,       84.8904724121
513.375061,       84.5666503906
513.735046,       84.2939605713
514.095032,       84.3770751953
514.455078,       84.4898757935
514.814941,       84.6910247803
515.174805,       84.7151718140
515.534607,       84.5913238525
515.894409,       84.4736022949
516.254211,       83.3411102295
516.613892,       83.0179824829
516.973572,       82.8423309326
517.333130,       82.6917724609
517.692749,       82.6478881836
518.052368,       82.6968917847
518.411865,       82.5200347900
518.771301,       82.5077362061
519.130737,       82.2743072510
519.490173,       82.1281585693
519.849548,       82.0071487427
520.208801,       81.8480453491
520.568054,       81.6015930176
520.927307,       81.7167968750
521.286499,       81.6902160645
521.645691,       81.4111938477
522.004822,       81.3159942627
522.363831,       81.0222244263
522.722839,       80.8967437744
523.081848,       80.4401321411
523.440796,       80.2228546143
523.799744,       81.0241928101
524.158569,       81.1145935059
524.517395,       81.1104278564
524.876160,       81.0285644531
525.234924,       80.8815307617
525.593628,       80.7378692627
525.952271,       80.4363403320
526.310913,       80.2076568604
526.669495,       80.0558853149
527.028076,       79.9745941162
527.386536,       79.7603912354
527.744995,       79.6301956177
528.103394,       79.5370407104
528.461792,       79.2801055908
528.820129,       79.0929870605
529.178406,       79.0081253052
529.536743,       78.6039199829
529.894958,       78.6401290894
530.253113,       78.4150924683
530.611267,       78.3930130005
530.969299,       78.2866287231
531.327393,       77.7525787354
531.685486,       77.6164398193
532.043335,       77.5705032349
532.401367,       77.4220275879
532.759216,       77.4057006836
533.117004,       77.3793487549
533.474915,       77.4486694336
533.832642,       77.3264465332
534.190430,       77.2846374512
534.548096,       77.1164016724
534.905762,       77.0395736694
535.263367,       76.8594741821
535.620850,       76.7952270508
535.978455,       76.8358459473
536.335876,       76.9442138672
536.693359,       76.8907318115
537.050781,       77.1504211426
537.408142,       77.0349655151
537.765442,       77.1121063232
538.122681,       77.3072204590
538.479919,       77.3522720337
538.837219,       77.6343078613
539.194336,       77.6043701172
539.551453,       77.3390502930
539.908508,       77.1879425049
540.265564,       77.2160797119
540.622559,       77.2045440674
540.979553,       77.1785659790
541.336426,       77.0840454102
541.693298,       77.1049194336
542.050110,       76.9959106445
542.406921,       77.0131378174
542.763672,       77.0305480957
543.120422,       77.0215606689
543.477051,       76.9949340820
543.833679,       76.9237518311
544.190308,       76.8608779907
544.546814,       76.8185653687
544.903381,       76.6057357788
545.259827,       76.5981750488
545.616211,       76.3372421265
545.972595,       76.3899383545
546.328979,       76.4123687744
546.685242,       76.3495178223
547.041504,       76.4498138428
547.397644,       76.5482482910
547.753906,       76.5027923584
548.110046,       76.4861755371
548.466125,       76.5125122070
548.822144,       76.5636291504
549.178223,       76.3721313477
549.534241,       76.4114379883
549.890137,       76.4776306152
550.246033,       76.5105209351
550.601868,       76.5229644775
550.957581,       76.5427246094
551.313416,       76.4107360840
551.669128,       76.4936981201
552.024841,       76.3327178955
552.380432,       76.4785461426
552.736023,       76.3307647705
553.091675,       76.2362060547
553.447144,       76.1608505249
553.802612,       76.1142883301
554.158020,       76.0876617432
554.513428,       76.0904083252
554.868774,       76.1666259766
555.224121,       76.0043563843
555.579346,       75.8821716309
555.934631,       75.8773345947
556.289734,       75.8752441406
556.644958,       76.0021362305
557.000000,       75.8393859863
557.355103,       75.8027801514
557.710083,       75.8124084473
558.065063,       75.8082275391
558.420105,       75.7336120605
558.774963,       75.8258972168
559.129822,       75.6976318359
559.484619,       75.8960037231
559.839355,       75.9490356445
560.194153,       76.0196456909
560.548828,       76.2646331787
560.903442,       76.3260498047
561.258057,       76.2856597900
561.612610,       76.3357696533
561.967224,       76.3645553589
562.321655,       76.3317642212
562.676086,       76.5463409424
563.030457,       76.6663589478
563.384827,       76.6967773438
563.739197,       76.6617889404
564.093445,       76.7489166260
564.447693,       77.0102767944
564.801880,       77.0602111816
565.156006,       77.0755004883
565.510132,       77.1282577515
565.864197,       77.2283935547
566.218262,       77.3350143433
566.572205,       77.5296707153
566.926086,       77.5706405640
567.280090,       77.6170120239
567.633972,       77.7420043945
567.987732,       77.8472061157
568.341553,       77.9703750610
568.695190,       78.1498336792
569.048950,       78.1501388550
569.402649,       78.1758270264
569.756165,       78.2472839355
570.109802,       78.2811431885
570.463257,       78.3450927734
570.816772,       78.3998641968
571.170227,       78.5785446167
571.523621,       78.6160736084
571.877014,       78.6776504517
572.230286,       78.7648773193
572.583557,       78.8058547974
572.936829,       78.8539428711
573.289978,       78.7971649170
573.643250,       78.7511367798
573.996216,       78.7638626099
574.349365,       78.7965774536
574.702393,       78.9223556519
575.055359,       79.0019989014
575.408325,       79.0648574829
575.761169,       79.0573348999
576.114075,       79.0897903442
576.466919,       79.2559738159
576.819641,       79.3324584961
577.172363,       79.4440612793
577.525085,       79.4383697510
577.877686,       79.4619979858
578.230286,       79.5774536133
578.582825,       79.6699905396
578.935425,       79.6047897339
579.287903,       79.5924606323
579.640320,       79.6548385620
579.992676,       79.6599044800
580.345093,       79.7590560913
580.697388,       79.8957366943
581.049683,       80.0163345337
581.401855,       80.1325225830
581.754089,       80.0921707153
582.106201,       80.0118179321
582.458313,       79.9461822510
582.810425,       79.9154052734
583.162354,       80.0031433105
583.514404,       79.9985122681
583.866272,       80.0041046143
584.218201,       80.0598983765
584.570068,       79.8220672607
584.921875,       79.9076995850
585.273560,       79.9293518066
585.625305,       79.8595123291
585.977051,       79.8931579590
586.328674,       79.9391708374
586.680237,       80.0622253418
587.031799,       80.0689086914
587.383301,       80.1631622314
587.734802,       80.1181869507
588.086243,       80.1361007690
588.437561,       80.1384124756
588.788940,       80.1064453125
589.140198,       80.2751464844
589.491516,       80.3921279907
589.842712,       80.4255065918
590.193848,       80.3931121826
590.544983,       80.3258514404
590.896057,       80.2931823730
591.247192,       80.2957916260
591.598145,       80.3398742676
591.949158,       80.5193023682
592.300049,       80.5437622070
592.650879,       80.6224441528
593.001770,       80.7167129517
593.352539,       80.6153106689
593.703308,       80.6007614136
594.054016,       80.6122283936
594.404663,       80.5887908936
594.755310,       80.6014785767
595.105896,       80.6399536133
595.456360,       80.7018890381
595.806885,       80.7638702393
596.157349,       80.5594635010
596.507751,       80.4787521362
596.858154,       80.4060211182
597.208435,       80.4376831055
597.558777,       80.4533157349
597.908997,       80.5198287964
598.259216,       80.6149978638
598.609314,       80.5110931396
598.959473,       80.4160003662
599.309570,       80.4914627075
599.659546,       80.4788894653
600.009583,       80.4702072144
600.359497,       80.4649200439
600.709412,       80.6041870117
601.059265,       80.7440490723
601.409058,       80.6530685425
601.758850,       80.7056884766
602.108521,       80.7349243164
602.458191,       80.7695617676
602.807922,       80.7665634155
603.157471,       80.6527557373
603.507080,       80.8435134888
603.856567,       80.9297637939
604.205994,       80.9845352173
604.555542,       81.0540313721
604.904846,       81.1190567017
605.254211,       81.1271286011
605.603516,       80.9008026123
605.952759,       81.0131530762
606.302063,       81.0162353516
606.651123,       81.0198059082
607.000305,       81.0485229492
607.349365,       81.0608596802
607.698425,       81.0857315063
608.047485,       81.0561141968
608.396362,       81.0497512817
608.745300,       81.0300903320
609.094177,       81.0726776123
609.442993,       81.0891876221
609.791809,       81.1421737671
610.140503,       81.1850509644
610.489258,       81.3296127319
610.837891,       81.3537979126
611.186523,       81.3908996582
611.535156,       81.4633483887
611.883606,       81.4610137939
612.232178,       81.4318161011
612.580566,       81.4000854492
612.928955,       81.5641174316
613.277344,       81.6358032227
613.625610,       81.7587051392
613.973938,       81.7748565674
614.322144,       81.7495574951
614.670288,       81.8132019043
615.018555,       81.8365173340
615.366516,       81.8714981079
615.714661,       81.9314804077
616.062622,       82.0247497559
616.410645,       82.0587844849
616.758606,       82.0356826782
617.106445,       82.0401458740
617.454285,       82.0844116211
617.802063,       82.0038604736
618.149841,       82.0167083740
618.497559,       82.0538711548
618.845215,       82.0234756470
619.192871,       82.0161819458
619.540466,       82.1820068359
619.888000,       82.2785415649
620.235535,       82.3386993408
620.582886,       82.2892761230
620.930359,       82.3094711304
621.277710,       82.3658599854
621.625061,       82.3868408203
621.972351,       82.3981323242
622.319519,       82.3563995361
622.666809,       82.3422470093
623.013916,       82.3559265137
623.361023,       82.3936462402
623.708130,       82.3512268066
624.055054,       82.4175643921
624.402100,       82.4754638672
624.749023,       82.4184722900
625.095947,       82.3962249756
625.442810,       82.4385147095
625.789551,       82.4214019775
626.136353,       82.4618377686
626.483032,       82.4772872925
626.829712,       82.3437347412
627.176392,       82.3103790283
627.522949,       82.2947998047
627.869507,       82.3582000732
628.216003,       82.3822631836
628.562500,       82.3845367432
628.908936,       82.4215087891
629.255310,       82.4491043091
629.601624,       82.5231781006
629.947876,       82.5549926758
630.294067,       82.3493881226
630.640320,       82.3966217041
630.986511,       82.4356689453
631.332642,       82.4350738525
631.678650,       82.2526168823
632.024658,       82.2949066162
632.370728,       82.3977279663
632.716614,       82.4289321899
633.062500,       82.4018325806
633.408325,       82.4104995728
633.754089,       82.3361816406
634.099915,       82.4372711182
634.445679,       82.4589233398
634.791321,       82.5183105469
635.136963,       82.4760131836
635.482483,       82.3125762939
635.828125,       82.3355102539
636.173584,       82.4441833496
636.519043,       82.4431915283
636.864502,       82.3942413330
637.209778,       82.3684539795
637.555237,       82.6332244873
637.900452,       82.7040100098
638.245728,       82.7341003418
638.590881,       82.8229064941
638.935974,       83.0653152466
639.281189,       83.1115646362
639.626221,       83.0921249390
639.971191,       83.1356735229
640.316223,       83.1971359253
640.661072,       83.2651824951
641.006042,       83.3742141724
641.350891,       83.4565505981
641.695679,       83.4923171997
642.040466,       83.5883483887
642.385071,       83.6940689087
642.729858,       83.9524993896
643.074463,       83.6631088257
643.419067,       83.6502151489
643.763611,       83.6949157715
644.108032,       83.7961959839
644.452515,       83.9011840820
644.796936,       83.9522094727
645.141296,       83.9572601318
645.485657,       84.0251312256
645.829834,       83.9787445068
646.174133,       83.9996185303
646.518311,       84.0998306274
646.862427,       84.2296142578
647.206604,       84.3113861084
647.550598,       84.4096069336
647.894653,       84.4958953857
648.238647,       84.5889587402
648.582458,       84.6264953613
648.926453,       84.7051925659
649.270203,       84.8003082275
649.614075,       84.9293518066
649.957764,       84.9247360229
650.301453,       85.3476562500
650.645142,       85.3735122681
650.988708,       85.4404373169
651.332336,       85.5572967529
651.675842,       85.6069335938
652.019348,       85.5999755859
652.362854,       85.6169357300
652.706177,       85.6740951538
653.049561,       85.8157424927
653.392883,       85.8513183594
653.736084,       85.8483428955
654.079346,       85.8483734131
654.422424,       85.4324188232
654.765625,       85.4232711792
655.108765,       85.4405975342
655.451721,       85.5314331055
655.794800,       85.5282058716
656.137695,       85.5585098267
656.480591,       85.4679260254
656.823486,       85.4368438721
657.166260,       85.4490585327
657.509094,       85.4956359863
657.851807,       85.5378341675
658.194519,       85.5759811401
658.537109,       85.4830474854
658.879761,       85.5224456787
659.222351,       85.5912170410
659.564758,       85.6427001953
659.907349,       85.7125244141
660.249695,       85.7268447876
660.592041,       85.7274169922
660.934448,       85.7558288574
661.276672,       85.8976135254
661.619019,       86.3520507813
661.961182,       86.4275207520
662.303284,       86.4281082153
662.645508,       86.4007339478
662.987427,       86.5015945435
663.329529,       86.5651855469
663.671448,       86.7065429688
664.013428,       86.7582244873
664.355347,       86.8416900635
664.697205,       86.7202148438
665.039001,       86.8120269775
665.380676,       86.8382263184
665.722412,       86.9798660278
666.064148,       87.0442123413
666.405701,       87.1562347412
666.747253,       87.2444458008
667.088806,       87.2783508301
667.430298,       87.3284225464
667.771790,       87.4111862183
668.113159,       87.4749755859
668.454529,       87.4035797119
668.795837,       87.4183654785
669.137085,       87.4654312134
669.478394,       87.5407562256
669.819519,       87.5210189819
670.160645,       87.5059204102
670.501709,       87.5648727417
670.842773,       87.5970230103
671.183777,       87.6057052612
671.524719,       87.6665420532
671.865662,       87.8460083008
672.206482,       87.8896102905
672.547302,       87.9760055542
672.888123,       87.9729766846
673.228821,       87.9732055664
673.569458,       87.9430618286
673.910095,       87.9292907715
674.250732,       87.8273010254
674.591370,       87.7212829590
674.931824,       87.7047271729
675.272217,       87.6840972900
675.612732,       87.7630157471
675.953003,       87.7968673706
676.293396,       87.8137359619
676.633667,       87.7675628662
676.973877,       87.7838745117
677.314148,       87.8137969971
677.654236,       87.7545852661
677.994385,       87.7192230225
678.334412,       87.7452850342
678.674438,       87.6513061523
679.014404,       87.6110305786
679.354309,       87.5591125488
679.694214,       87.5368041992
680.034058,       87.5077056885
680.373840,       87.4963989258
680.713623,       87.4349594116
681.053223,       87.4452819824
681.392944,       87.4126663208
681.732544,       86.7914733887
682.072083,       85.3714981079
682.411621,       85.3575744629
682.751038,       85.2613525391
683.090515,       85.1845855713
683.429871,       84.9502258301
683.769226,       84.7825698853
684.108582,       84.7163925171
684.447754,       84.6025238037
684.786987,       84.5809631348
685.126160,       84.4790954590
685.465210,       84.3245086670
685.804382,       84.2432250977
686.143311,       84.0647659302
686.482361,       83.9123535156
686.821289,       83.6974563599
687.160156,       83.5400619507
687.499023,       83.3724822998
687.837769,       83.1016387939
688.176514,       82.8314819336
688.515259,       82.6823043823
688.853882,       83.0954132080
689.192566,       84.2083587646
689.531067,       83.9307861328
689.869629,       83.5884628296
690.208130,       83.2896270752
690.546570,       82.9961395264
690.885010,       82.7175674438
691.223267,       82.3890914917
691.561584,       82.0404510498
691.899841,       81.4928512573
692.238037,       81.1152191162
692.576294,       80.7043075562
692.914307,       80.2547378540
693.252380,       79.8587036133
693.590454,       79.3663330078
693.928406,       78.9096679688
694.266357,       78.3647155762
694.604187,       77.8283004761
694.942078,       77.4085998535
695.279907,       76.9598541260
695.617615,       76.3254165649
695.955444,       75.8438034058
696.292969,       75.3389205933
696.630676,       74.7376556396
696.968201,       74.2994384766
697.305725,       73.5894699097
697.643250,       73.1105041504
697.980652,       72.6259613037
698.318054,       72.0644989014
698.655396,       71.4643707275
698.992676,       71.0642089844
699.330017,       70.4307861328
699.667175,       69.8674621582
700.004395,       69.3151473999
700.341492,       68.7409820557
700.678528,       68.2184753418
701.015564,       67.4756011963
701.352478,       67.0076293945
701.689514,       66.4575653076
702.026428,       65.7850036621
702.363220,       65.1528320313
702.700073,       64.6968841553
703.036804,       64.0984649658
703.373474,       63.5249557495
703.710144,       62.9700469971
704.046814,       62.2757339478
704.383362,       61.9836730957
704.719910,       61.3389244080
705.056335,       60.8242454529
705.392761,       60.3106765747
705.729187,       59.8177108765
706.065552,       59.2469024658
706.401855,       58.8053970337
706.738098,       58.2593536377
707.074280,       57.7429962158
707.410461,       57.2022705078
707.746643,       56.6681747437
708.082642,       56.3247718811
708.418701,       55.7522048950
708.754639,       55.2534828186
709.090576,       54.9049072266
709.426514,       54.4502449036
709.762329,       53.8467178345
710.098083,       53.3050003052
710.433838,       52.6384735107
710.769592,       52.1932907104
711.105286,       51.8098487854
711.440796,       51.2685890198
711.776367,       50.9630126953
712.112000,       50.4465866089
712.447388,       49.9953460693
712.782837,       49.4540100098
713.118225,       49.0130844116
713.453552,       48.5415420532
713.788818,       48.2017745972
714.124023,       47.7528572083
714.459290,       47.2929763794
714.794434,       46.8650321960
715.129517,       46.3954391479
715.464661,       45.9489364624
715.799622,       45.5464973450
716.134583,       45.0048751831
716.469482,       44.5708084106
716.804321,       44.2303695679
717.139221,       43.8953971863
717.473938,       43.6937408447
717.808777,       43.2602157593
718.143433,       42.8781280518
718.478088,       42.4591674805
718.812683,       42.0946121216
719.147217,       41.7786331177
719.481750,       41.3806762695
719.816223,       41.0387458801
720.150574,       40.5360069275
720.485046,       40.1537017822
720.819214,       39.6337928772
721.153564,       39.2131462097
721.487854,       38.8683891296
721.821960,       38.5590515137
722.156189,       37.9882507324
722.490234,       37.7086410522
722.824341,       37.3535919189
723.158264,       37.0183334351
723.492249,       36.6387252808
723.826172,       36.3580513000
724.159973,       36.0377807617
724.493835,       35.6881408691
724.827576,       34.9887237549
725.161316,       34.5490798950
725.494995,       34.2556991577
725.828613,       33.8471984863
726.162231,       33.4514465332
726.495728,       33.0399017334
726.829163,       32.7158660889
727.162720,       32.4853363037
727.496033,       32.2128982544
727.829468,       31.9558181763
728.162720,       31.6531219482
728.496033,       31.2688674927
728.829224,       30.8745727539
729.162354,       30.8518066406
729.495483,       30.5941009521
729.828552,       30.2914657593
730.161560,       30.0704040527
730.494629,       29.8463287354
730.827454,       29.5357284546
731.160400,       29.2192916870
731.493225,       28.9389419556
731.825989,       29.0604934692
732.158813,       28.8470001221
732.491455,       28.5527954102
732.824158,       28.2919006348
733.156799,       28.0503387451
733.489319,       27.7076187134
733.821899,       27.3778305054
734.154236,       27.1669921875
734.486755,       26.8528518677
734.819092,       26.6312255859
735.151428,       26.4182052612
735.483765,       26.3021469116
735.815857,       26.1808013916
736.148132,       25.9843597412
736.480286,       25.7745666504
736.812378,       25.5626678467
737.144470,       25.3469390869
737.476379,       25.0664978027
737.808411,       24.8748474121
738.140259,       24.6373291016
738.472168,       24.4987182617
738.804016,       24.3569183350
739.135742,       24.2219543457
739.467468,       24.0454406738
739.799133,       23.9114074707
740.130798,       23.7517547607
740.462402,       23.5912322998
740.793884,       23.3943786621
741.125366,       23.2272338867
741.456848,       23.1120147705
741.788208,       22.9173507690
742.119568,       22.7628860474
742.450928,       22.6342239380
742.782166,       22.5149536133
743.113281,       22.2700653076
743.444458,       22.1102447510
743.775635,       21.9665527344
744.106689,       21.8244781494
744.437683,       21.7185821533
744.768677,       21.5312347412
745.099609,       21.4700927734
745.430481,       21.3018646240
745.761353,       21.0132293701
746.092102,       20.8597869873
746.422852,       20.7003326416
746.753479,       20.5951843262
747.084229,       20.4783554077
747.414795,       20.5204315186
747.745300,       20.4991226196
748.075806,       20.3583602905
748.406311,       20.2488784790
748.736694,       20.1943359375
749.067078,       20.0991592407
749.397400,       19.9312744141
749.727722,       19.8448638916
750.057861,       19.7927551270
750.388062,       19.6843109131
750.718201,       19.5800781250
751.048279,       19.4921264648
751.378357,       19.5111236572
751.708252,       19.5236511230
752.038208,       19.3676376343
752.368164,       19.2516326904
752.697937,       19.3584976196
753.027832,       19.3281173706
753.357483,       19.2588043213
753.687256,       19.1615905762
754.016907,       19.0368118286
754.346497,       18.9670410156
754.676147,       19.0163955688
755.005493,       19.0836257935
755.335083,       19.0772247314
755.664490,       18.9204101563
755.993835,       18.9073333740
756.323181,       18.8315887451
756.652405,       18.7629013062
756.981689,       18.7982330322
757.310852,       18.7612762451
757.640015,       18.7015457153
757.969177,       18.7215881348
758.298096,       18.7363281250
758.627197,       18.6087799072
758.956116,       18.6257324219
759.284973,       18.7423324585
759.613892,       18.7271881104
759.942627,       18.7143325806
760.271423,       18.8094253540
760.600159,       18.8751831055
760.928772,       18.9634246826
761.257446,       19.0383148193
761.585999,       18.9556427002
761.914490,       18.7620544434
762.242981,       18.7458038330
762.571350,       18.8511276245
762.899841,       18.5957641602
763.228088,       18.7118835449
763.556396,       18.6399688721
763.884644,       18.6979827881
764.212830,       18.6876144409
764.541016,       18.6722030640
764.869080,       18.7311859131
765.197144,       18.6929321289
765.525146,       18.7982482910
765.853088,       18.8419647217
766.181030,       18.7539596558
766.508789,       18.7872314453
766.836670,       18.7545013428
767.164429,       18.6241912842
767.492126,       18.5524520874
767.819824,       18.4697723389
768.147400,       18.2628097534
768.475037,       18.3557586670
768.802490,       18.3357238770
769.130005,       18.1373443604
769.457458,       18.1777267456
769.784790,       18.4213562012
770.112183,       18.3766479492
770.439453,       18.3908157349
770.766663,       18.2305755615
771.093872,       18.2607498169
771.420959,       18.3202056885
771.748108,       18.2352142334
772.075195,       18.0516204834
772.402161,       17.8943939209
772.729126,       17.8942108154
773.055969,       17.8833847046
773.382874,       17.8313598633
773.709717,       17.8759765625
774.036438,       17.9753494263
774.363159,       17.9432373047
774.689758,       17.8942413330
775.016479,       18.0058441162
775.343018,       17.9700927734
775.669495,       18.1305694580
775.996033,       18.3332901001
776.322449,       18.3001480103
776.648865,       18.3409118652
776.975098,       18.2992858887
777.301453,       18.3050460815
777.627686,       18.3711700439
777.953857,       18.2653045654
778.280029,       18.3270492554
778.606079,       18.1917648315
778.932068,       18.3661499023
779.258179,       18.4350280762
779.584045,       18.4544677734
779.909973,       18.4730072021
780.235840,       18.5421447754
780.561646,       18.4837951660
780.887390,       18.4422149658
781.213135,       18.4966430664
781.538757,       18.6402206421
781.864380,       18.6533966064
782.189880,       18.5766296387
782.515442,       18.5769729614
782.840942,       18.5547332764
783.166321,       18.6679000854
783.491699,       18.6357269287
783.817017,       18.7884063721
784.142395,       18.7979660034
784.467529,       18.7715148926
784.792725,       18.8390579224
785.117859,       18.7862319946
785.442932,       18.9489288330
785.768005,       18.9370346069
786.092957,       19.0302734375
786.417908,       19.0245742798
786.742798,       19.0637664795
787.067566,       18.8880004883
787.392456,       18.8919830322
787.717163,       18.9230651855
788.041870,       18.8676147461
788.366577,       18.7619323730
788.691101,       18.8683242798
789.015686,       18.7810821533
789.340149,       18.6491012573
789.664673,       18.5587234497
789.989075,       18.4673385620
790.313354,       18.3341979980
790.637756,       18.0918273926
790.962036,       18.0350341797
791.286194,       18.0581817627
791.610413,       18.0330276489
791.934448,       18.0281982422
792.258606,       17.9634704590
792.582581,       17.7198486328
792.906555,       17.6462173462
793.230530,       17.7250900269
793.554321,       17.6685714722
793.878174,       17.7906951904
794.201965,       17.8791198730
794.525696,       17.8130111694
794.849426,       17.8264694214
795.172974,       17.8630752563
795.496643,       17.7114105225
795.820129,       17.7882537842
796.143616,       17.8024444580
796.467102,       17.8504486084
796.790405,       17.7632904053
797.113831,       17.9177246094
797.437134,       17.9833145142
797.760315,       17.9662628174
798.083618,       17.9480895996
798.406677,       17.9109497070
798.729797,       17.5804672241
799.052856,       17.5748748779
799.375854,       17.7534332275
799.698853,       17.6932983398
800.021729,       17.3661041260
800.344604,       17.3076782227
800.667358,       17.1362915039
800.990112,       16.9976501465
801.312866,       16.9953002930
801.635498,       16.8650665283
801.958191,       16.9109573364
802.280701,       16.9716186523
802.603210,       16.9702224731
802.925781,       17.0382385254
803.248108,       17.0419616699
803.570496,       17.0727157593
803.892822,       16.9912109375
804.215088,       16.8802947998
804.537354,       16.8454132080
804.859436,       16.8296356201
805.181641,       16.8461914063
805.503723,       17.0565948486
805.825745,       16.8950347900
806.147766,       16.7448425293
806.469604,       16.7772827148
806.791504,       16.8434143066
807.113342,       16.8070373535
807.435181,       16.8830337524
807.756897,       16.9022827148
808.078552,       16.8346481323
808.400208,       16.8735504150
808.721802,       16.7705993652
809.043335,       16.7241058350
809.364929,       16.6770477295
809.686279,       16.5900878906
810.007751,       16.6024475098
810.329041,       16.6216125488
810.650330,       16.5844879150
810.971619,       16.6834869385
811.292786,       16.7441101074
811.613953,       16.7421035767
811.935059,       16.7893905640
812.256104,       16.8418731689
812.577148,       16.9337844849
812.898071,       17.0374603271
813.218994,       17.1556549072
813.539795,       17.3198547363
813.860596,       17.2994766235
814.181396,       17.2413482666
814.502136,       17.3325195313
814.822754,       17.3787689209
815.143372,       17.3972015381
815.463928,       17.4138336182
815.784485,       17.3932571411
816.104919,       17.4591064453
816.425354,       17.5040740967
816.745728,       17.4147796631
817.065979,       17.3498840332
817.386353,       17.3542404175
817.706421,       17.2559585571
818.026733,       17.1982879639
818.346863,       17.0427093506
818.666809,       16.9301834106
818.986938,       16.8455505371
819.306824,       16.9994201660
819.626770,       16.9862976074
819.946716,       16.7260742188
820.266479,       16.6363830566
820.586304,       16.7648391724
820.905945,       16.8265609741
821.225647,       16.7324066162
821.545349,       16.5700073242
821.864868,       16.6334381104
822.184448,       16.5469665527
822.503845,       16.4880981445
822.823364,       16.4640655518
823.142761,       16.3112945557
823.462036,       16.3148727417
823.781372,       16.3983459473
824.100525,       16.4101181030
824.419800,       15.9919128418
824.738953,       15.9962463379
825.057922,       16.0698699951
825.377014,       16.0940170288
825.695984,       16.1026611328
826.014954,       15.9379882813
826.333862,       15.9522552490
826.652649,       16.0089721680
826.971497,       15.9277496338
827.290100,       15.7886047363
827.608887,       15.6953048706
827.927612,       15.5498504639
828.246094,       15.7584762573
828.564697,       15.7566375732
828.883118,       15.8157882690
829.201599,       15.9363174438
829.520020,       15.8952560425
829.838318,       15.9729156494
830.156616,       16.1237411499
830.474854,       16.0753326416
830.793091,       16.1019363403
831.111267,       16.6653289795
831.429260,       16.6951828003
831.747437,       16.7207031250
832.065308,       16.7232818604
832.383362,       16.7371978760
832.701233,       16.6943817139
833.019043,       16.6772232056
833.336914,       16.6723785400
833.654663,       16.8228302002
833.972351,       16.8459014893
834.289978,       16.6632995605
834.607483,       16.6365814209
834.925171,       16.6021499634
835.242676,       16.5767822266
835.560059,       16.5315551758
835.877502,       16.5053253174
836.194763,       16.5275268555
836.512146,       16.6227188110
836.829468,       16.3863983154
837.146545,       16.3497619629
837.463745,       16.4278717041
837.780823,       16.3036651611
838.097900,       16.2832870483
838.414917,       16.1109924316
838.731873,       16.1104125977
839.048828,       16.1224975586
839.365540,       16.2295227051
839.682434,       16.2609252930
839.999207,       16.2582397461
840.315857,       16.0848999023
840.632568,       16.0670928955
840.949097,       16.2640075684
841.265747,       16.3596038818
841.582275,       16.2711334229
841.898682,       16.0643920898
842.215088,       16.0136413574
842.531433,       15.9524536133
842.847778,       15.9700317383
843.164063,       15.8141784668
843.480164,       15.7682952881
843.796387,       15.8320007324
844.112427,       15.6047744751
844.428528,       15.5121994019
844.744568,       15.4582748413
845.060486,       15.5566635132
845.376404,       15.5379180908
845.692200,       15.5020370483
846.008057,       15.4172439575
846.323853,       15.3312530518
846.639465,       15.4003906250
846.955139,       15.4671630859
847.270691,       15.4448928833
847.586304,       15.3949432373
847.901855,       15.4033966064
848.217224,       15.4331359863
848.532715,       15.5524902344
848.847961,       15.4574279785
849.163330,       15.4846954346
849.478638,       15.3810119629
849.793823,       15.3055801392
850.108948,       15.4691925049
850.424011,       15.2591705322
850.739136,       15.4102478027
851.054199,       15.6090545654
851.369019,       15.6796264648
851.684021,       15.6957550049
851.998779,       15.5508575439
852.313660,       15.5416717529
852.628418,       15.5448760986
852.943054,       15.5039749146
853.257751,       15.4047241211
853.572327,       15.3818740845
853.886841,       15.4805145264
854.201477,       15.4280624390
854.515808,       15.3685455322
854.830261,       15.3115081787
855.144592,       15.2709274292
855.458862,       15.4677276611
855.773193,       15.4692382813
856.087280,       15.5034713745
856.401489,       15.6070556641
856.715515,       15.4597473145
857.029602,       15.4927062988
857.343628,       15.5346679688
857.657532,       15.4808654785
857.971497,       15.4679031372
858.285278,       15.4302597046
858.599121,       15.4685897827
858.912903,       15.5192718506
859.226501,       15.4784469604
859.540222,       15.4414215088
859.853699,       15.4608154297
860.167297,       15.4466705322
860.480896,       15.3087997437
860.794250,       15.3658599854
861.107666,       15.3960800171
861.420959,       15.4362945557
861.734314,       15.4455261230
862.047546,       15.4993972778
862.360657,       15.4098510742
862.673889,       15.3416900635
862.986938,       15.3544311523
863.299988,       15.3636169434
863.613037,       15.2112960815
863.925903,       15.0575866699
864.238831,       14.9335708618
864.551575,       14.8657913208
864.864380,       14.9251251221
865.177185,       15.0101318359
865.489807,       14.9466247559
865.802490,       14.9935607910
866.114990,       14.9691848755
866.427612,       14.8858337402
866.740112,       14.9140319824
867.052429,       14.9751434326
867.364868,       14.9808044434
867.677124,       14.9873962402
867.989502,       14.9036407471
868.301758,       14.8292312622
868.613831,       14.7371673584
868.926025,       14.7582397461
869.238159,       14.8321151733
869.550049,       14.8579940796
869.862122,       14.7823944092
870.173950,       14.9404525757
870.485901,       15.0031890869
870.797791,       15.0245208740
871.109497,       14.9619293213
871.421204,       14.9906768799
871.732849,       15.0131683350
872.044495,       14.9843750000
872.356079,       15.0206069946
872.667542,       15.0796661377
872.979065,       15.2134780884
873.290344,       15.1511001587
873.601807,       15.0997467041
873.913147,       14.9396743774
874.224304,       14.8989868164
874.535645,       14.9850006104
874.846741,       15.0410766602
875.157837,       14.9700317383
875.468994,       14.8315124512
875.779907,       14.8313217163
876.090881,       14.9381103516
876.401733,       14.9793548584
876.712646,       14.9332733154
877.023499,       14.8613433838
877.334167,       14.9650573730
877.644897,       15.0400848389
877.955505,       15.0364074707
878.266113,       14.9870300293
878.576721,       15.0212402344
878.887146,       14.9487609863
879.197571,       14.9500732422
879.507996,       14.9336395264
879.818298,       14.9091644287
880.128662,       14.6035537720
880.438843,       14.7508773804
880.749084,       14.7123107910
881.059143,       14.3121185303
881.369263,       14.3070678711
881.679382,       14.4643630981
881.989258,       14.5752563477
882.299194,       14.5150451660
882.609070,       14.3678283691
882.918945,       14.3729858398
883.228760,       14.4389572144
883.538452,       14.4432830811
883.848145,       14.2257766724
884.157654,       14.1986846924
884.467285,       14.1534423828
884.776917,       14.1064224243
885.086243,       13.9877929688
885.395813,       13.9486389160
885.705017,       14.0119628906
886.014404,       13.9199523926
886.323730,       13.9496536255
886.632874,       14.2262420654
886.942078,       14.1384582520
887.251160,       14.1800231934
887.560242,       14.6629104614
887.869263,       14.7014923096
888.178162,       14.4707107544
888.487122,       12.8547439575
888.795898,       12.8946838379
889.104797,       12.8188781738
889.413513,       12.9273986816
889.722168,       12.8936386108
890.030884,       12.8037414551
890.339417,       12.9927368164
890.648010,       12.9599151611
890.956543,       12.8700103760
891.264893,       12.8335723877
891.573364,       13.0174331665
891.881653,       13.0540313721
892.189941,       12.9650421143
892.498230,       12.8980789185
892.806335,       12.7891845703
893.114502,       12.7578735352
893.422546,       12.7426300049
893.730652,       12.6300964355
894.038696,       12.4386215210
894.346497,       12.4071884155
894.654419,       12.4270172119
894.962158,       14.1650466919
895.270020,       14.1113815308
895.577759,       14.1457214355
895.885376,       13.9788360596
896.192993,       14.0636138916
896.500549,       14.0211791992
896.808044,       13.9708099365
897.115601,       13.8386383057
897.422913,       13.8043365479
897.730347,       13.8448867798
898.037598,       13.5844726563
898.344910,       13.4754028320
898.652161,       13.5910110474
898.959167,       13.6680908203
899.266418,       13.6860275269
899.573364,       13.6932907104
899.880371,       13.8134918213
900.187378,       13.8871765137
900.494202,       14.0129699707
900.801086,       13.9529266357
901.107788,       13.9776763916
901.414612,       14.0055084229
901.721375,       14.0305862427
902.027832,       14.0301971436
902.334534,       14.1412811279
902.641113,       14.0278625488
902.947510,       14.1840515137
903.253967,       14.1361923218
903.560242,       14.2966308594
903.866638,       14.3704528809
904.172974,       14.4620361328
904.479126,       14.6462860107
904.785278,       14.7870330811
905.091370,       14.5868606567
905.397461,       14.5622100830
905.703552,       14.5148010254
906.009399,       14.5010833740
906.315369,       14.2313919067
906.621155,       14.3048553467
906.927002,       14.3132476807
907.232788,       14.3282089233
907.538452,       14.3610229492
907.844116,       14.2924728394
908.149658,       14.2917709351
908.455200,       14.3437347412
908.760803,       14.2996673584
909.066162,       14.2130050659
909.371582,       14.1276550293
909.676880,       14.2344818115
909.982178,       14.1884918213
910.287476,       14.1658172607
910.592529,       14.0714263916
910.897705,       13.4626083374
911.202759,       13.3631286621
911.507813,       13.3013000488
911.812805,       13.2847442627
912.117676,       13.4253082275
912.422546,       13.4065856934
912.727356,       13.5975494385
913.032104,       13.6138687134
913.336853,       13.5334472656
913.641479,       13.4194641113
913.946106,       13.5445098877
914.250610,       13.3141860962
914.555115,       13.2568054199
914.859619,       13.1056060791
915.163940,       13.0751342773
915.468323,       13.1671752930
915.772583,       13.2058258057
916.076843,       13.1561737061
916.381104,       13.2739105225
916.685120,       13.3635559082
916.989258,       13.3540649414
917.293213,       13.9120941162
917.597290,       13.6157073975
917.901184,       13.4005584717
918.205017,       13.2867965698
918.508850,       13.2848892212
918.812561,       13.3152313232
919.116333,       13.2860260010
919.420044,       13.2554473877
919.723572,       12.8569946289
920.027222,       12.9322052002
920.330627,       12.8560943604
920.634094,       13.0733642578
920.937561,       13.1689605713
921.240784,       13.1554870605
921.544189,       13.1657104492
921.847351,       13.1751708984
922.150574,       12.8947143555
922.453735,       12.8134918213
922.756775,       12.6239471436
923.059875,       12.6932449341
923.362793,       12.5289306641
923.665771,       12.4956512451
923.968689,       12.8633880615
924.271362,       13.1844329834
924.574219,       13.2646942139
924.876892,       13.2985229492
925.179565,       13.0344543457
925.482239,       13.0454788208
925.784729,       12.7680816650
926.087280,       13.0044250488
926.389648,       13.0252532959
926.692078,       13.0338745117
926.994507,       13.0289382935
927.296692,       13.0661468506
927.599060,       13.0642547607
927.901123,       13.2149200439
928.203308,       13.1290588379
928.505432,       13.3911132813
928.807434,       13.4022216797
929.109436,       13.5123062134
929.411316,       13.4039764404
929.713196,       13.6462936401
930.015015,       13.7926330566
930.316711,       13.7087860107
930.618530,       13.8192138672
930.920105,       13.9603042603
931.221802,       13.5810089111
931.523315,       13.8588333130
931.824829,       13.9824142456
932.126282,       14.0860748291
932.427612,       14.3672180176
932.729004,       14.4362182617
933.030334,       14.4216613770
933.331482,       14.4047698975
933.632751,       14.2771148682
933.933777,       14.4241790771
934.234924,       14.3583984375
934.536011,       14.5828475952
934.836914,       14.3423995972
935.137878,       14.3457336426
935.438660,       14.0369567871
935.739502,       13.9160614014
936.040344,       13.6849975586
936.340942,       13.7508087158
936.641663,       13.8010025024
936.942383,       13.7908325195
937.242798,       13.5781707764
937.543335,       13.8046722412
937.843750,       13.7926940918
938.144165,       13.8967132568
938.444580,       13.9531555176
938.744751,       13.8601608276
939.045044,       13.9449310303
939.345154,       13.9254302979
939.645325,       13.8654937744
939.945435,       13.5833206177
940.245361,       13.5253295898
940.545410,       13.4559478760
940.845215,       13.3385696411
941.145142,       13.4448699951
941.445007,       13.3298339844
941.744629,       13.7349395752
942.044434,       13.8827209473
942.343994,       14.1240844727
942.643677,       14.0248565674
942.943237,       13.9673309326
943.242676,       13.7274627686
943.542114,       13.6816711426
943.841431,       13.8322753906
944.140808,       14.0426940918
944.440125,       13.7088470459
944.739258,       13.5627593994
945.038513,       13.5560607910
945.337524,       13.2037048340
945.636597,       13.0501403809
945.935669,       13.1363601685
946.234558,       13.5374374390
946.533508,       13.5580291748
946.832275,       13.2996139526
947.131165,       13.1021881104
947.429932,       13.3463439941
947.728516,       13.6430664063
948.027222,       13.4018402100
948.325745,       12.0925292969
948.624329,       11.6664428711
948.922852,       11.6856231689
949.221191,       11.6771240234
949.519592,       11.4680099487
949.817810,       11.5903930664
950.116150,       11.2333679199
950.414368,       11.0270462036
950.712463,       11.2082672119
951.010620,       11.5403137207
951.308594,       11.6537322998
951.606628,       11.8589935303
951.904602,       11.6303100586
952.202454,       11.4501571655
952.500305,       10.5208129883
952.798035,       10.2455749512
953.095825,       10.3213653564
953.393494,       10.5413970947
953.691040,       10.3182220459
953.988647,        9.7243194580
954.286133,        9.7479553223
954.583618,       11.0610427856
954.881042,       11.6133728027
955.178345,       11.5948944092
955.475647,       11.3540496826
955.772827,       11.5964202881
956.070068,       11.7878112793
956.367310,       11.9573059082
956.664307,       11.9942779541
956.961365,       11.7667465210
957.258240,       11.6034088135
957.555176,       11.0583801270
957.852112,       10.7521743774
958.148865,       10.9464111328
958.445679,       11.2593841553
958.742310,       12.1542205811
959.039001,       12.3427963257
959.335632,       12.4617004395
959.632141,       12.1279449463
959.928650,       12.3199768066
960.224976,       12.6671295166
960.521484,       12.3817291260
960.817871,       12.5521163940
961.114014,       12.2150421143
961.410339,       12.0982437134
961.706421,       12.2706604004
962.002563,       12.3710174561
962.298645,       11.9489593506
962.594604,       11.7988433838
962.890564,       11.5402297974
963.186401,        9.4906005859
963.482300,        9.0234985352
963.778137,        9.5192260742
964.073792,       10.0604934692
964.369568,       10.1422882080
964.665100,        9.9230346680
964.960693,        9.3717498779
965.256287,        8.8540420532
965.551697,        8.9941406250
965.847168,        9.4989547729
966.142395,        9.3674697876
966.437744,        9.1098480225
966.733032,        9.5669860840
967.028198,        9.5085067749
967.323364,        9.2333679199
967.618408,        9.2646255493
967.913513,        8.6018676758
968.208496,        8.1543121338
968.503357,        8.5208816528
968.798279,        8.5558624268
969.093018,        8.5922470093
969.387817,       11.2754821777
969.682556,       11.5591430664
969.977173,       11.5005950928
970.271790,       10.9194183350
970.566406,       10.3009262085
970.860779,       10.5240325928
971.155334,       10.7572021484
971.449646,       11.7097549438
971.743958,       11.5142211914
972.038330,       10.6510620117
972.332458,       10.6875534058
972.626648,       11.0196151733
972.920715,       11.0311584473
973.214844,       10.4943695068
973.508911,       10.8611526489
973.802734,       10.4234466553
974.096741,       10.3879318237
974.390442,       10.6520233154
974.684265,       10.3069610596
974.978088,       10.6177291870
975.271667,       10.4887084961
975.565369,        9.9267730713
975.858826,        9.8406677246
976.152405,        9.3931808472
976.445923,        9.6480712891
976.739258,       10.3188476563
977.032654,       10.0251693726
977.325867,       10.0398712158
977.619202,        9.4033737183
977.912415,        8.7375717163
978.205505,        9.0594406128
978.498596,        8.7244491577
978.791504,        8.5069961548
979.084534,        8.0339660645
979.377563,        8.3606414795
979.670288,        8.2996215820
979.963196,        8.5911331177
980.255859,        8.9027404785
980.548584,        9.1207733154
980.841309,        7.1964950562
981.133850,        6.6877288818
981.426392,        6.2637786865
981.718811,        6.5502166748
982.011292,        7.2950134277
982.303650,        7.3278808594
982.595886,        7.4784088135
982.888245,        7.0942382813
983.180359,        6.8892059326
983.472595,        6.5255203247
983.764709,        7.0301513672
984.056641,        7.6572570801
984.348755,        7.8540496826
984.640625,        7.5999679565
984.932495,        7.4805450439
985.224365,        7.8386383057
985.516052,        7.8051681519
985.807861,        7.7387161255
986.099426,        6.6627349854
986.391052,        6.9723510742
986.682678,        6.7624435425
986.974121,        8.8099975586
987.265625,        9.1649703979
987.556885,        9.5509643555
987.848328,        9.8375549316
988.139648,        8.7573089600
988.430786,        8.6274719238
988.721985,        7.8735961914
989.013000,        8.1743316650
989.304138,        7.6174774170
989.595215,        6.8175201416
989.886047,        5.9092102051
990.177002,        4.4545898438
990.467834,        4.3314285278
990.758606,        4.3068542480
991.049377,        4.3457794189
991.339966,        2.4828796387
991.630676,        2.3454895020
991.921143,        2.2260742188
992.211670,        2.0277709961
992.502197,        1.8611679077
992.792542,        1.8438720703
993.082886,        2.2769393921
993.373169,        2.1609497070
993.663452,        2.2049102783
993.953613,        1.6880798340
994.243713,        2.4019775391
994.533813,        2.9833526611
994.823792,        2.9548187256
995.113770,        3.0129394531
995.403687,        2.9555130005
995.693481,        3.9968185425
995.983337,        4.8187561035
996.273010,        6.4097442627
996.562744,        6.1822052002
996.852417,        5.6330566406
997.141907,        5.7805328369
997.431458,        7.5315246582
997.720886,        7.2845001221
998.010315,        7.1999053955
998.299744,        8.9344635010
998.588928,        9.5729293823
998.878296,        9.4798507690
999.167419,        9.1036834717
999.456543,        8.0257415771
999.745667,        7.9416809082
1000.034607,        8.4415893555
1000.323669,        8.0785751343
1000.612488,        6.5233764648
1000.901367,        7.2316741943
1001.190247,        7.4265213013
1001.478882,        8.3648376465
1001.767639,        7.5954437256
1002.056335,        7.7604827881
1002.344849,        7.1611633301
1002.633423,        7.1325378418
1002.921814,        8.2093505859
1003.210266,        8.5660247803
1003.498657,        7.9704589844
1003.786926,        7.9319152832
1004.075256,        7.4540176392
1004.363342,        7.0801086426
1004.651489,        7.0291137695
1004.939697,        6.7500610352
1005.227600,        5.7037277222
1005.515686,        5.5554809570
1005.803467,        5.1809692383
1006.091370,        5.1084899902
1006.379272,        4.6017684937
1006.666870,        5.9531707764
1006.954712,        6.3359680176
1007.242188,        5.7086791992
1007.529907,        4.2334899902
1007.817444,        5.2197418213
1008.104858,        3.4064178467
1008.392334,        4.1622543335
1008.679565,        3.3950653076
1008.966980,        2.3351287842
1009.254272,        1.4345016479
1009.541382,        1.8677215576
1009.828613,        2.3694458008
1010.115601,        3.1094055176
1010.402649,        3.8271179199
1010.689697,        3.6932601929
1010.976563,        3.7673950195
1011.263489,        3.7102050781
1011.550171,        4.7260894775
1011.837036,        4.8658981323
1012.123657,        4.8499603271
1012.410278,        4.9148864746
1012.696899,        3.5438385010
1012.983337,        3.0287857056
1013.269897,        3.3776855469
1013.556396,        4.4921875000
1013.842651,        4.1207962036
1014.129028,        4.4294509888
1014.415161,        3.7674865723
1014.701477,        4.0134735107
1014.987671,        2.8120574951
1015.273560,        2.6871261597
1015.559692,        2.1538848877
1015.845581,        1.4222946167
1016.131592,       -0.2941589355
1016.417542,       -2.4108963013
1016.703247,       -3.9277801514
1016.989014,       -4.2688446045
1017.274658,       -4.7775573730
1017.560303,       -6.8897552490
1017.845947,       -6.3935546875
1018.131409,       -7.7942886353
1018.416870,       -7.9485931396
1018.702271,       -7.0099639893
1018.987671,       -7.9252929688
1019.272949,      -10.6391296387
1019.558228,      -12.8238525391
1019.843445,      -12.6543579102
1020.128540,      -11.7249984741
1020.413574,      -12.2565994263
1020.698608,      -11.8511047363
1020.983521,       -9.6409301758
1021.268555,      -11.8967285156
1021.553284,      -13.7666473389
1021.838135,      -14.3370971680
1022.122925,      -15.1518096924
1022.407593,      -37.5758819580
1022.692261,        7.0722961426
1022.976807,       16.6681823730
1023.261292,       -7.4894104004
1023.545837,        9.0779876709
1023.830200,        1.6966705322
1024.114624,      -39.5661621094
1024.398804,      -34.0048675537
1024.683105,       -6.2138671875
1024.967285,      -35.1476745605
