340.270844,      100.0000000000
340.648560,      100.0000000000
341.026306,    -1459.0904541016
341.403961,    -2216.6667480469
341.781616,    -2348.2153320313
342.159210,     -189.7810363770
342.536743,      -14.8704833984
342.914307,      -96.9484558105
343.291779,      -28.6128845215
343.669250,      100.0000000000
344.046661,      -40.3084716797
344.424042,      -37.9378509521
344.801422,      -38.2828826904
345.178711,      -43.8563232422
345.556000,      -51.4617919922
345.933258,      -56.4445190430
346.310486,      -59.8821105957
346.687622,      -61.4581604004
347.064758,      -63.9866333008
347.441895,      -62.9299621582
347.818939,      -60.0240478516
348.195953,      -56.9577331543
348.572937,      -55.6432952881
348.949890,      -58.7380676270
349.326843,      -63.7603454590
349.703735,      -64.1820373535
350.080597,      -64.5929565430
350.457397,      -64.6029357910
350.834198,      -61.1230468750
351.210968,      -60.3083496094
351.587646,      -61.3079223633
351.964325,      -59.5884399414
352.340942,      -57.6813964844
352.717560,      -60.7595520020
353.094147,      -61.1612701416
353.470673,      -59.4402770996
353.847168,      -57.5035705566
354.223602,      -57.7635345459
354.600037,      -58.4924011230
354.976440,      -54.2337646484
355.352783,      -58.9862060547
355.729126,      -62.1164093018
356.105408,      -62.7237091064
356.481628,      -80.6414184570
356.857849,      -79.3587188721
357.234009,      -76.6969146729
357.610168,      -78.2249450684
357.986267,      -77.1486206055
358.362366,      -77.7279357910
358.738373,      -76.2621459961
359.114349,      -75.9505004883
359.490326,      -74.3638305664
359.866241,      -71.4901733398
360.242157,      -74.1527709961
360.617981,      -70.2772827148
360.993805,      -69.2548065186
361.369568,      -69.1195678711
361.745331,      -70.2545471191
362.121033,      -71.5152435303
362.496704,      -71.0377502441
362.872314,      -69.4566192627
363.247925,      -67.3965454102
363.623505,      -63.8604736328
363.999023,      -60.6531219482
364.374542,      -42.6197814941
364.750000,      -41.3389739990
365.125397,      -39.6857910156
365.500763,      -36.8991088867
365.876160,      -36.4887084961
366.251434,      -36.6755981445
366.626740,      -38.5292968750
367.001953,      -41.5347595215
367.377136,      -41.9011383057
367.752350,      -43.4803161621
368.127472,      -45.6118621826
368.502594,      -45.1072692871
368.877625,      -43.5775146484
369.252625,      -43.3719940186
369.627625,      -40.6848297119
370.002563,      -35.0623626709
370.377502,      -35.7316436768
370.752380,      -35.2541809082
371.127228,      -36.9841766357
371.502014,      -37.6353912354
371.876770,      -39.8273010254
372.251526,      -39.0738677979
372.626221,      -39.1736450195
373.000885,      -38.8496551514
373.375488,      -40.1095275879
373.750092,      -39.1877746582
374.124664,      -36.7622985840
374.499146,      -39.1305999756
374.873627,      -38.3816223145
375.248108,      -38.7013549805
375.622467,      -41.6463928223
375.996887,      -41.5955810547
376.371185,      -41.0164947510
376.745483,      -40.0890960693
377.119751,      -39.1578216553
377.493958,      -41.8961486816
377.868195,      -42.6000061035
378.242310,      -38.9255065918
378.616394,      -42.7465209961
378.990540,      -41.9033966064
379.364563,      -45.4463195801
379.738556,      -46.9475860596
380.112518,      -43.8281707764
380.486481,      -43.7044677734
380.860352,      -43.7006683350
381.234192,      -43.9790649414
381.608063,      -42.1347656250
381.981812,      -42.3299255371
382.355591,      -39.5203704834
382.729309,      -37.8982238770
383.102966,      -35.8998107910
383.476624,      -33.1381835938
383.850220,      -30.1493530273
384.223816,      -32.2369384766
384.597321,      -34.4238433838
384.970856,      -35.5486145020
385.344299,      -32.6551208496
385.717682,      -31.8638610840
386.091125,      -34.3950195313
386.464447,      -28.1921997070
386.837769,      -25.9170913696
387.211029,      -22.0840606689
387.584290,      -18.7536544800
387.957489,      -19.9328765869
388.330627,      -18.7565155029
388.703766,      -18.4487304688
389.076874,      -17.0656967163
389.449921,      -21.3392181396
389.822937,      -19.3803558350
390.195923,      -20.3197479248
390.568878,      -20.0299835205
390.941772,      -19.0070800781
391.314636,      -14.4616470337
391.687500,      -11.9085845947
392.060272,      -10.3739318848
392.433075,       -8.6585388184
392.805756,       -5.8618621826
393.178436,       -4.5758972168
393.551117,       -7.2634429932
393.923737,       -5.4098434448
394.296326,       -5.9877929688
394.668854,       -4.2832641602
395.041321,       -4.8293151855
395.413849,       -6.8797760010
395.786255,       -8.7123565674
396.158630,       -9.2714004517
396.531006,      -11.7051620483
396.903320,       -9.9620208740
397.275604,       -7.2090454102
397.647827,       -6.3411636353
398.020050,       -6.9910430908
398.392212,       -5.2504425049
398.764343,       -4.9967041016
399.136444,       -4.9165954590
399.508514,      -10.0727844238
399.880554,       -7.3501586914
400.252533,       -6.5832443237
400.624512,       -9.6758041382
400.996399,      -11.4488296509
401.368286,       -9.5743942261
401.740112,       -7.1563720703
402.111908,       -5.5643005371
402.483673,       -4.6980895996
402.855408,       -4.2790451050
403.227081,       -3.2013092041
403.598755,        1.2029418945
403.970367,        2.8854064941
404.341980,        1.2388687134
404.713501,        0.5229949951
405.085022,        0.3266448975
405.456482,        0.0660934448
405.827911,        4.2873382568
406.199310,        6.6009216309
406.570648,        4.1294860840
406.942017,        4.4786453247
407.313263,        8.8413009644
407.684509,        7.8511657715
408.055725,        9.7983322144
408.426880,       10.8853759766
408.798035,        4.9714202881
409.169128,        6.3862152100
409.540161,        3.7293090820
409.911224,        4.0917968750
410.282196,        4.3719024658
410.653137,        5.8388366699
411.024048,        5.3928604126
411.394897,        5.1177520752
411.765747,        5.1489181519
412.136536,        9.7880172729
412.507324,        4.8392486572
412.878052,        5.3914566040
413.248718,        3.9314193726
413.619385,        4.2032241821
413.989990,        2.9631958008
414.360565,        5.6335830688
414.731110,        6.0864028931
415.101563,        5.3711090088
415.472076,        6.0638961792
415.842468,        6.5089721680
416.212891,        0.0365295410
416.583221,        6.4771270752
416.953522,        7.3378677368
417.323792,       11.0273437500
417.694031,        9.2953643799
418.064240,        9.1931304932
418.434418,        8.7557678223
418.804535,        8.4828186035
419.174622,        8.7877807617
419.544678,       10.5136032104
419.914673,       10.9421386719
420.284668,       15.7255935669
420.654572,       16.9304809570
421.024475,       19.6254196167
421.394348,       17.7731323242
421.764191,       18.4297027588
422.133972,       18.2363128662
422.503693,       17.6730651855
422.873444,       19.4712448120
423.243134,       20.0914001465
423.612762,       19.6652374268
423.982330,       30.7269668579
424.351929,       30.4916687012
424.721436,       29.6509552002
425.090942,       30.0049438477
425.460358,       31.8338241577
425.829773,       32.8966674805
426.199158,       34.6903762817
426.568481,       38.1764945984
426.937775,       39.8487854004
427.307037,       39.4269790649
427.676239,       39.8626976013
428.045441,       40.0812683105
428.414581,       41.3911361694
428.783722,       41.0735473633
429.152802,       42.4210968018
429.521790,       40.5984573364
429.890839,       42.1162796021
430.259766,       44.4276351929
430.628693,       42.6701698303
430.997589,       43.1953353882
431.366425,       42.7890357971
431.735229,       41.3308105469
432.104004,       41.5649909973
432.472748,       42.9862670898
432.841431,       43.5752983093
433.210052,       44.5198287964
433.578705,       45.4670677185
433.947266,       45.2870941162
434.315826,       46.4158172607
434.684326,       46.8330917358
435.052765,       46.8207664490
435.421204,       44.8594894409
435.789612,       46.8327713013
436.157959,       47.3155784607
436.526276,       48.3267974854
436.894531,       47.2830505371
437.262756,       51.2046089172
437.630951,       50.4047813416
437.999146,       51.1028442383
438.367249,       52.5346794128
438.735321,       53.2920341492
439.103394,       55.1627502441
439.471405,       55.0857086182
439.839386,       30.5658798218
440.207306,       30.0868072510
440.575195,       27.7190322876
440.943054,       28.4393920898
441.310883,       27.8891601563
441.678680,       27.3492431641
442.046387,       27.0828552246
442.414093,       26.3867645264
442.781799,       26.8798522949
443.149414,       28.4543914795
443.516998,       28.7237930298
443.884552,       28.6273574829
444.252045,       29.1286926270
444.619537,       31.3539505005
444.987000,       31.4674835205
445.354401,       32.7587661743
445.721710,       32.9867782593
446.089081,       33.9810791016
446.456360,       33.8435668945
446.823608,       34.0291061401
447.190826,       35.2692031860
447.557953,       58.4599227905
447.925110,       59.3340377808
448.292175,       62.6359901428
448.659271,       62.3590698242
449.026276,       63.5744781494
449.393250,       64.3028640747
449.760193,       63.6672210693
450.127075,       65.1280364990
450.493958,       66.1965484619
450.860779,       67.7827911377
451.227570,       68.3827667236
451.594330,       68.9841537476
451.960999,       68.1386260986
452.327698,       67.9793777466
452.694336,       67.2800445557
453.060913,       67.9270858765
453.427490,       68.5544281006
453.793976,       68.8179855347
454.160492,       69.8288574219
454.526917,       45.2752075195
454.893311,       45.1735343933
455.259674,       46.3656005859
455.626007,       46.8179550171
455.992310,       46.6676368713
456.358551,       47.5125389099
456.724731,       47.3195533752
457.090912,       48.1343078613
457.457031,       49.1505165100
457.823151,       49.2043304443
458.189209,       49.5042343140
458.555206,       49.3884811401
458.921173,       49.4058761597
459.287109,       49.9613952637
459.653015,       50.4449234009
460.018890,       51.3653259277
460.384705,       51.9197349548
460.750519,       50.8695220947
461.116241,       51.5184707642
461.481964,       51.4794235229
461.847626,       51.4545021057
462.213226,       72.2813034058
462.578827,       72.8847656250
462.944427,       73.2327423096
463.309906,       73.3414001465
463.675385,       73.9154663086
464.040802,       74.4463272095
464.406219,       75.3678436279
464.771606,       75.9519042969
465.136902,       75.9111557007
465.502197,       75.9399566650
465.867462,       76.1076965332
466.232635,       76.9251251221
466.597839,       76.9902038574
466.962921,       76.9296188354
467.328003,       77.3316574097
467.693054,       77.4225997925
468.058075,       77.6362228394
468.423035,       78.8706207275
468.787994,       78.4664459229
469.152863,       78.5802459717
469.517700,       78.4904403687
469.882538,       78.8079223633
470.247314,       79.4800262451
470.612061,       78.4518585205
470.976746,       78.8210830688
471.341431,       78.3045349121
471.706024,       78.0875854492
472.070618,       77.8096847534
472.435181,       78.0625762939
472.799622,       78.1847457886
473.164124,       78.3238906860
473.528534,       78.6748352051
473.892975,       78.4793167114
474.257294,       79.0308380127
474.621582,       79.6999130249
474.985870,       80.1985778809
475.350098,       79.9332656860
475.714325,       80.5376586914
476.078461,       81.0041198730
476.442535,       81.0916442871
476.806641,       81.7888565063
477.170685,       82.2912139893
477.534668,       82.7533569336
477.898621,       82.9205398560
478.262512,       83.4133300781
478.626404,       82.9338989258
478.990265,       83.6863327026
479.354065,       83.8633346558
479.717834,       84.1343078613
480.081512,       83.9648742676
480.445221,       84.2078628540
480.808899,       84.5683975220
481.172485,       84.1087493896
481.536041,       84.2265167236
481.899567,       84.2044830322
482.263062,       84.2830886841
482.626526,       84.0993728638
482.989929,       84.3529434204
483.353271,       84.0887145996
483.716583,       84.0674819946
484.079895,       84.3490066528
484.443146,       84.3841094971
484.806366,       84.5762863159
485.169525,       84.4455947876
485.532654,       84.6161422729
485.895752,       84.9715805054
486.258820,       85.5347900391
486.621857,       85.3203887939
486.984802,       85.3466720581
487.347748,       85.2711486816
487.710663,       85.4731445313
488.073517,       85.7503356934
488.436340,       85.8216018677
488.799072,       86.1540679932
489.161835,       86.4501800537
489.524536,       86.8996200562
489.887238,       87.0053253174
490.249847,       87.3936920166
490.612396,       87.6496734619
490.974915,       88.0186309814
491.337433,       88.3778457642
491.699921,       88.4709014893
492.062347,       88.3986358643
492.424713,       88.4309005737
492.787079,       88.6894836426
493.149353,       87.9009704590
493.511658,       88.1616516113
493.873871,       88.2740173340
494.236053,       88.2195663452
494.598206,       88.1657943726
494.960297,       88.1879348755
495.322388,       88.2432250977
495.684418,       87.2384796143
496.046356,       87.4668502808
496.408325,       87.7407150269
496.770264,       87.7690658569
497.132141,       87.6039733887
497.493958,       87.6086730957
497.855713,       87.4200286865
498.217499,       87.4047622681
498.579193,       87.3868560791
498.940887,       87.4405288696
499.302490,       87.4761505127
499.664093,       87.5175552368
500.025635,       87.6869277954
500.387177,       87.6649475098
500.748627,       88.4940719604
501.110077,       88.2629318237
501.471436,       88.2748794556
501.832825,       88.5174560547
502.194153,       88.7022094727
502.555389,       88.7438125610
502.916626,       88.4582977295
503.277802,       89.2477951050
503.638977,       88.9212112427
504.000092,       88.7618560791
504.361176,       88.5937805176
504.722198,       88.5514221191
505.083160,       88.5152282715
505.444153,       88.6428680420
505.805084,       88.6796112061
506.165924,       88.6953125000
506.526764,       88.5440216064
506.887543,       88.1354217529
507.248322,       87.9935150146
507.609070,       87.8308105469
507.969727,       87.7899551392
508.330322,       87.7391891479
508.690918,       87.9580841064
509.051514,       87.9382171631
509.412018,       87.8760452271
509.772491,       87.8378601074
510.132904,       87.7483444214
510.493286,       87.6761779785
510.853699,       87.7092590332
511.213989,       87.9071578979
511.574280,       87.8958358765
511.934509,       87.9626235962
512.294678,       87.9747390747
512.654846,       88.0757675171
513.014954,       88.0808944702
513.375061,       87.7258148193
513.735046,       87.4579849243
514.095032,       87.5930480957
514.455078,       87.7341156006
514.814941,       87.8996276855
515.174805,       87.8609161377
515.534607,       87.8485183716
515.894409,       87.7045440674
516.254211,       86.4945907593
516.613892,       86.2439651489
516.973572,       86.1562347412
517.333130,       86.0683593750
517.692749,       86.0661315918
518.052368,       86.2072677612
518.411865,       86.0667114258
518.771301,       86.0113449097
519.130737,       85.8420867920
519.490173,       85.7387924194
519.849548,       85.5949707031
520.208801,       85.4420166016
520.568054,       85.2471694946
520.927307,       85.4546890259
521.286499,       85.5210189819
521.645691,       85.2627944946
522.004822,       85.1979904175
522.363831,       85.0326690674
522.722839,       84.9651031494
523.081848,       84.5061492920
523.440796,       84.3551177979
523.799744,       85.2070236206
524.158569,       85.3578643799
524.517395,       85.3527526855
524.876160,       85.2750396729
525.234924,       85.1961059570
525.593628,       85.0165405273
525.952271,       84.7024307251
526.310913,       84.5696716309
526.669495,       84.4699249268
527.028076,       84.3950195313
527.386536,       84.2070007324
527.744995,       84.0506134033
528.103394,       83.9460906982
528.461792,       83.7754898071
528.820129,       83.5894393921
529.178406,       83.5849685669
529.536743,       83.2127990723
529.894958,       83.2486724854
530.253113,       83.1077804565
530.611267,       83.0705947876
530.969299,       82.9022064209
531.327393,       82.4305267334
531.685486,       82.3013381958
532.043335,       82.2341461182
532.401367,       82.1045532227
532.759216,       82.1410293579
533.117004,       82.1239624023
533.474915,       82.2266387939
533.832642,       82.1035766602
534.190430,       82.1713790894
534.548096,       82.0781326294
534.905762,       82.0946960449
535.263367,       81.9547119141
535.620850,       81.8950958252
535.978455,       81.9195098877
536.335876,       82.0184783936
536.693359,       81.9585876465
537.050781,       82.2783203125
537.408142,       82.1617431641
537.765442,       82.2228164673
538.122681,       82.4572753906
538.479919,       82.5903396606
538.837219,       82.8859481812
539.194336,       82.8347778320
539.551453,       82.6237640381
539.908508,       82.4394073486
540.265564,       82.4580535889
540.622559,       82.5383224487
540.979553,       82.5500793457
541.336426,       82.4858856201
541.693298,       82.4814529419
542.050110,       82.3222351074
542.406921,       82.3214797974
542.763672,       82.2853012085
543.120422,       82.3134002686
543.477051,       82.2744750977
543.833679,       82.2546539307
544.190308,       82.2277221680
544.546814,       82.1978912354
544.903381,       82.0490112305
545.259827,       82.0801239014
545.616211,       81.9303970337
545.972595,       82.0081329346
546.328979,       81.9873580933
546.685242,       81.9412765503
547.041504,       82.1152572632
547.397644,       82.2857360840
547.753906,       82.2320022583
548.110046,       82.2484893799
548.466125,       82.2787475586
548.822144,       82.3617858887
549.178223,       82.2011413574
549.534241,       82.2804260254
549.890137,       82.3561019897
550.246033,       82.4641342163
550.601868,       82.5000839233
550.957581,       82.5131072998
551.313416,       82.3661270142
551.669128,       82.4358062744
552.024841,       82.2645111084
552.380432,       82.4191055298
552.736023,       82.2733078003
553.091675,       82.1344146729
553.447144,       82.1232986450
553.802612,       82.1985931396
554.158020,       82.2237014771
554.513428,       82.2559204102
554.868774,       82.3648223877
555.224121,       82.2528381348
555.579346,       82.1203918457
555.934631,       82.1774978638
556.289734,       82.1816711426
556.644958,       82.2749786377
557.000000,       82.1105651855
557.355103,       82.1457061768
557.710083,       82.2051925659
558.065063,       82.2282104492
558.420105,       82.2269134521
558.774963,       82.3737106323
559.129822,       82.2889251709
559.484619,       82.4893875122
559.839355,       82.5613098145
560.194153,       82.6520996094
560.548828,       82.8598175049
560.903442,       82.9137954712
561.258057,       82.8603515625
561.612610,       82.9559936523
561.967224,       82.9611816406
562.321655,       82.9298706055
562.676086,       83.1924133301
563.030457,       83.3096466064
563.384827,       83.3401489258
563.739197,       83.3093414307
564.093445,       83.4239044189
564.447693,       83.6751861572
564.801880,       83.7173995972
565.156006,       83.7317123413
565.510132,       83.7765960693
565.864197,       83.8675460815
566.218262,       83.9841766357
566.572205,       84.2282409668
566.926086,       84.3225250244
567.280090,       84.3782348633
567.633972,       84.4901351929
567.987732,       84.6308212280
568.341553,       84.7575683594
568.695190,       84.9514694214
569.048950,       84.9826507568
569.402649,       85.0279846191
569.756165,       85.0828323364
570.109802,       85.0952987671
570.463257,       85.1758422852
570.816772,       85.2620544434
571.170227,       85.4481582642
571.523621,       85.5052871704
571.877014,       85.6044235229
572.230286,       85.7150878906
572.583557,       85.8104095459
572.936829,       85.8849868774
573.289978,       85.9017257690
573.643250,       85.8911056519
573.996216,       85.8929214478
574.349365,       85.9202194214
574.702393,       86.0363082886
575.055359,       86.1571502686
575.408325,       86.2596359253
575.761169,       86.2563781738
576.114075,       86.2801513672
576.466919,       86.3956832886
576.819641,       86.4911499023
577.172363,       86.6462326050
577.525085,       86.6658172607
577.877686,       86.6985092163
578.230286,       86.7709884644
578.582825,       86.8899078369
578.935425,       86.7968139648
579.287903,       86.8120346069
579.640320,       86.8748779297
579.992676,       86.8343811035
580.345093,       86.9271774292
580.697388,       87.0241546631
581.049683,       87.1488571167
581.401855,       87.2361984253
581.754089,       87.1802902222
582.106201,       87.0932159424
582.458313,       87.0395660400
582.810425,       87.0340423584
583.162354,       87.1345901489
583.514404,       87.1567993164
583.866272,       87.2139892578
584.218201,       87.2534103394
584.570068,       86.9823684692
584.921875,       87.0626831055
585.273560,       87.1176681519
585.625305,       87.0520553589
585.977051,       87.0727386475
586.328674,       87.1367950439
586.680237,       87.2576293945
587.031799,       87.2512817383
587.383301,       87.3417129517
587.734802,       87.3064270020
588.086243,       87.3344497681
588.437561,       87.3099594116
588.788940,       87.2825546265
589.140198,       87.4694137573
589.491516,       87.6043090820
589.842712,       87.6428527832
590.193848,       87.5663452148
590.544983,       87.4954299927
590.896057,       87.4274063110
591.247192,       87.3947296143
591.598145,       87.4425964355
591.949158,       87.6299285889
592.300049,       87.6366729736
592.650879,       87.6823348999
593.001770,       87.7929534912
593.352539,       87.7308502197
593.703308,       87.7451095581
594.054016,       87.7624053955
594.404663,       87.7620162964
594.755310,       87.7775344849
595.105896,       87.8421325684
595.456360,       87.8921356201
595.806885,       87.9437561035
596.157349,       87.7821426392
596.507751,       87.7051239014
596.858154,       87.6372146606
597.208435,       87.6639785767
597.558777,       87.7060165405
597.908997,       87.8008956909
598.259216,       87.8746871948
598.609314,       87.7848815918
598.959473,       87.6995544434
599.309570,       87.7957916260
599.659546,       87.7963562012
600.009583,       87.8001251221
600.359497,       87.8099288940
600.709412,       87.9039001465
601.059265,       88.0385208130
601.409058,       87.9517211914
601.758850,       88.0053405762
602.108521,       88.0629425049
602.458191,       88.0907821655
602.807922,       88.1108779907
603.157471,       87.9828720093
603.507080,       88.1402587891
603.856567,       88.2004241943
604.205994,       88.2903594971
604.555542,       88.3344345093
604.904846,       88.4193115234
605.254211,       88.3818740845
605.603516,       88.1921463013
605.952759,       88.3150787354
606.302063,       88.3009185791
606.651123,       88.3289337158
607.000305,       88.3578033447
607.349365,       88.3853912354
607.698425,       88.4351043701
608.047485,       88.4210662842
608.396362,       88.4111099243
608.745300,       88.3709716797
609.094177,       88.4175567627
609.442993,       88.4297103882
609.791809,       88.4593200684
610.140503,       88.4613342285
610.489258,       88.6416854858
610.837891,       88.6926116943
611.186523,       88.7339248657
611.535156,       88.8031921387
611.883606,       88.8497390747
612.232178,       88.8028564453
612.580566,       88.7938537598
612.928955,       88.9579696655
613.277344,       89.0328674316
613.625610,       89.1548080444
613.973938,       89.1729049683
614.322144,       89.1517715454
614.670288,       89.2072525024
615.018555,       89.2046585083
615.366516,       89.2323608398
615.714661,       89.3159713745
616.062622,       89.4082489014
616.410645,       89.3952713013
616.758606,       89.3874816895
617.106445,       89.3704376221
617.454285,       89.4284439087
617.802063,       89.3631591797
618.149841,       89.3889846802
618.497559,       89.4428787231
618.845215,       89.3955612183
619.192871,       89.3480300903
619.540466,       89.4795684814
619.888000,       89.5674591064
620.235535,       89.6212387085
620.582886,       89.5718078613
620.930359,       89.6225357056
621.277710,       89.6730804443
621.625061,       89.6978149414
621.972351,       89.7110443115
622.319519,       89.6828231812
622.666809,       89.6695480347
623.013916,       89.6766357422
623.361023,       89.7396392822
623.708130,       89.2386245728
624.055054,       89.2900009155
624.402100,       89.3800125122
624.749023,       89.3144149780
625.095947,       89.3045501709
625.442810,       89.3239212036
625.789551,       89.2964324951
626.136353,       89.3325424194
626.483032,       89.3532867432
626.829712,       89.2383575439
627.176392,       89.2193222046
627.522949,       89.2178878784
627.869507,       89.2609558105
628.216003,       89.2700042725
628.562500,       89.2457580566
628.908936,       89.2999801636
629.255310,       89.3317031860
629.601624,       89.3973464966
629.947876,       89.4391326904
630.294067,       89.1946792603
630.640320,       89.2373123169
630.986511,       89.7440261841
631.332642,       89.7555770874
631.678650,       89.5866851807
632.024658,       89.6687164307
632.370728,       89.7470016479
632.716614,       89.7669906616
633.062500,       89.7506561279
633.408325,       89.7711334229
633.754089,       89.7046813965
634.099915,       89.7971191406
634.445679,       89.8183517456
634.791321,       89.8623199463
635.136963,       89.8292694092
635.482483,       89.6473617554
635.828125,       89.6875152588
636.173584,       89.7445068359
636.519043,       89.6899566650
636.864502,       89.6003417969
637.209778,       89.5802459717
637.555237,       89.8310089111
637.900452,       89.8536987305
638.245728,       89.8979797363
638.590881,       89.9777679443
638.935974,       90.1798248291
639.281189,       90.1678619385
639.626221,       90.1434326172
639.971191,       90.1788101196
640.316223,       90.2001953125
640.661072,       90.2260589600
641.006042,       90.3130340576
641.350891,       90.3832397461
641.695679,       90.3601226807
642.040466,       90.4532165527
642.385071,       90.5038375854
642.729858,       90.7227172852
643.074463,       90.4239196777
643.419067,       90.4120635986
643.763611,       90.4568634033
644.108032,       90.5350036621
644.452515,       90.5580062866
644.796936,       90.6065750122
645.141296,       90.6060028076
645.485657,       90.6203613281
645.829834,       90.5512847900
646.174133,       90.5559692383
646.518311,       90.6354293823
646.862427,       90.7046890259
647.206604,       90.7464675903
647.550598,       90.8334197998
647.894653,       90.8518981934
648.238647,       90.8806533813
648.582458,       90.8552703857
648.926453,       90.9115066528
649.270203,       90.9538269043
649.614075,       91.0787658691
649.957764,       91.0489730835
650.301453,       91.4037780762
650.645142,       91.4362945557
650.988708,       91.4735107422
651.332336,       91.5571899414
651.675842,       91.6237716675
652.019348,       91.5969009399
652.362854,       91.5644989014
652.706177,       91.5931854248
653.049561,       91.6476058960
653.392883,       91.6398086548
653.736084,       91.6228866577
654.079346,       91.6092529297
654.422424,       91.1708526611
654.765625,       91.1263809204
655.108765,       91.1393661499
655.451721,       91.2169876099
655.794800,       91.2249145508
656.137695,       91.2395324707
656.480591,       91.1182022095
656.823486,       91.0193252563
657.166260,       91.0263442993
657.509094,       91.0533523560
657.851807,       91.0260848999
658.194519,       91.0347824097
658.537109,       90.9547576904
658.879761,       90.9454879761
659.222351,       90.9317550659
659.564758,       90.9872589111
659.907349,       91.0495452881
660.249695,       91.0739364624
660.592041,       91.0654525757
660.934448,       91.0512008667
661.276672,       91.1288681030
661.619019,       91.5376052856
661.961182,       91.5902328491
662.303284,       91.5777893066
662.645508,       91.5271987915
662.987427,       91.5872039795
663.329529,       91.6130981445
663.671448,       91.7362136841
664.013428,       91.8008270264
664.355347,       91.8464965820
664.697205,       91.6951828003
665.039001,       91.7387084961
665.380676,       91.7126388550
665.722412,       91.7796936035
666.064148,       91.8108215332
666.405701,       91.9208374023
666.747253,       91.9823455811
667.088806,       91.9612884521
667.430298,       91.9666900635
667.771790,       91.9887466431
668.113159,       91.9963760376
668.454529,       91.9326934814
668.795837,       91.9205017090
669.137085,       91.9414215088
669.478394,       92.0026855469
669.819519,       91.9564361572
670.160645,       91.9356689453
670.501709,       91.9967956543
670.842773,       92.0270538330
671.183777,       91.9834289551
671.524719,       92.0384750366
671.865662,       92.2071075439
672.206482,       92.2486724854
672.547302,       92.3368072510
672.888123,       92.3541183472
673.228821,       92.3397140503
673.569458,       92.2917938232
673.910095,       92.2490997314
674.250732,       92.1448898315
674.591370,       92.0997848511
674.931824,       92.1068191528
675.272217,       92.1397705078
675.612732,       92.2173538208
675.953003,       92.2611083984
676.293396,       92.3025817871
676.633667,       92.2471084595
676.973877,       92.2745666504
677.314148,       92.2734222412
677.654236,       92.2107925415
677.994385,       92.1334762573
678.334412,       92.1874694824
678.674438,       92.0933837891
679.014404,       92.0438156128
679.354309,       91.9738082886
679.694214,       91.9639358521
680.034058,       91.9071731567
680.373840,       91.9180297852
680.713623,       91.8891448975
681.053223,       91.9367370605
681.392944,       91.9533386230
681.732544,       91.2626724243
682.072083,       88.9114532471
682.411621,       88.8717041016
682.751038,       88.8256530762
683.090515,       88.8161468506
683.429871,       88.6201171875
683.769226,       88.5823059082
684.108582,       88.5675354004
684.447754,       88.5288391113
684.786987,       88.5553436279
685.126160,       88.5049896240
685.465210,       88.4456939697
685.804382,       88.4594497681
686.143311,       88.4066619873
686.482361,       88.4065704346
686.821289,       88.3126449585
687.160156,       88.3072967529
687.499023,       88.2630615234
687.837769,       88.0979156494
688.176514,       87.9604339600
688.515259,       87.9624023438
688.853882,       88.5740509033
689.192566,       90.7873229980
689.531067,       90.7171859741
689.869629,       90.5628738403
690.208130,       90.4443054199
690.546570,       90.3445816040
690.885010,       90.1605529785
691.223267,       90.0194549561
691.561584,       89.8866653442
691.899841,       89.5770568848
692.238037,       89.4547424316
692.576294,       89.2503814697
692.914307,       89.0073699951
693.252380,       88.8091049194
693.590454,       88.4861755371
693.928406,       88.2487487793
694.266357,       87.9365997314
694.604187,       87.6186218262
694.942078,       87.4361724854
695.279907,       87.1543655396
695.617615,       86.6618423462
695.955444,       86.3536834717
696.292969,       86.0123138428
696.630676,       85.5886383057
696.968201,       85.2675552368
697.305725,       84.6729888916
697.643250,       84.3180389404
697.980652,       83.9731140137
698.318054,       83.5690994263
698.655396,       83.0929641724
698.992676,       82.7520904541
699.330017,       82.2511596680
699.667175,       81.7908020020
700.004395,       81.3299713135
700.341492,       80.8247375488
700.678528,       80.4014892578
701.015564,       79.7110214233
701.352478,       79.2528839111
701.689514,       78.7223205566
702.026428,       78.0782470703
702.363220,       77.5219116211
702.700073,       77.1228637695
703.036804,       76.5612182617
703.373474,       76.0078125000
703.710144,       75.4789886475
704.046814,       74.8021621704
704.383362,       74.5365142822
704.719910,       73.9562530518
705.056335,       73.4359817505
705.392761,       72.8955535889
705.729187,       72.3431320190
706.065552,       71.7227783203
706.401855,       71.2008819580
706.738098,       70.6132812500
707.074280,       70.0637054443
707.410461,       69.4736785889
707.746643,       68.8687362671
708.082642,       68.4334106445
708.418701,       67.8201904297
708.754639,       67.2676162720
709.090576,       66.8418731689
709.426514,       66.2570037842
709.762329,       65.5523300171
710.098083,       64.9115142822
710.433838,       64.1587524414
710.769592,       63.5486373901
711.105286,       63.0858650208
711.440796,       62.3400802612
711.776367,       61.7509918213
712.112000,       61.1015472412
712.447388,       60.4230499268
712.782837,       59.7250785828
713.118225,       59.1477050781
713.453552,       58.5022659302
713.788818,       57.9249877930
714.124023,       57.2086906433
714.459290,       56.5524101257
714.794434,       55.9135513306
715.129517,       55.2351341248
715.464661,       54.5518989563
715.799622,       53.8975296021
716.134583,       53.0971412659
716.469482,       52.4283943176
716.804321,       51.8238906860
717.139221,       51.2370376587
717.473938,       50.7645492554
717.808777,       50.0868835449
718.143433,       49.3863601685
718.478088,       48.7703323364
718.812683,       48.1320724487
719.147217,       47.4915237427
719.481750,       46.8863334656
719.816223,       46.3042831421
720.150574,       45.5297355652
720.485046,       44.8977737427
720.819214,       44.1693420410
721.153564,       43.4846420288
721.487854,       42.7865142822
721.821960,       42.1435356140
722.156189,       41.2997512817
722.490234,       40.7012405396
722.824341,       40.0326194763
723.158264,       39.4149589539
723.492249,       38.7213325500
723.826172,       38.0722160339
724.159973,       37.3985290527
724.493835,       36.7532882690
724.827576,       35.7078857422
725.161316,       34.9640808105
725.494995,       34.2910690308
725.828613,       33.6151733398
726.162231,       32.9098892212
726.495728,       32.0914993286
726.829163,       31.4053344727
727.162720,       30.8497695923
727.496033,       30.1467285156
727.829468,       29.5197296143
728.162720,       28.8495101929
728.496033,       28.1214065552
728.829224,       27.4677581787
729.162354,       27.0761032104
729.495483,       26.4912109375
729.828552,       25.8753662109
730.161560,       25.2876739502
730.494629,       24.7318649292
730.827454,       24.1881027222
731.160400,       23.5121154785
731.493225,       22.8173294067
731.825989,       22.5760498047
732.158813,       22.0537719727
732.491455,       21.4733428955
732.824158,       20.8370666504
733.156799,       20.2534027100
733.489319,       19.6265029907
733.821899,       19.0665817261
734.154236,       18.5591125488
734.486755,       17.9850234985
734.819092,       17.4552459717
735.151428,       17.0109939575
735.483765,       16.6170959473
735.815857,       16.1686019897
736.148132,       15.7158203125
736.480286,       15.2047271729
736.812378,       14.6551208496
737.144470,       14.1490097046
737.476379,       13.6244659424
737.808411,       13.1455383301
738.140259,       12.6669235229
738.472168,       12.3060226440
738.804016,       12.0151901245
739.135742,       11.6183166504
739.467468,       11.1608657837
739.799133,       10.7915267944
740.130798,       10.4361724854
740.462402,       10.1150207520
740.793884,        9.5847473145
741.125366,        9.1387252808
741.456848,        8.8075561523
741.788208,        8.3989105225
742.119568,        8.0536727905
742.450928,        7.7641601563
742.782166,        7.4044189453
743.113281,        6.9795532227
743.444458,        6.5808944702
743.775635,        6.3325195313
744.106689,        6.1414489746
744.437683,        5.9150085449
744.768677,        5.5508880615
745.099609,        5.3142623901
745.430481,        4.9903106689
745.761353,        4.5368194580
746.092102,        4.2372131348
746.422852,        3.9435424805
746.753479,        3.7830734253
747.084229,        3.5302047729
747.414795,        3.4098358154
747.745300,        3.2746200562
748.075806,        3.0921783447
748.406311,        2.9054260254
748.736694,        2.8027496338
749.067078,        2.5777740479
749.397400,        2.2539443970
749.727722,        2.0963592529
750.057861,        1.8878402710
750.388062,        1.7103271484
750.718201,        1.4903869629
751.048279,        1.1929931641
751.378357,        1.0559539795
751.708252,        0.9454345703
752.038208,        0.7419357300
752.368164,        0.6165771484
752.697937,        0.5943756104
753.027832,        0.5030517578
753.357483,        0.4208221436
753.687256,        0.2596893311
754.016907,        0.0816268921
754.346497,       -0.0906219482
754.676147,       -0.0909805298
755.005493,       -0.1486968994
755.335083,       -0.2111816406
755.664490,       -0.5268630981
755.993835,       -0.6610107422
756.323181,       -0.7630386353
756.652405,       -0.9044799805
756.981689,       -0.9170227051
757.310852,       -0.9462738037
757.640015,       -1.1025085449
757.969177,       -1.0629882813
758.298096,       -1.1094207764
758.627197,       -1.2817077637
758.956116,       -1.2536239624
759.284973,       -1.2155227661
759.613892,       -1.1990737915
759.942627,       -1.3040924072
760.271423,       -1.3675384521
760.600159,       -1.4154663086
760.928772,       -1.4480743408
761.257446,       -1.3839874268
761.585999,       -1.3988494873
761.914490,       -1.6316680908
762.242981,       -1.7303466797
762.571350,       -1.5808563232
762.899841,       -1.7793731689
763.228088,       -1.6935119629
763.556396,       -1.7698745728
763.884644,       -1.7177505493
764.212830,       -1.7798690796
764.541016,       -1.7759094238
764.869080,       -1.8229522705
765.197144,       -1.8708190918
765.525146,       -1.7191772461
765.853088,       -1.7417602539
766.181030,       -1.8444137573
766.508789,       -1.8726348877
766.836670,       -1.9384460449
767.164429,       -1.9830169678
767.492126,       -2.0137939453
767.819824,       -1.9766540527
768.147400,       -2.1988449097
768.475037,       -2.2503433228
768.802490,       -2.2030181885
769.130005,       -2.3721313477
769.457458,       -2.3870620728
769.784790,       -2.1475677490
770.112183,       -2.1673583984
770.439453,       -2.1067810059
770.766663,       -2.2252578735
771.093872,       -2.2141189575
771.420959,       -2.1467819214
771.748108,       -2.1456222534
772.075195,       -2.1849899292
772.402161,       -2.3446731567
772.729126,       -2.3247146606
773.055969,       -2.2472076416
773.382874,       -2.2942886353
773.709717,       -2.1444931030
774.036438,       -2.0305786133
774.363159,       -2.0277709961
774.689758,       -2.0536956787
775.016479,       -1.9193572998
775.343018,       -1.8613510132
775.669495,       -1.7291641235
775.996033,       -1.4833221436
776.322449,       -1.5284118652
776.648865,       -1.4862518311
776.975098,       -1.5710678101
777.301453,       -1.5421295166
777.627686,       -1.4980163574
777.953857,       -1.5610351563
778.280029,       -1.5022964478
778.606079,       -1.7049865723
778.932068,       -1.6171951294
779.258179,       -1.5817260742
779.584045,       -1.5607910156
779.909973,       -1.5579071045
780.235840,       -1.5444335938
780.561646,       -1.5950012207
780.887390,       -1.6004486084
781.213135,       -1.5060348511
781.538757,       -1.4391479492
781.864380,       -1.4601287842
782.189880,       -1.6049346924
782.515442,       -1.5543518066
782.840942,       -1.6627655029
783.166321,       -1.5955963135
783.491699,       -1.5754165649
783.817017,       -1.3501586914
784.142395,       -1.3628997803
784.467529,       -1.3674468994
784.792725,       -1.2665557861
785.117859,       -1.1854705811
785.442932,       -0.9822082520
785.768005,       -0.9483795166
786.092957,       -0.7962112427
786.417908,       -0.7916564941
786.742798,       -0.7685623169
787.067566,       -0.8340301514
787.392456,       -0.7823944092
787.717163,       -0.6867752075
788.041870,       -0.7235412598
788.366577,       -0.7075195313
788.691101,       -0.5006561279
789.015686,       -0.5900573730
789.340149,       -0.6696090698
789.664673,       -0.7185363770
789.989075,       -0.6824188232
790.313354,       -0.8986663818
790.637756,       -1.0730285645
790.962036,       -1.1008300781
791.286194,       -1.0531921387
791.610413,       -1.0153350830
791.934448,       -1.1489562988
792.258606,       -1.1079101563
792.582581,       -1.2756347656
792.906555,       -1.3141937256
793.230530,       -1.2800903320
793.554321,       -1.3115692139
793.878174,       -1.1658630371
794.201965,       -1.1475601196
794.525696,       -1.2234191895
794.849426,       -1.2524490356
795.172974,       -1.2888641357
795.496643,       -1.4556427002
795.820129,       -1.3775787354
796.143616,       -1.3772506714
796.467102,       -1.2462768555
796.790405,       -1.3459243774
797.113831,       -1.1773376465
797.437134,       -1.1324386597
797.760315,       -1.2054290771
798.083618,       -1.1340179443
798.406677,       -1.2096023560
798.729797,       -1.4823303223
799.052856,       -1.5066833496
799.375854,       -1.3366928101
799.698853,       -1.4377746582
800.021729,       -1.6448059082
800.344604,       -1.6416473389
800.667358,       -1.8150634766
800.990112,       -1.8998718262
801.312866,       -1.9109954834
801.635498,       -1.9551010132
801.958191,       -1.9410552979
802.280701,       -1.8649597168
802.603210,       -1.8033905029
802.925781,       -1.7434387207
803.248108,       -1.8063964844
803.570496,       -1.7419815063
803.892822,       -1.8016128540
804.215088,       -1.8603515625
804.537354,       -1.8963928223
804.859436,       -1.9673156738
805.181641,       -2.0659637451
805.503723,       -1.8459625244
805.825745,       -2.0090560913
806.147766,       -2.1874084473
806.469604,       -2.1232681274
806.791504,       -2.0160140991
807.113342,       -2.0452499390
807.435181,       -2.0206375122
807.756897,       -2.0744781494
808.078552,       -2.1366577148
808.400208,       -2.0773315430
808.721802,       -2.1877975464
809.043335,       -2.2500610352
809.364929,       -2.3127136230
809.686279,       -2.4093933105
810.007751,       -2.3567504883
810.329041,       -2.3187103271
810.650330,       -2.2743759155
810.971619,       -2.2126312256
811.292786,       -2.0935974121
811.613953,       -2.1303787231
811.935059,       -1.9840698242
812.256104,       -1.9336090088
812.577148,       -1.8487396240
812.898071,       -1.7815551758
813.218994,       -1.7435455322
813.539795,       -1.7155609131
813.860596,       -1.8111190796
814.181396,       -1.7087097168
814.502136,       -1.5811157227
814.822754,       -1.5832061768
815.143372,       -1.6260528564
815.463928,       -1.4758834839
815.784485,       -1.4515533447
816.104919,       -1.3773345947
816.425354,       -1.3290634155
816.745728,       -1.4111175537
817.065979,       -1.4423522949
817.386353,       -1.4168624878
817.706421,       -1.5198364258
818.026733,       -1.5464782715
818.346863,       -1.6236724854
818.666809,       -1.7706604004
818.986938,       -1.8246154785
819.306824,       -1.6939620972
819.626770,       -1.6876220703
819.946716,       -1.7444152832
820.266479,       -1.7360534668
820.586304,       -1.5838928223
820.905945,       -1.5840682983
821.225647,       -1.7071228027
821.545349,       -1.8723602295
821.864868,       -1.8698348999
822.184448,       -2.0079040527
822.503845,       -2.0587158203
822.823364,       -2.0192260742
823.142761,       -2.0368270874
823.462036,       -1.9742431641
823.781372,       -1.8921508789
824.100525,       -1.9218597412
824.419800,       -2.3285064697
824.738953,       -2.3472595215
825.057922,       -2.2987747192
825.377014,       -2.2098083496
825.695984,       -2.2985229492
826.014954,       -2.3542404175
826.333862,       -2.3296356201
826.652649,       -2.3299560547
826.971497,       -2.3261718750
827.290100,       -2.4295349121
827.608887,       -2.5517578125
827.927612,       -2.5141906738
828.246094,       -2.2124023438
828.564697,       -2.1397247314
828.883118,       -2.1151733398
829.201599,       -2.0027313232
829.520020,       -2.0635604858
829.838318,       -2.0527725220
830.156616,       -2.0370025635
830.474854,       -2.1143798828
830.793091,       -2.1043777466
831.111267,       -1.5538864136
831.429260,       -1.5229492188
831.747437,       -1.4059371948
832.065308,       -1.3666687012
832.383362,       -1.2877349854
832.701233,       -1.2818908691
833.019043,       -1.2666473389
833.336914,       -1.2524185181
833.654663,       -1.2067260742
833.972351,       -1.1932373047
834.289978,       -1.3892440796
834.607483,       -1.4667663574
834.925171,       -1.5433044434
835.242676,       -1.5513153076
835.560059,       -1.5061264038
835.877502,       -1.5596694946
836.194763,       -1.4721221924
836.512146,       -1.4071350098
836.829468,       -1.4568176270
837.146545,       -1.5038299561
837.463745,       -1.3770294189
837.780823,       -1.4281387329
838.097900,       -1.4226760864
838.414917,       -1.6270751953
838.731873,       -1.6915435791
839.048828,       -1.5975189209
839.365540,       -1.5864257813
839.682434,       -1.5662689209
839.999207,       -1.5440521240
840.315857,       -1.7000579834
840.632568,       -1.6939773560
840.949097,       -1.3563613892
841.265747,       -1.2370605469
841.582275,       -1.2767639160
841.898682,       -1.3817138672
842.215088,       -1.4561157227
842.531433,       -1.4264526367
842.847778,       -1.4759674072
843.164063,       -1.5752410889
843.480164,       -1.6685485840
843.796387,       -1.6123657227
844.112427,       -1.8211593628
844.428528,       -1.9999542236
844.744568,       -2.0373840332
845.060486,       -1.9965057373
845.376404,       -1.9239044189
845.692200,       -1.9312896729
846.008057,       -1.9146881104
846.323853,       -1.9727554321
846.639465,       -1.9879150391
846.955139,       -1.9175643921
847.270691,       -1.9553375244
847.586304,       -2.0939331055
847.901855,       -2.0963058472
848.217224,       -2.0887908936
848.532715,       -2.0429382324
848.847961,       -2.1757659912
849.163330,       -2.0890731812
849.478638,       -2.1471557617
849.793823,       -2.2246551514
850.108948,       -2.0925750732
850.424011,       -2.1822891235
850.739136,       -2.0949859619
851.054199,       -1.8466644287
851.369019,       -1.7124328613
851.684021,       -1.6268615723
851.998779,       -1.7612380981
852.313660,       -1.8420104980
852.628418,       -1.9398040771
852.943054,       -2.0904617310
853.257751,       -2.0622406006
853.572327,       -2.0895614624
853.886841,       -1.9581146240
854.201477,       -1.9894561768
854.515808,       -2.0743713379
854.830261,       -2.0788726807
855.144592,       -2.1586532593
855.458862,       -1.9102096558
855.773193,       -2.0444641113
856.087280,       -2.0251770020
856.401489,       -1.9392700195
856.715515,       -1.9944305420
857.029602,       -2.0270843506
857.343628,       -1.9780273438
857.657532,       -1.9320373535
857.971497,       -1.9730834961
858.285278,       -2.0033874512
858.599121,       -1.9378814697
858.912903,       -1.8187255859
859.226501,       -1.8176422119
859.540222,       -1.7385330200
859.853699,       -1.8545684814
860.167297,       -1.7627716064
860.480896,       -1.9580078125
860.794250,       -1.9289016724
861.107666,       -1.9467849731
861.420959,       -1.9127655029
861.734314,       -1.8011322021
862.047546,       -1.7155151367
862.360657,       -1.7423248291
862.673889,       -1.7884521484
862.986938,       -1.8265991211
863.299988,       -1.7779998779
863.613037,       -1.8735809326
863.925903,       -1.9899291992
864.238831,       -2.2636871338
864.551575,       -2.2391510010
864.864380,       -2.2397918701
865.177185,       -2.1705780029
865.489807,       -2.3175201416
865.802490,       -2.2863845825
866.114990,       -2.3716735840
866.427612,       -2.4674377441
866.740112,       -2.5136184692
867.052429,       -2.4148254395
867.364868,       -2.3205718994
867.677124,       -2.2543869019
867.989502,       -2.3299713135
868.301758,       -2.4220581055
868.613831,       -2.5730285645
868.926025,       -2.6019134521
869.238159,       -2.5019683838
869.550049,       -2.4941711426
869.862122,       -2.5997543335
870.173950,       -2.4260177612
870.485901,       -2.3601226807
870.797791,       -2.2042160034
871.109497,       -2.3434906006
871.421204,       -2.3133697510
871.732849,       -2.4261016846
872.044495,       -2.3570632935
872.356079,       -2.2609710693
872.667542,       -2.0789642334
872.979065,       -1.9204406738
873.290344,       -1.8663558960
873.601807,       -1.8961486816
873.913147,       -1.9740295410
874.224304,       -1.9475097656
874.535645,       -1.8401947021
874.846741,       -1.9028320313
875.157837,       -1.8969650269
875.468994,       -2.0390396118
875.779907,       -2.0162429810
876.090881,       -2.0041351318
876.401733,       -2.0405731201
876.712646,       -2.0712890625
877.023499,       -2.0311279297
877.334167,       -2.0944290161
877.644897,       -2.0824584961
877.955505,       -2.0730743408
878.266113,       -2.0154190063
878.576721,       -1.9913635254
878.887146,       -2.0568542480
879.197571,       -2.1014404297
879.507996,       -2.0532608032
879.818298,       -2.2501373291
880.128662,       -2.4191589355
880.438843,       -2.4428100586
880.749084,       -2.5209960938
881.059143,       -2.8528060913
881.369263,       -2.8471527100
881.679382,       -2.7134857178
881.989258,       -2.5384368896
882.299194,       -2.6223907471
882.609070,       -2.6934814453
882.918945,       -2.6231994629
883.228760,       -2.5801086426
883.538452,       -2.5793533325
883.848145,       -2.6420516968
884.157654,       -2.7308654785
884.467285,       -2.7863769531
884.776917,       -2.8496551514
885.086243,       -2.9618225098
885.395813,       -2.9985122681
885.705017,       -2.9649124146
886.014404,       -3.0440063477
886.323730,       -2.9346923828
886.632874,       -2.8890838623
886.942078,       -2.9446945190
887.251160,       -2.8622055054
887.560242,       -2.5023040771
887.869263,       -2.3896484375
888.178162,       -2.6498718262
888.487122,       -4.3606109619
888.795898,       -4.3156967163
889.104797,       -4.2664794922
889.413513,       -4.2031555176
889.722168,       -4.3963470459
890.030884,       -4.4879684448
890.339417,       -4.4024658203
890.648010,       -4.3133392334
890.956543,       -4.3317718506
891.264893,       -4.2093658447
891.573364,       -4.0476684570
891.881653,       -4.0782241821
892.189941,       -4.1741027832
892.498230,       -4.3430786133
892.806335,       -4.4315338135
893.114502,       -4.4231872559
893.422546,       -4.4318466187
893.730652,       -4.5701980591
894.038696,       -4.7351989746
894.346497,       -4.7587738037
894.654419,       -4.7717056274
894.962158,       -2.9837188721
895.270020,       -3.0397338867
895.577759,       -3.0347061157
895.885376,       -3.0941619873
896.192993,       -2.9557647705
896.500549,       -3.0809402466
896.808044,       -3.0910720825
897.115601,       -3.2238006592
897.422913,       -3.2184448242
897.730347,       -3.2882995605
898.037598,       -3.4538574219
898.344910,       -3.5374298096
898.652161,       -3.5243682861
898.959167,       -3.4399032593
899.266418,       -3.4642181396
899.573364,       -3.4135208130
899.880371,       -3.3216705322
900.187378,       -3.1876831055
900.494202,       -3.1074523926
900.801086,       -3.1039886475
901.107788,       -3.0116882324
901.414612,       -2.8842926025
901.721375,       -2.8136291504
902.027832,       -2.8482284546
902.334534,       -2.7862243652
902.641113,       -2.8158111572
902.947510,       -2.6612854004
903.253967,       -2.6637802124
903.560242,       -2.4106597900
903.866638,       -2.3798980713
904.172974,       -2.3585357666
904.479126,       -2.2526855469
904.785278,       -2.2155456543
905.091370,       -2.1954956055
905.397461,       -2.1023788452
905.703552,       -2.0779418945
906.009399,       -2.1961212158
906.315369,       -2.3404235840
906.621155,       -2.4707489014
906.927002,       -2.4785079956
907.232788,       -2.4998779297
907.538452,       -2.4715805054
907.844116,       -2.6430816650
908.149658,       -2.6865768433
908.455200,       -2.6562957764
908.760803,       -2.7066726685
909.066162,       -2.7159194946
909.371582,       -2.7890625000
909.676880,       -2.8065719604
909.982178,       -3.0597839355
910.287476,       -3.1579971313
910.592529,       -3.1498565674
910.897705,       -3.6910018921
911.202759,       -3.6629180908
911.507813,       -3.6720886230
911.812805,       -3.6301116943
912.117676,       -3.5245208740
912.422546,       -3.4520263672
912.727356,       -3.2920989990
913.032104,       -3.3172836304
913.336853,       -3.3406753540
913.641479,       -3.3863067627
913.946106,       -3.3340148926
914.250610,       -3.5247344971
914.555115,       -3.6448516846
914.859619,       -3.7738952637
915.163940,       -3.7227172852
915.468323,       -3.7758178711
915.772583,       -3.7704772949
916.076843,       -3.8173675537
916.381104,       -3.6672515869
916.685120,       -3.6113128662
916.989258,       -3.6363372803
917.293213,       -3.0857086182
917.597290,       -3.4444580078
917.901184,       -3.6024780273
918.205017,       -3.7987213135
918.508850,       -3.8186035156
918.812561,       -3.8471679688
919.116333,       -3.9715881348
919.420044,       -3.8135986328
919.723572,       -4.2149353027
920.027222,       -4.1826324463
920.330627,       -4.0856094360
920.634094,       -3.8743438721
920.937561,       -3.8385162354
921.240784,       -3.8103790283
921.544189,       -3.9283065796
921.847351,       -3.8582611084
922.150574,       -4.0664520264
922.453735,       -4.1205368042
922.756775,       -4.2883148193
923.059875,       -4.2362518311
923.362793,       -4.4006042480
923.665771,       -4.5246658325
923.968689,       -4.2645263672
924.271362,       -4.1737213135
924.574219,       -4.0602722168
924.876892,       -4.0561370850
925.179565,       -4.1415557861
925.482239,       -4.1116561890
925.784729,       -4.4253387451
926.087280,       -4.0687942505
926.389648,       -4.0661773682
926.692078,       -4.1744537354
926.994507,       -4.1109161377
927.296692,       -3.9987487793
927.599060,       -4.0613555908
927.901123,       -3.9198303223
928.203308,       -3.8080673218
928.505432,       -3.5900421143
928.807434,       -3.5412597656
929.109436,       -3.3803100586
929.411316,       -3.4056243896
929.713196,       -3.0924224854
930.015015,       -2.9645385742
930.316711,       -2.9121398926
930.618530,       -2.7649078369
930.920105,       -2.7921524048
931.221802,       -3.0900802612
931.523315,       -2.8565216064
931.824829,       -2.7869186401
932.126282,       -2.6387634277
932.427612,       -2.5431518555
932.729004,       -2.5546493530
933.030334,       -2.5488281250
933.331482,       -2.7618942261
933.632751,       -2.8716430664
933.933777,       -2.6578369141
934.234924,       -2.8415832520
934.536011,       -2.9017028809
934.836914,       -3.0868072510
935.137878,       -3.0101318359
935.438660,       -3.2611083984
935.739502,       -3.2000045776
936.040344,       -3.4840393066
936.340942,       -3.4495849609
936.641663,       -3.3641510010
936.942383,       -3.3363800049
937.242798,       -3.4337310791
937.543335,       -3.2689743042
937.843750,       -3.2340316772
938.144165,       -3.1302108765
938.444580,       -3.2416992188
938.744751,       -3.1697921753
939.045044,       -3.0885925293
939.345154,       -3.2591094971
939.645325,       -3.2870178223
939.945435,       -3.2855224609
940.245361,       -3.4782028198
940.545410,       -3.3938140869
940.845215,       -3.3805465698
941.145142,       -3.3176269531
941.445007,       -3.5648345947
941.744629,       -3.3540420532
942.044434,       -3.4080505371
942.343994,       -3.2566986084
942.643677,       -3.2865295410
942.943237,       -3.3651123047
943.242676,       -3.6012802124
943.542114,       -3.5750122070
943.841431,       -3.4056015015
944.140808,       -3.3710174561
944.440125,       -3.5755767822
944.739258,       -3.5653076172
945.038513,       -3.6519775391
945.337524,       -3.9527206421
945.636597,       -3.8735427856
945.935669,       -3.5975494385
946.234558,       -3.4760284424
946.533508,       -3.3885345459
946.832275,       -3.7159576416
947.131165,       -3.7943878174
947.429932,       -3.5060882568
947.728516,       -3.1109161377
948.027222,       -3.0407714844
948.325745,       -4.2729949951
948.624329,       -4.6651153564
948.922852,       -4.7418518066
949.221191,       -4.7962341309
949.519592,       -5.1169509888
949.817810,       -5.0381011963
950.116150,       -5.4159698486
950.414368,       -5.4630126953
950.712463,       -5.3608856201
951.010620,       -5.2170715332
951.308594,       -5.0516357422
951.606628,       -4.9501800537
951.904602,       -5.2851409912
952.202454,       -5.3664093018
952.500305,       -6.2186584473
952.798035,       -6.4546127319
953.095825,       -6.3393249512
953.393494,       -6.2271423340
953.691040,       -6.3234405518
953.988647,       -6.8572998047
954.286133,       -7.0562286377
954.583618,       -5.8509826660
954.881042,       -5.3583068848
955.178345,       -5.3327484131
955.475647,       -5.8715820313
955.772827,       -5.5866394043
956.070068,       -5.5365447998
956.367310,       -5.3646697998
956.664307,       -5.3542175293
956.961365,       -5.5986328125
957.258240,       -5.6461639404
957.555176,       -6.3719863892
957.852112,       -6.3540802002
958.148865,       -6.1530914307
958.445679,       -6.1553344727
958.742310,       -5.2210083008
959.039001,       -4.8757476807
959.335632,       -4.7710113525
959.632141,       -5.1229019165
959.928650,       -5.1620864868
960.224976,       -4.7499694824
960.521484,       -4.9510192871
960.817871,       -4.7569427490
961.114014,       -4.9721145630
961.410339,       -5.1012878418
961.706421,       -4.4656982422
962.002563,       -4.3627166748
962.298645,       -4.5747146606
962.594604,       -4.5414428711
962.890564,       -4.7678375244
963.186401,       -7.0531234741
963.482300,       -7.4595336914
963.778137,       -6.8380279541
964.073792,       -6.5240020752
964.369568,       -6.5076599121
964.665100,       -6.3986816406
964.960693,       -6.8743515015
965.256287,       -7.4356536865
965.551697,       -7.1878662109
965.847168,       -6.7665863037
966.142395,       -6.7523117065
966.437744,       -6.9794616699
966.733032,       -6.6112365723
967.028198,       -6.7601776123
967.323364,       -6.9163742065
967.618408,       -6.7951126099
967.913513,       -7.3057708740
968.208496,       -7.7360229492
968.503357,       -7.4747009277
968.798279,       -7.7131042480
969.093018,       -7.7864074707
969.387817,       -4.8433837891
969.682556,       -4.3845062256
969.977173,       -4.5368576050
970.271790,       -5.2438507080
970.566406,       -5.5122680664
970.860779,       -5.4204864502
971.155334,       -5.2878112793
971.449646,       -4.6472320557
971.743958,       -4.7580261230
972.038330,       -5.1481781006
972.332458,       -5.4348144531
972.626648,       -5.4863128662
972.920715,       -5.3200454712
973.214844,       -5.5479278564
973.508911,       -5.4877853394
973.802734,       -5.8557662964
974.096741,       -6.0119018555
974.390442,       -5.7499771118
974.684265,       -5.9717330933
974.978088,       -5.5381774902
975.271667,       -5.4895706177
975.565369,       -5.7623596191
975.858826,       -6.0962829590
976.152405,       -6.2545166016
976.445923,       -5.5606307983
976.739258,       -5.4082412720
977.032654,       -5.9193572998
977.325867,       -5.9208221436
977.619202,       -6.2539749146
977.912415,       -6.9249725342
978.205505,       -6.9481353760
978.498596,       -6.9909057617
978.791504,       -6.9411468506
979.084534,       -7.4637756348
979.377563,       -7.3225860596
979.670288,       -7.3138504028
979.963196,       -6.9614105225
980.255859,       -6.4768371582
980.548584,       -6.3286437988
980.841309,       -7.9539337158
981.133850,       -8.5237197876
981.426392,       -9.0606231689
981.718811,       -9.0120697021
982.011292,       -8.3920440674
982.303650,       -8.6579284668
982.595886,       -8.9990921021
982.888245,       -9.0883026123
983.180359,       -8.8520202637
983.472595,       -9.2584075928
983.764709,       -8.8850860596
984.056641,       -8.2686614990
984.348755,       -8.4650878906
984.640625,       -8.6943511963
984.932495,       -8.5919189453
985.224365,       -8.5578308105
985.516052,       -8.6410522461
985.807861,       -8.4974212646
986.099426,       -9.5465240479
986.391052,       -9.6466522217
986.682678,       -9.8801116943
986.974121,       -8.1838912964
987.265625,       -7.7495727539
987.556885,       -7.3476409912
987.848328,       -7.2740936279
988.139648,       -7.8613891602
988.430786,       -7.8692321777
988.721985,       -8.2865829468
989.013000,       -7.8424377441
989.304138,       -8.6210632324
989.595215,       -9.5173187256
989.886047,       -9.9529571533
990.177002,      -11.3358306885
990.467834,      -11.2359619141
990.758606,      -10.9556579590
991.049377,      -11.2749176025
991.339966,      -12.5907897949
991.630676,      -12.6850509644
991.921143,      -13.2627334595
992.211670,      -13.7435913086
992.502197,      -13.5910491943
992.792542,      -13.8864364624
993.082886,      -13.2661590576
993.373169,      -13.8202209473
993.663452,      -13.5414886475
993.953613,      -13.8446807861
994.243713,      -13.6661529541
994.533813,      -13.1958007813
994.823792,      -13.2760314941
995.113770,      -13.6057891846
995.403687,      -13.4930267334
995.693481,      -12.3854751587
995.983337,      -12.3286285400
996.273010,      -10.8842773438
996.562744,      -10.6913604736
996.852417,      -11.5961761475
997.141907,      -11.0534210205
997.431458,       -9.7168273926
997.720886,       -9.7777252197
998.010315,       -9.7377319336
998.299744,       -8.2400054932
998.588928,       -8.1207580566
998.878296,       -7.9902648926
999.167419,       -8.6128540039
999.456543,       -9.3117523193
999.745667,       -9.8006286621
1000.034607,       -9.3342895508
1000.323669,       -9.2362594604
1000.612488,      -10.5682373047
1000.901367,      -10.1493148804
1001.190247,       -9.9673309326
1001.478882,       -9.4690322876
1001.767639,      -10.0255889893
1002.056335,       -9.7663421631
1002.344849,      -10.4490509033
1002.633423,      -10.7053985596
1002.921814,      -10.5094375610
1003.210266,      -10.4151763916
1003.498657,      -10.7596511841
1003.786926,      -10.8602981567
1004.075256,      -11.1163253784
1004.363342,      -10.9908447266
1004.651489,      -10.6425018311
1004.939697,      -10.6219024658
1005.227600,      -12.0131683350
1005.515686,      -11.8639144897
1005.803467,      -12.2489318848
1006.091370,      -12.6303558350
1006.379272,      -13.2254257202
1006.666870,      -12.1513442993
1006.954712,      -11.7741699219
1007.242188,      -11.9713058472
1007.529907,      -13.0203857422
1007.817444,      -12.1944046021
1008.104858,      -13.9507293701
1008.392334,      -13.6148681641
1008.679565,      -14.3761749268
1008.966980,      -14.9201812744
1009.254272,      -15.8684082031
1009.541382,      -15.6133422852
1009.828613,      -15.2541351318
1010.115601,      -14.8183212280
1010.402649,      -14.9970550537
1010.689697,      -15.3492889404
1010.976563,      -15.2762298584
1011.263489,      -15.2641830444
1011.550171,      -14.5826873779
1011.837036,      -14.5054779053
1012.123657,      -14.3441543579
1012.410278,      -14.6277008057
1012.696899,      -15.5416870117
1012.983337,      -16.6673812866
1013.269897,      -17.3814086914
1013.556396,      -16.8703155518
1013.842651,      -17.1479492188
1014.129028,      -16.5270233154
1014.415161,      -16.8316421509
1014.701477,      -16.6728820801
1014.987671,      -18.0320892334
1015.273560,      -17.8855819702
1015.559692,      -18.8840332031
1015.845581,      -18.9146270752
1016.131592,      -19.7922515869
1016.417542,      -21.1823730469
1016.703247,      -22.3626098633
1016.989014,      -23.3054809570
1017.274658,      -23.2118072510
1017.560303,      -25.6505279541
1017.845947,      -25.4766235352
1018.131409,      -26.0726699829
1018.416870,      -25.6878662109
1018.702271,      -25.2533798218
1018.987671,      -25.4745330811
1019.272949,      -26.5476684570
1019.558228,      -28.5018920898
1019.843445,      -29.0269012451
1020.128540,      -28.6271362305
1020.413574,      -28.8631439209
1020.698608,      -28.7243957520
1020.983521,      -26.1955566406
1021.268555,      -28.5075378418
1021.553284,      -29.6489562988
1021.838135,      -32.4542846680
1022.122925,      -33.9401092529
1022.407593,      -53.2702178955
1022.692261,      -23.7213363647
1022.976807,      -14.0935211182
1023.261292,      -17.1890869141
1023.545837,      -12.1990356445
1023.830200,      -18.1037521362
1024.114624,      -55.3740386963
1024.398804,      -52.7348785400
1024.683105,      -56.7562713623
1024.967285,      -56.8670043945
