340.270844,      100.0000000000
340.648560,      100.0000000000
341.026306,     -589.2861938477
341.403961,     -832.6692504883
341.781616,     -395.1027526855
342.159210,    -1388.5194091797
342.536743,      -93.9503479004
342.914307,     -118.3573913574
343.291779,      -91.9321594238
343.669250,      100.0000000000
344.046661,      -51.6537780762
344.424042,      -50.6667480469
344.801422,      -48.8808288574
345.178711,      -52.3808135986
345.556000,      -57.7333068848
345.933258,      -62.4407196045
346.310486,      -65.3508605957
346.687622,      -65.2750549316
347.064758,      -65.9752807617
347.441895,      -60.9967956543
347.818939,      -58.8724365234
348.195953,      -57.0638732910
348.572937,      -58.3862609863
348.949890,      -61.2060546875
349.326843,      -63.3943939209
349.703735,      -63.9259948730
350.080597,      -63.9457092285
350.457397,      -61.2936401367
350.834198,      -56.8867492676
351.210968,      -56.4008789063
351.587646,      -57.4794006348
351.964325,      -53.7993164063
352.340942,      -53.1055450439
352.717560,      -58.5940704346
353.094147,      -59.3079528809
353.470673,      -58.5018920898
353.847168,      -54.4248962402
354.223602,      -53.5361328125
354.600037,      -53.8720245361
354.976440,      -49.7018432617
355.352783,      -54.4978637695
355.729126,      -57.8815155029
356.105408,      -57.6275177002
356.481628,      -70.4086914063
356.857849,      -69.8307495117
357.234009,      -67.1853942871
357.610168,      -67.2660064697
357.986267,      -64.9424896240
358.362366,      -66.1676330566
358.738373,      -67.0706787109
359.114349,      -67.1420898438
359.490326,      -65.5166015625
359.866241,      -63.7731475830
360.242157,      -65.2945251465
360.617981,      -61.3291931152
360.993805,      -60.5248870850
361.369568,      -60.7680206299
361.745331,      -62.7178649902
362.121033,      -63.6659851074
362.496704,      -62.6985473633
362.872314,      -60.9415435791
363.247925,      -60.5453186035
363.623505,      -55.8984375000
363.999023,      -53.4223937988
364.374542,      -37.0708312988
364.750000,      -35.1594390869
365.125397,      -35.0655975342
365.500763,      -33.6422119141
365.876160,      -35.8296203613
366.251434,      -37.6282348633
366.626740,      -36.1563720703
367.001953,      -37.8128051758
367.377136,      -38.8340301514
367.752350,      -41.1678466797
368.127472,      -41.3642578125
368.502594,      -38.5508117676
368.877625,      -37.3875732422
369.252625,      -36.8589782715
369.627625,      -35.0553283691
370.002563,      -30.9277954102
370.377502,      -32.1365356445
370.752380,      -31.6370544434
371.127228,      -32.3904876709
371.502014,      -33.0001068115
371.876770,      -34.8872985840
372.251526,      -32.3666992188
372.626221,      -32.0341796875
373.000885,      -31.9410705566
373.375488,      -32.6242218018
373.750092,      -30.4980621338
374.124664,      -28.3591003418
374.499146,      -31.0112915039
374.873627,      -32.4858856201
375.248108,      -32.5676727295
375.622467,      -35.6730346680
375.996887,      -37.1995391846
376.371185,      -39.0697937012
376.745483,      -39.3713226318
377.119751,      -40.1895751953
377.493958,      -44.4093627930
377.868195,      -45.5614624023
378.242310,      -42.7970886230
378.616394,      -46.4450683594
378.990540,      -44.9128265381
379.364563,      -48.9939270020
379.738556,      -50.5810546875
380.112518,      -49.4937438965
380.486481,      -48.3410034180
380.860352,      -47.9872131348
381.234192,      -48.7733459473
381.608063,      -47.1551818848
381.981812,      -46.7234039307
382.355591,      -44.2225341797
382.729309,      -42.0263061523
383.102966,      -40.3676147461
383.476624,      -35.8808288574
383.850220,      -33.1938781738
384.223816,      -32.4953002930
384.597321,      -33.7018127441
384.970856,      -33.3498077393
385.344299,      -28.6690826416
385.717682,      -26.2050399780
386.091125,      -29.0204467773
386.464447,      -23.7716979980
386.837769,      -20.4857177734
387.211029,      -16.4595489502
387.584290,      -13.0307846069
387.957489,      -12.7523040771
388.330627,      -13.1536788940
388.703766,      -12.1365966797
389.076874,      -10.1363906860
389.449921,      -14.2759628296
389.822937,      -11.9855041504
390.195923,      -12.7879028320
390.568878,      -12.6460113525
390.941772,      -11.7239685059
391.314636,       -8.1957702637
391.687500,       -4.5342407227
392.060272,       -4.3669891357
392.433075,       -1.6207885742
392.805756,        1.3157501221
393.178436,        2.8651123047
393.551117,       -0.9466705322
393.923737,        1.8054046631
394.296326,        2.1302490234
394.668854,        2.4928894043
395.041321,        1.9838333130
395.413849,       -0.0029907227
395.786255,       -2.7092895508
396.158630,       -2.6538467407
396.531006,       -5.4796600342
396.903320,       -4.5270385742
397.275604,       -2.7946472168
397.647827,       -2.3635787964
398.020050,       -4.2725830078
398.392212,       -3.0029144287
398.764343,       -2.2429199219
399.136444,       -1.6582946777
399.508514,       -7.1121520996
399.880554,       -5.5673065186
400.252533,       -5.8868255615
400.624512,       -7.8159713745
400.996399,       -9.1925888062
401.368286,       -5.4168853760
401.740112,       -3.0311965942
402.111908,       -1.3860015869
402.483673,       -0.6563186646
402.855408,        0.7136688232
403.227081,        1.8291778564
403.598755,        5.5166397095
403.970367,        7.2466125488
404.341980,        5.0195083618
404.713501,        5.1552429199
405.085022,        4.7697830200
405.456482,        5.0283508301
405.827911,        9.8869705200
406.199310,       12.6001434326
406.570648,       10.7625122070
406.942017,       10.3622817993
407.313263,       15.9584350586
407.684509,       15.5760116577
408.055725,       17.5697250366
408.426880,       17.9431533813
408.798035,       11.7758636475
409.169128,       12.1080169678
409.540161,        8.7349624634
409.911224,        9.2030487061
410.282196,        9.3331832886
410.653137,       10.2202301025
411.024048,       11.7246627808
411.394897,       11.6451263428
411.765747,       11.4871978760
412.136536,       17.0244445801
412.507324,       12.1298217773
412.878052,       13.3859405518
413.248718,       12.5765991211
413.619385,       12.6092071533
413.989990,       11.6044921875
414.360565,       13.9177551270
414.731110,       14.0026473999
415.101563,       13.3958053589
415.472076,       14.9200286865
415.842468,       15.4275360107
416.212891,        9.7641067505
416.583221,       16.0256500244
416.953522,       16.3735504150
417.323792,       20.8073043823
417.694031,       19.6866607666
418.064240,       18.9081573486
418.434418,       18.6229858398
418.804535,       18.5063858032
419.174622,       19.7830886841
419.544678,       22.1205520630
419.914673,       22.5399169922
420.284668,       28.0752334595
420.654572,       29.0564575195
421.024475,       32.1057815552
421.394348,       30.4990692139
421.764191,       31.5019760132
422.133972,       30.8521728516
422.503693,       31.1418380737
422.873444,       32.0228958130
423.243134,       32.5903244019
423.612762,       32.2268447876
423.982330,       41.9890975952
424.351929,       41.8898010254
424.721436,       41.3807296753
425.090942,       42.0973472595
425.460358,       43.6122245789
425.829773,       45.3805160522
426.199158,       47.7063064575
426.568481,       49.9065704346
426.937775,       50.5942077637
427.307037,       49.5307273865
427.676239,       50.0747947693
428.045441,       49.7063560486
428.414581,       50.8545455933
428.783722,       49.9043960571
429.152802,       51.2847290039
429.521790,       49.0117301941
429.890839,       50.4487533569
430.259766,       52.1534805298
430.628693,       51.0231094360
430.997589,       51.7100791931
431.366425,       51.7427940369
431.735229,       50.3025817871
432.104004,       50.3373336792
432.472748,       51.2979354858
432.841431,       51.6786880493
433.210052,       52.2435684204
433.578705,       52.8801269531
433.947266,       52.6143035889
434.315826,       53.3629989624
434.684326,       54.0936660767
435.052765,       54.1445999146
435.421204,       51.8088035583
435.789612,       53.5834197998
436.157959,       53.8926696777
436.526276,       54.9995498657
436.894531,       53.3109970093
437.262756,       57.0119934082
437.630951,       56.1167221069
437.999146,       56.8184776306
438.367249,       57.9811897278
438.735321,       58.3935356140
439.103394,       59.5328445435
439.471405,       59.7552871704
439.839386,       37.6678695679
440.207306,       37.5725555420
440.575195,       35.5334091187
440.943054,       36.4685592651
441.310883,       36.1286544800
441.678680,       35.5668792725
442.046387,       35.2979888916
442.414093,       34.6040039063
442.781799,       35.2827072144
443.149414,       36.3384399414
443.516998,       36.5615234375
443.884552,       36.5316276550
444.252045,       36.5067672729
444.619537,       39.2944488525
444.987000,       38.3987426758
445.354401,       40.0141906738
445.721710,       40.3452873230
446.089081,       41.3651580811
446.456360,       41.2007255554
446.823608,       41.5825958252
447.190826,       42.4507369995
447.557953,       63.6281547546
447.925110,       64.5120697021
448.292175,       66.9212799072
448.659271,       66.3334350586
449.026276,       67.5704956055
449.393250,       68.4831695557
449.760193,       67.8572692871
450.127075,       68.9770660400
450.493958,       69.7098083496
450.860779,       71.4098281860
451.227570,       71.8391342163
451.594330,       72.3807296753
451.960999,       71.9171295166
452.327698,       71.3655242920
452.694336,       71.8737487793
453.060913,       72.2736663818
453.427490,       72.7500152588
453.793976,       72.7856292725
454.160492,       73.9304656982
454.526917,       52.0663108826
454.893311,       52.2387123108
455.259674,       53.0804519653
455.626007,       53.4676971436
455.992310,       53.5817527771
456.358551,       54.5091018677
456.724731,       54.3718757629
457.090912,       54.9312896729
457.457031,       55.9027099609
457.823151,       55.9876060486
458.189209,       56.4889907837
458.555206,       56.3886184692
458.921173,       56.6558570862
459.287109,       57.4628601074
459.653015,       58.1015930176
460.018890,       59.0025634766
460.384705,       59.5522079468
460.750519,       58.8061637878
461.116241,       59.2255134583
461.481964,       59.5581398010
461.847626,       59.4370841980
462.213226,       78.0628204346
462.578827,       78.5124282837
462.944427,       78.9451522827
463.309906,       79.1335601807
463.675385,       79.7042770386
464.040802,       79.9531631470
464.406219,       80.5298461914
464.771606,       81.1609954834
465.136902,       81.4163818359
465.502197,       81.5907211304
465.867462,       81.2192077637
466.232635,       81.7345123291
466.597839,       81.6405639648
466.962921,       81.3102035522
467.328003,       81.5850296021
467.693054,       81.6398925781
468.058075,       81.7975769043
468.423035,       82.8005065918
468.787994,       82.1635971069
469.152863,       82.0053405762
469.517700,       81.9586257935
469.882538,       82.0644302368
470.247314,       82.6450729370
470.612061,       81.6239089966
470.976746,       81.9403076172
471.341431,       81.3966140747
471.706024,       81.4032592773
472.070618,       81.1106338501
472.435181,       81.2592468262
472.799622,       81.2722320557
473.164124,       81.1174545288
473.528534,       81.6867523193
473.892975,       81.4312438965
474.257294,       81.7405014038
474.621582,       82.3033752441
474.985870,       82.5836715698
475.350098,       82.4100036621
475.714325,       82.9283142090
476.078461,       83.2209548950
476.442535,       83.7016067505
476.806641,       84.3192749023
477.170685,       84.8078231812
477.534668,       85.3507537842
477.898621,       85.5816268921
478.262512,       86.0862960815
478.626404,       85.6111145020
478.990265,       86.2053833008
479.354065,       86.4522323608
479.717834,       86.7032928467
480.081512,       86.4848480225
480.445221,       86.6004257202
480.808899,       87.0508117676
481.172485,       86.6836242676
481.536041,       87.0480804443
481.899567,       87.0447616577
482.263062,       87.2060394287
482.626526,       87.2622375488
482.989929,       87.4608688354
483.353271,       87.2454910278
483.716583,       87.1062316895
484.079895,       87.2684936523
484.443146,       87.1978683472
484.806366,       87.2565917969
485.169525,       87.1037979126
485.532654,       87.2221069336
485.895752,       87.5577011108
486.258820,       88.0858459473
486.621857,       87.9445190430
486.984802,       87.8958969116
487.347748,       87.9266738892
487.710663,       88.1642150879
488.073517,       88.3886032104
488.436340,       88.4571838379
488.799072,       88.7481307983
489.161835,       88.9306640625
489.524536,       89.2998428345
489.887238,       89.3458709717
490.249847,       89.4947509766
490.612396,       89.6817779541
490.974915,       89.9253311157
491.337433,       90.3315963745
491.699921,       90.4211807251
492.062347,       90.3491210938
492.424713,       90.3779144287
492.787079,       90.5722045898
493.149353,       88.4601745605
493.511658,       88.5549163818
493.873871,       88.6386489868
494.236053,       88.6719284058
494.598206,       88.6254806519
494.960297,       88.6630096436
495.322388,       88.6684112549
495.684418,       87.9415664673
496.046356,       88.1461944580
496.408325,       88.3689804077
496.770264,       88.3802795410
497.132141,       88.2549057007
497.493958,       88.2070083618
497.855713,       88.1058807373
498.217499,       88.1189270020
498.579193,       88.1292572021
498.940887,       88.1233596802
499.302490,       88.1407318115
499.664093,       88.3069458008
500.025635,       88.4701995850
500.387177,       88.3878784180
500.748627,       90.3597183228
501.110077,       90.3364410400
501.471436,       90.3652343750
501.832825,       90.5222625732
502.194153,       90.6869812012
502.555389,       90.6860046387
502.916626,       90.4612808228
503.277802,       91.1018218994
503.638977,       90.8552703857
504.000092,       90.7250061035
504.361176,       90.6389236450
504.722198,       90.6499938965
505.083160,       90.7022018433
505.444153,       90.8055648804
505.805084,       90.8418426514
506.165924,       90.8440399170
506.526764,       90.7993774414
506.887543,       90.4713592529
507.248322,       90.2973480225
507.609070,       90.2082824707
507.969727,       90.1966094971
508.330322,       90.2003326416
508.690918,       90.2835922241
509.051514,       90.2395706177
509.412018,       90.1790771484
509.772491,       90.1243133545
510.132904,       90.0352325439
510.493286,       89.9939270020
510.853699,       90.0193710327
511.213989,       90.1279830933
511.574280,       90.1120910645
511.934509,       90.1454620361
512.294678,       90.1218185425
512.654846,       90.1149978638
513.014954,       90.1231765747
513.375061,       89.8407669067
513.735046,       89.6652679443
514.095032,       89.7504501343
514.455078,       89.8928985596
514.814941,       90.0303192139
515.174805,       89.9092483521
515.534607,       89.9279479980
515.894409,       89.8338928223
516.254211,       88.4314041138
516.613892,       88.1645355225
516.973572,       88.0737686157
517.333130,       87.9830780029
517.692749,       87.9927520752
518.052368,       88.0923995972
518.411865,       87.9896240234
518.771301,       87.9852218628
519.130737,       87.8751907349
519.490173,       87.7583007813
519.849548,       87.6530532837
520.208801,       87.6080780029
520.568054,       87.4477615356
520.927307,       87.6477355957
521.286499,       87.7074432373
521.645691,       87.5039825439
522.004822,       87.4075775146
522.363831,       87.2584762573
522.722839,       87.2525482178
523.081848,       86.8675537109
523.440796,       86.7281112671
523.799744,       87.7993164063
524.158569,       87.9820175171
524.517395,       87.9911193848
524.876160,       87.9957580566
525.234924,       87.9682235718
525.593628,       87.9438705444
525.952271,       87.6606216431
526.310913,       87.5112686157
526.669495,       87.3930816650
527.028076,       87.3651275635
527.386536,       87.2348098755
527.744995,       87.1068572998
528.103394,       87.0208892822
528.461792,       86.7682571411
528.820129,       86.5852203369
529.178406,       86.5452194214
529.536743,       86.1999053955
529.894958,       86.2765045166
530.253113,       86.1790847778
530.611267,       86.1702728271
530.969299,       86.0517349243
531.327393,       85.6084136963
531.685486,       85.4547195435
532.043335,       85.4090270996
532.401367,       85.2668609619
532.759216,       85.2556304932
533.117004,       85.1770324707
533.474915,       85.2822036743
533.832642,       85.1835174561
534.190430,       85.2705459595
534.548096,       85.1605834961
534.905762,       85.1620407104
535.263367,       84.9827041626
535.620850,       84.9355850220
535.978455,       85.0175628662
536.335876,       85.0759353638
536.693359,       85.0230789185
537.050781,       85.2931213379
537.408142,       85.1419219971
537.765442,       85.1783447266
538.122681,       85.3446807861
538.479919,       85.4062576294
538.837219,       85.6889419556
539.194336,       85.6821899414
539.551453,       85.5109405518
539.908508,       85.3615188599
540.265564,       85.3582077026
540.622559,       85.3596191406
540.979553,       85.3329925537
541.336426,       85.2827758789
541.693298,       85.2712631226
542.050110,       85.1761169434
542.406921,       85.1291351318
542.763672,       85.2067718506
543.120422,       85.2332992554
543.477051,       85.1731948853
543.833679,       85.1815719604
544.190308,       85.1882324219
544.546814,       85.1826477051
544.903381,       85.1056976318
545.259827,       85.0296325684
545.616211,       84.7725067139
545.972595,       84.8195648193
546.328979,       84.8107376099
546.685242,       84.7795181274
547.041504,       84.8867492676
547.397644,       84.9871673584
547.753906,       84.9763565063
548.110046,       84.9883956909
548.466125,       85.0096664429
548.822144,       85.0567779541
549.178223,       84.8916244507
549.534241,       84.9130325317
549.890137,       85.0010833740
550.246033,       85.0011672974
550.601868,       84.9930801392
550.957581,       85.0546722412
551.313416,       84.9346466064
551.669128,       84.9906234741
552.024841,       84.8384246826
552.380432,       84.9230270386
552.736023,       84.8807220459
553.091675,       84.8499832153
553.447144,       84.8026351929
553.802612,       84.8315200806
554.158020,       84.8062515259
554.513428,       84.7800292969
554.868774,       84.8541564941
555.224121,       84.7367248535
555.579346,       84.6607055664
555.934631,       84.6750106812
556.289734,       84.6777191162
556.644958,       84.7303390503
557.000000,       84.6221847534
557.355103,       84.6200256348
557.710083,       84.6627197266
558.065063,       84.6814575195
558.420105,       84.6495513916
558.774963,       84.7503814697
559.129822,       84.6438064575
559.484619,       84.8019561768
559.839355,       84.8659133911
560.194153,       84.9521408081
560.548828,       85.1747207642
560.903442,       85.2335281372
561.258057,       85.2008361816
561.612610,       85.2805328369
561.967224,       85.3451995850
562.321655,       85.3219375610
562.676086,       85.4901733398
563.030457,       85.5497665405
563.384827,       85.5800170898
563.739197,       85.5729522705
564.093445,       85.6776885986
564.447693,       85.8954849243
564.801880,       85.9556884766
565.156006,       85.9374542236
565.510132,       85.9985656738
565.864197,       86.0602188110
566.218262,       86.1415939331
566.572205,       86.3260040283
566.926086,       86.3886871338
567.280090,       86.4187622070
567.633972,       86.5061340332
567.987732,       86.5938339233
568.341553,       86.6630859375
568.695190,       86.7973785400
569.048950,       86.7975921631
569.402649,       86.7931518555
569.756165,       86.8569259644
570.109802,       86.8969802856
570.463257,       86.9236755371
570.816772,       86.9722213745
571.170227,       87.0952301025
571.523621,       87.1467132568
571.877014,       87.2142486572
572.230286,       87.2933197021
572.583557,       87.4055175781
572.936829,       87.4784164429
573.289978,       87.4269332886
573.643250,       87.4249725342
573.996216,       87.4257278442
574.349365,       87.4234390259
574.702393,       87.4947204590
575.055359,       87.5667419434
575.408325,       87.6283874512
575.761169,       87.6338729858
576.114075,       87.6678161621
576.466919,       87.8151702881
576.819641,       87.9001846313
577.172363,       87.9953384399
577.525085,       87.9976119995
577.877686,       88.0347137451
578.230286,       88.1146697998
578.582825,       88.1991577148
578.935425,       88.1369628906
579.287903,       88.1864547729
579.640320,       88.2171707153
579.992676,       88.1717071533
580.345093,       88.2065429688
580.697388,       88.3362426758
581.049683,       88.4243698120
581.401855,       88.5224151611
581.754089,       88.5056838989
582.106201,       88.4498672485
582.458313,       88.3649978638
582.810425,       88.3677444458
583.162354,       88.4635314941
583.514404,       88.4633483887
583.866272,       88.4823379517
584.218201,       88.5051498413
584.570068,       88.2773437500
584.921875,       88.3412857056
585.273560,       88.4082336426
585.625305,       88.3119201660
585.977051,       88.3559112549
586.328674,       88.3506393433
586.680237,       88.3800430298
587.031799,       88.3930816650
587.383301,       88.4628906250
587.734802,       88.4485015869
588.086243,       88.4626770020
588.437561,       88.4463729858
588.788940,       88.4238967896
589.140198,       88.5815353394
589.491516,       88.6828613281
589.842712,       88.7574005127
590.193848,       88.7130508423
590.544983,       88.6724624634
590.896057,       88.6214828491
591.247192,       88.6290206909
591.598145,       88.6392898560
591.949158,       88.8408737183
592.300049,       88.8400726318
592.650879,       88.8807601929
593.001770,       89.0026016235
593.352539,       88.9253616333
593.703308,       89.0187530518
594.054016,       89.0534667969
594.404663,       89.0427474976
594.755310,       89.0541839600
595.105896,       89.0750579834
595.456360,       89.0976257324
595.806885,       89.1386718750
596.157349,       88.9705810547
596.507751,       88.9173507690
596.858154,       88.8754882813
597.208435,       88.8718719482
597.558777,       88.8925247192
597.908997,       88.9571838379
598.259216,       89.0502319336
598.609314,       88.9486083984
598.959473,       88.9829559326
599.309570,       89.0392913818
599.659546,       89.0520935059
600.009583,       89.0390014648
600.359497,       89.0448379517
600.709412,       89.1377716064
601.059265,       89.1760482788
601.409058,       89.0689392090
601.758850,       89.1030273438
602.108521,       89.1284713745
602.458191,       89.1542968750
602.807922,       89.1790618896
603.157471,       89.0629425049
603.507080,       89.2314453125
603.856567,       89.2710571289
604.205994,       89.3434600830
604.555542,       89.3878021240
604.904846,       89.4553756714
605.254211,       89.4193115234
605.603516,       89.2411956787
605.952759,       89.3437423706
606.302063,       89.3018722534
606.651123,       89.3065719604
607.000305,       89.3255386353
607.349365,       89.3414077759
607.698425,       89.3680572510
608.047485,       89.3409118652
608.396362,       89.3510437012
608.745300,       89.3472290039
609.094177,       89.4073181152
609.442993,       89.4331054688
609.791809,       89.4898223877
610.140503,       89.5113525391
610.489258,       89.6794662476
610.837891,       89.6819305420
611.186523,       89.7019042969
611.535156,       89.7507324219
611.883606,       89.7785644531
612.232178,       89.7277069092
612.580566,       89.7015151978
612.928955,       89.8252563477
613.277344,       89.8594512939
613.625610,       89.9075851440
613.973938,       89.9088897705
614.322144,       89.9038543701
614.670288,       89.9570007324
615.018555,       89.9777832031
615.366516,       90.0085296631
615.714661,       90.0680007935
616.062622,       90.1365661621
616.410645,       90.1246185303
616.758606,       90.1267547607
617.106445,       90.1223144531
617.454285,       90.1704711914
617.802063,       90.0682525635
618.149841,       90.0784454346
618.497559,       90.1313934326
618.845215,       90.0746612549
619.192871,       90.0439300537
619.540466,       90.1800003052
619.888000,       90.2786102295
620.235535,       90.3060989380
620.582886,       90.2759704590
620.930359,       90.3299102783
621.277710,       90.3948974609
621.625061,       90.4046936035
621.972351,       90.4239501953
622.319519,       90.3972167969
622.666809,       90.3947601318
623.013916,       90.4051666260
623.361023,       90.4432983398
623.708130,       90.4443206787
624.055054,       90.4840316772
624.402100,       90.5392913818
624.749023,       90.4562149048
625.095947,       90.4922714233
625.442810,       90.5450973511
625.789551,       90.5258331299
626.136353,       90.5718536377
626.483032,       90.5741271973
626.829712,       90.4614181519
627.176392,       90.4160919189
627.522949,       90.4605560303
627.869507,       90.4805374146
628.216003,       90.4785690308
628.562500,       90.4538879395
628.908936,       90.5038833618
629.255310,       90.5250167847
629.601624,       90.5629501343
629.947876,       90.5744781494
630.294067,       90.3877410889
630.640320,       90.4408111572
630.986511,       90.4297256470
631.332642,       90.4160156250
631.678650,       90.2305221558
632.024658,       90.3276672363
632.370728,       90.3828048706
632.716614,       90.3819427490
633.062500,       90.3706588745
633.408325,       90.3734741211
633.754089,       90.3283309937
634.099915,       90.4089431763
634.445679,       90.4444427490
634.791321,       90.4777069092
635.136963,       90.4774246216
635.482483,       90.3499298096
635.828125,       90.3888854980
636.173584,       90.4450225830
636.519043,       90.4248046875
636.864502,       90.3687057495
637.209778,       90.3414916992
637.555237,       90.5640335083
637.900452,       90.6082534790
638.245728,       90.6463317871
638.590881,       90.7192230225
638.935974,       90.9208450317
639.281189,       90.9006195068
639.626221,       90.8629150391
639.971191,       90.8783569336
640.316223,       90.8888473511
640.661072,       90.9223251343
641.006042,       90.9990997314
641.350891,       91.0636901855
641.695679,       91.0786819458
642.040466,       91.1419143677
642.385071,       91.2143783569
642.729858,       91.4205169678
643.074463,       91.1682891846
643.419067,       91.1595230103
643.763611,       91.1824645996
644.108032,       91.2577972412
644.452515,       91.3571319580
644.796936,       91.3999099731
645.141296,       91.3841171265
645.485657,       91.4121932983
645.829834,       91.3922958374
646.174133,       91.4067306519
646.518311,       91.4770278931
646.862427,       91.6025848389
647.206604,       91.6918640137
647.550598,       91.7826843262
647.894653,       91.8465881348
648.238647,       91.8971252441
648.582458,       91.9276733398
648.926453,       91.9548263550
649.270203,       91.9859848022
649.614075,       92.0625305176
649.957764,       92.0119400024
650.301453,       92.3338623047
650.645142,       92.3546295166
650.988708,       92.3944702148
651.332336,       92.4821090698
651.675842,       92.4955062866
652.019348,       92.4189529419
652.362854,       92.3939437866
652.706177,       92.4296951294
653.049561,       92.4980926514
653.392883,       92.4936523438
653.736084,       92.5128326416
654.079346,       92.4715957642
654.422424,       92.0748825073
654.765625,       92.0396041870
655.108765,       92.0250778198
655.451721,       92.0888366699
655.794800,       92.0713119507
656.137695,       92.1160125732
656.480591,       92.0166397095
656.823486,       91.9522247314
657.166260,       91.9946365356
657.509094,       92.0123825073
657.851807,       91.9951553345
658.194519,       92.0236587524
658.537109,       91.8946609497
658.879761,       91.8856201172
659.222351,       91.9024200439
659.564758,       91.9790725708
659.907349,       92.0040359497
660.249695,       91.9844360352
660.592041,       91.9931793213
660.934448,       91.9789428711
661.276672,       92.0462417603
661.619019,       92.4019775391
661.961182,       92.4412384033
662.303284,       92.4489974976
662.645508,       92.3998413086
662.987427,       92.4279251099
663.329529,       92.4304122925
663.671448,       92.5427093506
664.013428,       92.5665893555
664.355347,       92.5826339722
664.697205,       92.4307403564
665.039001,       92.4734497070
665.380676,       92.4388427734
665.722412,       92.5428085327
666.064148,       92.5773620605
666.405701,       92.6784591675
666.747253,       92.7182159424
667.088806,       92.7415618896
667.430298,       92.7506027222
667.771790,       92.7867279053
668.113159,       92.7972640991
668.454529,       92.7404785156
668.795837,       92.7446212769
669.137085,       92.7677459717
669.478394,       92.8050765991
669.819519,       92.7831039429
670.160645,       92.7750091553
670.501709,       92.7869720459
670.842773,       92.8018875122
671.183777,       92.8089981079
671.524719,       92.8567581177
671.865662,       93.0084762573
672.206482,       93.0489578247
672.547302,       93.1206054688
672.888123,       93.0962982178
673.228821,       93.1027984619
673.569458,       93.0865249634
673.910095,       93.0398025513
674.250732,       92.9442825317
674.591370,       92.9212799072
674.931824,       92.9115905762
675.272217,       92.9062500000
675.612732,       92.9841079712
675.953003,       93.0232086182
676.293396,       93.0348129272
676.633667,       92.9951553345
676.973877,       92.9748687744
677.314148,       92.9799499512
677.654236,       92.9655303955
677.994385,       92.9421691895
678.334412,       92.9870223999
678.674438,       92.9095687866
679.014404,       92.8833923340
679.354309,       92.8320922852
679.694214,       92.8340301514
680.034058,       92.8427429199
680.373840,       92.8367767334
680.713623,       92.8155288696
681.053223,       92.8450088501
681.392944,       92.8182220459
681.732544,       92.1995773315
682.072083,       89.8267593384
682.411621,       89.7732391357
682.751038,       89.7148590088
683.090515,       89.6995620728
683.429871,       89.5236206055
683.769226,       89.4654006958
684.108582,       89.4650955200
684.447754,       89.4175109863
684.786987,       89.4198989868
685.126160,       89.3761138916
685.465210,       89.2652587891
685.804382,       89.2345046997
686.143311,       89.1765213013
686.482361,       89.1238403320
686.821289,       89.0175476074
687.160156,       88.9854736328
687.499023,       88.9329986572
687.837769,       88.7739639282
688.176514,       88.6369018555
688.515259,       88.5942687988
688.853882,       89.0864410400
689.192566,       91.2732009888
689.531067,       91.2009277344
689.869629,       91.0249862671
690.208130,       90.8626098633
690.546570,       90.7465438843
690.885010,       90.5606689453
691.223267,       90.4271240234
691.561584,       90.2517318726
691.899841,       89.9426879883
692.238037,       89.7269287109
692.576294,       89.5154037476
692.914307,       89.2648773193
693.252380,       89.0247802734
693.590454,       88.7274780273
693.928406,       88.4590759277
694.266357,       88.1005401611
694.604187,       87.7562713623
694.942078,       87.5012207031
695.279907,       87.2058944702
695.617615,       86.7706451416
695.955444,       86.4505004883
696.292969,       86.1503906250
696.630676,       85.7361297607
696.968201,       85.3803329468
697.305725,       84.8420181274
697.643250,       84.4736099243
697.980652,       84.1128234863
698.318054,       83.6509246826
698.655396,       83.1559448242
698.992676,       82.7761993408
699.330017,       82.2911224365
699.667175,       81.8161392212
700.004395,       81.3482894897
700.341492,       80.8587646484
700.678528,       80.3647308350
701.015564,       79.6849288940
701.352478,       79.2431488037
701.689514,       78.7431335449
702.026428,       78.1166915894
702.363220,       77.5491867065
702.700073,       77.1067276001
703.036804,       76.5530548096
703.373474,       75.9559249878
703.710144,       75.4021759033
704.046814,       74.7576675415
704.383362,       74.4447479248
704.719910,       73.8850936890
705.056335,       73.3554992676
705.392761,       72.8187561035
705.729187,       72.2883148193
706.065552,       71.7499389648
706.401855,       71.2591857910
706.738098,       70.6880493164
707.074280,       70.1547622681
707.410461,       69.5441970825
707.746643,       68.9931869507
708.082642,       68.5582962036
708.418701,       67.9859161377
708.754639,       67.4256591797
709.090576,       66.9992065430
709.426514,       66.4387359619
709.762329,       65.7527770996
710.098083,       65.1601791382
710.433838,       64.4457931519
710.769592,       63.8610725403
711.105286,       63.3876419067
711.440796,       62.7353973389
711.776367,       62.1984062195
712.112000,       61.5942611694
712.447388,       60.9905967712
712.782837,       60.4057846069
713.118225,       59.8396072388
713.453552,       59.2665710449
713.788818,       58.7375411987
714.124023,       58.1309928894
714.459290,       57.5984725952
714.794434,       57.0657958984
715.129517,       56.5196075439
715.464661,       55.8776626587
715.799622,       55.3316955566
716.134583,       54.7014656067
716.469482,       54.1213836670
716.804321,       53.6524276733
717.139221,       53.1340026855
717.473938,       52.7415847778
717.808777,       52.1644668579
718.143433,       51.6390228271
718.478088,       51.0370140076
718.812683,       50.5327835083
719.147217,       50.0058059692
719.481750,       49.4713973999
719.816223,       48.9253234863
720.150574,       48.2816925049
720.485046,       47.6672592163
720.819214,       47.0625534058
721.153564,       46.4859580994
721.487854,       45.8786926270
721.821960,       45.3175582886
722.156189,       44.5907592773
722.490234,       44.1163177490
722.824341,       43.5839042664
723.158264,       43.0210380554
723.492249,       42.4327316284
723.826172,       41.9183425903
724.159973,       41.3305740356
724.493835,       40.8269882202
724.827576,       40.0627403259
725.161316,       39.4227218628
725.494995,       38.9458389282
725.828613,       38.3727912903
726.162231,       37.8481521606
726.495728,       37.2950630188
726.829163,       36.7380447388
727.162720,       36.3290176392
727.496033,       35.8440475464
727.829468,       35.3815155029
728.162720,       34.8834228516
728.496033,       34.3576126099
728.829224,       33.8754348755
729.162354,       33.6406707764
729.495483,       33.2110748291
729.828552,       32.7097854614
730.161560,       32.3261413574
730.494629,       31.9417724609
730.827454,       31.4959716797
731.160400,       31.0895614624
731.493225,       30.5862579346
731.825989,       30.4332427979
732.158813,       30.0115661621
732.491455,       29.5765457153
732.824158,       29.1434478760
733.156799,       28.6931457520
733.489319,       28.2033920288
733.821899,       27.8327636719
734.154236,       27.4467773438
734.486755,       27.0149078369
734.819092,       26.6377868652
735.151428,       26.2880554199
735.483765,       25.9542236328
735.815857,       25.6218490601
736.148132,       25.2158279419
736.480286,       24.8652496338
736.812378,       24.4653549194
737.144470,       24.1296386719
737.476379,       23.7651824951
737.808411,       23.4871826172
738.140259,       23.1578979492
738.472168,       22.9393234253
738.804016,       22.6706161499
739.135742,       22.4782867432
739.467468,       22.0736694336
739.799133,       21.7500915527
740.130798,       21.5436172485
740.462402,       21.2964477539
740.793884,       20.9369125366
741.125366,       20.5979843140
741.456848,       20.3952789307
741.788208,       20.1126861572
742.119568,       19.8740844727
742.450928,       19.6949462891
742.782166,       19.4490356445
743.113281,       19.1438293457
743.444458,       18.8317489624
743.775635,       18.6461944580
744.106689,       18.3928527832
744.437683,       18.2324829102
744.768677,       17.9541854858
745.099609,       17.7426757813
745.430481,       17.4622650146
745.761353,       17.1466293335
746.092102,       16.8591079712
746.422852,       16.7133331299
746.753479,       16.6234970093
747.084229,       16.4127960205
747.414795,       16.3414459229
747.745300,       16.2133483887
748.075806,       16.1071319580
748.406311,       15.9528884888
748.736694,       15.8290557861
749.067078,       15.6880798340
749.397400,       15.5108489990
749.727722,       15.3755645752
750.057861,       15.2946777344
750.388062,       15.1466369629
750.718201,       15.0157165527
751.048279,       14.9142303467
751.378357,       14.8404388428
751.708252,       14.7367553711
752.038208,       14.5562744141
752.368164,       14.4550323486
752.697937,       14.4659500122
753.027832,       14.4656372070
753.357483,       14.3528060913
753.687256,       14.2451782227
754.016907,       14.0427703857
754.346497,       13.9227142334
754.676147,       13.9536666870
755.005493,       13.9019012451
755.335083,       13.8492431641
755.664490,       13.6334304810
755.993835,       13.5305938721
756.323181,       13.4212493896
756.652405,       13.3423233032
756.981689,       13.3449707031
757.310852,       13.3629150391
757.640015,       13.2443771362
757.969177,       13.2330017090
758.298096,       13.2165679932
758.627197,       13.1187438965
758.956116,       13.1677551270
759.284973,       13.1809082031
759.613892,       13.1520767212
759.942627,       13.0694808960
760.271423,       13.1504974365
760.600159,       13.1704406738
760.928772,       13.1766204834
761.257446,       13.2450180054
761.585999,       13.1709976196
761.914490,       12.9717407227
762.242981,       12.9255676270
762.571350,       13.0389404297
762.899841,       12.8754577637
763.228088,       12.9488983154
763.556396,       12.8616180420
763.884644,       12.8164215088
764.212830,       12.7270889282
764.541016,       12.7337875366
764.869080,       12.7190246582
765.197144,       12.6259460449
765.525146,       12.7098770142
765.853088,       12.6586608887
766.181030,       12.5941009521
766.508789,       12.6431503296
766.836670,       12.5983047485
767.164429,       12.4553451538
767.492126,       12.3819732666
767.819824,       12.4475784302
768.147400,       12.2922973633
768.475037,       12.3475494385
768.802490,       12.4099578857
769.130005,       12.2320098877
769.457458,       12.3236083984
769.784790,       12.5054321289
770.112183,       12.4747848511
770.439453,       12.5051269531
770.766663,       12.4226989746
771.093872,       12.5214996338
771.420959,       12.5557556152
771.748108,       12.5453948975
772.075195,       12.4721221924
772.402161,       12.3586578369
772.729126,       12.3579864502
773.055969,       12.4183425903
773.382874,       12.3216629028
773.709717,       12.4056091309
774.036438,       12.5720977783
774.363159,       12.5452117920
774.689758,       12.4678802490
775.016479,       12.5425720215
775.343018,       12.5211029053
775.669495,       12.6146621704
775.996033,       12.8119659424
776.322449,       12.6434631348
776.648865,       12.6244430542
776.975098,       12.5446701050
777.301453,       12.5837860107
777.627686,       12.6888198853
777.953857,       12.5750732422
778.280029,       12.5962066650
778.606079,       12.4446716309
778.932068,       12.5620346069
779.258179,       12.5955352783
779.584045,       12.6114959717
779.909973,       12.5703430176
780.235840,       12.6214599609
780.561646,       12.6048049927
780.887390,       12.5926589966
781.213135,       12.6754684448
781.538757,       12.7436218262
781.864380,       12.0740890503
782.189880,       11.9869842529
782.515442,       12.0369415283
782.840942,       11.9696121216
783.166321,       12.0747833252
783.491699,       12.0903091431
783.817017,       12.2600402832
784.142395,       12.2502288818
784.467529,       12.1831207275
784.792725,       12.2333679199
785.117859,       12.2642822266
785.442932,       12.3666915894
785.768005,       12.3291397095
786.092957,       12.3990783691
786.417908,       12.4448318481
786.742798,       12.4925842285
787.067566,       12.4011077881
787.392456,       12.3964538574
787.717163,       12.3317260742
788.041870,       12.2743988037
788.366577,       12.3012466431
788.691101,       13.1345825195
789.015686,       13.0746154785
789.340149,       12.9649810791
789.664673,       12.9051666260
789.989075,       12.9365386963
790.313354,       12.7778396606
790.637756,       12.5773925781
790.962036,       12.5366210938
791.286194,       12.5318984985
791.610413,       12.4916229248
791.934448,       12.4513397217
792.258606,       12.3985900879
792.582581,       12.2384414673
792.906555,       12.1678924561
793.230530,       12.1818084717
793.554321,       12.1412200928
793.878174,       12.2834854126
794.201965,       12.2968750000
794.525696,       12.2645492554
794.849426,       12.2204742432
795.172974,       12.1864166260
795.496643,       12.0257415771
795.820129,       12.0694274902
796.143616,       12.0035705566
796.467102,       12.0839233398
796.790405,       11.9922103882
797.113831,       12.0952758789
797.437134,       12.1285018921
797.760315,       12.0972747803
798.083618,       12.2031402588
798.406677,       12.1686248779
798.729797,       11.9279403687
799.052856,       11.9514465332
799.375854,       12.1299743652
799.698853,       12.0665130615
800.021729,       11.8075180054
800.344604,       11.7547912598
800.667358,       11.5611724854
800.990112,       11.4398651123
801.312866,       11.4347534180
801.635498,       11.3323974609
801.958191,       11.2643432617
802.280701,       11.3314056396
802.603210,       11.3541717529
802.925781,       11.3673858643
803.248108,       11.3242187500
803.570496,       11.3405075073
803.892822,       11.3019104004
804.215088,       11.2882232666
804.537354,       11.2179412842
804.859436,       11.1097869873
805.181641,       11.1705322266
805.503723,       11.3000717163
805.825745,       11.1606979370
806.147766,       10.9492492676
806.469604,       10.9680938721
806.791504,       11.0790405273
807.113342,       11.0438766479
807.435181,       11.0667648315
807.756897,       11.0177688599
808.078552,       10.9795532227
808.400208,       10.9894256592
808.721802,       10.9494552612
809.043335,       10.8857727051
809.364929,       10.7700653076
809.686279,       10.7480926514
810.007751,       10.7356491089
810.329041,       10.7831726074
810.650330,       10.8209381104
810.971619,       10.7916870117
811.292786,       10.8757171631
811.613953,       10.9132156372
811.935059,       10.8794860840
812.256104,       10.9580535889
812.577148,       11.0556106567
812.898071,       11.1675567627
813.218994,       11.2622833252
813.539795,       11.2826232910
813.860596,       11.2226104736
814.181396,       11.2735748291
814.502136,       11.4259719849
814.822754,       11.3859863281
815.143372,       11.4246826172
815.463928,       11.4397354126
815.784485,       11.4461364746
816.104919,       11.5365142822
816.425354,       11.5893402100
816.745728,       11.5570526123
817.065979,       11.3789672852
817.386353,       11.3049697876
817.706421,       11.1633911133
818.026733,       11.1536178589
818.346863,       11.0066680908
818.666809,       10.8792572021
818.986938,       10.7728576660
819.306824,       10.8697967529
819.626770,       10.8666763306
819.946716,       10.6854476929
820.266479,       10.6510314941
820.586304,       10.7615509033
820.905945,       10.6968154907
821.225647,       10.5763549805
821.545349,       10.4989318848
821.864868,       10.5997085571
822.184448,       10.5169525146
822.503845,       10.4178085327
822.823364,       10.3874664307
823.142761,       10.2919616699
823.462036,       10.3069915771
823.781372,       10.4965972900
824.100525,       10.5505828857
824.419800,       10.7274093628
824.738953,       10.6856536865
825.057922,       10.6837463379
825.377014,       10.7691497803
825.695984,       10.7286987305
826.014954,       10.6650543213
826.333862,       10.6521759033
826.652649,       10.7838592529
826.971497,       10.7922439575
827.290100,       10.7204895020
827.608887,       10.7036895752
827.927612,       10.6376953125
828.246094,       10.7651367188
828.564697,       10.7091522217
828.883118,       10.7928695679
829.201599,       10.8999633789
829.520020,       10.8990097046
829.838318,       10.8941879272
830.156616,       10.9682464600
830.474854,       10.8891296387
830.793091,       10.8700637817
831.111267,       10.8722381592
831.429260,       10.8405303955
831.747437,       10.9376525879
832.065308,       10.9264373779
832.383362,       10.9192504883
832.701233,       10.8066940308
833.019043,       10.8186416626
833.336914,       10.7548446655
833.654663,       10.7326431274
833.972351,       10.7210693359
834.289978,       10.5575180054
834.607483,       10.5448760986
834.925171,       10.4310607910
835.242676,       10.3988800049
835.560059,       10.3446731567
835.877502,       10.3399963379
836.194763,       10.3888854980
836.512146,       10.4574279785
836.829468,       10.3606338501
837.146545,       10.3047561646
837.463745,       10.3271179199
837.780823,       10.2158508301
838.097900,       10.2445983887
838.414917,       10.0690765381
838.731873,       10.0089263916
839.048828,       10.1090087891
839.365540,       10.1332702637
839.682434,       10.0775299072
839.999207,       10.0455169678
840.315857,        9.9914093018
840.632568,        9.9921264648
840.949097,       10.1454162598
841.265747,       10.2106781006
841.582275,       10.2210998535
841.898682,       10.0879516602
842.215088,       10.0328140259
842.531433,       10.0363082886
842.847778,        9.9987106323
843.164063,        9.9476776123
843.480164,        9.8522186279
843.796387,        9.9271850586
844.112427,        9.8774871826
844.428528,        9.8477859497
844.744568,        9.7982788086
845.060486,        9.7242584229
845.376404,        9.8410263062
845.692200,        9.8529739380
846.008057,        9.8036193848
846.323853,        9.7196197510
846.639465,        9.7756195068
846.955139,        9.8334732056
847.270691,        9.7391128540
847.586304,        9.6968383789
847.901855,        9.6719360352
848.217224,        9.6911697388
848.532715,        9.7959365845
848.847961,        9.7799530029
849.163330,        9.7656784058
849.478638,        9.7004089355
849.793823,        9.5927276611
850.108948,        9.6759490967
850.424011,        9.4862594604
850.739136,        9.4798889160
851.054199,        9.5953521729
851.369019,        9.7049407959
851.684021,        9.7921142578
851.998779,        9.6302185059
852.313660,        9.5481414795
852.628418,        9.4954681396
852.943054,        9.4796600342
853.257751,        9.3782958984
853.572327,        9.3665161133
853.886841,        9.5018920898
854.201477,        9.4841537476
854.515808,        9.4186401367
854.830261,        9.4389648438
855.144592,        9.2858123779
855.458862,        9.4213562012
855.773193,        9.3750610352
856.087280,        9.3988952637
856.401489,        9.4720993042
856.715515,        9.3456115723
857.029602,        9.3474121094
857.343628,        9.4292602539
857.657532,        9.3879241943
857.971497,        9.2745208740
858.285278,        9.3013916016
858.599121,        9.3476409912
858.912903,        9.4206771851
859.226501,        9.5134429932
859.540222,        9.4223022461
859.853699,        9.3589324951
860.167297,        9.2921752930
860.480896,        9.1564483643
860.794250,        9.1033020020
861.107666,        9.0404663086
861.420959,        9.0150909424
861.734314,        9.0721435547
862.047546,        9.0468597412
862.360657,        8.9227371216
862.673889,        8.7862701416
862.986938,        8.8160552979
863.299988,        8.8442916870
863.613037,        8.7915344238
863.925903,        8.6377487183
864.238831,        8.5021514893
864.551575,        8.5520935059
864.864380,        8.5818023682
865.177185,        8.6438446045
865.489807,        8.5486602783
865.802490,        8.5428085327
866.114990,        8.6544952393
866.427612,        8.6728286743
866.740112,        8.6752471924
867.052429,        8.6931304932
867.364868,        8.7966308594
867.677124,        8.8331604004
867.989502,        8.7668304443
868.301758,        8.7245407104
868.613831,        8.6436920166
868.926025,        8.7104263306
869.238159,        8.8231811523
869.550049,        8.8006134033
869.862122,        8.8033752441
870.173950,        8.8785629272
870.485901,        8.8708648682
870.797791,        8.9481353760
871.109497,        8.8781356812
871.421204,        9.0101547241
871.732849,        8.9333496094
872.044495,        8.8731307983
872.356079,        8.9147872925
872.667542,        8.9519958496
872.979065,        9.0336456299
873.290344,        9.0620422363
873.601807,        9.1495208740
873.913147,        9.1038894653
874.224304,        9.1127319336
874.535645,        9.1808624268
874.846741,        9.1715850830
875.157837,        9.0308990479
875.468994,        8.9243621826
875.779907,        8.9551239014
876.090881,        8.8874053955
876.401733,        8.8426666260
876.712646,        8.8550720215
877.023499,        8.9061050415
877.334167,        8.9005203247
877.644897,        8.9519195557
877.955505,        8.7695770264
878.266113,        8.7312011719
878.576721,        8.7369079590
878.887146,        8.7006835938
879.197571,        8.6969223022
879.507996,        8.6392059326
879.818298,        8.5483932495
880.128662,        8.2800827026
880.438843,        8.2446289063
880.749084,        8.1254272461
881.059143,        7.7023468018
881.369263,        7.6578140259
881.679382,        7.8440551758
881.989258,        7.8279113770
882.299194,        7.7012176514
882.609070,        7.7162170410
882.918945,        7.6938323975
883.228760,        7.7568817139
883.538452,        7.7371215820
883.848145,        7.6000442505
884.157654,        7.5153350830
884.467285,        7.5245361328
884.776917,        7.5836486816
885.086243,        7.5436477661
885.395813,        7.4830627441
885.705017,        7.4452514648
886.014404,        7.4598159790
886.323730,        7.4747619629
886.632874,        7.5825958252
886.942078,        7.5735015869
887.251160,        7.6261215210
887.560242,        8.0746002197
887.869263,        8.1023864746
888.178162,        7.8894805908
888.487122,        7.8759002686
888.795898,        7.9451446533
889.104797,        7.9204864502
889.413513,        7.9163513184
889.722168,        7.7718963623
890.030884,        7.6995697021
890.339417,        7.8541717529
890.648010,        7.9414367676
890.956543,        7.9015808105
891.264893,        7.8742370605
891.573364,        7.9744415283
891.881653,        7.9562225342
892.189941,        7.8797149658
892.498230,        7.6922149658
892.806335,        7.7312774658
893.114502,        7.7287368774
893.422546,        7.6616668701
893.730652,        7.6634140015
894.038696,        7.4792098999
894.346497,        7.5224304199
894.654419,        7.5089874268
894.962158,        7.5500183105
895.270020,        7.6246337891
895.577759,        7.5658874512
895.885376,        7.5034484863
896.192993,        7.5624237061
896.500549,        7.4946136475
896.808044,        7.4389419556
897.115601,        7.1724090576
897.422913,        7.0166320801
897.730347,        6.9144897461
898.037598,        6.7794494629
898.344910,        6.7372055054
898.652161,        6.8601531982
898.959167,        6.9575958252
899.266418,        6.8913116455
899.573364,        6.7893218994
899.880371,        6.8799591064
900.187378,        6.9451522827
900.494202,        7.0614318848
900.801086,        7.0584411621
901.107788,        7.1671524048
901.414612,        7.1749420166
901.721375,        7.0467529297
902.027832,        7.0586547852
902.334534,        7.2088546753
902.641113,        7.2247619629
902.947510,        7.2869262695
903.253967,        7.3005828857
903.560242,        7.4683532715
903.866638,        7.7223815918
904.172974,        7.7505798340
904.479126,        7.7677688599
904.785278,        7.7723999023
905.091370,        7.6286010742
905.397461,        7.6662292480
905.703552,        7.5984954834
906.009399,        7.6276245117
906.315369,        7.3664016724
906.621155,        7.3719024658
906.927002,        7.3549194336
907.232788,        7.2402343750
907.538452,        7.2229309082
907.844116,        7.1457290649
908.149658,        7.1425704956
908.455200,        7.1770477295
908.760803,        7.1509552002
909.066162,        7.0278778076
909.371582,        7.0102386475
909.676880,        7.0193481445
909.982178,        7.0009918213
910.287476,        6.9932403564
910.592529,        6.9432601929
910.897705,        6.8296661377
911.202759,        6.8150024414
911.507813,        6.8702850342
911.812805,        6.8819427490
912.117676,        7.0072021484
912.422546,        7.1169281006
912.727356,        7.3475570679
913.032104,        7.3166122437
913.336853,        7.3204650879
913.641479,        7.3477020264
913.946106,        7.3631668091
914.250610,        7.1750030518
914.555115,        7.1357345581
914.859619,        7.0705718994
915.163940,        7.0639190674
915.468323,        7.0122833252
915.772583,        7.0719146729
916.076843,        7.0642547607
916.381104,        7.0601806641
916.685120,        6.8181915283
916.989258,        6.8672332764
917.293213,        6.9464950562
917.597290,        6.7144088745
917.901184,        6.4699096680
918.205017,        6.3057937622
918.508850,        6.1497802734
918.812561,        6.1372222900
919.116333,        6.1028137207
919.420044,        6.0489654541
919.723572,        5.6764755249
920.027222,        5.7835845947
920.330627,        5.9042510986
920.634094,        6.0918731689
920.937561,        6.1689453125
921.240784,        5.9962768555
921.544189,        5.9456176758
921.847351,        6.0340118408
922.150574,        5.7957229614
922.453735,        5.6659240723
922.756775,        5.6325988770
923.059875,        5.7933197021
923.362793,        5.6799926758
923.665771,        5.6403808594
923.968689,        5.8918380737
924.271362,        6.1118087769
924.574219,        6.2010955811
924.876892,        6.4027786255
925.179565,        6.2360992432
925.482239,        6.2057800293
925.784729,        6.1215972900
926.087280,        6.3747406006
926.389648,        6.2485198975
926.692078,        6.1776733398
926.994507,        6.2948608398
927.296692,        6.3474273682
927.599060,        6.4059448242
927.901123,        6.5031127930
928.203308,        6.4714050293
928.505432,        6.6995391846
928.807434,        6.7728347778
929.109436,        6.7952117920
929.411316,        6.7672729492
929.713196,        6.8688049316
930.015015,        6.8119049072
930.316711,        6.6983337402
930.618530,        6.7934570313
930.920105,        6.7833709717
931.221802,        6.3796844482
931.523315,        6.5946197510
931.824829,        6.6040496826
932.126282,        6.5555191040
932.427612,        6.7509307861
932.729004,        6.7785339355
933.030334,        6.7951202393
933.331482,        6.5946273804
933.632751,        6.4715499878
933.933777,        6.6680679321
934.234924,        6.5151672363
934.536011,        6.5458068848
934.836914,        6.3723678589
935.137878,        6.5045623779
935.438660,        6.4862670898
935.739502,        6.4972381592
936.040344,        6.4827270508
936.340942,        6.7126922607
936.641663,        6.8680419922
936.942383,        6.7652053833
937.242798,        6.6693649292
937.543335,        7.0929336548
937.843750,        7.0685348511
938.144165,        7.0694732666
938.444580,        7.2247085571
938.744751,        7.1460723877
939.045044,        7.1750946045
939.345154,        6.9859466553
939.645325,        6.9512176514
939.945435,        6.7376556396
940.245361,        6.8196868896
940.545410,        6.6895904541
940.845215,        6.7138671875
941.145142,        6.6272277832
941.445007,        6.4236145020
941.744629,        6.4970092773
942.044434,        6.4986419678
942.343994,        6.5854415894
942.643677,        6.4835815430
942.943237,        6.3394927979
943.242676,        6.3161773682
943.542114,        6.4151992798
943.841431,        6.1974334717
944.140808,        6.2403793335
944.440125,        6.1178894043
944.739258,        5.9259109497
945.038513,        6.0614013672
945.337524,        5.9671401978
945.636597,        6.0639190674
945.935669,        6.1987304688
946.234558,        6.4014587402
946.533508,        6.1888885498
946.832275,        6.1699523926
947.131165,        6.0035095215
947.429932,        6.3297119141
947.728516,        6.4157562256
948.027222,        6.2725982666
948.325745,        5.3861389160
948.624329,        4.9720764160
948.922852,        5.1158370972
949.221191,        5.1080780029
949.519592,        4.8534698486
949.817810,        4.9473724365
950.116150,        4.8078155518
950.414368,        4.6703262329
950.712463,        4.7616882324
951.010620,        5.0617675781
951.308594,        4.8071136475
951.606628,        4.9250030518
951.904602,        4.6080627441
952.202454,        4.3976058960
952.500305,        3.7485046387
952.798035,        3.5578842163
953.095825,        3.5581970215
953.393494,        3.7268371582
953.691040,        3.5550079346
953.988647,        3.1616821289
954.286133,        3.2407531738
954.583618,        4.0798339844
954.881042,        4.3710250854
955.178345,        4.0941314697
955.475647,        4.1399612427
955.772827,        4.3013458252
956.070068,        4.3982543945
956.367310,        4.5037994385
956.664307,        4.5405426025
956.961365,        4.3942413330
957.258240,        4.0470581055
957.555176,        3.8235626221
957.852112,        3.3812713623
958.148865,        3.6738357544
958.445679,        3.9769363403
958.742310,        4.7576751709
959.039001,        4.9995422363
959.335632,        5.2612152100
959.632141,        4.9177856445
959.928650,        5.1338653564
960.224976,        5.5341033936
960.521484,        5.1347045898
960.817871,        5.2843780518
961.114014,        5.3435516357
961.410339,        5.3964920044
961.706421,        5.3300323486
962.002563,        5.3812484741
962.298645,        5.0410003662
962.594604,        4.9000091553
962.890564,        4.8921813965
963.186401,        2.9426116943
963.482300,        2.9205932617
963.778137,        3.2204742432
964.073792,        3.6275024414
964.369568,        3.5726318359
964.665100,        3.5593032837
964.960693,        2.9973449707
965.256287,        2.5056686401
965.551697,        2.6057586670
965.847168,        3.2023315430
966.142395,        2.9920578003
966.437744,        2.7333374023
966.733032,        2.9288482666
967.028198,        2.8397064209
967.323364,        2.6186370850
967.618408,        2.6844482422
967.913513,        2.2630386353
968.208496,        1.7858734131
968.503357,        2.1160583496
968.798279,        2.1093444824
969.093018,        1.8711471558
969.387817,        4.4646453857
969.682556,        4.5707397461
969.977173,        4.5850830078
970.271790,        4.0324859619
970.566406,        3.7994995117
970.860779,        3.8800659180
971.155334,        4.0879440308
971.449646,        4.6753997803
971.743958,        4.2846603394
972.038330,        3.5399093628
972.332458,        3.3606719971
972.626648,        3.3228607178
972.920715,        3.4788818359
973.214844,        2.9439239502
973.508911,        2.7784729004
973.802734,        2.5315322876
974.096741,        2.4708709717
974.390442,        2.6911163330
974.684265,        2.2437744141
974.978088,        2.5480346680
975.271667,        2.5466308594
975.565369,        2.2233886719
975.858826,        2.1201782227
976.152405,        1.8945312500
976.445923,        2.6241683960
976.739258,        2.8448257446
977.032654,        2.6063690186
977.325867,        2.7643127441
977.619202,        2.4221038818
977.912415,        1.7817230225
978.205505,        2.1506958008
978.498596,        2.0360031128
978.791504,        2.0406494141
979.084534,        1.6277236938
979.377563,        1.9307327271
979.670288,        2.0509033203
979.963196,        2.0035705566
980.255859,        2.1236572266
980.548584,        2.3046646118
980.841309,        0.7783813477
981.133850,        0.2029113770
981.426392,       -0.3573150635
981.718811,       -0.2439956665
982.011292,        0.0320281982
982.303650,       -0.0127105713
982.595886,       -0.2856369019
982.888245,       -0.6702575684
983.180359,       -0.9405136108
983.472595,       -1.3860092163
983.764709,       -1.1567077637
984.056641,       -0.6414947510
984.348755,       -0.7595214844
984.640625,       -0.9688110352
984.932495,       -0.9986801147
985.224365,       -0.9659729004
985.516052,       -1.0675048828
985.807861,       -0.9077453613
986.099426,       -1.6025238037
986.391052,       -1.3925628662
986.682678,       -1.7108459473
986.974121,        0.1174850464
987.265625,        0.6163024902
987.556885,        1.0959777832
987.848328,        0.8223571777
988.139648,        0.0080108643
988.430786,       -0.2971420288
988.721985,       -0.9487304688
989.013000,       -0.5380401611
989.304138,       -0.9431304932
989.595215,       -1.6313476563
989.886047,       -2.1688995361
990.177002,       -3.1173095703
990.467834,       -3.4322052002
990.758606,       -3.5440826416
991.049377,       -3.4356994629
991.339966,       -4.8189849854
991.630676,       -4.9431381226
991.921143,       -5.0388488770
992.211670,       -5.8364562988
992.502197,       -5.9037170410
992.792542,       -5.9074554443
993.082886,       -5.7722778320
993.373169,       -5.8542251587
993.663452,       -5.6942672729
993.953613,       -5.7120285034
994.243713,       -5.0752792358
994.533813,       -4.7550506592
994.823792,       -4.9844512939
995.113770,       -4.9736328125
995.403687,       -4.8570709229
995.693481,       -3.8776168823
995.983337,       -3.4309997559
996.273010,       -2.2720184326
996.562744,       -1.9722595215
996.852417,       -2.4749069214
997.141907,       -2.4907073975
997.431458,       -0.9888000488
997.720886,       -0.7201843262
998.010315,       -1.1846008301
998.299744,        0.9522857666
998.588928,        0.8207397461
998.878296,        0.7906494141
999.167419,        0.6254196167
999.456543,       -0.8810043335
999.745667,       -0.5908584595
1000.034607,       -0.2481689453
1000.323669,       -0.1647949219
1000.612488,       -1.1426696777
1000.901367,       -0.4706420898
1001.190247,       -0.6509399414
1001.478882,       -0.4641571045
1001.767639,       -1.2320251465
1002.056335,       -0.9565429688
1002.344849,       -1.1854019165
1002.633423,       -1.5212097168
1002.921814,       -0.8770294189
1003.210266,       -0.7160415649
1003.498657,       -1.0172119141
1003.786926,       -1.3945312500
1004.075256,       -1.2561798096
1004.363342,       -1.8318481445
1004.651489,       -1.2950897217
1004.939697,       -1.4773101807
1005.227600,       -2.6223297119
1005.515686,       -1.8907165527
1005.803467,       -2.9897155762
1006.091370,       -3.5674591064
1006.379272,       -4.2713623047
1006.666870,       -3.8940277100
1006.954712,       -3.3591079712
1007.242188,       -3.9835815430
1007.529907,       -4.7685012817
1007.817444,       -4.1783294678
1008.104858,       -5.7585144043
1008.392334,       -5.6726684570
1008.679565,       -6.2253112793
1008.966980,       -6.3417205811
1009.254272,       -7.1492614746
1009.541382,       -7.2142944336
1009.828613,       -6.6755218506
1010.115601,       -6.1677093506
1010.402649,       -5.7108306885
1010.689697,       -6.0646209717
1010.976563,       -5.7447509766
1011.263489,       -6.3444442749
1011.550171,       -6.1686096191
1011.837036,       -6.2158660889
1012.123657,       -6.2898864746
1012.410278,       -6.5495452881
1012.696899,       -7.3039550781
1012.983337,       -8.5911331177
1013.269897,       -8.5337524414
1013.556396,       -8.3592605591
1013.842651,       -8.5974578857
1014.129028,       -8.6539154053
1014.415161,       -9.1710205078
1014.701477,       -9.5595245361
1014.987671,      -11.6540527344
1015.273560,      -11.8070526123
1015.559692,      -12.2349853516
1015.845581,      -12.3793411255
1016.131592,      -13.6853790283
1016.417542,      -15.5018539429
1016.703247,      -16.5103454590
1016.989014,      -17.0891876221
1017.274658,      -16.9924316406
1017.560303,      -18.0009460449
1017.845947,      -17.4948120117
1018.131409,      -18.4745330811
1018.416870,      -18.4463653564
1018.702271,      -17.7588806152
1018.987671,      -18.0265045166
1019.272949,      -19.5258789063
1019.558228,      -20.8183593750
1019.843445,      -20.9969787598
1020.128540,      -20.6254425049
1020.413574,      -20.6968841553
1020.698608,      -20.1767425537
1020.983521,      -17.9053497314
1021.268555,      -19.4710922241
1021.553284,      -20.4036865234
1021.838135,      -22.0816421509
1022.122925,      -22.6027908325
1022.407593,      -39.0205383301
1022.692261,      -10.2902526855
1022.976807,      -17.1026153564
1023.261292,       -7.0716629028
1023.545837,       -5.5471420288
1023.830200,      -11.0977935791
1024.114624,      -37.2333984375
1024.398804,      -29.7360229492
1024.683105,      -26.9235534668
1024.967285,      -21.0505676270
