340.270844,      100.0000000000
340.648560,      100.0000000000
341.026306,     5811.1264648438
341.403961,      122.2432556152
341.781616,      569.3463745117
342.159210,    -1293.8930664063
342.536743,       -6.6136703491
342.914307,      -96.3582763672
343.291779,      -50.4321289063
343.669250,      100.0000000000
344.046661,      -46.0024719238
344.424042,      -44.6269073486
344.801422,      -43.3419189453
345.178711,      -47.7962341309
345.556000,      -51.6094055176
345.933258,      -56.1658325195
346.310486,      -57.0839843750
346.687622,      -58.1240997314
347.064758,      -57.9675903320
347.441895,      -56.5811462402
347.818939,      -53.8399353027
348.195953,      -52.2233581543
348.572937,      -52.7395782471
348.949890,      -54.7055969238
349.326843,      -57.3122100830
349.703735,      -59.2245330811
350.080597,      -60.2196502686
350.457397,      -59.1238098145
350.834198,      -54.9283142090
351.210968,      -56.0012054443
351.587646,      -57.0659179688
351.964325,      -53.5802612305
352.340942,      -52.0363159180
352.717560,      -56.5388488770
353.094147,      -55.6263122559
353.470673,      -55.8986663818
353.847168,      -54.0741271973
354.223602,      -54.4209899902
354.600037,      -55.9819641113
354.976440,      -53.2018432617
355.352783,      -56.6361236572
355.729126,      -59.4469604492
356.105408,      -59.9989624023
356.481628,      -71.4733886719
356.857849,      -71.1530914307
357.234009,      -67.8998413086
357.610168,      -67.7073364258
357.986267,      -65.8194885254
358.362366,      -66.3023681641
358.738373,      -65.2612609863
359.114349,      -63.7493896484
359.490326,      -61.3879394531
359.866241,      -60.4560546875
360.242157,      -61.8125152588
360.617981,      -58.1359252930
360.993805,      -59.0622863770
361.369568,      -60.3796539307
361.745331,      -60.7396697998
362.121033,      -62.2074127197
362.496704,      -61.0176696777
362.872314,      -60.7179412842
363.247925,      -59.4769287109
363.623505,      -56.2667236328
363.999023,      -53.3541870117
364.374542,      -37.9764099121
364.750000,      -36.6304321289
365.125397,      -35.8324584961
365.500763,      -35.4054565430
365.876160,      -35.3995056152
366.251434,      -35.9395141602
366.626740,      -39.4596252441
367.001953,      -41.0258789063
367.377136,      -41.5874328613
367.752350,      -42.5858154297
368.127472,      -42.4810485840
368.502594,      -40.7182922363
368.877625,      -38.8132324219
369.252625,      -36.2307739258
369.627625,      -34.7567749023
370.002563,      -30.5809326172
370.377502,      -32.2184143066
370.752380,      -31.6641845703
371.127228,      -32.4348449707
371.502014,      -33.9468994141
371.876770,      -35.8479156494
372.251526,      -34.1683959961
372.626221,      -32.9647064209
373.000885,      -32.7954101563
373.375488,      -33.8972167969
373.750092,      -32.0315246582
374.124664,      -30.8958282471
374.499146,      -30.9244384766
374.873627,      -31.3001403809
375.248108,      -32.7263031006
375.622467,      -36.1672363281
375.996887,      -38.3174133301
376.371185,      -37.4977722168
376.745483,      -36.7839660645
377.119751,      -37.7112579346
377.493958,      -39.2937011719
377.868195,      -39.8334655762
378.242310,      -36.6280059814
378.616394,      -38.9278259277
378.990540,      -39.5041351318
379.364563,      -41.4434204102
379.738556,      -42.7665405273
380.112518,      -41.4547119141
380.486481,      -40.9740295410
380.860352,      -41.7017211914
381.234192,      -40.5879058838
381.608063,      -40.9138793945
381.981812,      -39.2403259277
382.355591,      -36.2050476074
382.729309,      -33.7418518066
383.102966,      -29.5970153809
383.476624,      -24.7569885254
383.850220,      -21.9192199707
384.223816,      -23.4049530029
384.597321,      -25.0715789795
384.970856,      -24.8008270264
385.344299,      -22.4296188354
385.717682,      -21.9039993286
386.091125,      -23.3736877441
386.464447,      -19.5098419189
386.837769,      -16.9589080811
387.211029,      -14.7635498047
387.584290,      -12.7971649170
387.957489,      -12.2449493408
388.330627,      -10.7241363525
388.703766,       -9.8899536133
389.076874,       -8.6814346313
389.449921,       -8.6849670410
389.822937,       -7.9579010010
390.195923,       -9.6542892456
390.568878,      -11.1752777100
390.941772,      -12.3350372314
391.314636,       -9.0846405029
391.687500,       -7.2353439331
392.060272,       -7.0898056030
392.433075,       -5.0153350830
392.805756,       -1.4517517090
393.178436,       -0.1880722046
393.551117,       -3.2809753418
393.923737,       -1.5570526123
394.296326,        0.2850036621
394.668854,        1.8854217529
395.041321,        2.7681655884
395.413849,        0.7607192993
395.786255,       -1.1681823730
396.158630,       -2.6487731934
396.531006,       -4.7016296387
396.903320,       -2.7477264404
397.275604,       -2.4339141846
397.647827,       -1.8423385620
398.020050,       -3.6358032227
398.392212,       -0.9364776611
398.764343,       -0.0065765381
399.136444,       -0.5383071899
399.508514,       -4.9129638672
399.880554,       -3.0793075562
400.252533,       -3.0929565430
400.624512,       -5.9953079224
400.996399,       -6.5241699219
401.368286,       -2.8445129395
401.740112,       -2.1960525513
402.111908,       -2.1111679077
402.483673,       -1.5193481445
402.855408,       -0.4655914307
403.227081,        1.3806457520
403.598755,        5.8085479736
403.970367,        7.9381484985
404.341980,        6.3635025024
404.713501,        5.3999328613
405.085022,        5.4078521729
405.456482,        6.2847671509
405.827911,       10.9052124023
406.199310,       12.9812698364
406.570648,       11.9220733643
406.942017,       11.9225769043
407.313263,       16.9285888672
407.684509,       16.9806137085
408.055725,       18.5380859375
408.426880,       19.6631622314
408.798035,       15.3776473999
409.169128,       16.2297058105
409.540161,       14.2686843872
409.911224,       14.5355682373
410.282196,       15.1650085449
410.653137,       15.7269439697
411.024048,       16.6850738525
411.394897,       16.1164398193
411.765747,       16.1071777344
412.136536,       20.7811660767
412.507324,       16.9212036133
412.878052,       18.0252532959
413.248718,       15.8996429443
413.619385,       16.3851928711
413.989990,       15.5994567871
414.360565,       16.8093414307
414.731110,       17.5341186523
415.101563,       17.2259750366
415.472076,       17.8807830811
415.842468,       18.6933746338
416.212891,       12.4063186646
416.583221,       16.4779815674
416.953522,       16.6359710693
417.323792,       20.1903152466
417.694031,       19.1340179443
418.064240,       18.5319519043
418.434418,       18.5803756714
418.804535,       18.2104873657
419.174622,       18.8048400879
419.544678,       20.8158111572
419.914673,       21.3073043823
420.284668,       25.9537582397
420.654572,       27.0009994507
421.024475,       30.3699340820
421.394348,       28.6705627441
421.764191,       29.3786163330
422.133972,       29.5150299072
422.503693,       29.5079040527
422.873444,       31.1734924316
423.243134,       31.9118041992
423.612762,       31.8168182373
423.982330,       41.6130485535
424.351929,       41.5159034729
424.721436,       41.7780761719
425.090942,       42.4092483521
425.460358,       44.4267044067
425.829773,       46.0310974121
426.199158,       48.1475067139
426.568481,       50.5580139160
426.937775,       51.6600189209
427.307037,       50.8577880859
427.676239,       51.1434249878
428.045441,       50.4794616699
428.414581,       50.9120788574
428.783722,       50.4096908569
429.152802,       51.9367141724
429.521790,       50.5719566345
429.890839,       51.6605453491
430.259766,       53.5935592651
430.628693,       52.0516281128
430.997589,       52.1822547913
431.366425,       51.7284240723
431.735229,       50.0722885132
432.104004,       50.4609718323
432.472748,       50.9420852661
432.841431,       51.4375305176
433.210052,       51.7572250366
433.578705,       52.3725585938
433.947266,       51.9261703491
434.315826,       52.6822509766
434.684326,       52.5073356628
435.052765,       52.6457366943
435.421204,       50.7700805664
435.789612,       52.2790527344
436.157959,       53.1533889771
436.526276,       54.0154800415
436.894531,       52.3587799072
437.262756,       55.2057189941
437.630951,       54.6150894165
437.999146,       55.0000457764
438.367249,       56.0915679932
438.735321,       56.5124130249
439.103394,       57.6638984680
439.471405,       58.1840515137
439.839386,       39.4779739380
440.207306,       39.1450042725
440.575195,       37.1734008789
440.943054,       37.9141235352
441.310883,       37.0270690918
441.678680,       36.4779281616
442.046387,       36.3090591431
442.414093,       36.2764968872
442.781799,       36.7540779114
443.149414,       37.8760604858
443.516998,       38.1997299194
443.884552,       37.9168701172
444.252045,       38.2309265137
444.619537,       40.8400497437
444.987000,       39.8734321594
445.354401,       41.2907180786
445.721710,       41.6514739990
446.089081,       42.5555953979
446.456360,       42.7215042114
446.823608,       43.2855834961
447.190826,       43.8484115601
447.557953,       61.9730796814
447.925110,       62.8654747009
448.292175,       65.1712799072
448.659271,       64.8239898682
449.026276,       66.4436187744
449.393250,       67.3717956543
449.760193,       66.8415679932
450.127075,       67.7962036133
450.493958,       68.4365158081
450.860779,       69.6395645142
451.227570,       70.2848815918
451.594330,       70.4915008545
451.960999,       69.9105072021
452.327698,       69.5098266602
452.694336,       70.4406280518
453.060913,       70.7980880737
453.427490,       71.0484161377
453.793976,       71.1720657349
454.160492,       71.8616104126
454.526917,       52.3806800842
454.893311,       52.6520004272
455.259674,       53.5001068115
455.626007,       53.8414611816
455.992310,       53.8283386230
456.358551,       54.7444343567
456.724731,       54.4027481079
457.090912,       54.8033981323
457.457031,       55.6125106812
457.823151,       55.8304443359
458.189209,       56.2539062500
458.555206,       56.3314056396
458.921173,       56.3330764771
459.287109,       57.1942672729
459.653015,       57.7731094360
460.018890,       58.5261459351
460.384705,       58.9491424561
460.750519,       58.0961799622
461.116241,       58.6470413208
461.481964,       58.8928298950
461.847626,       58.9563980103
462.213226,       75.2594909668
462.578827,       75.5875015259
462.944427,       75.9343566895
463.309906,       76.0790634155
463.675385,       76.7032165527
464.040802,       76.9579772949
464.406219,       77.7083587646
464.771606,       78.3199920654
465.136902,       78.4520950317
465.502197,       78.6992187500
465.867462,       78.7486267090
466.232635,       79.2517242432
466.597839,       79.3074569702
466.962921,       79.2673568726
467.328003,       79.3758392334
467.693054,       79.4654541016
468.058075,       79.3752517700
468.423035,       80.5175628662
468.787994,       79.9740905762
469.152863,       79.8220062256
469.517700,       79.6771163940
469.882538,       79.9205322266
470.247314,       80.5172271729
470.612061,       79.7222671509
470.976746,       80.0393218994
471.341431,       79.6469421387
471.706024,       79.5867996216
472.070618,       79.4641571045
472.435181,       79.6973571777
472.799622,       79.8516235352
473.164124,       79.7160797119
473.528534,       80.0375823975
473.892975,       79.9730987549
474.257294,       80.3731002808
474.621582,       80.7965011597
474.985870,       81.0598602295
475.350098,       80.7869262695
475.714325,       81.3647994995
476.078461,       81.4494171143
476.442535,       81.9189453125
476.806641,       82.4600982666
477.170685,       82.9477996826
477.534668,       83.3579025269
477.898621,       83.3436050415
478.262512,       83.7126617432
478.626404,       83.2835998535
478.990265,       83.7060546875
479.354065,       83.9189682007
479.717834,       84.1549377441
480.081512,       84.0109939575
480.445221,       84.0865020752
480.808899,       84.4236679077
481.172485,       84.0669479370
481.536041,       84.4037475586
481.899567,       84.3775482178
482.263062,       84.4742126465
482.626526,       84.4827880859
482.989929,       84.8214874268
483.353271,       84.7109222412
483.716583,       84.7486877441
484.079895,       84.9403305054
484.443146,       84.9438323975
484.806366,       85.0134963989
485.169525,       84.8973693848
485.532654,       85.1380004883
485.895752,       85.3435745239
486.258820,       85.8316116333
486.621857,       85.7472229004
486.984802,       85.6892700195
487.347748,       85.6803894043
487.710663,       85.8746337891
488.073517,       86.1463775635
488.436340,       86.2187805176
488.799072,       86.4619445801
489.161835,       86.5373306274
489.524536,       86.8496170044
489.887238,       86.9386749268
490.249847,       87.0242080688
490.612396,       87.1261444092
490.974915,       87.3503799438
491.337433,       87.6602935791
491.699921,       87.6557235718
492.062347,       87.5870361328
492.424713,       87.6082763672
492.787079,       87.7767486572
493.149353,       87.1626586914
493.511658,       87.4460067749
493.873871,       87.5221862793
494.236053,       87.4834136963
494.598206,       87.4226150513
494.960297,       87.4067306519
495.322388,       87.3874893188
495.684418,       86.1425399780
496.046356,       86.2488250732
496.408325,       86.4442672729
496.770264,       86.4266128540
497.132141,       86.3367767334
497.493958,       86.2289733887
497.855713,       86.1875534058
498.217499,       86.1981735229
498.579193,       86.1313400269
498.940887,       86.1378479004
499.302490,       86.1509246826
499.664093,       86.2243652344
500.025635,       86.2802047729
500.387177,       86.1984481812
500.748627,       86.8445053101
501.110077,       86.6887435913
501.471436,       86.6673507690
501.832825,       86.8433151245
502.194153,       87.0175323486
502.555389,       87.0125274658
502.916626,       86.7842559814
503.277802,       87.6923065186
503.638977,       87.5059738159
504.000092,       87.3720855713
504.361176,       87.2967071533
504.722198,       87.1923751831
505.083160,       87.2385559082
505.444153,       87.2369308472
505.805084,       87.2279510498
506.165924,       87.1694183350
506.526764,       86.9578018188
506.887543,       86.6152572632
507.248322,       86.4536819458
507.609070,       86.3322067261
507.969727,       86.2430953979
508.330322,       86.0606460571
508.690918,       86.0210266113
509.051514,       85.9286041260
509.412018,       85.8349456787
509.772491,       85.6790695190
510.132904,       85.4532699585
510.493286,       85.2739562988
510.853699,       85.2663192749
511.213989,       85.2734909058
511.574280,       85.1847381592
511.934509,       85.0564041138
512.294678,       84.9812393188
512.654846,       84.9180450439
513.014954,       84.9031066895
513.375061,       84.5739288330
513.735046,       84.3043823242
514.095032,       84.3540344238
514.455078,       84.3714599609
514.814941,       84.3612365723
515.174805,       84.2269668579
515.534607,       84.1365737915
515.894409,       83.9613494873
516.254211,       82.6902313232
516.613892,       82.3415679932
516.973572,       82.1119995117
517.333130,       81.9838104248
517.692749,       82.0120010376
518.052368,       82.0318450928
518.411865,       81.8748779297
518.771301,       81.7516937256
519.130737,       81.5314483643
519.490173,       81.3186798096
519.849548,       81.0748138428
520.208801,       80.8807525635
520.568054,       80.5948028564
520.927307,       80.5742874146
521.286499,       80.5178298950
521.645691,       80.2310943604
522.004822,       80.1018218994
522.363831,       79.9009628296
522.722839,       79.7521362305
523.081848,       79.3289642334
523.440796,       79.1501464844
523.799744,       79.9531021118
524.158569,       80.0186538696
524.517395,       79.9081268311
524.876160,       79.7125625610
525.234924,       79.4708251953
525.593628,       79.3366622925
525.952271,       78.9728927612
526.310913,       78.7525482178
526.669495,       78.5824584961
527.028076,       78.4832229614
527.386536,       78.2503890991
527.744995,       78.0512542725
528.103394,       77.9110870361
528.461792,       77.6799545288
528.820129,       77.5258789063
529.178406,       77.3926162720
529.536743,       76.9782485962
529.894958,       76.8932800293
530.253113,       76.7302551270
530.611267,       76.6356048584
530.969299,       76.4220123291
531.327393,       76.0056381226
531.685486,       75.8097534180
532.043335,       75.7379913330
532.401367,       75.5582275391
532.759216,       75.4773635864
533.117004,       75.3123550415
533.474915,       75.3095016479
533.832642,       75.1743774414
534.190430,       75.1052322388
534.548096,       74.9269866943
534.905762,       74.9547805786
535.263367,       74.7926788330
535.620850,       74.6881027222
535.978455,       74.7078552246
536.335876,       74.6752624512
536.693359,       74.6047286987
537.050781,       74.7360992432
537.408142,       74.6315307617
537.765442,       74.6097259521
538.122681,       74.7086868286
538.479919,       74.7260894775
538.837219,       74.8795776367
539.194336,       74.8029861450
539.551453,       74.5942382813
539.908508,       74.4263000488
540.265564,       74.3909988403
540.622559,       74.3480453491
540.979553,       74.2973480225
541.336426,       74.2010803223
541.693298,       74.1948471069
542.050110,       74.0467987061
542.406921,       73.9473648071
542.763672,       73.9222106934
543.120422,       73.9104385376
543.477051,       73.8022308350
543.833679,       73.7364120483
544.190308,       73.6798400879
544.546814,       73.6779708862
544.903381,       73.5565795898
545.259827,       73.5400848389
545.616211,       73.3678741455
545.972595,       73.4031219482
546.328979,       73.4302062988
546.685242,       73.3642272949
547.041504,       73.4029388428
547.397644,       73.4698486328
547.753906,       73.4801788330
548.110046,       73.5287399292
548.466125,       73.5612792969
548.822144,       73.5587310791
549.178223,       73.4425964355
549.534241,       73.4749526978
549.890137,       73.5325469971
550.246033,       73.5135269165
550.601868,       73.4810333252
550.957581,       73.4765090942
551.313416,       73.3536834717
551.669128,       73.3751296997
552.024841,       73.2180480957
552.380432,       73.2455520630
552.736023,       73.1822662354
553.091675,       73.1043090820
553.447144,       73.0948333740
553.802612,       73.0312500000
554.158020,       73.0911254883
554.513428,       73.1048431396
554.868774,       73.1744155884
555.224121,       73.0298767090
555.579346,       72.9381561279
555.934631,       72.9239120483
556.289734,       72.9691162109
556.644958,       73.0054473877
557.000000,       72.9209976196
557.355103,       72.9243164063
557.710083,       72.9976654053
558.065063,       73.0571594238
558.420105,       73.0568466187
558.774963,       73.1515045166
559.129822,       73.0834732056
559.484619,       73.2838745117
559.839355,       73.3546066284
560.194153,       73.3885803223
560.548828,       73.5669860840
560.903442,       73.6098480225
561.258057,       73.6112976074
561.612610,       73.6479797363
561.967224,       73.7300415039
562.321655,       73.7341842651
562.676086,       73.9642486572
563.030457,       74.0777359009
563.384827,       74.1546707153
563.739197,       74.1627883911
564.093445,       74.2868423462
564.447693,       74.4994964600
564.801880,       74.5702972412
565.156006,       74.6098327637
565.510132,       74.6641921997
565.864197,       74.7950897217
566.218262,       74.9436645508
566.572205,       75.1792526245
566.926086,       75.2180023193
567.280090,       75.3197402954
567.633972,       75.4562072754
567.987732,       75.5854797363
568.341553,       75.7308120728
568.695190,       75.9568328857
569.048950,       76.0150375366
569.402649,       76.0361404419
569.756165,       76.1505432129
570.109802,       76.2236938477
570.463257,       76.3442764282
570.816772,       76.4683380127
571.170227,       76.6574401855
571.523621,       76.7514648438
571.877014,       76.8787384033
572.230286,       77.0015487671
572.583557,       77.1434936523
572.936829,       77.2642364502
573.289978,       77.2567825317
573.643250,       77.3297424316
573.996216,       77.3449707031
574.349365,       77.4262619019
574.702393,       77.5474243164
575.055359,       77.7011489868
575.408325,       77.8001174927
575.761169,       77.8473510742
576.114075,       77.8810272217
576.466919,       78.0297012329
576.819641,       78.1675109863
577.172363,       78.3167419434
577.525085,       78.3576126099
577.877686,       78.3920898438
578.230286,       78.4657516479
578.582825,       78.5740051270
578.935425,       78.5176696777
579.287903,       78.5673294067
579.640320,       78.6313858032
579.992676,       78.6293487549
580.345093,       78.7151489258
580.697388,       78.8483505249
581.049683,       78.9541244507
581.401855,       79.1229019165
581.754089,       79.1423873901
582.106201,       79.1176376343
582.458313,       79.0915832520
582.810425,       79.1351318359
583.162354,       79.2460174561
583.514404,       79.3146743774
583.866272,       79.3899688721
584.218201,       79.4719772339
584.570068,       79.3132781982
584.921875,       79.3944244385
585.273560,       79.5041198730
585.625305,       79.5110397339
585.977051,       79.5717239380
586.328674,       79.6574249268
586.680237,       79.7845458984
587.031799,       79.8125457764
587.383301,       79.8997726440
587.734802,       79.8853149414
588.086243,       79.9627227783
588.437561,       79.9416122437
588.788940,       79.9191589355
589.140198,       80.1109466553
589.491516,       80.2432785034
589.842712,       80.2870025635
590.193848,       80.2637710571
590.544983,       80.2283172607
590.896057,       80.1720886230
591.247192,       80.1776351929
591.598145,       80.2012863159
591.949158,       80.3575286865
592.300049,       80.3804244995
592.650879,       80.3982696533
593.001770,       80.4796829224
593.352539,       80.3943557739
593.703308,       80.4389801025
594.054016,       80.4678573608
594.404663,       80.4871826172
594.755310,       80.5012512207
595.105896,       80.5608062744
595.456360,       80.5967330933
595.806885,       80.6434631348
596.157349,       80.4917221069
596.507751,       80.4117431641
596.858154,       80.3648834229
597.208435,       80.3903656006
597.558777,       80.4049987793
597.908997,       80.4587936401
598.259216,       80.5540924072
598.609314,       80.4784240723
598.959473,       80.4507217407
599.309570,       80.4929504395
599.659546,       80.5205993652
600.009583,       80.5158004761
600.359497,       80.5287704468
600.709412,       80.6438446045
601.059265,       80.7288436890
601.409058,       80.6337356567
601.758850,       80.6921691895
602.108521,       80.7275009155
602.458191,       80.7707824707
602.807922,       80.7745742798
603.157471,       80.7073822021
603.507080,       80.8777770996
603.856567,       80.9341430664
604.205994,       80.9958190918
604.555542,       81.0591735840
604.904846,       81.1098251343
605.254211,       81.1055603027
605.603516,       80.9918594360
605.952759,       81.1085205078
606.302063,       81.1087188721
606.651123,       81.1566238403
607.000305,       81.2029953003
607.349365,       81.2238540649
607.698425,       81.2762756348
608.047485,       81.3010635376
608.396362,       81.3168792725
608.745300,       81.3615341187
609.094177,       81.4106445313
609.442993,       81.4540710449
609.791809,       81.5026092529
610.140503,       81.5477981567
610.489258,       81.6969451904
610.837891,       81.7246398926
611.186523,       81.7833480835
611.535156,       81.8473205566
611.883606,       81.8782501221
612.232178,       81.9346084595
612.580566,       81.9608459473
612.928955,       82.0714035034
613.277344,       82.1439132690
613.625610,       82.2512207031
613.973938,       82.2766265869
614.322144,       82.2792129517
614.670288,       82.3656387329
615.018555,       82.4080505371
615.366516,       82.4656829834
615.714661,       82.5355911255
616.062622,       82.5946350098
616.410645,       82.6373138428
616.758606,       82.6528930664
617.106445,       82.6867523193
617.454285,       82.7591400146
617.802063,       82.7456512451
618.149841,       82.7808914185
618.497559,       82.8457031250
618.845215,       82.8389892578
619.192871,       82.8235092163
619.540466,       82.9357299805
619.888000,       83.0227050781
620.235535,       83.0719299316
620.582886,       83.0539474487
620.930359,       83.0884399414
621.277710,       83.1725921631
621.625061,       83.2015609741
621.972351,       83.2505950928
622.319519,       83.2436218262
622.666809,       83.2165374756
623.013916,       83.2727355957
623.361023,       83.3285217285
623.708130,       83.0477447510
624.055054,       83.0850372314
624.402100,       83.1575317383
624.749023,       83.1029205322
625.095947,       83.0891036987
625.442810,       83.1363296509
625.789551,       83.1264495850
626.136353,       83.1624298096
626.483032,       83.1769409180
626.829712,       83.0879974365
627.176392,       83.0621032715
627.522949,       83.0889282227
627.869507,       83.1099548340
628.216003,       83.1415176392
628.562500,       83.1157226563
628.908936,       83.1333618164
629.255310,       83.1333007813
629.601624,       83.1756591797
629.947876,       83.1999359131
630.294067,       83.0254211426
630.640320,       83.0531463623
630.986511,       83.3421325684
631.332642,       83.3708190918
631.678650,       83.2318191528
632.024658,       83.3211059570
632.370728,       83.3885955811
632.716614,       83.4345550537
633.062500,       83.4511260986
633.408325,       83.4680938721
633.754089,       83.4453811646
634.099915,       83.5400390625
634.445679,       83.5953216553
634.791321,       83.6839752197
635.136963,       83.7033233643
635.482483,       83.6239700317
635.828125,       83.7083892822
636.173584,       83.8275604248
636.519043,       83.8885345459
636.864502,       83.8704299927
637.209778,       83.9105911255
637.555237,       84.1600341797
637.900452,       84.2706146240
638.245728,       84.3637084961
638.590881,       84.4598846436
638.935974,       84.6810760498
639.281189,       84.7496871948
639.626221,       84.7925720215
639.971191,       84.8616256714
640.316223,       84.9211196899
640.661072,       85.0406951904
641.006042,       85.1896667480
641.350891,       85.2948760986
641.695679,       85.3519210815
642.040466,       85.4321136475
642.385071,       85.5764923096
642.729858,       85.8182601929
643.074463,       85.6558837891
643.419067,       85.7106475830
643.763611,       85.7728500366
644.108032,       85.8967971802
644.452515,       86.0184555054
644.796936,       86.0892944336
645.141296,       86.1349182129
645.485657,       86.2183685303
645.829834,       86.2689514160
646.174133,       86.3299102783
646.518311,       86.4342346191
646.862427,       86.5719909668
647.206604,       86.6805496216
647.550598,       86.7999725342
647.894653,       86.9122009277
648.238647,       86.9873580933
648.582458,       87.0395050049
648.926453,       87.1253662109
649.270203,       87.2170333862
649.614075,       87.3126831055
649.957764,       87.2960586548
650.301453,       87.6232376099
650.645142,       87.6466522217
650.988708,       87.6985931396
651.332336,       87.8098220825
651.675842,       87.8791961670
652.019348,       87.8829345703
652.362854,       87.8908843994
652.706177,       87.9337921143
653.049561,       88.0363922119
653.392883,       88.0700454712
653.736084,       88.0721740723
654.079346,       88.0775833130
654.422424,       87.7733154297
654.765625,       87.7980346680
655.108765,       87.8072662354
655.451721,       87.9058074951
655.794800,       87.9382553101
656.137695,       88.0033721924
656.480591,       87.9679336548
656.823486,       87.9439926147
657.166260,       87.9881973267
657.509094,       88.0068359375
657.851807,       88.0352172852
658.194519,       88.1084594727
658.537109,       88.0751190186
658.879761,       88.0854949951
659.222351,       88.1478271484
659.564758,       88.2294006348
659.907349,       88.3278121948
660.249695,       88.3497009277
660.592041,       88.3767089844
660.934448,       88.4353713989
661.276672,       88.5733642578
661.619019,       88.9166030884
661.961182,       88.9971542358
662.303284,       89.0359268188
662.645508,       89.0481796265
662.987427,       89.0959167480
663.329529,       89.1374053955
663.671448,       89.2595214844
664.013428,       89.3464889526
664.355347,       89.4223556519
664.697205,       89.3680267334
665.039001,       89.4826049805
665.380676,       89.4992675781
665.722412,       89.6171875000
666.064148,       89.7146377563
666.405701,       89.8175582886
666.747253,       89.9199523926
667.088806,       89.9623184204
667.430298,       90.0062484741
667.771790,       90.0910186768
668.113159,       90.1328048706
668.454529,       90.0954437256
668.795837,       90.1559982300
669.137085,       90.2027206421
669.478394,       90.2516632080
669.819519,       90.2411422729
670.160645,       90.2851715088
670.501709,       90.3576812744
670.842773,       90.4050750732
671.183777,       90.4322738647
671.524719,       90.5055007935
671.865662,       90.6626358032
672.206482,       90.6987915039
672.547302,       90.7924346924
672.888123,       90.7805480957
673.228821,       90.8029098511
673.569458,       90.8073348999
673.910095,       90.7714157104
674.250732,       90.6768569946
674.591370,       90.6713256836
674.931824,       90.6553649902
675.272217,       90.6649017334
675.612732,       90.7329406738
675.953003,       90.7308502197
676.293396,       90.7406311035
676.633667,       90.7086334229
676.973877,       90.7176971436
677.314148,       90.7249603271
677.654236,       90.7004089355
677.994385,       90.6957092285
678.334412,       90.7269058228
678.674438,       90.6643600464
679.014404,       90.6050796509
679.354309,       90.5566329956
679.694214,       90.5243225098
680.034058,       90.5125961304
680.373840,       90.4759979248
680.713623,       90.4252395630
681.053223,       90.4324645996
681.392944,       90.4091567993
681.732544,       89.8760528564
682.072083,       87.8299407959
682.411621,       87.7758865356
682.751038,       87.6921005249
683.090515,       87.6432952881
683.429871,       87.4461135864
683.769226,       87.3197860718
684.108582,       87.2386627197
684.447754,       87.1329650879
684.786987,       87.0536880493
685.126160,       86.8822937012
685.465210,       86.7042312622
685.804382,       86.5680084229
686.143311,       86.3981170654
686.482361,       86.2314147949
686.821289,       85.9808197021
687.160156,       85.7759704590
687.499023,       85.5355453491
687.837769,       85.1936187744
688.176514,       84.8906784058
688.515259,       84.6470947266
688.853882,       84.8316650391
689.192566,       86.4894256592
689.531067,       86.1672058105
689.869629,       85.7332611084
690.208130,       85.3324584961
690.546570,       84.9501342773
690.885010,       84.5264739990
691.223267,       84.0946350098
691.561584,       83.6395263672
691.899841,       83.0162734985
692.238037,       82.5314178467
692.576294,       81.9934997559
692.914307,       81.4362030029
693.252380,       80.9201354980
693.590454,       80.3000793457
693.928406,       79.7452163696
694.266357,       79.1158599854
694.604187,       78.4931182861
694.942078,       77.9874343872
695.279907,       77.4064178467
695.617615,       76.6636123657
695.955444,       76.0418853760
696.292969,       75.3805389404
696.630676,       74.6388244629
696.968201,       74.0325927734
697.305725,       73.2386856079
697.643250,       72.5697937012
697.980652,       71.9426422119
698.318054,       71.2203369141
698.655396,       70.4920501709
698.992676,       69.8954925537
699.330017,       69.1544723511
699.667175,       68.4604339600
700.004395,       67.7941360474
700.341492,       67.0709228516
700.678528,       66.4001312256
701.015564,       65.5298309326
701.352478,       64.9070281982
701.689514,       64.2103805542
702.026428,       63.3856124878
702.363220,       62.6240234375
702.700073,       62.0190849304
703.036804,       61.2866744995
703.373474,       60.5817832947
703.710144,       59.9396743774
704.046814,       59.1738891602
704.383362,       58.6942443848
704.719910,       57.9872550964
705.056335,       57.3425216675
705.392761,       56.7307472229
705.729187,       56.1012496948
706.065552,       55.4079513550
706.401855,       54.8459320068
706.738098,       54.1725387573
707.074280,       53.5023193359
707.410461,       52.8178520203
707.746643,       52.1878166199
708.082642,       51.6911544800
708.418701,       51.0167465210
708.754639,       50.4156570435
709.090576,       49.9600219727
709.426514,       49.3419418335
709.762329,       48.6526641846
710.098083,       47.9810867310
710.433838,       47.2592849731
710.769592,       46.6170959473
711.105286,       46.0999298096
711.440796,       45.4547767639
711.776367,       44.9606399536
712.112000,       44.3666534424
712.447388,       43.7644042969
712.782837,       43.1143417358
713.118225,       42.5641937256
713.453552,       41.9749145508
713.788818,       41.4590225220
714.124023,       40.9026603699
714.459290,       40.3325500488
714.794434,       39.8254280090
715.129517,       39.2817611694
715.464661,       38.6954650879
715.799622,       38.1309204102
716.134583,       37.4822540283
716.469482,       36.9130706787
716.804321,       36.4477691650
717.139221,       36.0384292603
717.473938,       35.6817321777
717.808777,       35.1417922974
718.143433,       34.6242141724
718.478088,       34.1007995605
718.812683,       33.6059265137
719.147217,       33.1222076416
719.481750,       32.6192626953
719.816223,       32.1458740234
720.150574,       31.5789642334
720.485046,       31.0732727051
720.819214,       30.5178451538
721.153564,       29.9988250732
721.487854,       29.5093231201
721.821960,       29.0121154785
722.156189,       28.3429794312
722.490234,       27.9228668213
722.824341,       27.4880371094
723.158264,       26.9500579834
723.492249,       26.4598999023
723.826172,       25.9773330688
724.159973,       25.4554367065
724.493835,       25.0240478516
724.827576,       24.3246231079
725.161316,       23.7473526001
725.494995,       23.2819442749
725.828613,       22.8137207031
726.162231,       22.3558502197
726.495728,       21.8402099609
726.829163,       21.4215698242
727.162720,       21.0646667480
727.496033,       20.6192245483
727.829468,       20.2215194702
728.162720,       19.7897491455
728.496033,       19.3612747192
728.829224,       18.9336700439
729.162354,       18.7391204834
729.495483,       18.4265136719
729.828552,       18.0010223389
730.161560,       17.6828231812
730.494629,       17.3502883911
730.827454,       17.0633087158
731.160400,       16.7086486816
731.493225,       16.2727966309
731.825989,       16.2019958496
732.158813,       15.9505462646
732.491455,       15.5815124512
732.824158,       15.2098159790
733.156799,       14.7958221436
733.489319,       14.4373626709
733.821899,       14.1033630371
734.154236,       13.8314666748
734.486755,       13.4753494263
734.819092,       13.1633453369
735.151428,       12.9137115479
735.483765,       12.6276702881
735.815857,       12.3895568848
736.148132,       12.0803833008
736.480286,       11.7197113037
736.812378,       11.3937835693
737.144470,       11.1787567139
737.476379,       10.9107818604
737.808411,       10.5981216431
738.140259,       10.2819671631
738.472168,       10.1034240723
738.804016,        9.8735809326
739.135742,        9.6350708008
739.467468,        9.4044647217
739.799133,        9.2373046875
740.130798,        9.1360778809
740.462402,        8.9415588379
740.793884,        8.6665725708
741.125366,        8.4163970947
741.456848,        8.2996215820
741.788208,        8.1106414795
742.119568,        7.9045791626
742.450928,        7.7807312012
742.782166,        7.6050872803
743.113281,        7.4308319092
743.444458,        7.2248687744
743.775635,        7.1053466797
744.106689,        6.9554748535
744.437683,        6.8388519287
744.768677,        6.7063140869
745.099609,        6.6557540894
745.430481,        6.5092315674
745.761353,        6.2578887939
746.092102,        6.0943527222
746.422852,        5.9597930908
746.753479,        5.8450164795
747.084229,        5.6875152588
747.414795,        5.6690444946
747.745300,        5.5952758789
748.075806,        5.4816970825
748.406311,        5.4519348145
748.736694,        5.4103088379
749.067078,        5.3750152588
749.397400,        5.2744293213
749.727722,        5.1882934570
750.057861,        5.0904846191
750.388062,        5.0686340332
750.718201,        5.0379791260
751.048279,        4.9551162720
751.378357,        4.9557647705
751.708252,        4.8812866211
752.038208,        4.7282714844
752.368164,        4.6389312744
752.697937,        4.7395477295
753.027832,        4.7561264038
753.357483,        4.7130279541
753.687256,        4.6457519531
754.016907,        4.5653076172
754.346497,        4.4883575439
754.676147,        4.5814361572
755.005493,        4.6230926514
755.335083,        4.5294876099
755.664490,        4.4450988770
755.993835,        4.3663940430
756.323181,        4.2600021362
756.652405,        4.2581405640
756.981689,        4.3699798584
757.310852,        4.3930053711
757.640015,        4.2860183716
757.969177,        4.3438720703
758.298096,        4.3377456665
758.627197,        4.3021163940
758.956116,        4.3509216309
759.284973,        4.3782043457
759.613892,        4.4271697998
759.942627,        4.4327850342
760.271423,        4.5002365112
760.600159,        4.4987335205
760.928772,        4.5180664063
761.257446,        4.5713043213
761.585999,        4.5299987793
761.914490,        4.3660354614
762.242981,        4.3800125122
762.571350,        4.4115524292
762.899841,        4.2575836182
763.228088,        4.4026947021
763.556396,        4.3730468750
763.884644,        4.3908843994
764.212830,        4.2960357666
764.541016,        4.2912521362
764.869080,        4.2763824463
765.197144,        4.2463150024
765.525146,        4.2937164307
765.853088,        4.3362426758
766.181030,        4.2919769287
766.508789,        4.2526321411
766.836670,        4.1928100586
767.164429,        4.0957641602
767.492126,        4.1160659790
767.819824,        4.1828613281
768.147400,        4.0762023926
768.475037,        4.1110687256
768.802490,        4.1556015015
769.130005,        3.9281921387
769.457458,        3.9610137939
769.784790,        4.1492462158
770.112183,        4.1321182251
770.439453,        4.1215057373
770.766663,        3.9904708862
771.093872,        4.0893859863
771.420959,        4.1716156006
771.748108,        4.1984939575
772.075195,        4.1170349121
772.402161,        3.9939575195
772.729126,        3.9687194824
773.055969,        4.0444107056
773.382874,        4.0749206543
773.709717,        4.1825866699
774.036438,        4.3529052734
774.363159,        4.3609924316
774.689758,        4.2613067627
775.016479,        4.3779907227
775.343018,        4.3437500000
775.669495,        4.5363159180
775.996033,        4.8752517700
776.322449,        4.8242034912
776.648865,        4.9075851440
776.975098,        4.8611450195
777.301453,        4.9290390015
777.627686,        4.9817962646
777.953857,        4.9558334351
778.280029,        5.0622787476
778.606079,        4.9090881348
778.932068,        5.0306243896
779.258179,        5.1158752441
779.584045,        5.1998291016
779.909973,        5.2293243408
780.235840,        5.2893981934
780.561646,        5.2751312256
780.887390,        5.2364044189
781.213135,        5.3266296387
781.538757,        5.4040069580
781.864380,        4.9101409912
782.189880,        4.9162063599
782.515442,        4.9148559570
782.840942,        4.7855758667
783.166321,        4.9147949219
783.491699,        4.9198760986
783.817017,        5.0743255615
784.142395,        5.0569458008
784.467529,        5.1309585571
784.792725,        5.1390914917
785.117859,        5.1452484131
785.442932,        5.3592681885
785.768005,        5.3973388672
786.092957,        5.4840011597
786.417908,        5.4512176514
786.742798,        5.5256347656
787.067566,        5.3940277100
787.392456,        5.4283142090
787.717163,        5.4035491943
788.041870,        5.3420486450
788.366577,        5.4626541138
788.691101,        6.0687026978
789.015686,        6.0201950073
789.340149,        5.9902191162
789.664673,        5.9696350098
789.989075,        5.9116744995
790.313354,        5.7904663086
790.637756,        5.6676483154
790.962036,        5.6990814209
791.286194,        5.6988830566
791.610413,        5.7367248535
791.934448,        5.7646026611
792.258606,        5.6561584473
792.582581,        5.5045471191
792.906555,        5.5231628418
793.230530,        5.6160430908
793.554321,        5.5223083496
793.878174,        5.6730117798
794.201965,        5.7082290649
794.525696,        5.7596817017
794.849426,        5.7336883545
795.172974,        5.6827545166
795.496643,        5.6479110718
795.820129,        5.6594924927
796.143616,        5.6307830811
796.467102,        5.6536560059
796.790405,        5.7251358032
797.113831,        5.7932281494
797.437134,        5.7924804688
797.760315,        5.6794281006
798.083618,        5.6546783447
798.406677,        5.6362457275
798.729797,        5.3137207031
799.052856,        5.3324737549
799.375854,        5.4395294189
799.698853,        5.4240875244
800.021729,        5.2615814209
800.344604,        5.2327499390
800.667358,        5.0695343018
800.990112,        5.0471572876
801.312866,        5.0328674316
801.635498,        4.9887084961
801.958191,        4.9824218750
802.280701,        5.0008544922
802.603210,        5.0447311401
802.925781,        5.0206146240
803.248108,        5.0661468506
803.570496,        5.0135498047
803.892822,        4.9720916748
804.215088,        4.9442138672
804.537354,        4.9312820435
804.859436,        4.9136047363
805.181641,        4.9153060913
805.503723,        5.0587387085
805.825745,        4.9646606445
806.147766,        4.9400024414
806.469604,        4.9681091309
806.791504,        5.0167007446
807.113342,        5.0335617065
807.435181,        5.0526885986
807.756897,        5.0085678101
808.078552,        4.9436187744
808.400208,        4.9838104248
808.721802,        4.9594573975
809.043335,        4.9900360107
809.364929,        4.9286422729
809.686279,        5.0120391846
810.007751,        5.0749206543
810.329041,        5.1677474976
810.650330,        5.1875000000
810.971619,        5.2226867676
811.292786,        5.3007888794
811.613953,        5.3377380371
811.935059,        5.3212738037
812.256104,        5.3895034790
812.577148,        5.4979248047
812.898071,        5.5282135010
813.218994,        5.5429229736
813.539795,        5.5576095581
813.860596,        5.4962387085
814.181396,        5.5520629883
814.502136,        5.5898437500
814.822754,        5.5340423584
815.143372,        5.4808197021
815.463928,        5.4428710938
815.784485,        5.3638916016
816.104919,        5.4752044678
816.425354,        5.4475555420
816.745728,        5.3740386963
817.065979,        5.2276077271
817.386353,        5.2678985596
817.706421,        5.1649932861
818.026733,        5.1388473511
818.346863,        5.0667572021
818.666809,        4.9638671875
818.986938,        4.9054489136
819.306824,        4.9194793701
819.626770,        4.9160003662
819.946716,        4.7935256958
820.266479,        4.7936859131
820.586304,        4.9951934814
820.905945,        4.9980468750
821.225647,        4.9490356445
821.545349,        4.9623565674
821.864868,        5.1058273315
822.184448,        5.0629043579
822.503845,        4.9994049072
822.823364,        4.9967727661
823.142761,        4.9035339355
823.462036,        4.9235687256
823.781372,        5.0590744019
824.100525,        5.0495681763
824.419800,        5.2243347168
824.738953,        5.2080688477
825.057922,        5.2113113403
825.377014,        5.2771606445
825.695984,        5.3210906982
826.014954,        5.2966918945
826.333862,        5.3467864990
826.652649,        5.4411621094
826.971497,        5.3868713379
827.290100,        5.2439117432
827.608887,        5.2339172363
827.927612,        5.1495742798
828.246094,        5.3572616577
828.564697,        5.3177947998
828.883118,        5.4319458008
829.201599,        5.5183410645
829.520020,        5.4751586914
829.838318,        5.4752349854
830.156616,        5.4896087646
830.474854,        5.4259490967
830.793091,        5.4439315796
831.111267,        5.5274658203
831.429260,        5.6199722290
831.747437,        5.6912307739
832.065308,        5.7649307251
832.383362,        5.7618560791
832.701233,        5.6646575928
833.019043,        5.6332550049
833.336914,        5.5705261230
833.654663,        5.6530609131
833.972351,        5.6284103394
834.289978,        5.3919219971
834.607483,        5.3922729492
834.925171,        5.2443161011
835.242676,        5.2803878784
835.560059,        5.1973342896
835.877502,        5.2007598877
836.194763,        5.2240676880
836.512146,        5.2819976807
836.829468,        5.2227478027
837.146545,        5.1747817993
837.463745,        5.2115936279
837.780823,        5.0979232788
838.097900,        5.0396881104
838.414917,        4.8764343262
838.731873,        4.7918548584
839.048828,        4.7775650024
839.365540,        4.8637542725
839.682434,        4.8746643066
839.999207,        4.8369064331
840.315857,        4.7976608276
840.632568,        4.8078613281
840.949097,        5.0254592896
841.265747,        5.1345214844
841.582275,        5.0930786133
841.898682,        5.0165252686
842.215088,        4.9341888428
842.531433,        4.9489288330
842.847778,        4.8626403809
843.164063,        4.8141174316
843.480164,        4.6873168945
843.796387,        4.8048706055
844.112427,        4.7512207031
844.428528,        4.7311782837
844.744568,        4.6497497559
845.060486,        4.7595977783
845.376404,        4.7943344116
845.692200,        4.7453155518
846.008057,        4.7090759277
846.323853,        4.6138305664
846.639465,        4.6654357910
846.955139,        4.6844635010
847.270691,        4.6583709717
847.586304,        4.6885986328
847.901855,        4.6672134399
848.217224,        4.7508544922
848.532715,        4.7008361816
848.847961,        4.6519622803
849.163330,        4.7107086182
849.478638,        4.7067260742
849.793823,        4.6843032837
850.108948,        4.7655029297
850.424011,        4.5070037842
850.739136,        4.5017089844
851.054199,        4.5206069946
851.369019,        4.6846923828
851.684021,        4.6734161377
851.998779,        4.6456298828
852.313660,        4.6855392456
852.628418,        4.5906753540
852.943054,        4.5565948486
853.257751,        4.5911636353
853.572327,        4.5714263916
853.886841,        4.6905059814
854.201477,        4.6551055908
854.515808,        4.6049041748
854.830261,        4.5142059326
855.144592,        4.5411376953
855.458862,        4.7176055908
855.773193,        4.6129379272
856.087280,        4.6021347046
856.401489,        4.6651000977
856.715515,        4.6370544434
857.029602,        4.7299041748
857.343628,        4.7392578125
857.657532,        4.7574157715
857.971497,        4.7506332397
858.285278,        4.7578887939
858.599121,        4.7599182129
858.912903,        4.7746276855
859.226501,        4.8936614990
859.540222,        4.9007339478
859.853699,        4.8444519043
860.167297,        4.8495941162
860.480896,        4.7241210938
860.794250,        4.7424163818
861.107666,        4.6973724365
861.420959,        4.7721557617
861.734314,        4.6901092529
862.047546,        4.6875000000
862.360657,        4.6999816895
862.673889,        4.6751480103
862.986938,        4.6131591797
863.299988,        4.6689834595
863.613037,        4.5967483521
863.925903,        4.5000152588
864.238831,        4.3291931152
864.551575,        4.2201232910
864.864380,        4.2265777588
865.177185,        4.2557525635
865.489807,        4.2730636597
865.802490,        4.2940063477
866.114990,        4.2744140625
866.427612,        4.2004852295
866.740112,        4.1974334717
867.052429,        4.2361907959
867.364868,        4.2767944336
867.677124,        4.2803192139
867.989502,        4.2166137695
868.301758,        4.1735076904
868.613831,        4.1154098511
868.926025,        4.1094512939
869.238159,        4.1748504639
869.550049,        4.1631088257
869.862122,        4.1264266968
870.173950,        4.2166900635
870.485901,        4.2304077148
870.797791,        4.3141937256
871.109497,        4.2511291504
871.421204,        4.2587432861
871.732849,        4.2447280884
872.044495,        4.2631835938
872.356079,        4.3034439087
872.667542,        4.3231887817
872.979065,        4.4818267822
873.290344,        4.4466094971
873.601807,        4.4227447510
873.913147,        4.3296051025
874.224304,        4.3670043945
874.535645,        4.4367218018
874.846741,        4.4939956665
875.157837,        4.4103851318
875.468994,        4.2738723755
875.779907,        4.2933197021
876.090881,        4.3692169189
876.401733,        4.3734283447
876.712646,        4.3826141357
877.023499,        4.4397430420
877.334167,        4.3806762695
877.644897,        4.4298553467
877.955505,        4.5128402710
878.266113,        4.4513549805
878.576721,        4.3905181885
878.887146,        4.2810287476
879.197571,        4.3267669678
879.507996,        4.2542266846
879.818298,        4.2777328491
880.128662,        4.1858901978
880.438843,        4.1850128174
880.749084,        4.1667938232
881.059143,        3.8855590820
881.369263,        3.8407745361
881.679382,        4.0343017578
881.989258,        4.1244659424
882.299194,        4.1120223999
882.609070,        4.0454254150
882.918945,        4.0389328003
883.228760,        4.1122741699
883.538452,        4.0894165039
883.848145,        4.0737915039
884.157654,        4.0634002686
884.467285,        3.9806060791
884.776917,        4.0222244263
885.086243,        3.9886932373
885.395813,        4.0064239502
885.705017,        4.0176086426
886.014404,        4.0277557373
886.323730,        4.0233459473
886.632874,        4.0727310181
886.942078,        4.0569763184
887.251160,        4.1148986816
887.560242,        4.3616943359
887.869263,        4.4816818237
888.178162,        4.2820663452
888.487122,        3.0492172241
888.795898,        3.0548553467
889.104797,        3.0451049805
889.413513,        3.1002655029
889.722168,        2.9288482666
890.030884,        2.8264770508
890.339417,        2.8668746948
890.648010,        2.8931427002
890.956543,        2.8278198242
891.264893,        2.8607940674
891.573364,        2.9680786133
891.881653,        2.9440917969
892.189941,        2.8034362793
892.498230,        2.7303924561
892.806335,        2.6925048828
893.114502,        2.6652069092
893.422546,        2.5969543457
893.730652,        2.5170822144
894.038696,        2.4028320313
894.346497,        2.2802276611
894.654419,        2.2616577148
894.962158,        3.5891723633
895.270020,        3.6451873779
895.577759,        3.5778350830
895.885376,        3.4446868896
896.192993,        3.5784835815
896.500549,        3.5634155273
896.808044,        3.6120681763
897.115601,        3.4936523438
897.422913,        3.4200286865
897.730347,        3.4118194580
898.037598,        3.3282623291
898.344910,        3.3371505737
898.652161,        3.4096832275
898.959167,        3.3870239258
899.266418,        3.3738250732
899.573364,        3.3633804321
899.880371,        3.4391784668
900.187378,        3.5792236328
900.494202,        3.6593475342
900.801086,        3.7585296631
901.107788,        3.9135284424
901.414612,        3.9327774048
901.721375,        3.8668899536
902.027832,        3.9159698486
902.334534,        4.0009155273
902.641113,        3.9841232300
902.947510,        4.1014862061
903.253967,        3.9737701416
903.560242,        4.1234588623
903.866638,        4.3007125854
904.172974,        4.2758560181
904.479126,        4.2759017944
904.785278,        4.1980972290
905.091370,        4.2217102051
905.397461,        4.1701202393
905.703552,        4.1123199463
906.009399,        4.0487365723
906.315369,        3.8443908691
906.621155,        3.7835998535
906.927002,        3.7442779541
907.232788,        3.6674652100
907.538452,        3.5704040527
907.844116,        3.4781494141
908.149658,        3.3986053467
908.455200,        3.4588470459
908.760803,        3.4924240112
909.066162,        3.4626770020
909.371582,        3.4063415527
909.676880,        3.5593185425
909.982178,        3.4148559570
910.287476,        3.4104156494
910.592529,        3.2791366577
910.897705,        3.2790527344
911.202759,        3.3303070068
911.507813,        3.3094406128
911.812805,        3.3919906616
912.117676,        3.4816284180
912.422546,        3.6164550781
912.727356,        3.7590942383
913.032104,        3.7323608398
913.336853,        3.7927703857
913.641479,        3.7792968750
913.946106,        3.8195114136
914.250610,        3.7535705566
914.555115,        3.8091278076
914.859619,        3.7689056396
915.163940,        3.7623443604
915.468323,        3.6888580322
915.772583,        3.7348022461
916.076843,        3.5860748291
916.381104,        3.6285095215
916.685120,        3.5307159424
916.989258,        3.6896209717
917.293213,        3.7263031006
917.597290,        3.5097656250
917.901184,        3.3030319214
918.205017,        3.1758880615
918.508850,        3.1556243896
918.812561,        3.1044769287
919.116333,        3.1167602539
919.420044,        3.1614685059
919.723572,        2.8521957397
920.027222,        2.8099746704
920.330627,        2.7827453613
920.634094,        2.8847656250
920.937561,        2.9910430908
921.240784,        2.9157485962
921.544189,        2.8299942017
921.847351,        2.9003448486
922.150574,        2.6999435425
922.453735,        2.6729431152
922.756775,        2.6504364014
923.059875,        2.7842483521
923.362793,        2.6670837402
923.665771,        2.4943389893
923.968689,        2.6589202881
924.271362,        2.8848876953
924.574219,        3.0032043457
924.876892,        3.1703186035
925.179565,        2.9740600586
925.482239,        3.0562744141
925.784729,        2.9567718506
926.087280,        3.2082061768
926.389648,        3.2458496094
926.692078,        3.3243408203
926.994507,        3.4529724121
927.296692,        3.4109954834
927.599060,        3.3834381104
927.901123,        3.4174957275
928.203308,        3.4291839600
928.505432,        3.6777191162
928.807434,        3.8413314819
929.109436,        4.0240478516
929.411316,        3.8410186768
929.713196,        3.9481811523
930.015015,        4.1586303711
930.316711,        4.3002166748
930.618530,        4.5462646484
930.920105,        4.5937194824
931.221802,        4.2074813843
931.523315,        4.4712066650
931.824829,        4.4618835449
932.126282,        4.3389587402
932.427612,        4.5021514893
932.729004,        4.5624847412
933.030334,        4.5141143799
933.331482,        4.3490905762
933.632751,        4.3991470337
933.933777,        4.5311431885
934.234924,        4.5364532471
934.536011,        4.4720153809
934.836914,        4.3375320435
935.137878,        4.1780166626
935.438660,        3.8433532715
935.739502,        3.9028778076
936.040344,        3.8806762695
936.340942,        3.8964462280
936.641663,        3.8589477539
936.942383,        3.5471801758
937.242798,        3.5877685547
937.543335,        3.7905120850
937.843750,        3.7093353271
938.144165,        3.7293701172
938.444580,        3.7707214355
938.744751,        3.7138366699
939.045044,        3.8154449463
939.345154,        3.7197570801
939.645325,        3.6424407959
939.945435,        3.4560012817
940.245361,        3.4620132446
940.545410,        3.4721603394
940.845215,        3.5107803345
941.145142,        3.4284362793
941.445007,        3.5399703979
941.744629,        3.7848510742
942.044434,        3.7315673828
942.343994,        3.6881103516
942.643677,        3.4832763672
942.943237,        3.3229827881
943.242676,        3.2504501343
943.542114,        3.1027679443
943.841431,        3.1991119385
944.140808,        3.5552825928
944.440125,        3.4188842773
944.739258,        3.3530120850
945.038513,        3.3697662354
945.337524,        3.2171630859
945.636597,        3.2938537598
945.935669,        3.4981689453
946.234558,        3.5550765991
946.533508,        3.4292755127
946.832275,        3.2092132568
947.131165,        3.2356033325
947.429932,        3.4893188477
947.728516,        3.6617660522
948.027222,        3.6047821045
948.325745,        2.8647918701
948.624329,        2.6369247437
948.922852,        2.7235107422
949.221191,        2.8643493652
949.519592,        2.6662063599
949.817810,        2.7875518799
950.116150,        2.5365142822
950.414368,        2.2218856812
950.712463,        2.3456115723
951.010620,        2.4886932373
951.308594,        2.4681091309
951.606628,        2.4487915039
951.904602,        2.2434921265
952.202454,        2.0288467407
952.500305,        1.6100769043
952.798035,        1.5186767578
953.095825,        1.6685028076
953.393494,        1.7946472168
953.691040,        1.7167892456
953.988647,        1.3766174316
954.286133,        1.3744659424
954.583618,        2.1946411133
954.881042,        2.5739898682
955.178345,        2.6543121338
955.475647,        2.6236648560
955.772827,        2.9768066406
956.070068,        3.0003204346
956.367310,        3.2392425537
956.664307,        3.3532104492
956.961365,        3.0373687744
957.258240,        2.9385223389
957.555176,        2.4889831543
957.852112,        2.1844100952
958.148865,        2.2759246826
958.445679,        2.4424438477
958.742310,        2.8570404053
959.039001,        3.0364685059
959.335632,        3.1663208008
959.632141,        2.9195785522
959.928650,        2.8294372559
960.224976,        2.9468994141
960.521484,        2.7363510132
960.817871,        2.7895202637
961.114014,        2.4565353394
961.410339,        2.2984619141
961.706421,        2.2830200195
962.002563,        2.0779266357
962.298645,        1.8423004150
962.594604,        1.7160186768
962.890564,        1.5646514893
963.186401,        0.2161560059
963.482300,        0.0541381836
963.778137,        0.4542541504
964.073792,        1.1304244995
964.369568,        1.2901458740
964.665100,        1.4193420410
964.960693,        1.2104415894
965.256287,        0.8878021240
965.551697,        0.9490966797
965.847168,        1.0869598389
966.142395,        1.0258789063
966.437744,        0.9255447388
966.733032,        1.3330764771
967.028198,        1.3373794556
967.323364,        1.2534561157
967.618408,        1.5368423462
967.913513,        1.1515655518
968.208496,        1.0098876953
968.503357,        1.2968292236
968.798279,        1.0990753174
969.093018,        0.9453201294
969.387817,        2.9311447144
969.682556,        3.0862884521
969.977173,        3.1638031006
970.271790,        2.5514221191
970.566406,        2.2686080933
970.860779,        2.2016601563
971.155334,        2.2477645874
971.449646,        2.5611114502
971.743958,        2.4315261841
972.038330,        1.9626312256
972.332458,        1.8796768188
972.626648,        1.9083023071
972.920715,        1.8974761963
973.214844,        1.6740112305
973.508911,        1.9737777710
973.802734,        1.4013061523
974.096741,        1.4889373779
974.390442,        1.4919586182
974.684265,        1.2265396118
974.978088,        1.9028015137
975.271667,        1.9803619385
975.565369,        1.8105926514
975.858826,        1.7216491699
976.152405,        1.5020751953
976.445923,        1.7855911255
976.739258,        1.9399261475
977.032654,        1.5497207642
977.325867,        1.5287780762
977.619202,        1.5115509033
977.912415,        1.0323486328
978.205505,        1.4226837158
978.498596,        1.2880249023
978.791504,        1.3639373779
979.084534,        0.9439239502
979.377563,        0.9223480225
979.670288,        0.7174224854
979.963196,        0.8665237427
980.255859,        0.7410430908
980.548584,        0.8687057495
980.841309,       -0.6222839355
981.133850,       -1.3275604248
981.426392,       -1.4872589111
981.718811,       -1.4875946045
982.011292,       -1.2503356934
982.303650,       -1.4239730835
982.595886,       -1.4791336060
982.888245,       -1.6744995117
983.180359,       -1.6579208374
983.472595,       -1.9852294922
983.764709,       -1.7224731445
984.056641,       -1.4019165039
984.348755,       -1.6560058594
984.640625,       -1.6398849487
984.932495,       -1.8309783936
985.224365,       -1.8976135254
985.516052,       -2.0575103760
985.807861,       -1.8854064941
986.099426,       -2.4225387573
986.391052,       -2.1988830566
986.682678,       -2.3184509277
986.974121,       -0.8742294312
987.265625,       -0.7945709229
987.556885,       -0.9132614136
987.848328,       -1.0536499023
988.139648,       -1.6756439209
988.430786,       -1.9035034180
988.721985,       -2.5294189453
989.013000,       -2.1713714600
989.304138,       -2.4826507568
989.595215,       -3.1365661621
989.886047,       -3.9145889282
990.177002,       -4.8663024902
990.467834,       -4.9273223877
990.758606,       -4.8179016113
991.049377,       -4.9367675781
991.339966,       -6.1955490112
991.630676,       -6.1860122681
991.921143,       -6.3583679199
992.211670,       -6.9341430664
992.502197,       -6.9074325562
992.792542,       -6.8993988037
993.082886,       -6.2186431885
993.373169,       -6.1756134033
993.663452,       -6.1346969604
993.953613,       -6.1708984375
994.243713,       -5.7574615479
994.533813,       -5.4614105225
994.823792,       -5.2685241699
995.113770,       -5.3636322021
995.403687,       -5.3491363525
995.693481,       -4.2174835205
995.983337,       -3.9218978882
996.273010,       -3.0030899048
996.562744,       -2.9696807861
996.852417,       -3.7610778809
997.141907,       -3.5152893066
997.431458,       -1.9056549072
997.720886,       -1.9184570313
998.010315,       -2.1958084106
998.299744,       -0.6527557373
998.588928,       -0.3117065430
998.878296,       -0.1579437256
999.167419,       -0.6196060181
999.456543,       -1.9526901245
999.745667,       -1.5780563354
1000.034607,       -1.3602600098
1000.323669,       -1.3368606567
1000.612488,       -2.2895507813
1000.901367,       -1.9553146362
1001.190247,       -2.3487091064
1001.478882,       -2.2559890747
1001.767639,       -3.3149261475
1002.056335,       -3.2299346924
1002.344849,       -3.4423522949
1002.633423,       -3.7543487549
1002.921814,       -3.2034149170
1003.210266,       -3.2578964233
1003.498657,       -3.5776214600
1003.786926,       -3.5468826294
1004.075256,       -3.8702850342
1004.363342,       -4.3601455688
1004.651489,       -4.7351226807
1004.939697,       -5.1749038696
1005.227600,       -6.3853454590
1005.515686,       -6.2886657715
1005.803467,       -7.2980117798
1006.091370,       -8.0203475952
1006.379272,       -8.0659942627
1006.666870,       -7.1259994507
1006.954712,       -6.7821502686
1007.242188,       -6.6957550049
1007.529907,       -7.6326217651
1007.817444,       -6.8591918945
1008.104858,       -8.1515960693
1008.392334,       -7.8170776367
1008.679565,       -8.3159332275
1008.966980,       -9.0497512817
1009.254272,       -9.5226287842
1009.541382,       -9.6985015869
1009.828613,       -9.4848327637
1010.115601,       -8.9496917725
1010.402649,       -8.4154815674
1010.689697,       -8.9630661011
1010.976563,       -8.8077087402
1011.263489,       -8.9442367554
1011.550171,       -8.1545028687
1011.837036,       -7.8947982788
1012.123657,       -7.2012329102
1012.410278,       -7.8251647949
1012.696899,       -8.9028930664
1012.983337,       -9.4080505371
1013.269897,       -9.7162933350
1013.556396,       -8.7129821777
1013.842651,       -9.0388488770
1014.129028,       -9.1676177979
1014.415161,       -9.6651763916
1014.701477,       -9.5407867432
1014.987671,      -11.1271362305
1015.273560,      -11.2867355347
1015.559692,      -11.6861648560
1015.845581,      -12.4141311646
1016.131592,      -13.0270233154
1016.417542,      -14.6539306641
1016.703247,      -14.8964691162
1016.989014,      -15.4574279785
1017.274658,      -15.7157058716
1017.560303,      -17.2023925781
1017.845947,      -17.0093536377
1018.131409,      -18.0883789063
1018.416870,      -18.4321670532
1018.702271,      -17.6333770752
1018.987671,      -18.4223327637
1019.272949,      -19.5247955322
1019.558228,      -21.2536926270
1019.843445,      -21.1830902100
1020.128540,      -19.8504943848
1020.413574,      -20.0465087891
1020.698608,      -19.8753051758
1020.983521,      -17.5754241943
1021.268555,      -18.9892959595
1021.553284,      -20.3550415039
1021.838135,      -21.0750732422
1022.122925,      -21.8952026367
1022.407593,      -38.7396545410
1022.692261,       -8.8690338135
1022.976807,        0.9275665283
1023.261292,       -7.1960906982
1023.545837,      -10.0214996338
1023.830200,      -13.2993011475
1024.114624,      -35.5793457031
1024.398804,      -41.6408691406
1024.683105,      -24.3736343384
1024.967285,      -28.5010681152
