340.270844,      100.0000000000
340.648560,      100.0000000000
341.026306,     4009.8232421875
341.403961,     -770.6600341797
341.781616,    -1977.0917968750
342.159210,    -2595.0019531250
342.536743,       70.7518768311
342.914307,      -47.6266479492
343.291779,      -32.4339599609
343.669250,      100.0000000000
344.046661,       -7.1918258667
344.424042,       -6.6029434204
344.801422,      -14.7264175415
345.178711,      -24.3116989136
345.556000,      -32.8962402344
345.933258,      -39.9996032715
346.310486,      -44.5682678223
346.687622,      -49.5657958984
347.064758,      -53.1187286377
347.441895,      -50.6934356689
347.818939,      -49.8268737793
348.195953,      -45.8300628662
348.572937,      -45.4372253418
348.949890,      -47.9718475342
349.326843,      -50.0753479004
349.703735,      -49.8433532715
350.080597,      -48.7594604492
350.457397,      -50.7367248535
350.834198,      -47.0992736816
351.210968,      -45.4853210449
351.587646,      -47.0946655273
351.964325,      -44.7800140381
352.340942,      -45.6345977783
352.717560,      -45.1630706787
353.094147,      -45.4731445313
353.470673,      -44.2532958984
353.847168,      -42.6495971680
354.223602,      -41.4790039063
354.600037,      -42.1324615479
354.976440,      -38.8998565674
355.352783,      -44.7921142578
355.729126,      -46.6249694824
356.105408,      -46.8233947754
356.481628,      -66.4366149902
356.857849,      -65.8968658447
357.234009,      -65.9749755859
357.610168,      -67.9421081543
357.986267,      -64.4864196777
358.362366,      -63.1138610840
358.738373,      -62.2164611816
359.114349,      -63.8192749023
359.490326,      -61.9654083252
359.866241,      -59.4579010010
360.242157,      -58.8575134277
360.617981,      -55.2270050049
360.993805,      -53.9784545898
361.369568,      -54.9074707031
361.745331,      -55.9989929199
362.121033,      -57.5521545410
362.496704,      -55.8579406738
362.872314,      -53.6528625488
363.247925,      -52.9001770020
363.623505,      -49.9081726074
363.999023,      -47.8753967285
364.374542,      -26.2929306030
364.750000,      -27.1147766113
365.125397,      -24.6112213135
365.500763,      -23.3939514160
365.876160,      -25.5847473145
366.251434,      -26.5198516846
366.626740,      -26.6345062256
367.001953,      -26.5695953369
367.377136,      -25.1795883179
367.752350,      -25.8726348877
368.127472,      -28.6184387207
368.502594,      -27.2307281494
368.877625,      -24.5253295898
369.252625,      -23.5076599121
369.627625,      -24.0322418213
370.002563,      -18.3885955811
370.377502,      -22.5468750000
370.752380,      -21.0650558472
371.127228,      -22.2755584717
371.502014,      -23.6955718994
371.876770,      -26.3276138306
372.251526,      -23.1852874756
372.626221,      -21.6659774780
373.000885,      -21.7563476563
373.375488,      -21.5043334961
373.750092,      -19.6660766602
374.124664,      -18.1375503540
374.499146,      -22.3271636963
374.873627,      -24.0269165039
375.248108,      -25.2122497559
375.622467,      -31.2273864746
375.996887,      -32.4183807373
376.371185,      -32.6788024902
376.745483,      -33.7244415283
377.119751,      -34.7251281738
377.493958,      -35.4023437500
377.868195,      -35.4107971191
378.242310,      -30.3938903809
378.616394,      -33.4838867188
378.990540,      -31.6614227295
379.364563,      -32.4381561279
379.738556,      -33.5000000000
380.112518,      -30.5083312988
380.486481,      -28.8687896729
380.860352,      -28.9787292480
381.234192,      -30.2008209229
381.608063,      -26.9757614136
381.981812,      -26.3915557861
382.355591,      -21.0493164063
382.729309,      -19.1632461548
383.102966,      -16.9906921387
383.476624,      -10.0943756104
383.850220,       -6.1706848145
384.223816,       -6.6741943359
384.597321,       -7.2108383179
384.970856,       -7.3997573853
385.344299,       -3.5703582764
385.717682,       -4.7889099121
386.091125,       -7.2622222900
386.464447,       -1.5611572266
386.837769,       -0.0007095337
387.211029,        0.9410552979
387.584290,        5.7494888306
387.957489,        5.4064483643
388.330627,        6.6939086914
388.703766,        8.4795074463
389.076874,       12.4085998535
389.449921,        5.7509765625
389.822937,        7.5576324463
390.195923,        4.9769439697
390.568878,        3.6747283936
390.941772,        4.3267364502
391.314636,        8.1904602051
391.687500,       11.0053253174
392.060272,       11.2577743530
392.433075,       13.9890747070
392.805756,       18.2075653076
393.178436,       21.3955841064
393.551117,       18.5505523682
393.923737,       21.2231292725
394.296326,       21.2172317505
394.668854,       24.4956436157
395.041321,       24.6495513916
395.413849,       22.9218063354
395.786255,       18.7399597168
396.158630,       17.6823272705
396.531006,       16.0485839844
396.903320,       17.1154403687
397.275604,       19.0141296387
397.647827,       19.1078262329
398.020050,       15.7411117554
398.392212,       19.3450012207
398.764343,       20.1711807251
399.136444,       19.0580596924
399.508514,       11.6958465576
399.880554,       12.7114868164
400.252533,       11.4430999756
400.624512,        7.0085906982
400.996399,        4.8322143555
401.368286,        8.9530334473
401.740112,       11.7958755493
402.111908,       13.3551254272
402.483673,       12.7384643555
402.855408,       13.1705322266
403.227081,       13.2948455811
403.598755,       19.6164932251
403.970367,       20.2502746582
404.341980,       14.7106018066
404.713501,       12.8410720825
405.085022,       12.8694458008
405.456482,       12.3995666504
405.827911,       17.0610275269
406.199310,       18.3795547485
406.570648,       15.1866683960
406.942017,       14.4848327637
407.313263,       21.9689865112
407.684509,       22.4261856079
408.055725,       24.0813903809
408.426880,       26.3737945557
408.798035,       18.2303314209
409.169128,       18.5834655762
409.540161,       14.7496337891
409.911224,       15.0619277954
410.282196,       15.5899963379
410.653137,       17.4208450317
411.024048,       17.3923034668
411.394897,       15.9828186035
411.765747,       16.7550659180
412.136536,       22.9572448730
412.507324,       18.8338241577
412.878052,       19.5469818115
413.248718,       17.1073303223
413.619385,       18.0741424561
413.989990,       17.7924499512
414.360565,       20.5160217285
414.731110,       21.7866363525
415.101563,       20.3786392212
415.472076,       21.2094192505
415.842468,       21.6957397461
416.212891,       14.0832824707
416.583221,       21.1502990723
416.953522,       21.4033050537
417.323792,       26.2417144775
417.694031,       23.7755737305
418.064240,       23.0158004761
418.434418,       21.2652893066
418.804535,       17.4340057373
419.174622,       17.8098297119
419.544678,       19.3702316284
419.914673,       19.3122482300
420.284668,       23.8229064941
420.654572,       25.2228851318
421.024475,       29.9677810669
421.394348,       28.4292449951
421.764191,       29.5306396484
422.133972,       29.5694961548
422.503693,       29.3760986328
422.873444,       30.4240875244
423.243134,       31.1231384277
423.612762,       30.9034118652
423.982330,       41.8009796143
424.351929,       42.0891418457
424.721436,       40.8062858582
425.090942,       40.9337005615
425.460358,       43.1186218262
425.829773,       45.3218765259
426.199158,       47.9201736450
426.568481,       53.9883613586
426.937775,       55.9146194458
427.307037,       55.0419387817
427.676239,       55.7427787781
428.045441,       56.2385253906
428.414581,       58.0169334412
428.783722,       56.8822402954
429.152802,       58.3515014648
429.521790,       55.6741256714
429.890839,       56.7589187622
430.259766,       58.2783317566
430.628693,       56.2970733643
430.997589,       56.4527816772
431.366425,       55.5894622803
431.735229,       54.3790206909
432.104004,       53.8669929504
432.472748,       55.8962287903
432.841431,       56.9351272583
433.210052,       57.8599014282
433.578705,       58.0683288574
433.947266,       57.5751495361
434.315826,       58.4709243774
434.684326,       58.8074417114
435.052765,       59.0478820801
435.421204,       60.3531494141
435.789612,       61.5830841064
436.157959,       61.5480194092
436.526276,       62.2408218384
436.894531,       59.7791786194
437.262756,       63.5128288269
437.630951,       63.2674789429
437.999146,       63.8771743774
438.367249,       65.4476547241
438.735321,       65.6683654785
439.103394,       68.2475738525
439.471405,       67.9489898682
439.839386,       41.2680816650
440.207306,       40.5615844727
440.575195,       37.8471183777
440.943054,       38.5138168335
441.310883,       37.7732467651
441.678680,       37.6255798340
442.046387,       37.2207336426
442.414093,       36.6342010498
442.781799,       37.3603668213
443.149414,       36.5388069153
443.516998,       37.0061721802
443.884552,       36.8670959473
444.252045,       37.4825897217
444.619537,       40.8054847717
444.987000,       40.3473701477
445.354401,       41.8199920654
445.721710,       42.1850166321
446.089081,       43.1225967407
446.456360,       43.4803314209
446.823608,       43.1157569885
447.190826,       44.1119766235
447.557953,       67.8851699829
447.925110,       69.0739212036
448.292175,       72.0217895508
448.659271,       71.6481170654
449.026276,       73.4143600464
449.393250,       73.8866348267
449.760193,       73.3894729614
450.127075,       74.7499465942
450.493958,       75.4363250732
450.860779,       76.7941284180
451.227570,       77.0180740356
451.594330,       77.0905532837
451.960999,       76.1693801880
452.327698,       75.7130966187
452.694336,       75.9678344727
453.060913,       75.9721298218
453.427490,       76.1777114868
453.793976,       76.1353988647
454.160492,       76.6995391846
454.526917,       52.3411598206
454.893311,       52.4796142578
455.259674,       53.4573898315
455.626007,       53.9322776794
455.992310,       53.9520263672
456.358551,       55.0180702209
456.724731,       54.5403213501
457.090912,       54.9691123962
457.457031,       56.0368156433
457.823151,       55.7865371704
458.189209,       56.0273590088
458.555206,       55.9031105042
458.921173,       55.9437675476
459.287109,       56.7106132507
459.653015,       57.0875396729
460.018890,       57.8681678772
460.384705,       58.0214538574
460.750519,       56.9816322327
461.116241,       57.4985694885
461.481964,       57.8224334717
461.847626,       57.9994850159
462.213226,       78.6133193970
462.578827,       78.9175491333
462.944427,       79.2115783691
463.309906,       79.1399917603
463.675385,       79.5616378784
464.040802,       79.6042480469
464.406219,       80.4922637939
464.771606,       81.2672424316
465.136902,       81.4502944946
465.502197,       81.7649383545
465.867462,       81.9744567871
466.232635,       82.6799240112
466.597839,       82.5236358643
466.962921,       82.3088989258
467.328003,       82.4824676514
467.693054,       82.6562500000
468.058075,       83.0379943848
468.423035,       84.1511383057
468.787994,       83.4825897217
469.152863,       83.2534637451
469.517700,       82.9051208496
469.882538,       83.0335006714
470.247314,       83.6812591553
470.612061,       82.6730575562
470.976746,       83.1461029053
471.341431,       82.5983734131
471.706024,       82.5036468506
472.070618,       82.1155166626
472.435181,       82.1877746582
472.799622,       82.1280593872
473.164124,       81.8223342896
473.528534,       82.0744628906
473.892975,       81.6844558716
474.257294,       82.0625915527
474.621582,       82.6449966431
474.985870,       83.1727447510
475.350098,       82.9123382568
475.714325,       83.4615478516
476.078461,       83.8055877686
476.442535,       84.3324432373
476.806641,       85.0992889404
477.170685,       85.5534362793
477.534668,       86.0034790039
477.898621,       86.1107482910
478.262512,       86.6713714600
478.626404,       86.0703582764
478.990265,       86.6804885864
479.354065,       86.8434524536
479.717834,       87.1996841431
480.081512,       87.0591430664
480.445221,       87.2632293701
480.808899,       87.7681427002
481.172485,       87.4088516235
481.536041,       87.7734222412
481.899567,       87.8592376709
482.263062,       87.9704437256
482.626526,       87.9816513062
482.989929,       88.2827606201
483.353271,       88.0014877319
483.716583,       87.8405532837
484.079895,       88.0165328979
484.443146,       87.9313583374
484.806366,       88.0706405640
485.169525,       88.0241470337
485.532654,       88.1330642700
485.895752,       88.3862152100
486.258820,       88.9819717407
486.621857,       88.8793182373
486.984802,       88.8483886719
487.347748,       88.7710418701
487.710663,       88.9933776855
488.073517,       89.3025970459
488.436340,       89.2330932617
488.799072,       89.4878540039
489.161835,       89.6895446777
489.524536,       90.1873474121
489.887238,       90.2807846069
490.249847,       90.4326171875
490.612396,       90.5104064941
490.974915,       90.7522048950
491.337433,       91.2404327393
491.699921,       91.2221221924
492.062347,       91.1687011719
492.424713,       91.2118682861
492.787079,       91.3971023560
493.149353,       90.6624374390
493.511658,       90.9245147705
493.873871,       91.0389556885
494.236053,       91.0346298218
494.598206,       91.0464553833
494.960297,       91.0849304199
495.322388,       91.0805511475
495.684418,       90.0905227661
496.046356,       90.3363952637
496.408325,       90.6368103027
496.770264,       90.5968856812
497.132141,       90.4550552368
497.493958,       90.4609375000
497.855713,       90.4142837524
498.217499,       90.4239425659
498.579193,       90.4452743530
498.940887,       90.4930191040
499.302490,       90.5684661865
499.664093,       90.7150573730
500.025635,       90.9189147949
500.387177,       90.8546905518
500.748627,       91.6539230347
501.110077,       91.5170974731
501.471436,       91.4330902100
501.832825,       91.5963745117
502.194153,       91.7462539673
502.555389,       91.7541198730
502.916626,       91.5930938721
503.277802,       92.4111709595
503.638977,       92.2079010010
504.000092,       92.0088958740
504.361176,       91.9547576904
504.722198,       91.8711395264
505.083160,       91.8351898193
505.444153,       91.8663482666
505.805084,       91.9113769531
506.165924,       91.9614334106
506.526764,       91.8526611328
506.887543,       91.4441757202
507.248322,       91.2177505493
507.609070,       91.0607986450
507.969727,       91.1017684937
508.330322,       91.0432205200
508.690918,       91.2019958496
509.051514,       91.2643432617
509.412018,       91.2554397583
509.772491,       91.2395935059
510.132904,       91.1761932373
510.493286,       91.0408401489
510.853699,       90.9533462524
511.213989,       91.1615524292
511.574280,       91.2265777588
511.934509,       91.2634963989
512.294678,       91.2723312378
512.654846,       91.3398895264
513.014954,       91.3221893311
513.375061,       91.0614166260
513.735046,       90.8225860596
514.095032,       90.9935150146
514.455078,       91.3002777100
514.814941,       91.5132522583
515.174805,       91.5190963745
515.534607,       91.5230026245
515.894409,       91.4536743164
516.254211,       90.3744964600
516.613892,       90.0691375732
516.973572,       89.9486007690
517.333130,       89.8697967529
517.692749,       89.8947906494
518.052368,       90.0774002075
518.411865,       90.0833206177
518.771301,       90.0488204956
519.130737,       89.8916702271
519.490173,       89.7981872559
519.849548,       89.6959838867
520.208801,       89.6021652222
520.568054,       89.4841995239
520.927307,       89.6324615479
521.286499,       89.6800155640
521.645691,       89.4135971069
522.004822,       89.2979431152
522.363831,       89.0815582275
522.722839,       89.0098495483
523.081848,       88.6011352539
523.440796,       88.4827270508
523.799744,       89.2167816162
524.158569,       89.3752441406
524.517395,       89.4171295166
524.876160,       89.3659667969
525.234924,       89.3092956543
525.593628,       89.2668838501
525.952271,       88.9605941772
526.310913,       88.8471679688
526.669495,       88.7244338989
527.028076,       88.6539077759
527.386536,       88.5194396973
527.744995,       88.4255294800
528.103394,       88.3933105469
528.461792,       88.2526626587
528.820129,       88.1502151489
529.178406,       88.0327835083
529.536743,       87.6485900879
529.894958,       87.7211532593
530.253113,       87.5987243652
530.611267,       87.4864349365
530.969299,       87.3454666138
531.327393,       87.0372848511
531.685486,       86.9815826416
532.043335,       86.9262466431
532.401367,       86.8210906982
532.759216,       86.8388290405
533.117004,       86.7041397095
533.474915,       86.7811126709
533.832642,       86.6653900146
534.190430,       86.7304992676
534.548096,       86.6754531860
534.905762,       86.7392120361
535.263367,       86.6555023193
535.620850,       86.5966339111
535.978455,       86.6184692383
536.335876,       86.6953430176
536.693359,       86.7663421631
537.050781,       87.0274353027
537.408142,       86.9272232056
537.765442,       87.0107803345
538.122681,       87.2829437256
538.479919,       87.3848876953
538.837219,       87.5766372681
539.194336,       87.5793838501
539.551453,       87.3674621582
539.908508,       87.2890472412
540.265564,       87.3058471680
540.622559,       87.4065933228
540.979553,       87.3685989380
541.336426,       87.3138427734
541.693298,       87.3732299805
542.050110,       87.2575607300
542.406921,       87.2613372803
542.763672,       87.2620086670
543.120422,       87.2896575928
543.477051,       87.2704315186
543.833679,       87.2389678955
544.190308,       87.2280578613
544.546814,       87.2838439941
544.903381,       87.1710739136
545.259827,       87.1630096436
545.616211,       87.0239868164
545.972595,       87.1040420532
546.328979,       87.1201400757
546.685242,       87.0435867310
547.041504,       87.1880722046
547.397644,       87.2377471924
547.753906,       87.2024993896
548.110046,       87.2037506104
548.466125,       87.3088760376
548.822144,       87.3539276123
549.178223,       87.1411132813
549.534241,       87.1328964233
549.890137,       87.1083679199
550.246033,       87.1513061523
550.601868,       87.1403274536
550.957581,       87.1322021484
551.313416,       87.0046081543
551.669128,       87.0202636719
552.024841,       86.8446807861
552.380432,       86.9728012085
552.736023,       86.9013519287
553.091675,       86.7464065552
553.447144,       86.7318878174
553.802612,       86.7640991211
554.158020,       86.7693176270
554.513428,       86.7982101440
554.868774,       86.9086532593
555.224121,       86.7979354858
555.579346,       86.7389602661
555.934631,       86.7570648193
556.289734,       86.7840347290
556.644958,       86.8430328369
557.000000,       86.7430877686
557.355103,       86.8017807007
557.710083,       86.7884216309
558.065063,       86.8580245972
558.420105,       86.8503417969
558.774963,       86.9817657471
559.129822,       86.8970184326
559.484619,       87.0478363037
559.839355,       87.1280517578
560.194153,       87.1804351807
560.548828,       87.4508209229
560.903442,       87.4471893311
561.258057,       87.4166412354
561.612610,       87.4685058594
561.967224,       87.5080108643
562.321655,       87.5041427612
562.676086,       87.7370147705
563.030457,       87.7760925293
563.384827,       87.7512588501
563.739197,       87.7201156616
564.093445,       87.9211425781
564.447693,       88.1806259155
564.801880,       88.1820068359
565.156006,       88.2155380249
565.510132,       88.2411041260
565.864197,       88.3380203247
566.218262,       88.4411163330
566.572205,       88.6617965698
566.926086,       88.7423324585
567.280090,       88.7653656006
567.633972,       88.8622970581
567.987732,       88.9395675659
568.341553,       89.0775909424
568.695190,       89.2250213623
569.048950,       89.2541656494
569.402649,       89.2594223022
569.756165,       89.2782592773
570.109802,       89.2732696533
570.463257,       89.3126678467
570.816772,       89.4627990723
571.170227,       89.6110305786
571.523621,       89.6167831421
571.877014,       89.6657104492
572.230286,       89.7700881958
572.583557,       89.8413848877
572.936829,       89.9128036499
573.289978,       89.8900146484
573.643250,       89.8529052734
573.996216,       89.8647994995
574.349365,       89.8687286377
574.702393,       89.9154357910
575.055359,       89.9785385132
575.408325,       89.9991149902
575.761169,       89.9790954590
576.114075,       89.9968338013
576.466919,       90.1004028320
576.819641,       90.1720275879
577.172363,       90.2924194336
577.525085,       90.2896041870
577.877686,       90.3330230713
578.230286,       90.3989181519
578.582825,       90.4548721313
578.935425,       90.3534393311
579.287903,       90.4070968628
579.640320,       90.4068603516
579.992676,       90.3483428955
580.345093,       90.3803710938
580.697388,       90.4980392456
581.049683,       90.5740203857
581.401855,       90.6391754150
581.754089,       90.5733032227
582.106201,       90.5453948975
582.458313,       90.4890289307
582.810425,       90.4964523315
583.162354,       90.5769042969
583.514404,       90.5989990234
583.866272,       90.6080551147
584.218201,       90.6178741455
584.570068,       90.3266677856
584.921875,       90.3838348389
585.273560,       90.4174423218
585.625305,       90.2842102051
585.977051,       90.2994155884
586.328674,       90.2726211548
586.680237,       90.3024520874
587.031799,       90.3149948120
587.383301,       90.4062347412
587.734802,       90.3656234741
588.086243,       90.3400955200
588.437561,       90.3403320313
588.788940,       90.2905960083
589.140198,       90.4375000000
589.491516,       90.5180511475
589.842712,       90.5782699585
590.193848,       90.5311508179
590.544983,       90.4761199951
590.896057,       90.4199600220
591.247192,       90.4455108643
591.598145,       90.5116271973
591.949158,       90.7071685791
592.300049,       90.7175598145
592.650879,       90.7506256104
593.001770,       90.8562850952
593.352539,       90.8345336914
593.703308,       90.9566192627
594.054016,       90.9810638428
594.404663,       91.0003814697
594.755310,       91.0326690674
595.105896,       91.0651702881
595.456360,       91.1049194336
595.806885,       91.1498336792
596.157349,       90.9752578735
596.507751,       90.9402542114
596.858154,       90.8405609131
597.208435,       90.8429718018
597.558777,       90.8809890747
597.908997,       90.9569244385
598.259216,       91.0103530884
598.609314,       90.8868255615
598.959473,       90.8582916260
599.309570,       90.9637603760
599.659546,       90.9818725586
600.009583,       90.9875869751
600.359497,       90.9884872437
600.709412,       91.0701599121
601.059265,       91.1264343262
601.409058,       91.0546340942
601.758850,       91.0990295410
602.108521,       91.1349487305
602.458191,       91.1696243286
602.807922,       91.1847839355
603.157471,       91.0883331299
603.507080,       91.2665786743
603.856567,       91.2924575806
604.205994,       91.4105987549
604.555542,       91.4531097412
604.904846,       91.5097885132
605.254211,       91.4443359375
605.603516,       91.2698974609
605.952759,       91.3684539795
606.302063,       91.3260879517
606.651123,       91.3410186768
607.000305,       91.3339233398
607.349365,       91.3449554443
607.698425,       91.3781204224
608.047485,       91.3426742554
608.396362,       91.3357543945
608.745300,       91.3115463257
609.094177,       91.3553466797
609.442993,       91.3634262085
609.791809,       91.4111328125
610.140503,       91.4256896973
610.489258,       91.5561676025
610.837891,       91.5665893555
611.186523,       91.6150054932
611.535156,       91.6666030884
611.883606,       91.6898880005
612.232178,       91.6108856201
612.580566,       91.6150054932
612.928955,       91.7659759521
613.277344,       91.8314056396
613.625610,       91.8850097656
613.973938,       91.8418197632
614.322144,       91.8509292603
614.670288,       91.9019165039
615.018555,       91.9277496338
615.366516,       91.9578170776
615.714661,       92.0258483887
616.062622,       92.0637741089
616.410645,       92.0438613892
616.758606,       92.0113754272
617.106445,       92.0159835815
617.454285,       92.0552139282
617.802063,       91.9801712036
618.149841,       91.9953155518
618.497559,       92.0366821289
618.845215,       91.9746398926
619.192871,       91.9136810303
619.540466,       92.0764236450
619.888000,       92.1456756592
620.235535,       92.1418762207
620.582886,       92.0940780640
620.930359,       92.0973739624
621.277710,       92.1737289429
621.625061,       92.1696472168
621.972351,       92.1769943237
622.319519,       92.1503143311
622.666809,       92.1427078247
623.013916,       92.1644210815
623.361023,       92.2408599854
623.708130,       92.2518005371
624.055054,       92.3146896362
624.402100,       92.3826751709
624.749023,       92.3031005859
625.095947,       92.3034973145
625.442810,       92.3322830200
625.789551,       92.3159713745
626.136353,       92.3623046875
626.483032,       92.3849563599
626.829712,       92.2492904663
627.176392,       92.2272644043
627.522949,       92.3046646118
627.869507,       92.3418273926
628.216003,       92.4135818481
628.562500,       92.3899688721
628.908936,       92.4276046753
629.255310,       92.4476776123
629.601624,       92.4675903320
629.947876,       92.4728393555
630.294067,       92.2726516724
630.640320,       92.3134841919
630.986511,       92.3026733398
631.332642,       92.2847747803
631.678650,       92.0976409912
632.024658,       92.1816558838
632.370728,       92.2521667480
632.716614,       92.2847442627
633.062500,       92.2842483521
633.408325,       92.2853164673
633.754089,       92.2265625000
634.099915,       92.3254547119
634.445679,       92.3417358398
634.791321,       92.3086318970
635.136963,       92.2812881470
635.482483,       92.1176147461
635.828125,       92.1514434814
636.173584,       92.2144088745
636.519043,       92.1885452271
636.864502,       92.1186447144
637.209778,       92.0994338989
637.555237,       92.3195953369
637.900452,       92.3325653076
638.245728,       92.3576354980
638.590881,       92.4207305908
638.935974,       92.5759277344
639.281189,       92.5726470947
639.626221,       92.5036697388
639.971191,       92.5058593750
640.316223,       92.4623794556
640.661072,       92.4541549683
641.006042,       92.5197219849
641.350891,       92.5648498535
641.695679,       92.5582733154
642.040466,       92.6444778442
642.385071,       92.6983566284
642.729858,       92.8842010498
643.074463,       92.6099243164
643.419067,       92.5635681152
643.763611,       92.5986862183
644.108032,       92.6629028320
644.452515,       92.6988983154
644.796936,       92.6937026978
645.141296,       92.6723251343
645.485657,       92.6526412964
645.829834,       92.6058578491
646.174133,       92.6174545288
646.518311,       92.6660385132
646.862427,       92.7790832520
647.206604,       92.8210906982
647.550598,       92.9299774170
647.894653,       93.0112762451
648.238647,       93.0612030029
648.582458,       93.0728607178
648.926453,       93.1244506836
649.270203,       93.1346054077
649.614075,       93.1900482178
649.957764,       93.1475982666
650.301453,       93.4606628418
650.645142,       93.4787673950
650.988708,       93.4986038208
651.332336,       93.5843734741
651.675842,       93.6395568848
652.019348,       93.5908050537
652.362854,       93.5523529053
652.706177,       93.6091308594
653.049561,       93.6689453125
653.392883,       93.6796722412
653.736084,       93.6763763428
654.079346,       93.6433639526
654.422424,       93.2528991699
654.765625,       93.2040405273
655.108765,       93.1829299927
655.451721,       93.2487487793
655.794800,       93.2375946045
656.137695,       93.2398529053
656.480591,       93.1379776001
656.823486,       93.1112060547
657.166260,       93.1300277710
657.509094,       93.1336135864
657.851807,       93.1314697266
658.194519,       93.0962753296
658.537109,       92.9742202759
658.879761,       92.9506149292
659.222351,       92.9668045044
659.564758,       93.0398788452
659.907349,       93.0731658936
660.249695,       93.0482559204
660.592041,       93.0256576538
660.934448,       92.9788665771
661.276672,       93.0602416992
661.619019,       93.4186096191
661.961182,       93.4717025757
662.303284,       93.4697113037
662.645508,       93.3692092896
662.987427,       93.3785476685
663.329529,       93.3849182129
663.671448,       93.4752655029
664.013428,       93.4700698853
664.355347,       93.4726104736
664.697205,       93.3727188110
665.039001,       93.4121780396
665.380676,       93.4089126587
665.722412,       93.4947052002
666.064148,       93.5392074585
666.405701,       93.6051025391
666.747253,       93.6245117188
667.088806,       93.6120834351
667.430298,       93.6374130249
667.771790,       93.6732254028
668.113159,       93.7083282471
668.454529,       93.6139450073
668.795837,       93.6072463989
669.137085,       93.6292800903
669.478394,       93.6483383179
669.819519,       93.6653900146
670.160645,       93.6501007080
670.501709,       93.6725006104
670.842773,       93.7055892944
671.183777,       93.7091140747
671.524719,       93.7523803711
671.865662,       93.8569412231
672.206482,       93.8953018188
672.547302,       93.9821014404
672.888123,       93.9524459839
673.228821,       93.9155578613
673.569458,       93.8948974609
673.910095,       93.8855209351
674.250732,       93.7905426025
674.591370,       93.7142028809
674.931824,       93.6915893555
675.272217,       93.7024383545
675.612732,       93.7802658081
675.953003,       93.8093414307
676.293396,       93.8218460083
676.633667,       93.7896270752
676.973877,       93.7729034424
677.314148,       93.7907104492
677.654236,       93.7517166138
677.994385,       93.7227096558
678.334412,       93.7474822998
678.674438,       93.6840133667
679.014404,       93.6509857178
679.354309,       93.5956497192
679.694214,       93.5885925293
680.034058,       93.6033630371
680.373840,       93.6076583862
680.713623,       93.5745010376
681.053223,       93.5971908569
681.392944,       93.5890274048
681.732544,       92.9815139771
682.072083,       90.7433471680
682.411621,       90.7227172852
682.751038,       90.6753616333
683.090515,       90.6695098877
683.429871,       90.4921722412
683.769226,       90.4515533447
684.108582,       90.4567871094
684.447754,       90.4402160645
684.786987,       90.4802551270
685.126160,       90.4541473389
685.465210,       90.4149017334
685.804382,       90.3628463745
686.143311,       90.3428649902
686.482361,       90.3364639282
686.821289,       90.2693939209
687.160156,       90.2794342041
687.499023,       90.2630538940
687.837769,       90.1742782593
688.176514,       90.0876846313
688.515259,       90.1065368652
688.853882,       90.7002029419
689.192566,       92.8547515869
689.531067,       92.8213424683
689.869629,       92.6951065063
690.208130,       92.6075897217
690.546570,       92.5780181885
690.885010,       92.4739685059
691.223267,       92.4183349609
691.561584,       92.3267669678
691.899841,       92.1071472168
692.238037,       91.9972534180
692.576294,       91.8784561157
692.914307,       91.7983245850
693.252380,       91.6526641846
693.590454,       91.4654998779
693.928406,       91.3196487427
694.266357,       91.0620117188
694.604187,       90.8450698853
694.942078,       90.7140960693
695.279907,       90.5391540527
695.617615,       90.2110214233
695.955444,       89.9860534668
696.292969,       89.7800598145
696.630676,       89.4705429077
696.968201,       89.2854995728
697.305725,       88.8906555176
697.643250,       88.6284332275
697.980652,       88.3869628906
698.318054,       88.0326309204
698.655396,       87.7082443237
698.992676,       87.4701080322
699.330017,       87.0978088379
699.667175,       86.7380447388
700.004395,       86.3835372925
700.341492,       86.0394058228
700.678528,       85.6691436768
701.015564,       85.0956039429
701.352478,       84.7422332764
701.689514,       84.3213195801
702.026428,       83.7862243652
702.363220,       83.2807769775
702.700073,       82.9244842529
703.036804,       82.4812927246
703.373474,       82.0095520020
703.710144,       81.5578002930
704.046814,       80.9420471191
704.383362,       80.6576538086
704.719910,       80.1782226563
705.056335,       79.7550201416
705.392761,       79.3283843994
705.729187,       78.8134384155
706.065552,       78.2980499268
706.401855,       77.9150238037
706.738098,       77.3919677734
707.074280,       76.9388427734
707.410461,       76.4078521729
707.746643,       75.8837661743
708.082642,       75.5272827148
708.418701,       75.0346069336
708.754639,       74.5805130005
709.090576,       74.2228546143
709.426514,       73.7872009277
709.762329,       73.2320480347
710.098083,       72.6952209473
710.433838,       72.0791015625
710.769592,       71.5889434814
711.105286,       71.2224655151
711.440796,       70.6524047852
711.776367,       70.2059020996
712.112000,       69.6365661621
712.447388,       69.1055145264
712.782837,       68.5480194092
713.118225,       68.0337524414
713.453552,       67.4804992676
713.788818,       67.0466613770
714.124023,       66.4243469238
714.459290,       65.8488388062
714.794434,       65.3567581177
715.129517,       64.7938232422
715.464661,       64.1690292358
715.799622,       63.6413230896
716.134583,       63.0369110107
716.469482,       62.4689369202
716.804321,       61.9573135376
717.139221,       61.4385452271
717.473938,       60.9950866699
717.808777,       60.4501190186
718.143433,       59.9218635559
718.478088,       59.3573989868
718.812683,       58.8255958557
719.147217,       58.2914123535
719.481750,       57.7725982666
719.816223,       57.2777404785
720.150574,       56.6665229797
720.485046,       56.1200485229
720.819214,       55.4755325317
721.153564,       54.9385032654
721.487854,       54.3958663940
721.821960,       53.9060821533
722.156189,       53.1606292725
722.490234,       52.6984596252
722.824341,       52.1665229797
723.158264,       51.5823554993
723.492249,       51.0290756226
723.826172,       50.5507583618
724.159973,       50.0513687134
724.493835,       49.5191078186
724.827576,       48.7526779175
725.161316,       48.0776214600
725.494995,       47.5916328430
725.828613,       47.0219726563
726.162231,       46.4689788818
726.495728,       45.8262252808
726.829163,       45.2961959839
727.162720,       44.8723564148
727.496033,       44.2915191650
727.829468,       43.8056335449
728.162720,       43.3297157288
728.496033,       42.8143501282
728.829224,       42.2662467957
729.162354,       42.0562362671
729.495483,       41.6169281006
729.828552,       41.0934257507
730.161560,       40.7002716064
730.494629,       40.2227249146
730.827454,       39.7123031616
731.160400,       39.2121887207
731.493225,       38.7206916809
731.825989,       38.5005798340
732.158813,       38.1217346191
732.491455,       37.6604347229
732.824158,       37.2329635620
733.156799,       36.7662467957
733.489319,       36.2812194824
733.821899,       35.7825012207
734.154236,       35.3773956299
734.486755,       34.9300003052
734.819092,       34.5016632080
735.151428,       34.0896759033
735.483765,       33.7381820679
735.815857,       33.3605575562
736.148132,       32.9403991699
736.480286,       32.5769042969
736.812378,       32.1964111328
737.144470,       31.8050689697
737.476379,       31.4324722290
737.808411,       31.0892028809
738.140259,       30.7168655396
738.472168,       30.4898147583
738.804016,       30.1640319824
739.135742,       29.9191589355
739.467468,       29.5619049072
739.799133,       29.1805038452
740.130798,       28.9869461060
740.462402,       28.6937179565
740.793884,       28.3624572754
741.125366,       27.9963378906
741.456848,       27.7769622803
741.788208,       27.5088653564
742.119568,       27.2548217773
742.450928,       26.9685897827
742.782166,       26.7424240112
743.113281,       26.3834533691
743.444458,       26.0280761719
743.775635,       25.7728195190
744.106689,       25.6081390381
744.437683,       25.4158477783
744.768677,       25.1774749756
745.099609,       25.0084075928
745.430481,       24.6997146606
745.761353,       24.3952560425
746.092102,       24.0933990479
746.422852,       23.8362731934
746.753479,       23.7140121460
747.084229,       23.5016860962
747.414795,       23.4059906006
747.745300,       23.2626876831
748.075806,       23.1295928955
748.406311,       23.0145416260
748.736694,       22.8604736328
749.067078,       22.6871948242
749.397400,       22.5436553955
749.727722,       22.3683547974
750.057861,       22.2753677368
750.388062,       22.1792297363
750.718201,       22.0302581787
751.048279,       21.8409118652
751.378357,       21.7344055176
751.708252,       21.6409683228
752.038208,       21.3822174072
752.368164,       21.2682952881
752.697937,       21.2449493408
753.027832,       21.2297439575
753.357483,       21.1496887207
753.687256,       21.0655899048
754.016907,       20.8328933716
754.346497,       20.6660308838
754.676147,       20.6280059814
755.005493,       20.5803375244
755.335083,       20.4445343018
755.664490,       20.2003631592
755.993835,       20.0248947144
756.323181,       19.9079589844
756.652405,       19.8083801270
756.981689,       19.7833557129
757.310852,       19.6772766113
757.640015,       19.4552459717
757.969177,       19.3928833008
758.298096,       19.2995910645
758.627197,       19.1281356812
758.956116,       19.1749877930
759.284973,       19.1347656250
759.613892,       19.1213302612
759.942627,       19.0047149658
760.271423,       19.0055999756
760.600159,       18.9075546265
760.928772,       18.8583526611
761.257446,       18.9266510010
761.585999,       18.8617858887
761.914490,       18.5948410034
762.242981,       18.5300598145
762.571350,       18.6456909180
762.899841,       18.4605560303
763.228088,       18.4912872314
763.556396,       18.3652801514
763.884644,       18.3401489258
764.212830,       18.2812042236
764.541016,       18.2609786987
764.869080,       18.2360992432
765.197144,       18.2174530029
765.525146,       18.2848587036
765.853088,       18.2209930420
766.181030,       18.1357574463
766.508789,       18.1073760986
766.836670,       18.0457305908
767.164429,       17.8905944824
767.492126,       17.9104156494
767.819824,       17.9774932861
768.147400,       17.8087921143
768.475037,       17.7885284424
768.802490,       17.7824401855
769.130005,       17.6036529541
769.457458,       17.5419616699
769.784790,       17.7648391724
770.112183,       17.7442474365
770.439453,       17.7678222656
770.766663,       17.6307449341
771.093872,       17.6613159180
771.420959,       17.8460235596
771.748108,       17.7898101807
772.075195,       17.6714324951
772.402161,       17.4577941895
772.729126,       17.4379196167
773.055969,       17.4687194824
773.382874,       17.3871917725
773.709717,       17.4567031860
774.036438,       17.5801467896
774.363159,       17.4732971191
774.689758,       17.3863677979
775.016479,       17.4635620117
775.343018,       17.4366607666
775.669495,       17.5918884277
775.996033,       17.7837524414
776.322449,       17.8034210205
776.648865,       17.7780761719
776.975098,       17.5983123779
777.301453,       17.6265487671
777.627686,       17.7087860107
777.953857,       17.6225738525
778.280029,       17.5703048706
778.606079,       17.4550781250
778.932068,       17.5494995117
779.258179,       17.6134948730
779.584045,       17.6047515869
779.909973,       17.5747833252
780.235840,       17.5550689697
780.561646,       17.4978942871
780.887390,       17.3728637695
781.213135,       17.4345855713
781.538757,       17.4527816772
781.864380,       17.3161468506
782.189880,       17.2182998657
782.515442,       17.2063140869
782.840942,       17.1557235718
783.166321,       17.2037200928
783.491699,       17.2060470581
783.817017,       17.3991546631
784.142395,       17.3201599121
784.467529,       17.2534484863
784.792725,       17.2539215088
785.117859,       17.1999511719
785.442932,       17.2943801880
785.768005,       17.2648925781
786.092957,       17.4397277832
786.417908,       17.4057312012
786.742798,       17.4630737305
787.067566,       17.3786773682
787.392456,       17.3242797852
787.717163,       17.4250640869
788.041870,       17.3434448242
788.366577,       17.3438873291
788.691101,       17.5356292725
789.015686,       17.4929504395
789.340149,       17.3711242676
789.664673,       17.2904357910
789.989075,       17.2245788574
790.313354,       17.0173339844
790.637756,       16.8034667969
790.962036,       16.7794876099
791.286194,       16.7850418091
791.610413,       16.7908172607
791.934448,       16.7868041992
792.258606,       16.6889801025
792.582581,       16.5859680176
792.906555,       16.4465103149
793.230530,       16.5152816772
793.554321,       16.4704895020
793.878174,       16.5449523926
794.201965,       16.5337295532
794.525696,       16.4313659668
794.849426,       16.4626693726
795.172974,       16.4872283936
795.496643,       16.3422775269
795.820129,       16.3995742798
796.143616,       16.4021911621
796.467102,       16.3883209229
796.790405,       16.3463287354
797.113831,       16.5125732422
797.437134,       16.5511474609
797.760315,       16.5042190552
798.083618,       16.5409393311
798.406677,       16.5291290283
798.729797,       16.3253555298
799.052856,       16.3587188721
799.375854,       16.3930892944
799.698853,       16.3723297119
800.021729,       16.1922225952
800.344604,       16.1439514160
800.667358,       16.0289916992
800.990112,       15.9148941040
801.312866,       15.9315414429
801.635498,       15.7971343994
801.958191,       15.7829132080
802.280701,       15.8964538574
802.603210,       15.9799880981
802.925781,       16.0719604492
803.248108,       16.0836181641
803.570496,       16.0764312744
803.892822,       15.9776153564
804.215088,       16.0155944824
804.537354,       16.0244140625
804.859436,       16.0713577271
805.181641,       16.0574951172
805.503723,       16.1859817505
805.825745,       16.0544281006
806.147766,       16.0367279053
806.469604,       16.0000610352
806.791504,       16.0221862793
807.113342,       16.0051269531
807.435181,       16.0665435791
807.756897,       16.1629486084
808.078552,       16.1091842651
808.400208,       16.1124191284
808.721802,       16.0193023682
809.043335,       15.9245834351
809.364929,       15.8111267090
809.686279,       15.7255477905
810.007751,       15.6684646606
810.329041,       15.7281188965
810.650330,       15.7645034790
810.971619,       15.7019653320
811.292786,       15.7276153564
811.613953,       15.6169128418
811.935059,       15.6257171631
812.256104,       15.6924362183
812.577148,       15.7588500977
812.898071,       15.7428131104
813.218994,       15.8193664551
813.539795,       15.9276428223
813.860596,       15.8888092041
814.181396,       15.9110107422
814.502136,       15.9347686768
814.822754,       15.8892517090
815.143372,       15.9181060791
815.463928,       15.9522552490
815.784485,       15.9080810547
816.104919,       15.9395599365
816.425354,       15.9369049072
816.745728,       15.9376068115
817.065979,       15.8587646484
817.386353,       15.8618316650
817.706421,       15.7626724243
818.026733,       15.6736297607
818.346863,       15.5975494385
818.666809,       15.4308776855
818.986938,       15.2842025757
819.306824,       15.4002685547
819.626770,       15.3827056885
819.946716,       15.3035430908
820.266479,       15.2358245850
820.586304,       15.2982025146
820.905945,       15.2332763672
821.225647,       15.1291046143
821.545349,       15.0653991699
821.864868,       15.0567321777
822.184448,       14.9199371338
822.503845,       14.8278198242
822.823364,       14.8875961304
823.142761,       14.7926483154
823.462036,       14.7783279419
823.781372,       14.7658843994
824.100525,       14.7762298584
824.419800,       14.9503173828
824.738953,       14.9540405273
825.057922,       14.9533157349
825.377014,       15.0498199463
825.695984,       14.9934158325
826.014954,       14.8869323730
826.333862,       14.9168243408
826.652649,       14.8574523926
826.971497,       14.8014984131
827.290100,       14.7409133911
827.608887,       14.7129211426
827.927612,       14.7422180176
828.246094,       14.8911590576
828.564697,       14.9652862549
828.883118,       15.0661163330
829.201599,       15.2148590088
829.520020,       15.0823516846
829.838318,       15.1620330811
830.156616,       15.2674713135
830.474854,       15.2814941406
830.793091,       15.2390670776
831.111267,       15.1506881714
831.429260,       15.2414398193
831.747437,       15.3167114258
832.065308,       15.3030853271
832.383362,       15.3593978882
832.701233,       15.2812576294
833.019043,       15.2248382568
833.336914,       15.3125457764
833.654663,       15.3807067871
833.972351,       15.3337554932
834.289978,       15.1611633301
834.607483,       15.0983886719
834.925171,       15.0491256714
835.242676,       15.0035552979
835.560059,       14.9531784058
835.877502,       14.9454650879
836.194763,       15.0222778320
836.512146,       15.0256805420
836.829468,       14.7944793701
837.146545,       14.7539520264
837.463745,       14.9037933350
837.780823,       14.9086303711
838.097900,       14.7703018188
838.414917,       14.5727310181
838.731873,       14.6186676025
839.048828,       14.6870269775
839.365540,       14.7530899048
839.682434,       14.7922744751
839.999207,       14.7727508545
840.315857,       14.7315063477
840.632568,       14.7588806152
840.949097,       14.9685821533
841.265747,       15.0239410400
841.582275,       15.0293121338
841.898682,       14.9543304443
842.215088,       14.9029235840
842.531433,       14.9349975586
842.847778,       14.9922180176
843.164063,       15.0012817383
843.480164,       15.0274887085
843.796387,       15.1094512939
844.112427,       14.8844451904
844.428528,       14.7740783691
844.744568,       14.8284759521
845.060486,       14.9212951660
845.376404,       14.8564910889
845.692200,       14.7920989990
846.008057,       14.7753601074
846.323853,       14.6610107422
846.639465,       14.5553894043
846.955139,       14.6128387451
847.270691,       14.6304473877
847.586304,       14.5232772827
847.901855,       14.5025939941
848.217224,       14.4128112793
848.532715,       14.4068450928
848.847961,       14.2880554199
849.163330,       14.3009796143
849.478638,       14.2124633789
849.793823,       14.0340881348
850.108948,       14.1055603027
850.424011,       13.8787689209
850.739136,       13.9575958252
851.054199,       14.1264724731
851.369019,       14.1949615479
851.684021,       14.2375259399
851.998779,       14.1277313232
852.313660,       14.1891021729
852.628418,       14.0811462402
852.943054,       14.1117401123
853.257751,       14.1737823486
853.572327,       14.1255035400
853.886841,       14.2102203369
854.201477,       14.1710510254
854.515808,       14.1234130859
854.830261,       14.1554718018
855.144592,       14.1113739014
855.458862,       14.3663864136
855.773193,       14.3009872437
856.087280,       14.2957458496
856.401489,       14.4409484863
856.715515,       14.4112548828
857.029602,       14.4999618530
857.343628,       14.5540313721
857.657532,       14.5616836548
857.971497,       14.5597305298
858.285278,       14.5064697266
858.599121,       14.6484222412
858.912903,       14.7311248779
859.226501,       14.7836151123
859.540222,       14.7140197754
859.853699,       14.7315063477
860.167297,       14.6130599976
860.480896,       14.4272460938
860.794250,       14.4522247314
861.107666,       14.4104919434
861.420959,       14.4313507080
861.734314,       14.4277725220
862.047546,       14.3569030762
862.360657,       14.2983779907
862.673889,       14.1908187866
862.986938,       14.1445159912
863.299988,       14.0618896484
863.613037,       13.7656173706
863.925903,       13.5554580688
864.238831,       13.2268371582
864.551575,       13.1713409424
864.864380,       13.1799468994
865.177185,       13.1966857910
865.489807,       13.0572891235
865.802490,       13.1729049683
866.114990,       13.1404113770
866.427612,       13.0592803955
866.740112,       13.0075759888
867.052429,       12.9975509644
867.364868,       13.0795974731
867.677124,       13.1215820313
867.989502,       13.0448150635
868.301758,       13.1326599121
868.613831,       13.0785980225
868.926025,       13.0284271240
869.238159,       13.1595611572
869.550049,       13.1252593994
869.862122,       13.0829620361
870.173950,       13.3494720459
870.485901,       13.5489196777
870.797791,       13.7768020630
871.109497,       13.6990737915
871.421204,       13.8035888672
871.732849,       13.7076492310
872.044495,       13.6810760498
872.356079,       13.6648635864
872.667542,       13.8292388916
872.979065,       13.9818267822
873.290344,       14.0604858398
873.601807,       14.1115875244
873.913147,       13.9139099121
874.224304,       13.9222717285
874.535645,       14.0417633057
874.846741,       13.9830474854
875.157837,       13.9710235596
875.468994,       13.8521423340
875.779907,       13.8990859985
876.090881,       13.8455810547
876.401733,       13.9611053467
876.712646,       13.9541168213
877.023499,       13.8093261719
877.334167,       13.7560577393
877.644897,       13.7550201416
877.955505,       13.6741943359
878.266113,       13.7117767334
878.576721,       13.7649688721
878.887146,       13.6322937012
879.197571,       13.6176452637
879.507996,       13.5848236084
879.818298,       13.6416320801
880.128662,       13.3279724121
880.438843,       13.5085144043
880.749084,       13.4245758057
881.059143,       12.9946136475
881.369263,       12.9175415039
881.679382,       12.9877777100
881.989258,       13.0489196777
882.299194,       12.8916397095
882.609070,       12.9463348389
882.918945,       12.9108200073
883.228760,       12.9384613037
883.538452,       13.0085830688
883.848145,       12.9539642334
884.157654,       12.8958663940
884.467285,       12.9115142822
884.776917,       12.9361419678
885.086243,       12.7904815674
885.395813,       12.8487091064
885.705017,       12.7776718140
886.014404,       12.6822662354
886.323730,       12.6840515137
886.632874,       12.8758010864
886.942078,       12.7048187256
887.251160,       12.7981872559
887.560242,       13.1881637573
887.869263,       13.1616516113
888.178162,       12.9967041016
888.487122,       13.0871124268
888.795898,       13.1288299561
889.104797,       13.0105285645
889.413513,       13.0835266113
889.722168,       13.0425720215
890.030884,       12.8991546631
890.339417,       12.8923492432
890.648010,       12.9520797729
890.956543,       12.8641433716
891.264893,       12.8607940674
891.573364,       13.0178680420
891.881653,       12.9751815796
892.189941,       12.9894790649
892.498230,       12.7813873291
892.806335,       12.5836944580
893.114502,       12.6398773193
893.422546,       12.7218933105
893.730652,       12.5964050293
894.038696,       12.5164413452
894.346497,       12.5832443237
894.654419,       12.5277481079
894.962158,       12.4363403320
895.270020,       12.3833236694
895.577759,       12.5200881958
895.885376,       12.4507904053
896.192993,       12.5406494141
896.500549,       12.5473480225
896.808044,       12.6214828491
897.115601,       12.4608459473
897.422913,       12.3042449951
897.730347,       12.1299362183
898.037598,       11.8595046997
898.344910,       11.8089141846
898.652161,       11.7630920410
898.959167,       11.8166198730
899.266418,       11.8572540283
899.573364,       11.7056121826
899.880371,       11.6930541992
900.187378,       11.7922515869
900.494202,       11.7697143555
900.801086,       11.7199783325
901.107788,       11.8145751953
901.414612,       11.8604583740
901.721375,       11.8818817139
902.027832,       11.7584609985
902.334534,       11.7819519043
902.641113,       11.6964263916
902.947510,       11.7382888794
903.253967,       11.6377487183
903.560242,       11.7878036499
903.866638,       11.9584808350
904.172974,       12.1125869751
904.479126,       12.3401641846
904.785278,       12.3180160522
905.091370,       12.3073272705
905.397461,       12.3505401611
905.703552,       12.2301940918
906.009399,       12.2785568237
906.315369,       12.2030334473
906.621155,       12.1566619873
906.927002,       12.1999206543
907.232788,       12.2488327026
907.538452,       12.2581634521
907.844116,       12.2501373291
908.149658,       12.1727600098
908.455200,       12.3859634399
908.760803,       12.3218841553
909.066162,       12.2028656006
909.371582,       12.2157135010
909.676880,       12.3122253418
909.982178,       12.2491989136
910.287476,       12.2696075439
910.592529,       12.1680603027
910.897705,       11.9076461792
911.202759,       11.9876708984
911.507813,       11.9906158447
911.812805,       12.0170059204
912.117676,       12.2894134521
912.422546,       12.3539047241
912.727356,       12.4311599731
913.032104,       12.4095840454
913.336853,       12.4482040405
913.641479,       12.3214569092
913.946106,       12.3847045898
914.250610,       12.1759338379
914.555115,       12.2037200928
914.859619,       12.0722885132
915.163940,       12.1092834473
915.468323,       12.1145935059
915.772583,       12.0934143066
916.076843,       12.1216430664
916.381104,       12.2040328979
916.685120,       12.2046966553
916.989258,       12.1775054932
917.293213,       12.3235626221
917.597290,       11.9842834473
917.901184,       11.8295364380
918.205017,       11.8301086426
918.508850,       11.7394104004
918.812561,       11.7730560303
919.116333,       11.7685546875
919.420044,       11.8530960083
919.723572,       11.4672088623
920.027222,       11.5356063843
920.330627,       11.5305938721
920.634094,       11.7937469482
920.937561,       11.8991928101
921.240784,       11.7279357910
921.544189,       11.7448730469
921.847351,       11.8464813232
922.150574,       11.5603866577
922.453735,       11.5216598511
922.756775,       11.4694519043
923.059875,       11.5492553711
923.362793,       11.5103988647
923.665771,       11.4128494263
923.968689,       11.6394805908
924.271362,       11.7638626099
924.574219,       11.7958984375
924.876892,       11.7559509277
925.179565,       11.4620819092
925.482239,       11.5119400024
925.784729,       11.2985610962
926.087280,       11.5833663940
926.389648,       11.5626983643
926.692078,       11.7231597900
926.994507,       11.6025085449
927.296692,       11.6305236816
927.599060,       11.5972442627
927.901123,       11.6071853638
928.203308,       11.5757598877
928.505432,       11.8485641479
928.807434,       11.8530197144
929.109436,       11.9016647339
929.411316,       11.6983947754
929.713196,       11.9001159668
930.015015,       11.9335479736
930.316711,       12.0208740234
930.618530,       12.0532226563
930.920105,       12.1170196533
931.221802,       11.9345321655
931.523315,       12.2486877441
931.824829,       12.3757324219
932.126282,       12.3158416748
932.427612,       12.4002838135
932.729004,       12.4036407471
933.030334,       12.3295898438
933.331482,       12.1344757080
933.632751,       11.9949951172
933.933777,       12.1833343506
934.234924,       12.0688934326
934.536011,       12.1100463867
934.836914,       11.9121093750
935.137878,       11.7726516724
935.438660,       11.7290191650
935.739502,       11.8827056885
936.040344,       11.6257476807
936.340942,       11.8720703125
936.641663,       11.8851394653
936.942383,       11.8679504395
937.242798,       11.6678466797
937.543335,       11.9179687500
937.843750,       11.8226470947
938.144165,       11.7256317139
938.444580,       11.8803253174
938.744751,       11.9339675903
939.045044,       11.9545898438
939.345154,       11.9000091553
939.645325,       12.0028076172
939.945435,       11.8939666748
940.245361,       11.8573455811
940.545410,       11.8107528687
940.845215,       11.8008041382
941.145142,       11.8334045410
941.445007,       11.7748565674
941.744629,       11.7104644775
942.044434,       11.6356964111
942.343994,       11.8391571045
942.643677,       11.5919494629
942.943237,       11.4262084961
943.242676,       11.2227172852
943.542114,       11.0883941650
943.841431,       11.1081695557
944.140808,       11.3104858398
944.440125,       11.1542510986
944.739258,       10.8778533936
945.038513,       10.8007431030
945.337524,       10.5829772949
945.636597,       10.3174438477
945.935669,       10.5816802979
946.234558,       10.8398513794
946.533508,       10.7988052368
946.832275,       10.5203247070
947.131165,       10.4313812256
947.429932,       10.6813201904
947.728516,       10.9879760742
948.027222,       11.0410995483
948.325745,        9.9445648193
948.624329,        9.4461822510
948.922852,        9.4317321777
949.221191,        9.5848388672
949.519592,        9.3832092285
949.817810,        9.4797821045
950.116150,        9.0450515747
950.414368,        8.8813934326
950.712463,        8.8693923950
951.010620,        9.3206024170
951.308594,        9.2524108887
951.606628,        9.2283706665
951.904602,        9.0471267700
952.202454,        8.6188278198
952.500305,        7.8027801514
952.798035,        7.5964736938
953.095825,        7.7131195068
953.393494,        7.8036956787
953.691040,        7.6382293701
953.988647,        6.9987487793
954.286133,        6.8506164551
954.583618,        7.8949432373
954.881042,        8.3110961914
955.178345,        8.3074645996
955.475647,        7.9829940796
955.772827,        8.0937500000
956.070068,        8.0228424072
956.367310,        8.1651611328
956.664307,        8.1222610474
956.961365,        7.8176040649
957.258240,        7.5943298340
957.555176,        7.1536636353
957.852112,        6.8897552490
958.148865,        7.1212081909
958.445679,        7.3939285278
958.742310,        8.1382141113
959.039001,        8.3912811279
959.335632,        8.5472564697
959.632141,        8.1122436523
959.928650,        7.9786987305
960.224976,        8.3401794434
960.521484,        8.1271438599
960.817871,        8.3127746582
961.114014,        8.3713989258
961.410339,        8.5391845703
961.706421,        8.7583007813
962.002563,        8.9779052734
962.298645,        8.9097290039
962.594604,        8.9299468994
962.890564,        8.6615753174
963.186401,        6.7106323242
963.482300,        6.4553375244
963.778137,        6.9114837646
964.073792,        7.5460128784
964.369568,        7.6238250732
964.665100,        7.5022888184
964.960693,        7.0808410645
965.256287,        6.3424072266
965.551697,        6.5038528442
965.847168,        6.9626617432
966.142395,        7.2495880127
966.437744,        6.9709014893
966.733032,        7.2397766113
967.028198,        7.0353088379
967.323364,        6.6472015381
967.618408,        6.2661590576
967.913513,        5.7758712769
968.208496,        5.0464324951
968.503357,        5.3698272705
968.798279,        5.1732101440
969.093018,        5.2090911865
969.387817,        7.9520111084
969.682556,        8.1254577637
969.977173,        7.7644195557
970.271790,        7.2616729736
970.566406,        6.7716064453
970.860779,        7.0601119995
971.155334,        7.3536224365
971.449646,        8.3427581787
971.743958,        8.3295974731
972.038330,        7.6215667725
972.332458,        7.5998840332
972.626648,        7.7999572754
972.920715,        7.7191848755
973.214844,        7.3423461914
973.508911,        7.0992736816
973.802734,        6.8379364014
974.096741,        6.5831909180
974.390442,        6.5658264160
974.684265,        6.2696609497
974.978088,        6.6079864502
975.271667,        6.6112213135
975.565369,        6.3143615723
975.858826,        6.0675888062
976.152405,        6.0001907349
976.445923,        6.3208312988
976.739258,        6.5791015625
977.032654,        6.2073059082
977.325867,        5.7317810059
977.619202,        5.2906799316
977.912415,        4.1136016846
978.205505,        4.6131439209
978.498596,        4.0028686523
978.791504,        3.9119873047
979.084534,        3.8317718506
979.377563,        4.0652770996
979.670288,        4.4421386719
979.963196,        4.6979827881
980.255859,        5.4330902100
980.548584,        6.2261047363
980.841309,        4.7538757324
981.133850,        4.3732910156
981.426392,        3.7713623047
981.718811,        3.8369750977
982.011292,        4.4129180908
982.303650,        4.4593963623
982.595886,        4.5017013550
982.888245,        4.3246688843
983.180359,        4.1418304443
983.472595,        3.9155731201
983.764709,        4.1671981812
984.056641,        4.9957122803
984.348755,        4.8745880127
984.640625,        5.0550231934
984.932495,        4.9737091064
985.224365,        4.9299926758
985.516052,        4.8970642090
985.807861,        4.9234924316
986.099426,        4.2019577026
986.391052,        4.0759963989
986.682678,        3.9766540527
986.974121,        5.6784210205
987.265625,        5.8887634277
987.556885,        6.1082305908
987.848328,        6.1656494141
988.139648,        5.3644409180
988.430786,        5.2616195679
988.721985,        4.4998168945
989.013000,        4.9229736328
989.304138,        4.4086532593
989.595215,        3.8185119629
989.886047,        3.2104797363
990.177002,        1.9999847412
990.467834,        1.3170013428
990.758606,        1.1042938232
991.049377,        1.0524749756
991.339966,       -0.4576416016
991.630676,       -0.7522354126
991.921143,       -1.0059051514
992.211670,       -1.6307830811
992.502197,       -1.6567840576
992.792542,       -2.0418930054
993.082886,       -1.5749511719
993.373169,       -1.4702148438
993.663452,       -1.0939178467
993.953613,       -1.5855560303
994.243713,       -1.1489410400
994.533813,       -0.5102233887
994.823792,       -0.4110565186
995.113770,       -0.4999847412
995.403687,       -0.4596176147
995.693481,        0.5276947021
995.983337,        0.8552246094
996.273010,        2.2031784058
996.562744,        3.1117248535
996.852417,        2.5697708130
997.141907,        2.6448822021
997.431458,        4.5688323975
997.720886,        4.4960327148
998.010315,        4.4061126709
998.299744,        6.2562255859
998.588928,        6.4508514404
998.878296,        6.7465667725
999.167419,        6.4152832031
999.456543,        4.7510375977
999.745667,        4.8629455566
1000.034607,        5.3526229858
1000.323669,        5.2047119141
1000.612488,        4.0791931152
1000.901367,        4.4678268433
1001.190247,        4.5872192383
1001.478882,        4.5970611572
1001.767639,        4.1096496582
1002.056335,        4.5271224976
1002.344849,        4.5059738159
1002.633423,        4.1988525391
1002.921814,        4.7463836670
1003.210266,        5.1752319336
1003.498657,        4.3196487427
1003.786926,        4.5898742676
1004.075256,        4.1077270508
1004.363342,        3.7265090942
1004.651489,        3.9264831543
1004.939697,        3.5849685669
1005.227600,        1.9885025024
1005.515686,        2.4189147949
1005.803467,        1.6808471680
1006.091370,        1.8557434082
1006.379272,        1.5156478882
1006.666870,        2.1034698486
1006.954712,        3.2265472412
1007.242188,        2.4026794434
1007.529907,        1.9727325439
1007.817444,        2.4230575562
1008.104858,        0.8236923218
1008.392334,        1.0963516235
1008.679565,        0.0723724365
1008.966980,       -0.8569488525
1009.254272,       -1.3773956299
1009.541382,       -0.8097534180
1009.828613,       -0.6083679199
1010.115601,        0.5737228394
1010.402649,        0.6427459717
1010.689697,        0.0399856567
1010.976563,        0.3325958252
1011.263489,        0.5897140503
1011.550171,        1.4786071777
1011.837036,        1.7692184448
1012.123657,        1.6252899170
1012.410278,        1.5275421143
1012.696899,       -0.3551788330
1012.983337,       -1.6340179443
1013.269897,       -1.7665100098
1013.556396,       -1.0854873657
1013.842651,       -1.3558044434
1014.129028,       -1.3311309814
1014.415161,       -2.0201110840
1014.701477,       -2.0720977783
1014.987671,       -3.1571502686
1015.273560,       -3.5435256958
1015.559692,       -4.8575897217
1015.845581,       -4.9679489136
1016.131592,       -6.5043411255
1016.417542,       -8.1361846924
1016.703247,       -9.5149536133
1016.989014,      -10.3662719727
1017.274658,      -10.3581314087
1017.560303,      -11.0661926270
1017.845947,      -10.5108489990
1018.131409,      -11.4383621216
1018.416870,      -11.3151397705
1018.702271,       -9.5767669678
1018.987671,      -10.0903244019
1019.272949,      -11.5740356445
1019.558228,      -13.6607666016
1019.843445,      -13.4348907471
1020.128540,      -12.7362670898
1020.413574,      -12.2678070068
1020.698608,      -11.6153945923
1020.983521,       -8.5286560059
1021.268555,      -11.4664306641
1021.553284,      -12.4902343750
1021.838135,      -13.9929656982
1022.122925,      -12.9465789795
1022.407593,      -40.6485290527
1022.692261,        4.0271987915
1022.976807,        2.9778747559
1023.261292,       11.5429382324
1023.545837,        1.9762268066
1023.830200,       12.0490112305
1024.114624,      -48.0288696289
1024.398804,      -33.8001403809
1024.683105,      -16.8450469971
1024.967285,        2.4113769531
