340.270844,      100.0000000000
340.648560,      100.0000000000
341.026306,    -2539.2851562500
341.403961,    -1517.3895263672
341.781616,   -11299.7529296875
342.159210,    -2014.7832031250
342.536743,       34.6938934326
342.914307,      -70.8253784180
343.291779,        2.1832733154
343.669250,      100.0000000000
344.046661,       10.4702606201
344.424042,       12.3805236816
344.801422,       12.6125183105
345.178711,       -1.3877868652
345.556000,      -12.6949005127
345.933258,      -24.0308685303
346.310486,      -32.4840087891
346.687622,      -35.9136505127
347.064758,      -42.0779113770
347.441895,      -39.8402557373
347.818939,      -38.6053771973
348.195953,      -36.2145233154
348.572937,      -34.8937988281
348.949890,      -40.6064910889
349.326843,      -42.1293640137
349.703735,      -42.6895751953
350.080597,      -43.9423828125
350.457397,      -43.8457641602
350.834198,      -39.7546691895
351.210968,      -37.6241149902
351.587646,      -39.5031433105
351.964325,      -37.0772399902
352.340942,      -34.5541992188
352.717560,      -39.6788635254
353.094147,      -39.5084228516
353.470673,      -38.3786163330
353.847168,      -36.2772216797
354.223602,      -36.2742004395
354.600037,      -37.1274108887
354.976440,      -30.5616760254
355.352783,      -36.5401916504
355.729126,      -40.3506927490
356.105408,      -40.8592834473
356.481628,      -69.2903442383
356.857849,      -66.9113159180
357.234009,      -64.7893829346
357.610168,      -68.0908203125
357.986267,      -65.7233581543
358.362366,      -66.1579742432
358.738373,      -64.9933471680
359.114349,      -65.0614013672
359.490326,      -62.2307434082
359.866241,      -57.3229064941
360.242157,      -61.8680114746
360.617981,      -59.4917297363
360.993805,      -57.5082092285
361.369568,      -58.5928649902
361.745331,      -58.5585327148
362.121033,      -60.8303375244
362.496704,      -58.8413085938
362.872314,      -56.7514953613
363.247925,      -54.1898193359
363.623505,      -48.1090698242
363.999023,      -42.9929199219
364.374542,      -13.0392761230
364.750000,      -11.1906585693
365.125397,      -10.0783691406
365.500763,       -8.9397125244
365.876160,      -10.4059219360
366.251434,      -10.5613555908
366.626740,      -10.2839965820
367.001953,      -12.9211120605
367.377136,      -13.7832641602
367.752350,      -17.4718551636
368.127472,      -19.2233276367
368.502594,      -12.9397659302
368.877625,      -10.8077545166
369.252625,       -7.7413635254
369.627625,       -5.9026412964
370.002563,        1.7920684814
370.377502,       -0.6231842041
370.752380,        1.6860046387
371.127228,       -2.3834762573
371.502014,       -5.8405380249
371.876770,      -11.4346923828
372.251526,       -9.6772384644
372.626221,       -8.8687286377
373.000885,       -9.3987808228
373.375488,       -8.5485076904
373.750092,       -6.2410583496
374.124664,       -4.9861907959
374.499146,       -9.6450424194
374.873627,      -10.8070526123
375.248108,       -9.6634368896
375.622467,      -15.3928070068
375.996887,      -17.8069534302
376.371185,      -20.8269805908
376.745483,      -21.7801666260
377.119751,      -23.7504196167
377.493958,      -24.8660736084
377.868195,      -24.8668136597
378.242310,      -21.6586151123
378.616394,      -27.2883148193
378.990540,      -24.4375457764
379.364563,      -29.0229187012
379.738556,      -28.5838165283
380.112518,      -27.7615585327
380.486481,      -26.5725860596
380.860352,      -27.2505645752
381.234192,      -26.9832153320
381.608063,      -23.9146728516
381.981812,      -22.9508056641
382.355591,      -17.5682907104
382.729309,      -15.3560028076
383.102966,      -13.8759460449
383.476624,       -7.5715942383
383.850220,       -3.5826110840
384.223816,       -3.9111480713
384.597321,       -4.9859466553
384.970856,       -5.0593643188
385.344299,       -1.9159545898
385.717682,       -1.1244964600
386.091125,       -4.3016433716
386.464447,        3.1464233398
386.837769,        4.5587921143
387.211029,        8.8396759033
387.584290,       12.7508850098
387.957489,       13.1532287598
388.330627,       12.8952331543
388.703766,       13.9223937988
389.076874,       15.4858551025
389.449921,        9.7487182617
389.822937,       12.8299255371
390.195923,       10.1174087524
390.568878,        9.4883956909
390.941772,        9.9855270386
391.314636,       15.4047546387
391.687500,       18.2421951294
392.060272,       18.7140960693
392.433075,       21.0660400391
392.805756,       24.4395446777
393.178436,       24.4348449707
393.551117,       20.0652160645
393.923737,       23.0291442871
394.296326,       23.4916687012
394.668854,       25.8909301758
395.041321,       25.5146636963
395.413849,       23.6382141113
395.786255,       20.2659530640
396.158630,       18.9638519287
396.531006,       15.3527984619
396.903320,       15.4495697021
397.275604,       16.8831634521
397.647827,       17.0028381348
398.020050,       14.7006454468
398.392212,       18.2020263672
398.764343,       19.8652343750
399.136444,       17.5804672241
399.508514,        9.8939819336
399.880554,       11.0419235229
400.252533,        9.7011718750
400.624512,        5.5902404785
400.996399,        4.0616683960
401.368286,        8.6828536987
401.740112,       11.7830963135
402.111908,       12.1631164551
402.483673,       12.4522094727
402.855408,       13.0435562134
403.227081,       13.6113662720
403.598755,       17.9304656982
403.970367,       20.4118347168
404.341980,       16.8019256592
404.713501,       16.9348602295
405.085022,       16.4407043457
405.456482,       16.3746643066
405.827911,       20.9918670654
406.199310,       23.1486663818
406.570648,       18.9732208252
406.942017,       19.8717880249
407.313263,       27.0769653320
407.684509,       27.0512924194
408.055725,       29.5419235229
408.426880,       30.7895126343
408.798035,       23.1538925171
409.169128,       23.1781768799
409.540161,       17.8311462402
409.911224,       19.1494827271
410.282196,       18.9544754028
410.653137,       20.4827880859
411.024048,       22.1900329590
411.394897,       22.8251876831
411.765747,       23.3389968872
412.136536,       29.8351287842
412.507324,       21.4430007935
412.878052,       22.7648773193
413.248718,       19.8842773438
413.619385,       19.9214935303
413.989990,       18.0154571533
414.360565,       21.1194915771
414.731110,       20.9570693970
415.101563,       20.3178710938
415.472076,       21.6392517090
415.842468,       22.4915313721
416.212891,       12.5205307007
416.583221,       20.5878753662
416.953522,       21.2298889160
417.323792,       26.4727096558
417.694031,       23.4665985107
418.064240,       23.1772460938
418.434418,       22.2314300537
418.804535,       20.0935668945
419.174622,       20.3085632324
419.544678,       21.8455963135
419.914673,       22.0247573853
420.284668,       29.3591461182
420.654572,       30.4812164307
421.024475,       34.7157669067
421.394348,       33.4018096924
421.764191,       33.9194946289
422.133972,       33.2198791504
422.503693,       33.8184204102
422.873444,       34.6023254395
423.243134,       34.5215606689
423.612762,       33.4987640381
423.982330,       47.1327743530
424.351929,       46.1026611328
424.721436,       45.1025161743
425.090942,       46.0367660522
425.460358,       48.7117767334
425.829773,       50.2040710449
426.199158,       53.1499862671
426.568481,       56.5482788086
426.937775,       57.6653823853
427.307037,       56.7433052063
427.676239,       57.0128936768
428.045441,       56.5671691895
428.414581,       57.7274665833
428.783722,       56.4593505859
429.152802,       57.9873504639
429.521790,       55.9521141052
429.890839,       57.5139236450
430.259766,       58.9886436462
430.628693,       57.3634185791
430.997589,       57.7985877991
431.366425,       56.9584884644
431.735229,       54.9939994812
432.104004,       55.1682739258
432.472748,       56.0139160156
432.841431,       56.2024955750
433.210052,       56.5695419312
433.578705,       57.0548591614
433.947266,       56.5572319031
434.315826,       57.8577651978
434.684326,       58.3357048035
435.052765,       58.0560760498
435.421204,       55.5650558472
435.789612,       57.5876541138
436.157959,       58.3093185425
436.526276,       59.1252098083
436.894531,       56.0152359009
437.262756,       59.6829566956
437.630951,       58.4542388916
437.999146,       59.1378593445
438.367249,       60.1533279419
438.735321,       60.5838012695
439.103394,       63.1234436035
439.471405,       63.5319328308
439.839386,       35.7118759155
440.207306,       35.3707885742
440.575195,       32.3165817261
440.943054,       32.9909057617
441.310883,       32.1551818848
441.678680,       31.0810241699
442.046387,       30.0904846191
442.414093,       29.7104263306
442.781799,       30.4524841309
443.149414,       31.9992980957
443.516998,       32.1026382446
443.884552,       31.7185134888
444.252045,       32.3075942993
444.619537,       36.1049194336
444.987000,       35.4694671631
445.354401,       36.6117553711
445.721710,       36.8766098022
446.089081,       38.1002731323
446.456360,       38.2017898560
446.823608,       38.1106109619
447.190826,       38.7916183472
447.557953,       64.7196655273
447.925110,       66.1218414307
448.292175,       69.5517578125
448.659271,       69.2720947266
449.026276,       71.0674667358
449.393250,       71.8262863159
449.760193,       71.5466308594
450.127075,       72.9785995483
450.493958,       74.0944137573
450.860779,       75.9179077148
451.227570,       76.5556488037
451.594330,       77.0914993286
451.960999,       76.1918334961
452.327698,       75.6606903076
452.694336,       75.7449264526
453.060913,       76.7808761597
453.427490,       77.3736267090
453.793976,       77.3997955322
454.160492,       78.3568801880
454.526917,       50.5534133911
454.893311,       50.7953262329
455.259674,       51.7497367859
455.626007,       51.8970298767
455.992310,       51.7509269714
456.358551,       52.7040557861
456.724731,       52.3091278076
457.090912,       52.6865005493
457.457031,       53.8110733032
457.823151,       53.3664627075
458.189209,       53.7008972168
458.555206,       53.5396156311
458.921173,       53.7000045776
459.287109,       54.1947212219
459.653015,       54.7562141418
460.018890,       55.5256652832
460.384705,       56.0755958557
460.750519,       54.7453842163
461.116241,       55.2412261963
461.481964,       55.2195816040
461.847626,       55.1118621826
462.213226,       77.5690155029
462.578827,       78.0447998047
462.944427,       78.6978836060
463.309906,       78.8018035889
463.675385,       79.3566894531
464.040802,       79.4196166992
464.406219,       80.2472229004
464.771606,       81.1835784912
465.136902,       81.1393127441
465.502197,       81.5202789307
465.867462,       81.3929138184
466.232635,       81.9310226440
466.597839,       81.7271347046
466.962921,       81.4376754761
467.328003,       81.5286102295
467.693054,       81.5971069336
468.058075,       81.7085876465
468.423035,       82.8765182495
468.787994,       81.9771194458
469.152863,       82.1259307861
469.517700,       81.8986129761
469.882538,       81.7979125977
470.247314,       82.4562377930
470.612061,       81.0930786133
470.976746,       81.5238189697
471.341431,       80.7284698486
471.706024,       80.6262588501
472.070618,       80.2082214355
472.435181,       80.2376632690
472.799622,       80.4427337646
473.164124,       80.3899230957
473.528534,       80.8004608154
473.892975,       80.6438751221
474.257294,       81.1129226685
474.621582,       81.9122085571
474.985870,       82.3798141479
475.350098,       81.9496459961
475.714325,       82.4714965820
476.078461,       82.7230834961
476.442535,       83.1980438232
476.806641,       83.9964294434
477.170685,       84.5806884766
477.534668,       85.3847045898
477.898621,       85.4959716797
478.262512,       85.9860076904
478.626404,       85.2333526611
478.990265,       86.0691070557
479.354065,       86.2610321045
479.717834,       86.6169891357
480.081512,       86.4094924927
480.445221,       86.3337326050
480.808899,       86.6945800781
481.172485,       86.2526397705
481.536041,       86.4610366821
481.899567,       86.3780670166
482.263062,       86.3684234619
482.626526,       86.2333755493
482.989929,       86.6286087036
483.353271,       86.4701690674
483.716583,       86.4941406250
484.079895,       86.7617950439
484.443146,       86.6456985474
484.806366,       86.7126007080
485.169525,       86.4497680664
485.532654,       86.5907897949
485.895752,       86.9650268555
486.258820,       87.5899810791
486.621857,       87.4514160156
486.984802,       87.4348297119
487.347748,       87.3230361938
487.710663,       87.5835266113
488.073517,       87.9417800903
488.436340,       87.9820556641
488.799072,       88.2460250854
489.161835,       88.4252014160
489.524536,       88.8729553223
489.887238,       88.9570617676
490.249847,       89.2150802612
490.612396,       89.3632278442
490.974915,       89.5222396851
491.337433,       89.9533081055
491.699921,       89.9158859253
492.062347,       89.8112564087
492.424713,       89.8411102295
492.787079,       90.0759429932
493.149353,       89.3577499390
493.511658,       89.5277175903
493.873871,       89.7005157471
494.236053,       89.5389404297
494.598206,       89.5024642944
494.960297,       89.4854660034
495.322388,       89.4209289551
495.684418,       87.7583084106
496.046356,       87.9297332764
496.408325,       88.2045669556
496.770264,       88.1755905151
497.132141,       88.0259094238
497.493958,       88.0135803223
497.855713,       87.9282379150
498.217499,       87.8800201416
498.579193,       87.9695053101
498.940887,       87.9466705322
499.302490,       88.0107269287
499.664093,       88.0561447144
500.025635,       88.1353302002
500.387177,       88.0469665527
500.748627,       88.8199157715
501.110077,       88.6484680176
501.471436,       88.5604934692
501.832825,       88.7662429810
502.194153,       88.9539718628
502.555389,       88.9422149658
502.916626,       88.7221527100
503.277802,       90.1410827637
503.638977,       89.8597106934
504.000092,       89.6629791260
504.361176,       89.5473251343
504.722198,       89.4928359985
505.083160,       89.4655990601
505.444153,       89.5588073730
505.805084,       89.6222457886
506.165924,       89.5841293335
506.526764,       89.5249633789
506.887543,       89.0420227051
507.248322,       88.9128952026
507.609070,       88.8112411499
507.969727,       88.8389282227
508.330322,       88.7121429443
508.690918,       88.8610534668
509.051514,       88.8826751709
509.412018,       88.8668136597
509.772491,       88.7736053467
510.132904,       88.6922760010
510.493286,       88.5728988647
510.853699,       88.5533981323
511.213989,       88.7105178833
511.574280,       88.7536087036
511.934509,       88.8061752319
512.294678,       88.7868347168
512.654846,       88.8640975952
513.014954,       88.8166809082
513.375061,       88.4561004639
513.735046,       88.2466430664
514.095032,       88.3336791992
514.455078,       88.5186614990
514.814941,       88.7121200562
515.174805,       88.7349243164
515.534607,       88.6999206543
515.894409,       88.6262435913
516.254211,       87.5079421997
516.613892,       87.2555389404
516.973572,       87.1324081421
517.333130,       87.0366210938
517.692749,       87.1098861694
518.052368,       87.3074569702
518.411865,       87.2107543945
518.771301,       87.2440948486
519.130737,       87.0456237793
519.490173,       86.8833312988
519.849548,       86.8402175903
520.208801,       86.7257385254
520.568054,       86.5693588257
520.927307,       86.8004302979
521.286499,       86.8641357422
521.645691,       86.6567611694
522.004822,       86.6296844482
522.363831,       86.3926544189
522.722839,       86.2880859375
523.081848,       85.8214492798
523.440796,       85.6755981445
523.799744,       86.5168914795
524.158569,       86.6795883179
524.517395,       86.7239227295
524.876160,       86.6961975098
525.234924,       86.6098175049
525.593628,       86.4448394775
525.952271,       86.1633834839
526.310913,       86.0083618164
526.669495,       85.9062271118
527.028076,       85.8913116455
527.386536,       85.7114944458
527.744995,       85.6175918579
528.103394,       85.5366210938
528.461792,       85.2893981934
528.820129,       85.1308212280
529.178406,       85.1030502319
529.536743,       84.7304992676
529.894958,       84.8498535156
530.253113,       84.6701660156
530.611267,       84.6823196411
530.969299,       84.5658950806
531.327393,       84.1131057739
531.685486,       83.9913330078
532.043335,       83.9423675537
532.401367,       83.8208694458
532.759216,       83.8461151123
533.117004,       83.8540039063
533.474915,       83.9111633301
533.832642,       83.7859649658
534.190430,       83.8250427246
534.548096,       83.7019042969
534.905762,       83.7029266357
535.263367,       83.5594406128
535.620850,       83.4920501709
535.978455,       83.5429153442
536.335876,       83.6172180176
536.693359,       83.5826339722
537.050781,       83.8907928467
537.408142,       83.7590942383
537.765442,       83.9130020142
538.122681,       84.1839828491
538.479919,       84.2763824463
538.837219,       84.5564956665
539.194336,       84.5453262329
539.551453,       84.3210296631
539.908508,       84.1601028442
540.265564,       84.1707305908
540.622559,       84.1894226074
540.979553,       84.2094192505
541.336426,       84.1639556885
541.693298,       84.2116470337
542.050110,       84.0708312988
542.406921,       84.0355834961
542.763672,       84.0409851074
543.120422,       84.0999908447
543.477051,       84.1075820923
543.833679,       84.0483703613
544.190308,       84.0215301514
544.546814,       83.9969635010
544.903381,       83.8805847168
545.259827,       83.8523254395
545.616211,       83.5289382935
545.972595,       83.5946807861
546.328979,       83.6240539551
546.685242,       83.5756683350
547.041504,       83.7299499512
547.397644,       83.8683319092
547.753906,       83.8207702637
548.110046,       83.8580932617
548.466125,       83.8685607910
548.822144,       83.8919448853
549.178223,       83.7026062012
549.534241,       83.7893981934
549.890137,       83.8553924561
550.246033,       83.9331665039
550.601868,       83.9582519531
550.957581,       83.9831161499
551.313416,       83.8635025024
551.669128,       83.8983306885
552.024841,       83.7236709595
552.380432,       83.7990570068
552.736023,       83.6604614258
553.091675,       83.5591354370
553.447144,       83.5230865479
553.802612,       83.5559082031
554.158020,       83.5578842163
554.513428,       83.5815582275
554.868774,       83.6683959961
555.224121,       83.5446472168
555.579346,       83.4305725098
555.934631,       83.4688568115
556.289734,       83.4988937378
556.644958,       83.5829010010
557.000000,       83.4084854126
557.355103,       83.4656600952
557.710083,       83.4696960449
558.065063,       83.4759216309
558.420105,       83.4109420776
558.774963,       83.5494079590
559.129822,       83.4483032227
559.484619,       83.6118087769
559.839355,       83.6777801514
560.194153,       83.7734451294
560.548828,       84.0553970337
560.903442,       84.1093292236
561.258057,       84.0255279541
561.612610,       84.0718765259
561.967224,       84.0559158325
562.321655,       84.0010681152
562.676086,       84.2204666138
563.030457,       84.3359680176
563.384827,       84.3722991943
563.739197,       84.3276672363
564.093445,       84.4342803955
564.447693,       84.6971206665
564.801880,       84.6764984131
565.156006,       84.6815414429
565.510132,       84.7254486084
565.864197,       84.8137359619
566.218262,       84.9168548584
566.572205,       85.1208572388
566.926086,       85.1896438599
567.280090,       85.2596206665
567.633972,       85.3697891235
567.987732,       85.4834976196
568.341553,       85.5998611450
568.695190,       85.7614669800
569.048950,       85.7654266357
569.402649,       85.7822723389
569.756165,       85.8496551514
570.109802,       85.8459777832
570.463257,       85.8764190674
570.816772,       85.8912811279
571.170227,       86.0631561279
571.523621,       86.1157684326
571.877014,       86.1903076172
572.230286,       86.2870178223
572.583557,       86.3382644653
572.936829,       86.3490295410
573.289978,       86.3308715820
573.643250,       86.2959823608
573.996216,       86.3085556030
574.349365,       86.3678436279
574.702393,       86.4517440796
575.055359,       86.5306167603
575.408325,       86.5853195190
575.761169,       86.5549316406
576.114075,       86.5733261108
576.466919,       86.7137603760
576.819641,       86.7974700928
577.172363,       86.9225006104
577.525085,       86.9278564453
577.877686,       86.9305648804
578.230286,       87.0336685181
578.582825,       87.1177825928
578.935425,       87.0381088257
579.287903,       87.0405349731
579.640320,       87.0782852173
579.992676,       87.0353698730
580.345093,       87.1372756958
580.697388,       87.2369995117
581.049683,       87.3304214478
581.401855,       87.4304504395
581.754089,       87.3639450073
582.106201,       87.2757415771
582.458313,       87.1511459351
582.810425,       87.1265106201
583.162354,       87.2067565918
583.514404,       87.2131652832
583.866272,       87.2046127319
584.218201,       87.2373046875
584.570068,       86.9515380859
584.921875,       87.0293731689
585.273560,       87.0784912109
585.625305,       86.9920578003
585.977051,       86.9948196411
586.328674,       86.9542083740
586.680237,       87.0451507568
587.031799,       87.0509185791
587.383301,       87.1389312744
587.734802,       87.0965576172
588.086243,       87.1094665527
588.437561,       87.0821685791
588.788940,       87.0333633423
589.140198,       87.1947479248
589.491516,       87.3069458008
589.842712,       87.3700027466
590.193848,       87.3257827759
590.544983,       87.2758712769
590.896057,       87.1826934814
591.247192,       87.1795501709
591.598145,       87.2275924683
591.949158,       87.4185943604
592.300049,       87.4515762329
592.650879,       87.5066223145
593.001770,       87.6116943359
593.352539,       87.5455017090
593.703308,       87.6212463379
594.054016,       87.6143798828
594.404663,       87.5949707031
594.755310,       87.6007003784
595.105896,       87.6605606079
595.456360,       87.6925201416
595.806885,       87.7599792480
596.157349,       87.5406951904
596.507751,       87.4647140503
596.858154,       87.3993377686
597.208435,       87.4369506836
597.558777,       87.4810333252
597.908997,       87.5694427490
598.259216,       87.6881408691
598.609314,       87.6066207886
598.959473,       87.5059967041
599.309570,       87.5803680420
599.659546,       87.5524597168
600.009583,       87.5286788940
600.359497,       87.5392150879
600.709412,       87.6596984863
601.059265,       87.7750396729
601.409058,       87.6900329590
601.758850,       87.7384719849
602.108521,       87.7961273193
602.458191,       87.8033142090
602.807922,       87.8376541138
603.157471,       87.7103118896
603.507080,       87.8812637329
603.856567,       87.9661026001
604.205994,       88.0234298706
604.555542,       88.0841979980
604.904846,       88.1061325073
605.254211,       88.0464324951
605.603516,       87.8504028320
605.952759,       87.9509735107
606.302063,       87.9564895630
606.651123,       87.9719848633
607.000305,       87.9905853271
607.349365,       88.0200958252
607.698425,       88.0400314331
608.047485,       87.9968719482
608.396362,       87.9814300537
608.745300,       87.9557876587
609.094177,       88.0121917725
609.442993,       87.9927139282
609.791809,       88.0528259277
610.140503,       88.0677795410
610.489258,       88.2143630981
610.837891,       88.2766342163
611.186523,       88.2857589722
611.535156,       88.3572845459
611.883606,       88.3557052612
612.232178,       88.3465499878
612.580566,       88.3167266846
612.928955,       88.4510040283
613.277344,       88.5145034790
613.625610,       88.5973052979
613.973938,       88.6201934814
614.322144,       88.6257324219
614.670288,       88.6755676270
615.018555,       88.6962890625
615.366516,       88.7291641235
615.714661,       88.7826614380
616.062622,       88.8389434814
616.410645,       88.8363189697
616.758606,       88.8269729614
617.106445,       88.7987442017
617.454285,       88.8134078979
617.802063,       88.7273712158
618.149841,       88.7213363647
618.497559,       88.7683410645
618.845215,       88.7327575684
619.192871,       88.7063293457
619.540466,       88.8526458740
619.888000,       88.9671173096
620.235535,       89.0136566162
620.582886,       88.9576492310
620.930359,       88.9839782715
621.277710,       89.0104980469
621.625061,       89.0038604736
621.972351,       89.0333480835
622.319519,       89.0007476807
622.666809,       88.9724655151
623.013916,       89.0135040283
623.361023,       89.0841217041
623.708130,       89.0653228760
624.055054,       89.1373901367
624.402100,       89.2002487183
624.749023,       89.1719665527
625.095947,       89.1679534912
625.442810,       89.2104034424
625.789551,       89.1984558105
626.136353,       89.2216033936
626.483032,       89.2298507690
626.829712,       89.0875320435
627.176392,       89.0506134033
627.522949,       89.0558700562
627.869507,       89.1081390381
628.216003,       89.1664581299
628.562500,       89.1692352295
628.908936,       89.1961059570
629.255310,       89.2006607056
629.601624,       89.2445144653
629.947876,       89.2723236084
630.294067,       89.0011215210
630.640320,       89.0371627808
630.986511,       89.0458984375
631.332642,       89.0467147827
631.678650,       88.8845825195
632.024658,       88.9475097656
632.370728,       89.0502471924
632.716614,       89.0782318115
633.062500,       89.0579376221
633.408325,       89.0741348267
633.754089,       89.0010528564
634.099915,       89.0850067139
634.445679,       89.0947875977
634.791321,       89.1595077515
635.136963,       89.1227569580
635.482483,       88.9376068115
635.828125,       88.9742431641
636.173584,       89.0678863525
636.519043,       89.0466079712
636.864502,       88.9799575806
637.209778,       88.9775314331
637.555237,       89.2484054565
637.900452,       89.2840881348
638.245728,       89.3088150024
638.590881,       89.3601226807
638.935974,       89.5595703125
639.281189,       89.5561752319
639.626221,       89.5130157471
639.971191,       89.5384597778
640.316223,       89.5149917603
640.661072,       89.5405960083
641.006042,       89.6360321045
641.350891,       89.7148056030
641.695679,       89.6902008057
642.040466,       89.7407684326
642.385071,       89.8122558594
642.729858,       90.0280990601
643.074463,       89.6506195068
643.419067,       89.6226806641
643.763611,       89.6605377197
644.108032,       89.7452850342
644.452515,       89.7691726685
644.796936,       89.8059387207
645.141296,       89.8117904663
645.485657,       89.8378219604
645.829834,       89.7583847046
646.174133,       89.7455673218
646.518311,       89.8250122070
646.862427,       89.9142532349
647.206604,       89.9653015137
647.550598,       90.0717468262
647.894653,       90.1103439331
648.238647,       90.1419219971
648.582458,       90.1400756836
648.926453,       90.2216720581
649.270203,       90.2549438477
649.614075,       90.3371810913
649.957764,       90.3330230713
650.301453,       90.7654113770
650.645142,       90.7814788818
650.988708,       90.8212661743
651.332336,       90.9090042114
651.675842,       90.9728622437
652.019348,       90.9459381104
652.362854,       90.9140090942
652.706177,       90.9541931152
653.049561,       91.0661621094
653.392883,       91.0816116333
653.736084,       91.0567474365
654.079346,       91.0308151245
654.422424,       90.5852737427
654.765625,       90.5541763306
655.108765,       90.5533142090
655.451721,       90.6498565674
655.794800,       90.6441802979
656.137695,       90.6551666260
656.480591,       90.5524444580
656.823486,       90.4941482544
657.166260,       90.4769058228
657.509094,       90.5106964111
657.851807,       90.5130386353
658.194519,       90.5072174072
658.537109,       90.3775100708
658.879761,       90.3631439209
659.222351,       90.3700485229
659.564758,       90.4340057373
659.907349,       90.4850769043
660.249695,       90.4808197021
660.592041,       90.4531021118
660.934448,       90.4503631592
661.276672,       90.5687713623
661.619019,       91.0007400513
661.961182,       91.0709075928
662.303284,       91.0737152100
662.645508,       91.0295562744
662.987427,       91.0896301270
663.329529,       91.1038360596
663.671448,       91.2556991577
664.013428,       91.3086624146
664.355347,       91.3536376953
664.697205,       91.2170944214
665.039001,       91.2627563477
665.380676,       91.2836303711
665.722412,       91.4037017822
666.064148,       91.4391708374
666.405701,       91.5558319092
666.747253,       91.6287384033
667.088806,       91.6237335205
667.430298,       91.6435241699
667.771790,       91.7078170776
668.113159,       91.7557601929
668.454529,       91.6569442749
668.795837,       91.6546859741
669.137085,       91.6629638672
669.478394,       91.7109298706
669.819519,       91.6687622070
670.160645,       91.6569747925
670.501709,       91.7223815918
670.842773,       91.7239151001
671.183777,       91.7004165649
671.524719,       91.7602539063
671.865662,       91.9112243652
672.206482,       91.9590759277
672.547302,       92.0091552734
672.888123,       92.0103683472
673.228821,       92.0299682617
673.569458,       91.9913330078
673.910095,       91.9586257935
674.250732,       91.8483886719
674.591370,       91.8023834229
674.931824,       91.8058700562
675.272217,       91.7819442749
675.612732,       91.8744583130
675.953003,       91.9028778076
676.293396,       91.9474258423
676.633667,       91.9066162109
676.973877,       91.9067611694
677.314148,       91.9107055664
677.654236,       91.8245544434
677.994385,       91.7914886475
678.334412,       91.8386459351
678.674438,       91.7466964722
679.014404,       91.7168579102
679.354309,       91.6725234985
679.694214,       91.6660766602
680.034058,       91.6474761963
680.373840,       91.6283645630
680.713623,       91.5760116577
681.053223,       91.5893173218
681.392944,       91.5867156982
681.732544,       90.8981857300
682.072083,       89.9221725464
682.411621,       89.9261474609
682.751038,       89.8695983887
683.090515,       89.8354339600
683.429871,       89.6112518311
683.769226,       89.4863128662
684.108582,       89.5027465820
684.447754,       89.4646987915
684.786987,       89.5259017944
685.126160,       89.4800109863
685.465210,       89.4126968384
685.804382,       89.4025650024
686.143311,       89.3234329224
686.482361,       89.2604293823
686.821289,       89.1690216064
687.160156,       89.1289901733
687.499023,       89.0852813721
687.837769,       88.9513702393
688.176514,       88.8124465942
688.515259,       88.8125381470
688.853882,       89.4185256958
689.192566,       90.2433929443
689.531067,       90.1661758423
689.869629,       89.9745941162
690.208130,       89.8599166870
690.546570,       89.7624359131
690.885010,       89.6668472290
691.223267,       89.5093765259
691.561584,       89.3813018799
691.899841,       89.0581588745
692.238037,       88.8754272461
692.576294,       88.6573791504
692.914307,       88.4313354492
693.252380,       88.2391967773
693.590454,       87.9674758911
693.928406,       87.7411651611
694.266357,       87.4242706299
694.604187,       87.1350097656
694.942078,       86.9370574951
695.279907,       86.7228546143
695.617615,       86.2731628418
695.955444,       86.0150909424
696.292969,       85.7099456787
696.630676,       85.2920532227
696.968201,       85.0385360718
697.305725,       84.5314941406
697.643250,       84.2395782471
697.980652,       83.9357604980
698.318054,       83.5856552124
698.655396,       83.1667327881
698.992676,       82.8636627197
699.330017,       82.4570007324
699.667175,       82.0903778076
700.004395,       81.6849594116
700.341492,       81.2729873657
700.678528,       80.8826370239
701.015564,       80.2607574463
701.352478,       79.9285125732
701.689514,       79.4862060547
702.026428,       78.9250488281
702.363220,       78.4219207764
702.700073,       78.1135940552
703.036804,       77.6240081787
703.373474,       77.1323242188
703.710144,       76.6843414307
704.046814,       76.0857543945
704.383362,       75.8743438721
704.719910,       75.3128814697
705.056335,       74.8706741333
705.392761,       74.4032287598
705.729187,       73.9171829224
706.065552,       73.4309616089
706.401855,       73.0145263672
706.738098,       72.4735717773
707.074280,       72.0264892578
707.410461,       71.5321655273
707.746643,       71.0313796997
708.082642,       70.6823425293
708.418701,       70.1107788086
708.754639,       69.6241683960
709.090576,       69.2887954712
709.426514,       68.7770767212
709.762329,       68.1641845703
710.098083,       67.5873413086
710.433838,       66.8924789429
710.769592,       66.3741455078
711.105286,       65.9786148071
711.440796,       65.3953781128
711.776367,       64.9997100830
712.112000,       64.4544067383
712.447388,       63.8944816589
712.782837,       63.3169555664
713.118225,       62.8544235229
713.453552,       62.2861289978
713.788818,       61.8649101257
714.124023,       61.2937278748
714.459290,       60.6881484985
714.794434,       60.1349716187
715.129517,       59.5556411743
715.464661,       58.9733886719
715.799622,       58.4373245239
716.134583,       57.7787322998
716.469482,       57.2615089417
716.804321,       56.7656059265
717.139221,       56.2713127136
717.473938,       55.9199905396
717.808777,       55.3765335083
718.143433,       54.8305358887
718.478088,       54.2119293213
718.812683,       53.6929244995
719.147217,       53.2008094788
719.481750,       52.6674118042
719.816223,       52.1589431763
720.150574,       51.4692840576
720.485046,       50.9713630676
720.819214,       50.2603645325
721.153564,       49.6507186890
721.487854,       49.1017684937
721.821960,       48.6296768188
722.156189,       47.8954544067
722.490234,       47.4167022705
722.824341,       46.8955230713
723.158264,       46.3677139282
723.492249,       45.7348518372
723.826172,       45.2102241516
724.159973,       44.6456947327
724.493835,       44.1490173340
724.827576,       43.2129859924
725.161316,       42.5481567383
725.494995,       42.0076065063
725.828613,       41.4082641602
726.162231,       40.7791442871
726.495728,       40.1415100098
726.829163,       39.5520706177
727.162720,       39.1189193726
727.496033,       38.5293045044
727.829468,       38.0815200806
728.162720,       37.5901184082
728.496033,       37.0327377319
728.829224,       36.4435653687
729.162354,       36.2172355652
729.495483,       35.7796096802
729.828552,       35.2949447632
730.161560,       34.8634796143
730.494629,       34.4686660767
730.827454,       33.9908065796
731.160400,       33.4872817993
731.493225,       32.9465789795
731.825989,       32.8834915161
732.158813,       32.4145507813
732.491455,       32.0312042236
732.824158,       31.5562896729
733.156799,       31.1248779297
733.489319,       30.5865936279
733.821899,       30.1512680054
734.154236,       29.6933670044
734.486755,       29.1966857910
734.819092,       28.7345428467
735.151428,       28.3577728271
735.483765,       28.0207977295
735.815857,       27.6467666626
736.148132,       27.2445831299
736.480286,       26.8333816528
736.812378,       26.3751525879
737.144470,       25.9625625610
737.476379,       25.5322494507
737.808411,       25.1970596313
738.140259,       24.8332366943
738.472168,       24.5694732666
738.804016,       24.2454833984
739.135742,       24.0360107422
739.467468,       23.6391601563
739.799133,       23.3525466919
740.130798,       23.0718231201
740.462402,       22.7871093750
740.793884,       22.3814773560
741.125366,       22.0640182495
741.456848,       21.8385467529
741.788208,       21.5437469482
742.119568,       21.2398223877
742.450928,       20.9832458496
742.782166,       20.7458190918
743.113281,       20.4009246826
743.444458,       20.0622100830
743.775635,       19.8370513916
744.106689,       19.6547546387
744.437683,       19.4722366333
744.768677,       19.1452560425
745.099609,       18.9564743042
745.430481,       18.6666717529
745.761353,       18.3272247314
746.092102,       18.0383300781
746.422852,       17.7884826660
746.753479,       17.5822143555
747.084229,       17.3891906738
747.414795,       17.3683013916
747.745300,       17.3137588501
748.075806,       17.1917724609
748.406311,       17.0035476685
748.736694,       16.9074478149
749.067078,       16.7018127441
749.397400,       16.5299224854
749.727722,       16.3831176758
750.057861,       16.2455902100
750.388062,       16.1095504761
750.718201,       15.9238739014
751.048279,       15.6898269653
751.378357,       15.5681152344
751.708252,       15.5024261475
752.038208,       15.3048934937
752.368164,       15.1826934814
752.697937,       15.1937866211
753.027832,       15.1859741211
753.357483,       15.0633697510
753.687256,       14.9221038818
754.016907,       14.7101287842
754.346497,       14.5005340576
754.676147,       14.4593811035
755.005493,       14.3922424316
755.335083,       14.3476562500
755.664490,       14.0713043213
755.993835,       14.0163421631
756.323181,       13.8196563721
756.652405,       13.6540069580
756.981689,       13.6353607178
757.310852,       13.6115798950
757.640015,       13.4904785156
757.969177,       13.4856262207
758.298096,       13.4350738525
758.627197,       13.2819366455
758.956116,       13.2554397583
759.284973,       13.2279510498
759.613892,       13.1655426025
759.942627,       13.0799789429
760.271423,       13.1006927490
760.600159,       13.0857543945
760.928772,       13.0642547607
761.257446,       13.1678466797
761.585999,       13.0562515259
761.914490,       12.8331069946
762.242981,       12.7640228271
762.571350,       12.8191604614
762.899841,       12.5690765381
763.228088,       12.6711502075
763.556396,       12.6931762695
763.884644,       12.7914810181
764.212830,       12.7025909424
764.541016,       12.6763916016
764.869080,       12.6494903564
765.197144,       12.5939178467
765.525146,       12.6872711182
765.853088,       12.7219390869
766.181030,       12.6591415405
766.508789,       12.6812210083
766.836670,       12.6725845337
767.164429,       12.5851745605
767.492126,       12.6134338379
767.819824,       12.6267089844
768.147400,       12.3615570068
768.475037,       12.3887023926
768.802490,       12.4264068604
769.130005,       12.2108306885
769.457458,       12.3026809692
769.784790,       12.5389709473
770.112183,       12.5088195801
770.439453,       12.4677581787
770.766663,       12.2440795898
771.093872,       12.3234176636
771.420959,       12.3452224731
771.748108,       12.3367156982
772.075195,       12.1945190430
772.402161,       12.0444564819
772.729126,       11.9975204468
773.055969,       12.0182189941
773.382874,       11.9690246582
773.709717,       11.9495162964
774.036438,       12.0154724121
774.363159,       11.9054107666
774.689758,       11.8164901733
775.016479,       11.9584808350
775.343018,       11.9602737427
775.669495,       12.0456542969
775.996033,       12.3289337158
776.322449,       12.2822875977
776.648865,       12.2268218994
776.975098,       12.1511077881
777.301453,       12.1914978027
777.627686,       12.2558746338
777.953857,       12.1484527588
778.280029,       12.2463531494
778.606079,       12.0321426392
778.932068,       12.1749725342
779.258179,       12.2255401611
779.584045,       12.2612686157
779.909973,       12.2863616943
780.235840,       12.3077697754
780.561646,       12.2881240845
780.887390,       12.2270660400
781.213135,       12.2758331299
781.538757,       12.3501739502
781.864380,       12.3202896118
782.189880,       12.1994018555
782.515442,       12.1921157837
782.840942,       12.0210647583
783.166321,       12.0603332520
783.491699,       12.1179351807
783.817017,       12.2907867432
784.142395,       12.2211151123
784.467529,       12.1691436768
784.792725,       12.1605377197
785.117859,       12.1118621826
785.442932,       12.2836532593
785.768005,       12.3060836792
786.092957,       12.4340972900
786.417908,       12.4259338379
786.742798,       12.4322128296
787.067566,       12.3075866699
787.392456,       12.3100433350
787.717163,       12.2918548584
788.041870,       12.2256393433
788.366577,       12.1706237793
788.691101,       12.3670349121
789.015686,       12.2590637207
789.340149,       12.1577377319
789.664673,       12.1948852539
789.989075,       12.1423950195
790.313354,       11.9553985596
790.637756,       11.6873931885
790.962036,       11.6582794189
791.286194,       11.7007141113
791.610413,       11.6817474365
791.934448,       11.6033172607
792.258606,       11.5714492798
792.582581,       11.4129257202
792.906555,       11.3115463257
793.230530,       11.3976745605
793.554321,       11.3346862793
793.878174,       11.4196243286
794.201965,       11.4698257446
794.525696,       11.5245513916
794.849426,       11.5626602173
795.172974,       11.6259155273
795.496643,       11.4364471436
795.820129,       11.5460815430
796.143616,       11.5358276367
796.467102,       11.5108184814
796.790405,       11.4377593994
797.113831,       11.5832290649
797.437134,       11.6387023926
797.760315,       11.6125488281
798.083618,       11.6619415283
798.406677,       11.5915908813
798.729797,       11.3249359131
799.052856,       11.3256683350
799.375854,       11.3503875732
799.698853,       11.2191467285
800.021729,       10.8845748901
800.344604,       10.8452606201
800.667358,       10.6706008911
800.990112,       10.4534759521
801.312866,       10.3887786865
801.635498,       10.2870178223
801.958191,       10.2837524414
802.280701,       10.3898010254
802.603210,       10.4360198975
802.925781,       10.5086822510
803.248108,       10.5597381592
803.570496,       10.5829772949
803.892822,       10.4606704712
804.215088,       10.3492126465
804.537354,       10.3416366577
804.859436,       10.2687072754
805.181641,       10.3702316284
805.503723,       10.5332336426
805.825745,       10.3800354004
806.147766,       10.3119964600
806.469604,       10.3910064697
806.791504,       10.4557418823
807.113342,       10.4136505127
807.435181,       10.4951324463
807.756897,       10.5960769653
808.078552,       10.5237579346
808.400208,       10.5141143799
808.721802,       10.3467941284
809.043335,       10.1811981201
809.364929,       10.0802230835
809.686279,       10.0280990601
810.007751,        9.9400100708
810.329041,        9.9175567627
810.650330,        9.9150848389
810.971619,       10.0235748291
811.292786,       10.1110534668
811.613953,       10.0641479492
811.935059,       10.0186843872
812.256104,       10.0577239990
812.577148,       10.0312805176
812.898071,       10.0802307129
813.218994,       10.1415863037
813.539795,       10.2730712891
813.860596,       10.2192382813
814.181396,       10.1904602051
814.502136,       10.2361526489
814.822754,       10.2967681885
815.143372,       10.3177337646
815.463928,       10.4206237793
815.784485,       10.4288482666
816.104919,       10.4428863525
816.425354,       10.4662170410
816.745728,       10.4657135010
817.065979,       10.4790878296
817.386353,       10.5540237427
817.706421,       10.4557037354
818.026733,       10.3327789307
818.346863,       10.1924743652
818.666809,       10.0660552979
818.986938,        9.9715118408
819.306824,       10.2309875488
819.626770,       10.2087326050
819.946716,       10.0730972290
820.266479,        9.9698791504
820.586304,       10.0910339355
820.905945,       10.1382751465
821.225647,        9.9903869629
821.545349,        9.8102264404
821.864868,        9.7855148315
822.184448,        9.6788558960
822.503845,        9.5591888428
822.823364,        9.5993576050
823.142761,        9.4174041748
823.462036,        9.3904037476
823.781372,        9.3724670410
824.100525,        9.3716430664
824.419800,        9.0278549194
824.738953,        9.0088500977
825.057922,        9.0405578613
825.377014,        9.0694427490
825.695984,        9.0568237305
826.014954,        8.9738464355
826.333862,        9.0382537842
826.652649,        9.0245819092
826.971497,        9.0070495605
827.290100,        8.8816833496
827.608887,        8.8386383057
827.927612,        8.7676391602
828.246094,        8.9817657471
828.564697,        9.0660934448
828.883118,        9.1218719482
829.201599,        9.3164978027
829.520020,        9.2473144531
829.838318,        9.3389892578
830.156616,        9.4359054565
830.474854,        9.4405975342
830.793091,        9.4251098633
831.111267,        9.8920745850
831.429260,        9.9582824707
831.747437,       10.0384216309
832.065308,       10.1182556152
832.383362,       10.1914062500
832.701233,        9.9989624023
833.019043,        9.9375457764
833.336914,       10.0200653076
833.654663,       10.0559539795
833.972351,       10.0911712646
834.289978,        9.8325805664
834.607483,        9.8381347656
834.925171,        9.8117523193
835.242676,        9.8285522461
835.560059,        9.8597259521
835.877502,        9.8401260376
836.194763,        9.9737777710
836.512146,       10.0370559692
836.829468,        9.8531036377
837.146545,        9.8112945557
837.463745,        9.8858871460
837.780823,        9.8404846191
838.097900,        9.8092651367
838.414917,        9.6429138184
838.731873,        9.6776123047
839.048828,        9.6880645752
839.365540,        9.9016876221
839.682434,        9.9099884033
839.999207,        9.8760757446
840.315857,        9.8089981079
840.632568,        9.8211517334
840.949097,       10.0845489502
841.265747,       10.1919250488
841.582275,       10.1228790283
841.898682,        9.9413986206
842.215088,        9.8885421753
842.531433,        9.8527374268
842.847778,        9.8327560425
843.164063,        9.7424621582
843.480164,        9.6719665527
843.796387,        9.7559967041
844.112427,        9.5834808350
844.428528,        9.4373626709
844.744568,        9.5164337158
845.060486,        9.6101913452
845.376404,        9.5281219482
845.692200,        9.5482254028
846.008057,        9.4327011108
846.323853,        9.3835449219
846.639465,        9.4080810547
846.955139,        9.5160217285
847.270691,        9.4865264893
847.586304,        9.4397125244
847.901855,        9.3647308350
848.217224,        9.3836059570
848.532715,        9.4390411377
848.847961,        9.2894744873
849.163330,        9.3432617188
849.478638,        9.2391662598
849.793823,        9.1509552002
850.108948,        9.3036193848
850.424011,        9.0808792114
850.739136,        9.2086181641
851.054199,        9.3610229492
851.369019,        9.3431091309
851.684021,        9.3304443359
851.998779,        9.1318359375
852.313660,        9.1138153076
852.628418,        9.0669631958
852.943054,        9.0069351196
853.257751,        8.9407806396
853.572327,        8.9385833740
853.886841,        9.0588836670
854.201477,        8.9792861938
854.515808,        8.9901275635
854.830261,        8.9360961914
855.144592,        8.8884277344
855.458862,        9.1692047119
855.773193,        9.1385803223
856.087280,        9.1308746338
856.401489,        9.2008209229
856.715515,        9.1014862061
857.029602,        9.1537017822
857.343628,        9.2317657471
857.657532,        9.2347412109
857.971497,        9.1635589600
858.285278,        9.1594238281
858.599121,        9.2971649170
858.912903,        9.3649749756
859.226501,        9.4587478638
859.540222,        9.4815216064
859.853699,        9.4355773926
860.167297,        9.2962799072
860.480896,        9.0561599731
860.794250,        9.0745849609
861.107666,        8.9824066162
861.420959,        8.9748382568
861.734314,        8.9836273193
862.047546,        8.8919525146
862.360657,        8.7268142700
862.673889,        8.6595001221
862.986938,        8.6900405884
863.299988,        8.7394866943
863.613037,        8.6209411621
863.925903,        8.4101104736
864.238831,        8.2520446777
864.551575,        8.2736206055
864.864380,        8.3360977173
865.177185,        8.4369659424
865.489807,        8.3366394043
865.802490,        8.3117370605
866.114990,        8.2443237305
866.427612,        8.1614913940
866.740112,        8.2192382813
867.052429,        8.4024429321
867.364868,        8.4710540771
867.677124,        8.5927886963
867.989502,        8.4401702881
868.301758,        8.4131469727
868.613831,        8.3584976196
868.926025,        8.4806060791
869.238159,        8.6071777344
869.550049,        8.6274108887
869.862122,        8.5653228760
870.173950,        8.7011032104
870.485901,        8.7121582031
870.797791,        8.8374938965
871.109497,        8.7123107910
871.421204,        8.7943115234
871.732849,        8.7032394409
872.044495,        8.6921844482
872.356079,        8.6618194580
872.667542,        8.7223815918
872.979065,        8.8981933594
873.290344,        8.8961639404
873.601807,        8.8511810303
873.913147,        8.6890029907
874.224304,        8.6057434082
874.535645,        8.8012084961
874.846741,        8.7834548950
875.157837,        8.6943130493
875.468994,        8.5316467285
875.779907,        8.5576629639
876.090881,        8.6170196533
876.401733,        8.5990447998
876.712646,        8.6073303223
877.023499,        8.5974121094
877.334167,        8.6665954590
877.644897,        8.7932052612
877.955505,        8.8128280640
878.266113,        8.9593353271
878.576721,        8.9864044189
878.887146,        8.9856414795
879.197571,        9.0295333862
879.507996,        9.0193481445
879.818298,        9.0201721191
880.128662,        8.6902236938
880.438843,        8.7748260498
880.749084,        8.7109069824
881.059143,        8.3200531006
881.369263,        8.3562164307
881.679382,        8.6129837036
881.989258,        8.6741027832
882.299194,        8.5481109619
882.609070,        8.4651794434
882.918945,        8.5289611816
883.228760,        8.5591201782
883.538452,        8.6096343994
883.848145,        8.4114913940
884.157654,        8.3477935791
884.467285,        8.2544250488
884.776917,        8.1173248291
885.086243,        8.0229339600
885.395813,        8.0213775635
885.705017,        8.0367126465
886.014404,        7.9641571045
886.323730,        7.9426879883
886.632874,        8.1698760986
886.942078,        8.1264801025
887.251160,        8.2107086182
887.560242,        8.7091293335
887.869263,        8.7065353394
888.178162,        8.3583831787
888.487122,        6.8498077393
888.795898,        6.9497680664
889.104797,        6.8674011230
889.413513,        6.9611892700
889.722168,        6.8240432739
890.030884,        6.7082901001
890.339417,        6.8693618774
890.648010,        6.9093780518
890.956543,        6.8404159546
891.264893,        6.8470993042
891.573364,        6.8938446045
891.881653,        6.8357238770
892.189941,        6.7230834961
892.498230,        6.6217193604
892.806335,        6.5486907959
893.114502,        6.5030059814
893.422546,        6.5426635742
893.730652,        6.4374923706
894.038696,        6.1789703369
894.346497,        6.1880645752
894.654419,        6.1797943115
894.962158,        7.8343505859
895.270020,        7.7350463867
895.577759,        7.7599029541
895.885376,        7.6343994141
896.192993,        7.7323913574
896.500549,        7.6021423340
896.808044,        7.5377807617
897.115601,        7.2627944946
897.422913,        7.1643676758
897.730347,        7.0933151245
898.037598,        6.9281616211
898.344910,        6.8107757568
898.652161,        6.8976135254
898.959167,        6.9042663574
899.266418,        6.9235839844
899.573364,        6.9430541992
899.880371,        6.9326934814
900.187378,        7.0505065918
900.494202,        7.2109909058
900.801086,        7.1817932129
901.107788,        7.3239364624
901.414612,        7.3935699463
901.721375,        7.4116592407
902.027832,        7.3747711182
902.334534,        7.3783874512
902.641113,        7.3657989502
902.947510,        7.5917663574
903.253967,        7.5470275879
903.560242,        7.7331542969
903.866638,        7.9086761475
904.172974,        8.0340423584
904.479126,        8.1832427979
904.785278,        8.3633346558
905.091370,        8.2288513184
905.397461,        8.3081817627
905.703552,        8.2481384277
906.009399,        8.1698989868
906.315369,        8.0055999756
906.621155,        8.0238037109
906.927002,        7.9678192139
907.232788,        8.0077819824
907.538452,        8.0131988525
907.844116,        7.7990264893
908.149658,        7.7479858398
908.455200,        7.8927001953
908.760803,        7.8173828125
909.066162,        7.8193588257
909.371582,        7.6749496460
909.676880,        7.7732543945
909.982178,        7.7980804443
910.287476,        7.6059570313
910.592529,        7.4234695435
910.897705,        6.7379455566
911.202759,        6.6258468628
911.507813,        6.4698944092
911.812805,        6.4408111572
912.117676,        6.4966049194
912.422546,        6.4873352051
912.727356,        6.6791534424
913.032104,        6.7294692993
913.336853,        6.6831359863
913.641479,        6.5373764038
913.946106,        6.7175140381
914.250610,        6.5431976318
914.555115,        6.5175857544
914.859619,        6.3310928345
915.163940,        6.4215011597
915.468323,        6.3825683594
915.772583,        6.5812377930
916.076843,        6.5813903809
916.381104,        6.6939086914
916.685120,        6.8910217285
916.989258,        6.9972534180
917.293213,        7.7390441895
917.597290,        7.4173049927
917.901184,        7.2595520020
918.205017,        7.1680145264
918.508850,        7.2255706787
918.812561,        7.4058151245
919.116333,        7.2737579346
919.420044,        7.2442169189
919.723572,        6.8905792236
920.027222,        7.0266952515
920.330627,        6.9761734009
920.634094,        7.3302001953
920.937561,        7.4665603638
921.240784,        7.4054718018
921.544189,        7.4433898926
921.847351,        7.5363006592
922.150574,        7.0678710938
922.453735,        6.9326858521
922.756775,        6.7359924316
923.059875,        6.7214660645
923.362793,        6.4550018311
923.665771,        6.2882843018
923.968689,        6.6569976807
924.271362,        7.0030059814
924.574219,        7.1381378174
924.876892,        7.1905899048
925.179565,        6.7750778198
925.482239,        6.8404769897
925.784729,        6.5317001343
926.087280,        6.7241592407
926.389648,        6.6506500244
926.692078,        6.5580444336
926.994507,        6.5072937012
927.296692,        6.5106964111
927.599060,        6.5184173584
927.901123,        6.6265716553
928.203308,        6.5414276123
928.505432,        6.9035491943
928.807434,        6.9478912354
929.109436,        6.9888305664
929.411316,        6.8454589844
929.713196,        7.2429122925
930.015015,        7.3811035156
930.316711,        7.3388366699
930.618530,        7.4211883545
930.920105,        7.3379592896
931.221802,        6.9546279907
931.523315,        7.3240966797
931.824829,        7.3657989502
932.126282,        7.4703063965
932.427612,        7.7534408569
932.729004,        7.8041992188
933.030334,        7.6664123535
933.331482,        7.4787902832
933.632751,        7.4049987793
933.933777,        7.5057601929
934.234924,        7.2968215942
934.536011,        7.4787521362
934.836914,        7.2615509033
935.137878,        7.2327728271
935.438660,        6.9543762207
935.739502,        6.9899139404
936.040344,        6.8557128906
936.340942,        6.9872436523
936.641663,        6.9733886719
936.942383,        7.0212554932
937.242798,        7.0159378052
937.543335,        7.1556549072
937.843750,        7.1865692139
938.144165,        7.3773651123
938.444580,        7.3924026489
938.744751,        7.3895797729
939.045044,        7.4093933105
939.345154,        7.4429016113
939.645325,        7.3793640137
939.945435,        7.1195831299
940.245361,        7.1290435791
940.545410,        7.1559143066
940.845215,        6.9743423462
941.145142,        6.9506072998
941.445007,        6.8154296875
941.744629,        7.1662063599
942.044434,        7.1818847656
942.343994,        7.2347869873
942.643677,        7.2186431885
942.943237,        7.1542587280
943.242676,        6.8700866699
943.542114,        6.6978530884
943.841431,        6.8296508789
944.140808,        6.9580078125
944.440125,        6.7703704834
944.739258,        6.6379089355
945.038513,        6.7015228271
945.337524,        6.4377593994
945.636597,        6.3754730225
945.935669,        6.7938385010
946.234558,        7.2234802246
946.533508,        7.2063903809
946.832275,        6.9854583740
947.131165,        6.8922424316
947.429932,        7.1992340088
947.728516,        7.4051666260
948.027222,        7.2779464722
948.325745,        6.1034927368
948.624329,        5.5824432373
948.922852,        5.5039520264
949.221191,        5.5288238525
949.519592,        5.4762115479
949.817810,        5.7028427124
950.116150,        5.4356842041
950.414368,        5.2527008057
950.712463,        5.2512741089
951.010620,        5.6998443604
951.308594,        5.5128402710
951.606628,        5.6754837036
951.904602,        5.3618392944
952.202454,        5.0832672119
952.500305,        4.0248260498
952.798035,        3.7548217773
953.095825,        3.6937866211
953.393494,        3.8992385864
953.691040,        3.7458801270
953.988647,        3.0998687744
954.286133,        3.0962066650
954.583618,        4.2834243774
954.881042,        4.8328857422
955.178345,        4.8721237183
955.475647,        4.4414520264
955.772827,        4.5338592529
956.070068,        4.5741271973
956.367310,        4.7871551514
956.664307,        4.9601211548
956.961365,        4.7627868652
957.258240,        4.4383392334
957.555176,        4.0407104492
957.852112,        3.6681823730
958.148865,        4.0825042725
958.445679,        4.2783050537
958.742310,        5.2338638306
959.039001,        5.5124053955
959.335632,        5.7419586182
959.632141,        5.3804244995
959.928650,        5.4192047119
960.224976,        6.0416641235
960.521484,        5.5528259277
960.817871,        5.7344512939
961.114014,        5.5790252686
961.410339,        5.3336486816
961.706421,        5.8884506226
962.002563,        5.9921569824
962.298645,        5.6043701172
962.594604,        5.5864791870
962.890564,        5.2854995728
963.186401,        2.9503326416
963.482300,        2.3782501221
963.778137,        3.0733184814
964.073792,        3.7639160156
964.369568,        3.7797241211
964.665100,        3.6772766113
964.960693,        3.2087783813
965.256287,        2.7165222168
965.551697,        2.7881317139
965.847168,        3.2560272217
966.142395,        3.4411849976
966.437744,        3.1769561768
966.733032,        3.6551208496
967.028198,        3.6084213257
967.323364,        3.3944320679
967.618408,        3.5736389160
967.913513,        2.7889862061
968.208496,        2.4234924316
968.503357,        2.7792587280
968.798279,        2.7407073975
969.093018,        2.7289886475
969.387817,        5.6391601563
969.682556,        6.0676574707
969.977173,        5.8176269531
970.271790,        5.2461395264
970.566406,        4.6578979492
970.860779,        4.8204956055
971.155334,        5.1715698242
971.449646,        6.1416320801
971.743958,        6.2472076416
972.038330,        5.5206756592
972.332458,        5.1245117188
972.626648,        5.2304077148
972.920715,        5.4347839355
973.214844,        4.8991241455
973.508911,        5.2650604248
973.802734,        4.8735351563
974.096741,        4.9268798828
974.390442,        5.1260528564
974.684265,        4.9098052979
974.978088,        5.0501556396
975.271667,        4.6573486328
975.565369,        4.2384948730
975.858826,        4.1048126221
976.152405,        3.8507537842
976.445923,        4.0083465576
976.739258,        4.5786743164
977.032654,        4.2228393555
977.325867,        3.8662567139
977.619202,        3.1437683105
977.912415,        2.2133789063
978.205505,        2.3189697266
978.498596,        2.2462387085
978.791504,        2.3100738525
979.084534,        1.9953308105
979.377563,        2.4263534546
979.670288,        1.9969863892
979.963196,        2.4277038574
980.255859,        2.5796432495
980.548584,        2.6702194214
980.841309,        0.3843078613
981.133850,       -0.1425323486
981.426392,       -0.2070159912
981.718811,        0.1465225220
982.011292,        0.8840637207
982.303650,        0.6867370605
982.595886,        1.0408477783
982.888245,        0.6142272949
983.180359,        0.5339660645
983.472595,        0.3531723022
983.764709,        0.9700317383
984.056641,        1.8147430420
984.348755,        1.9331817627
984.640625,        1.7141799927
984.932495,        1.7811889648
985.224365,        1.9697265625
985.516052,        1.7689437866
985.807861,        2.1497192383
986.099426,        0.9808654785
986.391052,        1.4092178345
986.682678,        1.4699249268
986.974121,        3.7136230469
987.265625,        4.3737869263
987.556885,        4.5306549072
987.848328,        4.4951934814
988.139648,        3.7391510010
988.430786,        3.8907165527
988.721985,        2.9986877441
989.013000,        3.6371459961
989.304138,        3.0644989014
989.595215,        2.0988235474
989.886047,        1.0711059570
990.177002,       -0.6534423828
990.467834,       -0.3572082520
990.758606,       -0.1881866455
991.049377,       -0.3436889648
991.339966,       -2.1238250732
991.630676,       -2.1762084961
991.921143,       -2.6018905640
992.211670,       -3.1084136963
992.502197,       -3.1584167480
992.792542,       -3.3932800293
993.082886,       -2.7478790283
993.373169,       -3.0810317993
993.663452,       -2.8437500000
993.953613,       -2.8896331787
994.243713,       -2.3285980225
994.533813,       -1.9237899780
994.823792,       -2.1384582520
995.113770,       -2.1349639893
995.403687,       -1.9794158936
995.693481,       -0.5604782104
995.983337,        0.1237335205
996.273010,        1.5902481079
996.562744,        1.3660888672
996.852417,        0.4968261719
997.141907,        0.8503646851
997.431458,        2.6793518066
997.720886,        2.5941925049
998.010315,        2.5221252441
998.299744,        4.5228881836
998.588928,        5.1179656982
998.878296,        5.2231369019
999.167419,        5.0630187988
999.456543,        4.0456924438
999.745667,        4.1683197021
1000.034607,        4.9917144775
1000.323669,        4.5153198242
1000.612488,        3.2325363159
1000.901367,        4.0384292603
1001.190247,        4.0581054688
1001.478882,        4.7537384033
1001.767639,        4.0724792480
1002.056335,        4.5291824341
1002.344849,        4.1854248047
1002.633423,        4.1589889526
1002.921814,        5.1271209717
1003.210266,        4.6908416748
1003.498657,        4.3302764893
1003.786926,        4.5801849365
1004.075256,        4.6961975098
1004.363342,        4.2063140869
1004.651489,        4.0672607422
1004.939697,        4.1041259766
1005.227600,        2.8048171997
1005.515686,        3.0822219849
1005.803467,        2.5227661133
1006.091370,        2.3312454224
1006.379272,        1.7201690674
1006.666870,        2.7225723267
1006.954712,        3.2238311768
1007.242188,        2.5139389038
1007.529907,        0.7254104614
1007.817444,        1.5061492920
1008.104858,       -0.3485717773
1008.392334,        0.5538940430
1008.679565,       -0.7670440674
1008.966980,       -1.6306152344
1009.254272,       -1.8664703369
1009.541382,       -1.3491058350
1009.828613,       -1.3036193848
1010.115601,       -0.9374237061
1010.402649,       -0.3953552246
1010.689697,       -0.4395065308
1010.976563,       -0.1104583740
1011.263489,       -0.3365783691
1011.550171,        0.4363861084
1011.837036,        0.4577484131
1012.123657,       -0.2277755737
1012.410278,       -0.4150009155
1012.696899,       -1.8284072876
1012.983337,       -2.3167572021
1013.269897,       -1.6547851563
1013.556396,       -0.1940078735
1013.842651,       -0.3603973389
1014.129028,       -0.6089935303
1014.415161,       -1.5268783569
1014.701477,       -0.9954833984
1014.987671,       -2.2969970703
1015.273560,       -2.7760009766
1015.559692,       -4.0427246094
1015.845581,       -4.3162078857
1016.131592,       -5.8144683838
1016.417542,       -7.4383544922
1016.703247,       -9.3292465210
1016.989014,      -10.2930297852
1017.274658,      -10.6980590820
1017.560303,      -13.2787094116
1017.845947,      -12.4716339111
1018.131409,      -14.0979766846
1018.416870,      -13.2387390137
1018.702271,      -11.8242950439
1018.987671,      -12.3714447021
1019.272949,      -15.0353698730
1019.558228,      -17.3755798340
1019.843445,      -17.9756774902
1020.128540,      -16.3486175537
1020.413574,      -15.9680099487
1020.698608,      -15.0174255371
1020.983521,      -12.4700622559
1021.268555,      -14.8937225342
1021.553284,      -16.7298812866
1021.838135,      -18.1117858887
1022.122925,      -18.5382080078
1022.407593,      -41.8633728027
1022.692261,       -8.6769332886
1022.976807,       16.6155548096
1023.261292,        5.3725738525
1023.545837,       15.5772399902
1023.830200,        1.2030487061
1024.114624,      -50.8321838379
1024.398804,      -42.4868469238
1024.683105,      -21.6169891357
1024.967285,      -24.9519348145
