340.270844,      100.0000000000
340.648560,      100.0000000000
341.026306,    -1069.1973876953
341.403961,     -732.1149902344
341.781616,    -1864.2915039063
342.159210,    -1463.9033203125
342.536743,       38.2239227295
342.914307,      -38.1890563965
343.291779,      -61.0856933594
343.669250,      100.0000000000
344.046661,      -33.1118927002
344.424042,      -31.4788055420
344.801422,      -30.0676727295
345.178711,      -36.2982635498
345.556000,      -39.4443511963
345.933258,      -43.7487182617
346.310486,      -47.4668579102
346.687622,      -51.1493835449
347.064758,      -55.2002563477
347.441895,      -53.2133483887
347.818939,      -54.4459533691
348.195953,      -53.6911773682
348.572937,      -52.0953063965
348.949890,      -52.8328247070
349.326843,      -54.9243774414
349.703735,      -52.6848297119
350.080597,      -52.1305847168
350.457397,      -51.7657470703
350.834198,      -49.1114196777
351.210968,      -48.3308410645
351.587646,      -48.6908721924
351.964325,      -46.5690307617
352.340942,      -47.5885162354
352.717560,      -52.4649505615
353.094147,      -52.7220153809
353.470673,      -51.8202209473
353.847168,      -50.1119689941
354.223602,      -50.3851318359
354.600037,      -52.0362854004
354.976440,      -48.7440185547
355.352783,      -52.1207580566
355.729126,      -51.5444946289
356.105408,      -49.8778839111
356.481628,      -63.5202026367
356.857849,      -63.1132202148
357.234009,      -61.2540588379
357.610168,      -63.5670623779
357.986267,      -60.4822387695
358.362366,      -59.1676177979
358.738373,      -57.1250610352
359.114349,      -56.8552856445
359.490326,      -54.7957305908
359.866241,      -52.8429412842
360.242157,      -54.3206024170
360.617981,      -50.4271087646
360.993805,      -50.1029815674
361.369568,      -51.1865234375
361.745331,      -51.0731506348
362.121033,      -50.6858978271
362.496704,      -46.8413696289
362.872314,      -44.9030151367
363.247925,      -41.9480285645
363.623505,      -40.1610260010
363.999023,      -36.9391784668
364.374542,      -23.8330230713
364.750000,      -22.9223175049
365.125397,      -22.8851776123
365.500763,      -20.4145507813
365.876160,      -21.3975067139
366.251434,      -22.0937728882
366.626740,      -23.5906219482
367.001953,      -26.0289611816
367.377136,      -27.0856933594
367.752350,      -28.9528503418
368.127472,      -29.1781311035
368.502594,      -27.7071228027
368.877625,      -25.8696212769
369.252625,      -21.7642669678
369.627625,      -20.7116546631
370.002563,      -16.6711807251
370.377502,      -20.6521148682
370.752380,      -20.5406951904
371.127228,      -26.1444091797
371.502014,      -26.0547561646
371.876770,      -27.9454040527
372.251526,      -25.1101379395
372.626221,      -23.1664886475
373.000885,      -22.6007843018
373.375488,      -24.1356048584
373.750092,      -23.4429473877
374.124664,      -23.7122879028
374.499146,      -26.9744110107
374.873627,      -26.8753433228
375.248108,      -26.3607482910
375.622467,      -30.4925842285
375.996887,      -31.9226837158
376.371185,      -31.0491485596
376.745483,      -31.3364562988
377.119751,      -32.7562103271
377.493958,      -36.6977539063
377.868195,      -37.2675781250
378.242310,      -35.3915100098
378.616394,      -40.0904693604
378.990540,      -36.1191711426
379.364563,      -38.6825561523
379.738556,      -41.3925781250
380.112518,      -39.7480773926
380.486481,      -39.3719329834
380.860352,      -40.4716796875
381.234192,      -40.1435241699
381.608063,      -38.6155700684
381.981812,      -37.8289794922
382.355591,      -33.2920532227
382.729309,      -32.4020843506
383.102966,      -32.2752990723
383.476624,      -26.5295486450
383.850220,      -23.2085571289
384.223816,      -25.9458618164
384.597321,      -26.3089675903
384.970856,      -27.2145843506
385.344299,      -22.9740142822
385.717682,      -22.6678466797
386.091125,      -23.5345458984
386.464447,      -16.7107849121
386.837769,      -15.9078521729
387.211029,      -14.7578887939
387.584290,      -10.6276016235
387.957489,      -10.2559967041
388.330627,       -8.6228942871
388.703766,       -6.6260223389
389.076874,       -4.2231445313
389.449921,       -8.3628005981
389.822937,       -5.9261627197
390.195923,       -7.3899536133
390.568878,       -7.6064147949
390.941772,       -5.6031646729
391.314636,       -2.8170318604
391.687500,       -0.0433425903
392.060272,        1.9107284546
392.433075,        3.3710937500
392.805756,        6.0300903320
393.178436,        8.1499633789
393.551117,        3.8997802734
393.923737,        5.0912170410
394.296326,        5.1053466797
394.668854,        7.2642745972
395.041321,        7.2062072754
395.413849,        4.6547088623
395.786255,        1.3031005859
396.158630,       -0.1067962646
396.531006,       -1.2113952637
396.903320,       -1.3458404541
397.275604,        0.1745605469
397.647827,        1.5214843750
398.020050,       -1.7549285889
398.392212,        0.5045318604
398.764343,        2.0733108521
399.136444,        2.3947143555
399.508514,       -1.8769683838
399.880554,        0.1611099243
400.252533,       -0.2300491333
400.624512,       -3.1457366943
400.996399,       -3.9753265381
401.368286,       -0.2026214600
401.740112,        2.1165466309
402.111908,        3.0095138550
402.483673,        2.6020507813
402.855408,        3.3372726440
403.227081,        5.5784301758
403.598755,       10.2748260498
403.970367,       12.2272644043
404.341980,       10.7123413086
404.713501,       10.7506866455
405.085022,       11.1916961670
405.456482,       11.3091125488
405.827911,       15.9947891235
406.199310,       18.5156097412
406.570648,       16.5394744873
406.942017,       15.7280120850
407.313263,       21.6206512451
407.684509,       21.1398086548
408.055725,       23.4692687988
408.426880,       24.3525161743
408.798035,       16.9195938110
409.169128,       17.8274536133
409.540161,       14.3311767578
409.911224,       15.0713424683
410.282196,       15.6109085083
410.653137,       17.6426620483
411.024048,       17.7185363770
411.394897,       17.9402770996
411.765747,       18.6508026123
412.136536,       22.8875961304
412.507324,       18.7895507813
412.878052,       19.8194122314
413.248718,       16.0512008667
413.619385,       17.7246627808
413.989990,       16.6281433105
414.360565,       18.8217926025
414.731110,       21.1762084961
415.101563,       20.3943405151
415.472076,       22.2436447144
415.842468,       23.3135604858
416.212891,       17.3283996582
416.583221,       23.7753295898
416.953522,       23.6582717896
417.323792,       27.8274383545
417.694031,       26.6000061035
418.064240,       27.2475433350
418.434418,       26.3197708130
418.804535,       25.3500671387
419.174622,       25.4182281494
419.544678,       26.4408340454
419.914673,       26.2153778076
420.284668,       31.0458908081
420.654572,       31.8115768433
421.024475,       35.4068984985
421.394348,       33.3510513306
421.764191,       34.0960540771
422.133972,       33.5557861328
422.503693,       32.4760894775
422.873444,       33.4126434326
423.243134,       33.3984680176
423.612762,       32.5154266357
423.982330,       41.9914627075
424.351929,       42.1792716980
424.721436,       41.5459060669
425.090942,       42.0906562805
425.460358,       43.6477203369
425.829773,       44.7089767456
426.199158,       46.7044906616
426.568481,       49.3269882202
426.937775,       49.9414062500
427.307037,       49.3984603882
427.676239,       49.8666801453
428.045441,       49.5066986084
428.414581,       51.0842666626
428.783722,       50.9660415649
429.152802,       52.7499160767
429.521790,       50.2094802856
429.890839,       50.9564933777
430.259766,       52.9120864868
430.628693,       50.8428878784
430.997589,       50.7093048096
431.366425,       50.5387077332
431.735229,       49.0809020996
432.104004,       48.8727798462
432.472748,       49.8978195190
432.841431,       50.5147743225
433.210052,       50.7790908813
433.578705,       51.3165740967
433.947266,       51.5813636780
434.315826,       52.9693527222
434.684326,       53.7514114380
435.052765,       53.8195037842
435.421204,       51.7443466187
435.789612,       53.4486923218
436.157959,       53.3092803955
436.526276,       54.4578933716
436.894531,       52.5674896240
437.262756,       56.2655754089
437.630951,       56.1357727051
437.999146,       56.9265594482
438.367249,       58.4228515625
438.735321,       59.1567611694
439.103394,       60.6341171265
439.471405,       60.8918418884
439.839386,       36.1172332764
440.207306,       36.0942039490
440.575195,       34.0682830811
440.943054,       35.2013244629
441.310883,       34.6157989502
441.678680,       33.9031524658
442.046387,       33.5921630859
442.414093,       33.2581176758
442.781799,       33.7354354858
443.149414,       35.4781341553
443.516998,       35.7652130127
443.884552,       36.0260238647
444.252045,       36.4532012939
444.619537,       39.0305099487
444.987000,       38.7946701050
445.354401,       40.3264999390
445.721710,       40.3648834229
446.089081,       41.2251815796
446.456360,       41.1421966553
446.823608,       41.2422332764
447.190826,       41.9406127930
447.557953,       65.9150390625
447.925110,       67.2704772949
448.292175,       70.0041427612
448.659271,       69.5893478394
449.026276,       70.9653930664
449.393250,       71.6307525635
449.760193,       71.2335205078
450.127075,       72.0505142212
450.493958,       72.9870300293
450.860779,       74.0114364624
451.227570,       73.9582366943
451.594330,       74.3621673584
451.960999,       73.6548843384
452.327698,       73.5270538330
452.694336,       73.8960571289
453.060913,       74.1087265015
453.427490,       74.4159317017
453.793976,       74.3349304199
454.160492,       75.1511230469
454.526917,       54.4644165039
454.893311,       54.8949813843
455.259674,       55.8315162659
455.626007,       55.8615608215
455.992310,       55.6198692322
456.358551,       56.4118957520
456.724731,       55.8662300110
457.090912,       56.3355712891
457.457031,       57.2187042236
457.823151,       57.3785629272
458.189209,       57.7205429077
458.555206,       57.8992309570
458.921173,       58.1382484436
459.287109,       58.6504211426
459.653015,       59.0078277588
460.018890,       59.5761032104
460.384705,       59.8975372314
460.750519,       59.1779899597
461.116241,       59.7776222229
461.481964,       60.3761138916
461.847626,       60.4810791016
462.213226,       78.0562438965
462.578827,       78.3402709961
462.944427,       78.7261123657
463.309906,       78.7334594727
463.675385,       79.2686843872
464.040802,       79.7124176025
464.406219,       80.5130844116
464.771606,       81.2467422485
465.136902,       81.3705444336
465.502197,       81.4962463379
465.867462,       81.0685653687
466.232635,       81.4716110229
466.597839,       81.3923950195
466.962921,       81.0478363037
467.328003,       81.2925338745
467.693054,       81.4345397949
468.058075,       81.6180877686
468.423035,       82.2641983032
468.787994,       81.5638122559
469.152863,       81.2271118164
469.517700,       81.0825576782
469.882538,       81.2426910400
470.247314,       81.8003311157
470.612061,       80.6125717163
470.976746,       81.0084915161
471.341431,       80.3959655762
471.706024,       80.1820373535
472.070618,       79.9749069214
472.435181,       80.1678543091
472.799622,       80.2485046387
473.164124,       80.1310729980
473.528534,       80.8367691040
473.892975,       80.7091369629
474.257294,       81.0727081299
474.621582,       81.8646316528
474.985870,       82.2946319580
475.350098,       82.0802612305
475.714325,       82.5973663330
476.078461,       82.8696136475
476.442535,       83.4440612793
476.806641,       84.1178817749
477.170685,       84.5774459839
477.534668,       85.0489425659
477.898621,       85.1585388184
478.262512,       85.8114547729
478.626404,       85.1345596313
478.990265,       85.8330917358
479.354065,       86.0440597534
479.717834,       86.3241348267
480.081512,       86.1450119019
480.445221,       86.1662445068
480.808899,       86.4434738159
481.172485,       85.9361267090
481.536041,       86.2147827148
481.899567,       86.2558822632
482.263062,       86.2635192871
482.626526,       86.1707839966
482.989929,       86.3900451660
483.353271,       86.1270828247
483.716583,       86.1783142090
484.079895,       86.3227844238
484.443146,       86.3420410156
484.806366,       86.4302291870
485.169525,       86.3556747437
485.532654,       86.5191650391
485.895752,       86.8752975464
486.258820,       87.5343704224
486.621857,       87.3033294678
486.984802,       87.3266601563
487.347748,       87.3044204712
487.710663,       87.5975875854
488.073517,       87.8360443115
488.436340,       87.9184722900
488.799072,       88.2069549561
489.161835,       88.3773193359
489.524536,       88.8567886353
489.887238,       88.9515228271
490.249847,       89.1230926514
490.612396,       89.2108078003
490.974915,       89.4975280762
491.337433,       89.9171905518
491.699921,       89.9088363647
492.062347,       89.8229446411
492.424713,       89.8820953369
492.787079,       90.0266876221
493.149353,       86.9096145630
493.511658,       86.9207077026
493.873871,       87.0148544312
494.236053,       87.0630264282
494.598206,       87.0376892090
494.960297,       87.0307769775
495.322388,       86.9799728394
495.684418,       86.3536071777
496.046356,       86.5907211304
496.408325,       86.8767013550
496.770264,       86.8934707642
497.132141,       86.6082534790
497.493958,       86.6417999268
497.855713,       86.5983963013
498.217499,       86.7077484131
498.579193,       86.7663269043
498.940887,       86.7605590820
499.302490,       86.7466735840
499.664093,       86.7982025146
500.025635,       86.9363403320
500.387177,       86.9346923828
500.748627,       89.8091583252
501.110077,       89.7796325684
501.471436,       89.8330459595
501.832825,       90.0465545654
502.194153,       90.1784210205
502.555389,       90.2623367310
502.916626,       90.0846862793
503.277802,       90.6184463501
503.638977,       90.4189453125
504.000092,       90.2035598755
504.361176,       90.1415481567
504.722198,       90.2562866211
505.083160,       90.2134552002
505.444153,       90.3218154907
505.805084,       90.3224487305
506.165924,       90.2900848389
506.526764,       90.2041549683
506.887543,       89.8138580322
507.248322,       89.6917953491
507.609070,       89.5304031372
507.969727,       89.5137634277
508.330322,       89.4819641113
508.690918,       89.6090240479
509.051514,       89.5593643188
509.412018,       89.4999771118
509.772491,       89.4560165405
510.132904,       89.3118896484
510.493286,       89.2335433960
510.853699,       89.2694244385
511.213989,       89.4036636353
511.574280,       89.5057525635
511.934509,       89.5463562012
512.294678,       89.5529479980
512.654846,       89.6885833740
513.014954,       89.6509475708
513.375061,       89.3520355225
513.735046,       89.1293792725
514.095032,       89.2485427856
514.455078,       89.5942077637
514.814941,       89.7713623047
515.174805,       89.8075637817
515.534607,       89.7922973633
515.894409,       89.7263793945
516.254211,       88.4683685303
516.613892,       88.2691192627
516.973572,       88.1713027954
517.333130,       88.1115646362
517.692749,       88.2413558960
518.052368,       88.4271163940
518.411865,       88.3601150513
518.771301,       88.3520584106
519.130737,       88.2406463623
519.490173,       88.1300582886
519.849548,       88.0668411255
520.208801,       87.9137878418
520.568054,       87.7799224854
520.927307,       87.9645996094
521.286499,       88.0820159912
521.645691,       87.8735046387
522.004822,       87.7008972168
522.363831,       87.5410232544
522.722839,       87.5120849609
523.081848,       87.2461166382
523.440796,       87.1223907471
523.799744,       88.1175079346
524.158569,       88.2871246338
524.517395,       88.3494186401
524.876160,       88.2817382813
525.234924,       88.1263580322
525.593628,       88.1137542725
525.952271,       87.8748779297
526.310913,       87.7692108154
526.669495,       87.6677398682
527.028076,       87.6776885986
527.386536,       87.5066070557
527.744995,       87.4507064819
528.103394,       87.4525299072
528.461792,       87.3526306152
528.820129,       87.2086486816
529.178406,       87.1107788086
529.536743,       86.8480911255
529.894958,       86.9291229248
530.253113,       86.8371353149
530.611267,       86.7155990601
530.969299,       86.6232910156
531.327393,       86.2973632813
531.685486,       86.1987609863
532.043335,       86.1447982788
532.401367,       86.0946960449
532.759216,       86.2054748535
533.117004,       86.0753555298
533.474915,       86.1338882446
533.832642,       86.0245590210
534.190430,       86.1331253052
534.548096,       86.0344238281
534.905762,       86.0533905029
535.263367,       85.9006195068
535.620850,       85.8273544312
535.978455,       85.8474426270
536.335876,       85.9013442993
536.693359,       85.9655456543
537.050781,       86.2178344727
537.408142,       86.1192092896
537.765442,       86.1358184814
538.122681,       86.3598861694
538.479919,       86.4253463745
538.837219,       86.6389694214
539.194336,       86.5751571655
539.551453,       86.3722229004
539.908508,       86.2556228638
540.265564,       86.2407989502
540.622559,       86.2955245972
540.979553,       86.2673645020
541.336426,       86.2230377197
541.693298,       86.1642532349
542.050110,       86.0295791626
542.406921,       86.0035171509
542.763672,       86.0251541138
543.120422,       86.0477066040
543.477051,       85.9989700317
543.833679,       86.0143127441
544.190308,       85.9572753906
544.546814,       85.9327392578
544.903381,       85.8175811768
545.259827,       85.7799072266
545.616211,       85.5686874390
545.972595,       85.6329116821
546.328979,       85.6394882202
546.685242,       85.6102600098
547.041504,       85.7380676270
547.397644,       85.8043212891
547.753906,       85.7515792847
548.110046,       85.7470397949
548.466125,       85.8130645752
548.822144,       85.8552932739
549.178223,       85.7167510986
549.534241,       85.7868423462
549.890137,       85.8218612671
550.246033,       85.7834167480
550.601868,       85.7882232666
550.957581,       85.8258285522
551.313416,       85.6965866089
551.669128,       85.7712249756
552.024841,       85.6332626343
552.380432,       85.6798629761
552.736023,       85.6249389648
553.091675,       85.5523376465
553.447144,       85.5222778320
553.802612,       85.5426483154
554.158020,       85.5242004395
554.513428,       85.5337829590
554.868774,       85.6266860962
555.224121,       85.5287170410
555.579346,       85.4430618286
555.934631,       85.4465332031
556.289734,       85.4987335205
556.644958,       85.5331573486
557.000000,       85.3675079346
557.355103,       85.4168395996
557.710083,       85.5062484741
558.065063,       85.5100097656
558.420105,       85.4550018311
558.774963,       85.5056076050
559.129822,       85.4018249512
559.484619,       85.5424041748
559.839355,       85.6073608398
560.194153,       85.6472625732
560.548828,       85.8101119995
560.903442,       85.8284225464
561.258057,       85.7554779053
561.612610,       85.8132934570
561.967224,       85.8551864624
562.321655,       85.8059692383
562.676086,       85.9806213379
563.030457,       86.0412063599
563.384827,       86.0561218262
563.739197,       85.9481811523
564.093445,       86.0700454712
564.447693,       86.2955474854
564.801880,       86.2993164063
565.156006,       86.2862472534
565.510132,       86.3129425049
565.864197,       86.3631744385
566.218262,       86.4461669922
566.572205,       86.6273040771
566.926086,       86.6737976074
567.280090,       86.7076339722
567.633972,       86.8090209961
567.987732,       86.9323959351
568.341553,       87.0114440918
568.695190,       87.1124649048
569.048950,       87.1134719849
569.402649,       87.0785675049
569.756165,       87.1169052124
570.109802,       87.0991210938
570.463257,       87.1163177490
570.816772,       87.1996154785
571.170227,       87.3192901611
571.523621,       87.3479690552
571.877014,       87.3936233521
572.230286,       87.4746704102
572.583557,       87.5498352051
572.936829,       87.6083679199
573.289978,       87.5824737549
573.643250,       87.5464019775
573.996216,       87.5053710938
574.349365,       87.5292663574
574.702393,       87.5704345703
575.055359,       87.5957183838
575.408325,       87.6277999878
575.761169,       87.6032638550
576.114075,       87.6382522583
576.466919,       87.7246856689
576.819641,       87.7968902588
577.172363,       87.8929290771
577.525085,       87.8937377930
577.877686,       87.9173049927
578.230286,       87.9318466187
578.582825,       88.0225982666
578.935425,       87.9310455322
579.287903,       87.9672241211
579.640320,       87.9843368530
579.992676,       87.9173889160
580.345093,       87.9489364624
580.697388,       88.0380249023
581.049683,       88.1446533203
581.401855,       88.2313232422
581.754089,       88.1502838135
582.106201,       88.1005172729
582.458313,       88.0594863892
582.810425,       88.0311431885
583.162354,       88.1108779907
583.514404,       88.1176834106
583.866272,       88.1425933838
584.218201,       88.1773605347
584.570068,       87.9679718018
584.921875,       88.0237579346
585.273560,       88.0120620728
585.625305,       87.9097900391
585.977051,       87.9142150879
586.328674,       87.8934936523
586.680237,       87.9396972656
587.031799,       87.9241638184
587.383301,       87.9704437256
587.734802,       87.9205017090
588.086243,       87.9435119629
588.437561,       87.9320602417
588.788940,       87.8866806030
589.140198,       88.0735473633
589.491516,       88.1868515015
589.842712,       88.2263412476
590.193848,       88.1908187866
590.544983,       88.1230468750
590.896057,       88.0602569580
591.247192,       88.0554580688
591.598145,       88.0660781860
591.949158,       88.2011108398
592.300049,       88.1974029541
592.650879,       88.2617263794
593.001770,       88.3697662354
593.352539,       88.3286590576
593.703308,       88.4255065918
594.054016,       88.4017181396
594.404663,       88.3856735229
594.755310,       88.4219665527
595.105896,       88.4532318115
595.456360,       88.4486465454
595.806885,       88.4530868530
596.157349,       88.2990264893
596.507751,       88.1963195801
596.858154,       88.1341247559
597.208435,       88.1363067627
597.558777,       88.1448745728
597.908997,       88.2112731934
598.259216,       88.2649383545
598.609314,       88.1940994263
598.959473,       88.1389007568
599.309570,       88.2076263428
599.659546,       88.2082443237
600.009583,       88.2258377075
600.359497,       88.2197418213
600.709412,       88.2869110107
601.059265,       88.3243331909
601.409058,       88.2628250122
601.758850,       88.3000946045
602.108521,       88.3330383301
602.458191,       88.3687896729
602.807922,       88.4056091309
603.157471,       88.3338470459
603.507080,       88.4701690674
603.856567,       88.5216751099
604.205994,       88.5914611816
604.555542,       88.6547470093
604.904846,       88.6996765137
605.254211,       88.6622085571
605.603516,       88.4918518066
605.952759,       88.5643310547
606.302063,       88.5549850464
606.651123,       88.5749816895
607.000305,       88.5836791992
607.349365,       88.5929946899
607.698425,       88.6231918335
608.047485,       88.5893402100
608.396362,       88.6054992676
608.745300,       88.5800476074
609.094177,       88.6376342773
609.442993,       88.6547622681
609.791809,       88.6845779419
610.140503,       88.6930847168
610.489258,       88.8026885986
610.837891,       88.8094100952
611.186523,       88.8489456177
611.535156,       88.8823852539
611.883606,       88.8656082153
612.232178,       88.8354568481
612.580566,       88.8155899048
612.928955,       88.9530410767
613.277344,       89.0081634521
613.625610,       89.0700302124
613.973938,       89.0503616333
614.322144,       89.0496826172
614.670288,       89.0755767822
615.018555,       89.0839157104
615.366516,       89.1161041260
615.714661,       89.1417999268
616.062622,       89.2064819336
616.410645,       89.1941604614
616.758606,       89.1676483154
617.106445,       89.1658401489
617.454285,       89.1932678223
617.802063,       89.1212081909
618.149841,       89.1602859497
618.497559,       89.1778106689
618.845215,       89.1312561035
619.192871,       89.1045913696
619.540466,       89.2201843262
619.888000,       89.3036041260
620.235535,       89.3123168945
620.582886,       89.2558212280
620.930359,       89.2954788208
621.277710,       89.3431701660
621.625061,       89.3700408936
621.972351,       89.3870925903
622.319519,       89.3596954346
622.666809,       89.3496856689
623.013916,       89.3628768921
623.361023,       89.3981933594
623.708130,       89.3936996460
624.055054,       89.4374771118
624.402100,       89.4869232178
624.749023,       89.4472351074
625.095947,       89.4643325806
625.442810,       89.4746246338
625.789551,       89.4644317627
626.136353,       89.5005264282
626.483032,       89.5160903931
626.829712,       89.4094924927
627.176392,       89.3629608154
627.522949,       89.4329605103
627.869507,       89.4741363525
628.216003,       89.4899139404
628.562500,       89.4720687866
628.908936,       89.4770126343
629.255310,       89.4960784912
629.601624,       89.5462493896
629.947876,       89.5538482666
630.294067,       89.3894882202
630.640320,       89.4211120605
630.986511,       89.4025802612
631.332642,       89.3947219849
631.678650,       89.2358322144
632.024658,       89.2745208740
632.370728,       89.3479919434
632.716614,       89.3909149170
633.062500,       89.3898315430
633.408325,       89.4020919800
633.754089,       89.3317642212
634.099915,       89.3985671997
634.445679,       89.4311676025
634.791321,       89.4346618652
635.136963,       89.3935699463
635.482483,       89.2705993652
635.828125,       89.3102111816
636.173584,       89.3866424561
636.519043,       89.3441772461
636.864502,       89.3141250610
637.209778,       89.3029327393
637.555237,       89.5132751465
637.900452,       89.5645446777
638.245728,       89.6239089966
638.590881,       89.6963119507
638.935974,       89.8861923218
639.281189,       89.8991851807
639.626221,       89.8616790771
639.971191,       89.8636779785
640.316223,       89.8469696045
640.661072,       89.8828735352
641.006042,       89.9806365967
641.350891,       90.0528411865
641.695679,       90.0528335571
642.040466,       90.1181182861
642.385071,       90.2010650635
642.729858,       90.3560104370
643.074463,       90.1313705444
643.419067,       90.1172256470
643.763611,       90.1777038574
644.108032,       90.2307434082
644.452515,       90.3040771484
644.796936,       90.3241882324
645.141296,       90.2944793701
645.485657,       90.3134841919
645.829834,       90.2969665527
646.174133,       90.3129272461
646.518311,       90.4008331299
646.862427,       90.4943466187
647.206604,       90.5815048218
647.550598,       90.6823577881
647.894653,       90.7257919312
648.238647,       90.7901153564
648.582458,       90.8225326538
648.926453,       90.8583984375
649.270203,       90.8865051270
649.614075,       90.9778976440
649.957764,       90.9599761963
650.301453,       91.2451629639
650.645142,       91.2820816040
650.988708,       91.2965316772
651.332336,       91.3596343994
651.675842,       91.4064102173
652.019348,       91.4011001587
652.362854,       91.3907546997
652.706177,       91.4217681885
653.049561,       91.5024795532
653.392883,       91.5099639893
653.736084,       91.5075225830
654.079346,       91.4899139404
654.422424,       91.1402587891
654.765625,       91.1123046875
655.108765,       91.1332397461
655.451721,       91.1758575439
655.794800,       91.1431045532
656.137695,       91.1926956177
656.480591,       91.1061859131
656.823486,       91.0523529053
657.166260,       91.0867538452
657.509094,       91.1000366211
657.851807,       91.0860137939
658.194519,       91.1129074097
658.537109,       91.0188140869
658.879761,       90.9942092896
659.222351,       90.9996795654
659.564758,       91.0660705566
659.907349,       91.1050491333
660.249695,       91.0926437378
660.592041,       91.0760955811
660.934448,       91.0542221069
661.276672,       91.1391143799
661.619019,       91.4345855713
661.961182,       91.4917144775
662.303284,       91.4630889893
662.645508,       91.4145355225
662.987427,       91.4604187012
663.329529,       91.4554901123
663.671448,       91.5646133423
664.013428,       91.5838394165
664.355347,       91.5985107422
664.697205,       91.4607162476
665.039001,       91.4991989136
665.380676,       91.5182647705
665.722412,       91.6235656738
666.064148,       91.6901168823
666.405701,       91.7606201172
666.747253,       91.8139495850
667.088806,       91.8444671631
667.430298,       91.8474807739
667.771790,       91.8770751953
668.113159,       91.9045562744
668.454529,       91.8592987061
668.795837,       91.8826751709
669.137085,       91.9210281372
669.478394,       91.9583740234
669.819519,       91.9451751709
670.160645,       91.9501342773
670.501709,       92.0006790161
670.842773,       92.0270385742
671.183777,       92.0359039307
671.524719,       92.1231689453
671.865662,       92.2710113525
672.206482,       92.3115158081
672.547302,       92.3590164185
672.888123,       92.3405761719
673.228821,       92.3260192871
673.569458,       92.3108901978
673.910095,       92.2895889282
674.250732,       92.2150268555
674.591370,       92.1764373779
674.931824,       92.1996765137
675.272217,       92.2032546997
675.612732,       92.2467803955
675.953003,       92.2534408569
676.293396,       92.2559356689
676.633667,       92.2153930664
676.973877,       92.2114791870
677.314148,       92.2314682007
677.654236,       92.2142181396
677.994385,       92.1686782837
678.334412,       92.2095489502
678.674438,       92.1040267944
679.014404,       92.0833358765
679.354309,       92.0444564819
679.694214,       92.0195388794
680.034058,       91.9917984009
680.373840,       91.9818115234
680.713623,       91.9298706055
681.053223,       91.9497756958
681.392944,       91.8750000000
681.732544,       91.2448348999
682.072083,       89.0070419312
682.411621,       88.9486160278
682.751038,       88.9037933350
683.090515,       88.8894119263
683.429871,       88.7142639160
683.769226,       88.6626434326
684.108582,       88.6254348755
684.447754,       88.5616912842
684.786987,       88.5337295532
685.126160,       88.4829559326
685.465210,       88.3458938599
685.804382,       88.3255920410
686.143311,       88.2607192993
686.482361,       88.1689147949
686.821289,       88.0221557617
687.160156,       87.9627609253
687.499023,       87.8765869141
687.837769,       87.6922149658
688.176514,       87.4920043945
688.515259,       87.4252319336
688.853882,       87.8771438599
689.192566,       89.8967437744
689.531067,       89.7856750488
689.869629,       89.5483016968
690.208130,       89.3694000244
690.546570,       89.1942214966
690.885010,       88.9341735840
691.223267,       88.7300186157
691.561584,       88.4905929565
691.899841,       88.1267700195
692.238037,       87.8651428223
692.576294,       87.6038055420
692.914307,       87.2796325684
693.252380,       86.9768753052
693.590454,       86.6399993896
693.928406,       86.3789520264
694.266357,       86.0063476563
694.604187,       85.6287994385
694.942078,       85.3524322510
695.279907,       85.0383224487
695.617615,       84.5918807983
695.955444,       84.2829437256
696.292969,       83.9196014404
696.630676,       83.4918670654
696.968201,       83.1536102295
697.305725,       82.5902557373
697.643250,       82.2216796875
697.980652,       81.8919525146
698.318054,       81.4780349731
698.655396,       81.0284118652
698.992676,       80.7128829956
699.330017,       80.2671203613
699.667175,       79.8519668579
700.004395,       79.4668579102
700.341492,       79.0586242676
700.678528,       78.6094665527
701.015564,       78.0024795532
701.352478,       77.6378402710
701.689514,       77.1927032471
702.026428,       76.7137451172
702.363220,       76.2610015869
702.700073,       75.9430999756
703.036804,       75.4752349854
703.373474,       75.0324401855
703.710144,       74.5924301147
704.046814,       74.0557785034
704.383362,       73.8297729492
704.719910,       73.3638153076
705.056335,       72.9494094849
705.392761,       72.5381164551
705.729187,       72.1396942139
706.065552,       71.6891326904
706.401855,       71.3097152710
706.738098,       70.8639526367
707.074280,       70.4501342773
707.410461,       69.9833602905
707.746643,       69.5959014893
708.082642,       69.3182296753
708.418701,       68.8212127686
708.754639,       68.4299697876
709.090576,       68.1337738037
709.426514,       67.7312698364
709.762329,       67.2194671631
710.098083,       66.8024291992
710.433838,       66.2664489746
710.769592,       65.8419342041
711.105286,       65.5499572754
711.440796,       65.0911560059
711.776367,       64.7691650391
712.112000,       64.3757934570
712.447388,       63.9969062805
712.782837,       63.5363273621
713.118225,       63.1617813110
713.453552,       62.7818298340
713.788818,       62.4621200562
714.124023,       62.0006408691
714.459290,       61.6396789551
714.794434,       61.2747573853
715.129517,       60.8799324036
715.464661,       60.5301895142
715.799622,       60.1607284546
716.134583,       59.6786384583
716.469482,       59.3030929565
716.804321,       58.9657516479
717.139221,       58.6091995239
717.473938,       58.3793869019
717.808777,       58.0265426636
718.143433,       57.6718521118
718.478088,       57.3147392273
718.812683,       56.9949874878
719.147217,       56.6612739563
719.481750,       56.2989616394
719.816223,       56.0095977783
720.150574,       55.5877418518
720.485046,       55.2472991943
720.819214,       54.8521194458
721.153564,       54.5156021118
721.487854,       54.1382904053
721.821960,       53.8187599182
722.156189,       53.2981109619
722.490234,       52.9968109131
722.824341,       52.6778450012
723.158264,       52.3241958618
723.492249,       51.9506683350
723.826172,       51.6550750732
724.159973,       51.2914772034
724.493835,       50.9448814392
724.827576,       50.3247680664
725.161316,       49.9134826660
725.494995,       49.5959663391
725.828613,       49.2043113708
726.162231,       48.8310775757
726.495728,       48.4462051392
726.829163,       48.1051406860
727.162720,       47.8757858276
727.496033,       47.5064697266
727.829468,       47.1906585693
728.162720,       46.9040412903
728.496033,       46.5510940552
728.829224,       46.2609405518
729.162354,       46.2117271423
729.495483,       45.9304695129
729.828552,       45.6318130493
730.161560,       45.4351806641
730.494629,       45.2040290833
730.827454,       44.9446792603
731.160400,       44.6860275269
731.493225,       44.3788490295
731.825989,       44.4087181091
732.158813,       44.1756019592
732.491455,       43.8835906982
732.824158,       43.6170997620
733.156799,       43.3254432678
733.489319,       42.9901351929
733.821899,       42.6663360596
734.154236,       42.4543380737
734.486755,       42.1735076904
734.819092,       41.9131965637
735.151428,       41.7101860046
735.483765,       41.5654907227
735.815857,       41.3773803711
736.148132,       41.0953674316
736.480286,       40.9171409607
736.812378,       40.6292953491
737.144470,       40.3852233887
737.476379,       40.0709915161
737.808411,       39.8672485352
738.140259,       39.6469268799
738.472168,       39.5528640747
738.804016,       39.4007110596
739.135742,       39.2316932678
739.467468,       39.0282440186
739.799133,       38.7946929932
740.130798,       38.7561607361
740.462402,       38.6088104248
740.793884,       38.4267425537
741.125366,       38.1968154907
741.456848,       38.1523361206
741.788208,       38.0181579590
742.119568,       37.8075103760
742.450928,       37.6841201782
742.782166,       37.5029296875
743.113281,       37.2999954224
743.444458,       37.0653610229
743.775635,       36.9993667603
744.106689,       36.9340171814
744.437683,       36.8717117310
744.768677,       36.6926269531
745.099609,       36.5906219482
745.430481,       36.4348754883
745.761353,       36.2103004456
746.092102,       36.0599670410
746.422852,       35.9325942993
746.753479,       35.9167480469
747.084229,       35.7225646973
747.414795,       35.7530975342
747.745300,       35.6782455444
748.075806,       35.6174240112
748.406311,       35.4551239014
748.736694,       35.4252471924
749.067078,       35.3560485840
749.397400,       35.1874389648
749.727722,       35.1146926880
750.057861,       35.0661315918
750.388062,       34.9525451660
750.718201,       34.8195343018
751.048279,       34.6683502197
751.378357,       34.6074218750
751.708252,       34.5402374268
752.038208,       34.4502868652
752.368164,       34.3444366455
752.697937,       34.3532714844
753.027832,       34.3300247192
753.357483,       34.2852325439
753.687256,       34.2260131836
754.016907,       34.0817794800
754.346497,       33.9588317871
754.676147,       33.9543914795
755.005493,       33.8961410522
755.335083,       33.8467636108
755.664490,       33.6145782471
755.993835,       33.5237808228
756.323181,       33.4605484009
756.652405,       33.3261795044
756.981689,       33.3058166504
757.310852,       33.3039093018
757.640015,       33.1733398438
757.969177,       33.1591796875
758.298096,       33.1496353149
758.627197,       33.0371780396
758.956116,       32.9899368286
759.284973,       32.9548110962
759.613892,       32.9299697876
759.942627,       32.8542938232
760.271423,       32.8464126587
760.600159,       32.7690048218
760.928772,       32.7719497681
761.257446,       32.8243331909
761.585999,       32.7813949585
761.914490,       32.5906906128
762.242981,       32.5988388062
762.571350,       32.6231994629
762.899841,       32.4091873169
763.228088,       32.4493331909
763.556396,       32.4362564087
763.884644,       32.3859100342
764.212830,       32.2624969482
764.541016,       32.2174301147
764.869080,       32.1661758423
765.197144,       32.0983963013
765.525146,       32.1343536377
765.853088,       32.1542587280
766.181030,       32.0652313232
766.508789,       32.0420074463
766.836670,       31.9984283447
767.164429,       31.8931655884
767.492126,       31.8835220337
767.819824,       31.8990402222
768.147400,       31.6572265625
768.475037,       31.6299209595
768.802490,       31.5863800049
769.130005,       31.3185577393
769.457458,       31.3560791016
769.784790,       31.5359649658
770.112183,       31.4461441040
770.439453,       31.3547973633
770.766663,       31.2360458374
771.093872,       31.3480606079
771.420959,       31.4398956299
771.748108,       31.4594802856
772.075195,       31.3840637207
772.402161,       31.1910247803
772.729126,       31.1279602051
773.055969,       31.1793975830
773.382874,       31.1095504761
773.709717,       31.1266326904
774.036438,       31.2173767090
774.363159,       31.2120666504
774.689758,       31.0658569336
775.016479,       31.1574630737
775.343018,       31.0981597900
775.669495,       31.2468338013
775.996033,       31.4444274902
776.322449,       31.3724822998
776.648865,       31.3607482910
776.975098,       31.2788543701
777.301453,       31.3516159058
777.627686,       31.4560012817
777.953857,       31.3137207031
778.280029,       31.3215637207
778.606079,       31.0833511353
778.932068,       31.1049270630
779.258179,       31.1709518433
779.584045,       31.1422882080
779.909973,       31.1340789795
780.235840,       31.0966491699
780.561646,       31.0603866577
780.887390,       31.0165863037
781.213135,       30.9510345459
781.538757,       31.0477142334
781.864380,       31.0759735107
782.189880,       30.9925765991
782.515442,       30.9795913696
782.840942,       30.9062118530
783.166321,       30.9957046509
783.491699,       31.0213241577
783.817017,       31.2105407715
784.142395,       31.1737060547
784.467529,       31.1170578003
784.792725,       31.0936203003
785.117859,       31.0438079834
785.442932,       31.1877593994
785.768005,       31.2207717896
786.092957,       31.2842254639
786.417908,       31.2464981079
786.742798,       31.2579498291
787.067566,       31.2260437012
787.392456,       31.2037582397
787.717163,       31.1668853760
788.041870,       31.1326828003
788.366577,       31.0966720581
788.691101,       31.1003265381
789.015686,       31.0448760986
789.340149,       30.9093780518
789.664673,       30.8676452637
789.989075,       30.8138122559
790.313354,       30.5836486816
790.637756,       30.3506164551
790.962036,       30.2972259521
791.286194,       30.2047424316
791.610413,       30.2095184326
791.934448,       30.1629180908
792.258606,       30.1002807617
792.582581,       29.8935852051
792.906555,       29.8810653687
793.230530,       29.9471435547
793.554321,       29.8471374512
793.878174,       29.8413314819
794.201965,       29.8616333008
794.525696,       29.7742156982
794.849426,       29.7529830933
795.172974,       29.7088470459
795.496643,       29.6390838623
795.820129,       29.6750411987
796.143616,       29.7296524048
796.467102,       29.6835021973
796.790405,       29.5935592651
797.113831,       29.7027130127
797.437134,       29.6997985840
797.760315,       29.6054382324
798.083618,       29.7160186768
798.406677,       29.6655120850
798.729797,       29.4382934570
799.052856,       29.4627075195
799.375854,       29.6145629883
799.698853,       29.4848937988
800.021729,       29.2001495361
800.344604,       29.1819152832
800.667358,       29.0985107422
800.990112,       29.0229797363
801.312866,       29.0396194458
801.635498,       28.8748092651
801.958191,       28.8740081787
802.280701,       28.9005432129
802.603210,       28.9992523193
802.925781,       28.9916534424
803.248108,       28.9927673340
803.570496,       28.9979476929
803.892822,       28.9897613525
804.215088,       28.9710540771
804.537354,       28.9698333740
804.859436,       28.9223327637
805.181641,       28.9522552490
805.503723,       29.0797882080
805.825745,       28.8965148926
806.147766,       28.8313446045
806.469604,       28.8323669434
806.791504,       28.9251327515
807.113342,       28.8768844604
807.435181,       28.9423217773
807.756897,       28.8856353760
808.078552,       28.7998046875
808.400208,       28.9129486084
808.721802,       28.8369445801
809.043335,       28.7712936401
809.364929,       28.6065979004
809.686279,       28.5697784424
810.007751,       28.6394958496
810.329041,       28.6204223633
810.650330,       28.5786132813
810.971619,       28.5902252197
811.292786,       28.6354217529
811.613953,       28.6223449707
811.935059,       28.7006912231
812.256104,       28.8224334717
812.577148,       28.8735046387
812.898071,       28.9194488525
813.218994,       29.0347137451
813.539795,       29.1167678833
813.860596,       29.1144104004
814.181396,       29.1465454102
814.502136,       29.1957702637
814.822754,       29.1628417969
815.143372,       29.1794891357
815.463928,       29.1913604736
815.784485,       29.1523895264
816.104919,       29.2204742432
816.425354,       29.2273101807
816.745728,       29.1280822754
817.065979,       29.0952453613
817.386353,       29.1509323120
817.706421,       29.0452728271
818.026733,       28.9970550537
818.346863,       28.8962783813
818.666809,       28.7264633179
818.986938,       28.5653533936
819.306824,       28.6307830811
819.626770,       28.5173339844
819.946716,       28.3842163086
820.266479,       28.3308258057
820.586304,       28.3625488281
820.905945,       28.2599182129
821.225647,       28.2060165405
821.545349,       28.1519317627
821.864868,       28.1731872559
822.184448,       28.0653839111
822.503845,       28.0557785034
822.823364,       28.0583038330
823.142761,       27.8877563477
823.462036,       27.8899002075
823.781372,       27.9570999146
824.100525,       27.9220657349
824.419800,       28.0664215088
824.738953,       28.0837249756
825.057922,       28.0418090820
825.377014,       28.0064468384
825.695984,       27.9650268555
826.014954,       27.9387664795
826.333862,       27.9681091309
826.652649,       27.9872283936
826.971497,       27.9379272461
827.290100,       27.8470611572
827.608887,       27.7450714111
827.927612,       27.6729888916
828.246094,       27.7895965576
828.564697,       27.7685928345
828.883118,       27.8554687500
829.201599,       27.9261627197
829.520020,       27.8039550781
829.838318,       27.9537506104
830.156616,       27.9854202271
830.474854,       27.9383544922
830.793091,       27.9446868896
831.111267,       27.8893280029
831.429260,       27.8822479248
831.747437,       28.0100708008
832.065308,       28.0972366333
832.383362,       28.0603790283
832.701233,       28.0245361328
833.019043,       28.0080718994
833.336914,       28.0302429199
833.654663,       28.0739593506
833.972351,       28.1294250488
834.289978,       28.0479660034
834.607483,       28.0561218262
834.925171,       28.0084838867
835.242676,       28.0176391602
835.560059,       28.0115356445
835.877502,       27.9573669434
836.194763,       28.0564575195
836.512146,       27.9129028320
836.829468,       27.8128051758
837.146545,       27.7734375000
837.463745,       27.8058319092
837.780823,       27.7704620361
838.097900,       27.7728881836
838.414917,       27.5390930176
838.731873,       27.5136871338
839.048828,       27.5662918091
839.365540,       27.5529861450
839.682434,       27.5453033447
839.999207,       27.5102920532
840.315857,       27.4884643555
840.632568,       27.3813171387
840.949097,       27.6034545898
841.265747,       27.6781539917
841.582275,       27.5835266113
841.898682,       27.4300231934
842.215088,       27.3999176025
842.531433,       27.3725585938
842.847778,       27.3546142578
843.164063,       27.4216766357
843.480164,       27.3854980469
843.796387,       27.4487304688
844.112427,       27.3011932373
844.428528,       27.2078552246
844.744568,       27.1765594482
845.060486,       27.3025817871
845.376404,       27.3719177246
845.692200,       27.4054260254
846.008057,       27.4134521484
846.323853,       27.3904647827
846.639465,       27.4187469482
846.955139,       27.4392395020
847.270691,       27.4651336670
847.586304,       27.3678207397
847.901855,       27.2944183350
848.217224,       27.4011306763
848.532715,       27.4259796143
848.847961,       27.2695770264
849.163330,       27.3827667236
849.478638,       27.3734436035
849.793823,       27.2632827759
850.108948,       27.3215866089
850.424011,       27.1657104492
850.739136,       27.1714324951
851.054199,       27.2820434570
851.369019,       27.3253784180
851.684021,       27.3017883301
851.998779,       27.1139831543
852.313660,       27.0842590332
852.628418,       26.9263305664
852.943054,       26.8289794922
853.257751,       26.7532196045
853.572327,       26.6827468872
853.886841,       26.8175354004
854.201477,       26.7604293823
854.515808,       26.7432250977
854.830261,       26.6890792847
855.144592,       26.6290512085
855.458862,       26.8268966675
855.773193,       26.7043914795
856.087280,       26.6831817627
856.401489,       26.8343200684
856.715515,       26.7662353516
857.029602,       26.7587890625
857.343628,       26.8775787354
857.657532,       26.9187088013
857.971497,       26.8707275391
858.285278,       26.8261108398
858.599121,       26.8113555908
858.912903,       26.8592681885
859.226501,       26.9941635132
859.540222,       27.0095062256
859.853699,       26.9186248779
860.167297,       26.9012451172
860.480896,       26.6810302734
860.794250,       26.6222839355
861.107666,       26.5859298706
861.420959,       26.6111450195
861.734314,       26.6044158936
862.047546,       26.5946350098
862.360657,       26.5257873535
862.673889,       26.3365554810
862.986938,       26.2249984741
863.299988,       26.2084808350
863.613037,       26.0981674194
863.925903,       25.9026641846
864.238831,       25.6422958374
864.551575,       25.7195358276
864.864380,       25.7055587769
865.177185,       25.8352508545
865.489807,       25.7481536865
865.802490,       25.7819137573
866.114990,       25.7110595703
866.427612,       25.7131423950
866.740112,       25.7458343506
867.052429,       25.7639007568
867.364868,       25.9113616943
867.677124,       25.9347610474
867.989502,       25.8138504028
868.301758,       25.8439865112
868.613831,       25.7074432373
868.926025,       25.7552719116
869.238159,       25.9538726807
869.550049,       26.0357055664
869.862122,       26.0109558105
870.173950,       26.1207199097
870.485901,       26.2197341919
870.797791,       26.2992324829
871.109497,       26.1474380493
871.421204,       26.2840728760
871.732849,       26.1468963623
872.044495,       26.1436004639
872.356079,       26.1240386963
872.667542,       26.2374191284
872.979065,       26.3470916748
873.290344,       26.3354339600
873.601807,       26.4712142944
873.913147,       26.2787628174
874.224304,       26.2242279053
874.535645,       26.3474121094
874.846741,       26.2366104126
875.157837,       26.1687927246
875.468994,       26.0504150391
875.779907,       26.0076904297
876.090881,       25.8780746460
876.401733,       25.9109802246
876.712646,       25.9028930664
877.023499,       25.8631439209
877.334167,       25.8880615234
877.644897,       25.9061737061
877.955505,       25.8808059692
878.266113,       25.9379577637
878.576721,       25.9103698730
878.887146,       25.7999877930
879.197571,       25.7761535645
879.507996,       25.7417907715
879.818298,       25.6839447021
880.128662,       25.3505325317
880.438843,       25.4480743408
880.749084,       25.3347320557
881.059143,       24.8489990234
881.369263,       24.9164581299
881.679382,       25.0928115845
881.989258,       25.0909347534
882.299194,       25.0398788452
882.609070,       25.0463943481
882.918945,       24.9495239258
883.228760,       24.9871215820
883.538452,       25.0567932129
883.848145,       24.9415512085
884.157654,       24.9613494873
884.467285,       24.8365173340
884.776917,       24.7926635742
885.086243,       24.6900863647
885.395813,       24.7063903809
885.705017,       24.7191314697
886.014404,       24.7301864624
886.323730,       24.7611389160
886.632874,       24.9370727539
886.942078,       24.9213943481
887.251160,       25.0326690674
887.560242,       25.5508193970
887.869263,       25.5368118286
888.178162,       25.3772888184
888.487122,       21.5157165527
888.795898,       21.5976257324
889.104797,       21.5648956299
889.413513,       21.6900253296
889.722168,       21.6184768677
890.030884,       21.5003509521
890.339417,       21.5486526489
890.648010,       21.4453277588
890.956543,       21.4660339355
891.264893,       21.4619445801
891.573364,       21.5969161987
891.881653,       21.6169357300
892.189941,       21.4560317993
892.498230,       21.3055191040
892.806335,       21.1671142578
893.114502,       21.1208724976
893.422546,       21.1114349365
893.730652,       21.0286407471
894.038696,       20.8181152344
894.346497,       20.8108215332
894.654419,       20.8022308350
894.962158,       24.8959045410
895.270020,       24.9003906250
895.577759,       25.0038604736
895.885376,       24.7546844482
896.192993,       24.7732162476
896.500549,       24.6223907471
896.808044,       24.6158447266
897.115601,       24.4684906006
897.422913,       24.2149505615
897.730347,       24.2929382324
898.037598,       24.1452255249
898.344910,       23.9833908081
898.652161,       24.1035079956
898.959167,       24.2001571655
899.266418,       24.2169494629
899.573364,       24.1535797119
899.880371,       24.2004089355
900.187378,       24.3676834106
900.494202,       24.4508056641
900.801086,       24.4316101074
901.107788,       24.5076599121
901.414612,       24.6245269775
901.721375,       24.5829162598
902.027832,       24.4147262573
902.334534,       24.7516174316
902.641113,       24.6557312012
902.947510,       24.8346099854
903.253967,       24.8921051025
903.560242,       25.0838317871
903.866638,       25.3585205078
904.172974,       25.3137130737
904.479126,       25.4002075195
904.785278,       25.5411376953
905.091370,       25.4897766113
905.397461,       25.4338531494
905.703552,       25.4625091553
906.009399,       25.5986175537
906.315369,       25.5166015625
906.621155,       25.4869079590
906.927002,       25.4739227295
907.232788,       25.4790954590
907.538452,       25.4384307861
907.844116,       25.3363342285
908.149658,       25.2289733887
908.455200,       25.3235321045
908.760803,       25.0693511963
909.066162,       25.0517807007
909.371582,       24.9363403320
909.676880,       25.0015182495
909.982178,       24.9103240967
910.287476,       24.8742828369
910.592529,       24.8219909668
910.897705,       24.6933593750
911.202759,       24.6661911011
911.507813,       24.7099151611
911.812805,       24.7117385864
912.117676,       24.7670288086
912.422546,       24.6577987671
912.727356,       24.6158294678
913.032104,       24.5534210205
913.336853,       24.5832519531
913.641479,       24.5628662109
913.946106,       24.5817871094
914.250610,       24.3118591309
914.555115,       24.2285766602
914.859619,       24.2134857178
915.163940,       24.3642883301
915.468323,       24.4212646484
915.772583,       24.4445800781
916.076843,       24.4330902100
916.381104,       24.5032348633
916.685120,       24.6107482910
916.989258,       24.4776306152
917.293213,       24.6186676025
917.597290,       24.3251800537
917.901184,       24.0621719360
918.205017,       24.0144882202
918.508850,       23.9867553711
918.812561,       23.9713745117
919.116333,       24.0309600830
919.420044,       24.0518951416
919.723572,       23.7068328857
920.027222,       23.7717437744
920.330627,       23.8023986816
920.634094,       24.0160369873
920.937561,       24.3528747559
921.240784,       24.1295394897
921.544189,       24.0286483765
921.847351,       24.0959472656
922.150574,       23.9160156250
922.453735,       23.8168716431
922.756775,       23.7454681396
923.059875,       23.6442108154
923.362793,       23.7779006958
923.665771,       23.5554504395
923.968689,       23.8961410522
924.271362,       24.0862960815
924.574219,       24.1643676758
924.876892,       24.2333068848
925.179565,       24.1582641602
925.482239,       24.0168151855
925.784729,       23.8226089478
926.087280,       24.0512619019
926.389648,       23.9219818115
926.692078,       23.9972000122
926.994507,       24.1454086304
927.296692,       24.0091018677
927.599060,       24.0180740356
927.901123,       24.0400772095
928.203308,       23.9890136719
928.505432,       24.1753540039
928.807434,       24.1301727295
929.109436,       24.2401733398
929.411316,       24.1712646484
929.713196,       24.2822418213
930.015015,       24.4798965454
930.316711,       24.3964538574
930.618530,       24.4891052246
930.920105,       24.3263397217
931.221802,       23.8829193115
931.523315,       24.0355606079
931.824829,       24.1959381104
932.126282,       24.1647949219
932.427612,       24.3764648438
932.729004,       24.4624023438
933.030334,       24.4163208008
933.331482,       24.2790985107
933.632751,       24.2431640625
933.933777,       24.4744949341
934.234924,       24.4219055176
934.536011,       24.4367675781
934.836914,       24.3361892700
935.137878,       24.3655853271
935.438660,       24.3320007324
935.739502,       24.4092407227
936.040344,       24.2115936279
936.340942,       24.3272705078
936.641663,       24.4044952393
936.942383,       24.4760131836
937.242798,       24.4170227051
937.543335,       24.7789077759
937.843750,       24.8688964844
938.144165,       24.7973175049
938.444580,       24.9019012451
938.744751,       24.7350158691
939.045044,       24.7447204590
939.345154,       24.6827392578
939.645325,       24.5668258667
939.945435,       24.3962707520
940.245361,       24.2904815674
940.545410,       24.2490768433
940.845215,       24.2347030640
941.145142,       24.1778411865
941.445007,       24.0948638916
941.744629,       23.9924850464
942.044434,       23.9688110352
942.343994,       24.0764236450
942.643677,       23.7665023804
942.943237,       23.6267929077
943.242676,       23.2769317627
943.542114,       23.2629928589
943.841431,       23.2035522461
944.140808,       23.1873703003
944.440125,       23.0361557007
944.739258,       22.8269805908
945.038513,       22.8898849487
945.337524,       22.6672363281
945.636597,       22.4995574951
945.935669,       22.6332855225
946.234558,       22.8068389893
946.533508,       22.8308410645
946.832275,       22.5679473877
947.131165,       22.4358978271
947.429932,       22.5561370850
947.728516,       22.7724075317
948.027222,       22.6979904175
948.325745,       21.6062240601
948.624329,       21.1238403320
948.922852,       21.3913269043
949.221191,       21.2806854248
949.519592,       20.9671859741
949.817810,       21.1400756836
950.116150,       20.8738403320
950.414368,       20.8142547607
950.712463,       20.9067077637
951.010620,       21.2414245605
951.308594,       21.2380828857
951.606628,       21.2766265869
951.904602,       21.1066894531
952.202454,       20.9803009033
952.500305,       20.0801544189
952.798035,       19.7534484863
953.095825,       20.0022277832
953.393494,       20.2224807739
953.691040,       20.0782928467
953.988647,       19.4427795410
954.286133,       19.3082427979
954.583618,       20.4485321045
954.881042,       20.9857025146
955.178345,       20.7976760864
955.475647,       20.4620361328
955.772827,       20.7802658081
956.070068,       20.7962570190
956.367310,       20.9168395996
956.664307,       20.9747924805
956.961365,       20.7815093994
957.258240,       20.4408264160
957.555176,       19.9185791016
957.852112,       19.6777191162
958.148865,       19.7091293335
958.445679,       19.8659973145
958.742310,       20.9042358398
959.039001,       21.2621917725
959.335632,       21.4465942383
959.632141,       21.0007629395
959.928650,       21.0886077881
960.224976,       21.4423370361
960.521484,       21.2403182983
960.817871,       21.2276611328
961.114014,       21.2448425293
961.410339,       21.3356552124
961.706421,       21.8116149902
962.002563,       22.0248413086
962.298645,       21.9140625000
962.594604,       22.0790252686
962.890564,       21.7939910889
963.186401,       19.7358398438
963.482300,       19.4890823364
963.778137,       19.9112167358
964.073792,       20.2299041748
964.369568,       20.3629989624
964.665100,       20.2875518799
964.960693,       19.8146514893
965.256287,       19.0593872070
965.551697,       18.9324340820
965.847168,       19.4525756836
966.142395,       19.5340118408
966.437744,       19.2852249146
966.733032,       19.7225036621
967.028198,       19.7055358887
967.323364,       19.2344512939
967.618408,       19.2402954102
967.913513,       18.6921539307
968.208496,       18.2134857178
968.503357,       18.0528564453
968.798279,       17.6987152100
969.093018,       17.7563171387
969.387817,       20.3522796631
969.682556,       20.5416336060
969.977173,       20.3657989502
970.271790,       20.1158752441
970.566406,       19.5795669556
970.860779,       19.5769195557
971.155334,       19.7738342285
971.449646,       20.6735382080
971.743958,       20.5844573975
972.038330,       19.6359558105
972.332458,       19.4479217529
972.626648,       19.6726379395
972.920715,       19.8153076172
973.214844,       19.1935729980
973.508911,       19.3108215332
973.802734,       18.7807846069
974.096741,       18.7777938843
974.390442,       18.6605834961
974.684265,       18.5489959717
974.978088,       18.8077011108
975.271667,       18.6240386963
975.565369,       18.5794067383
975.858826,       18.3565521240
976.152405,       18.3253479004
976.445923,       18.6885528564
976.739258,       19.0928573608
977.032654,       18.7286834717
977.325867,       18.4995422363
977.619202,       18.1794967651
977.912415,       17.4554824829
978.205505,       18.0389556885
978.498596,       17.9140014648
978.791504,       17.7799835205
979.084534,       17.3545532227
979.377563,       17.7201843262
979.670288,       17.8007812500
979.963196,       17.9115753174
980.255859,       18.0469894409
980.548584,       18.3613357544
980.841309,       17.0380706787
981.133850,       16.9318847656
981.426392,       16.4583206177
981.718811,       16.3698196411
982.011292,       16.9617614746
982.303650,       17.0148468018
982.595886,       16.8056640625
982.888245,       16.6000518799
983.180359,       16.7450256348
983.472595,       16.4721527100
983.764709,       16.4919128418
984.056641,       17.2425994873
984.348755,       17.0252380371
984.640625,       16.6001129150
984.932495,       16.5963134766
985.224365,       16.6605453491
985.516052,       16.3978424072
985.807861,       16.2433471680
986.099426,       15.6009292603
986.391052,       15.8116760254
986.682678,       15.8040466309
986.974121,       17.4944610596
987.265625,       17.5976562500
987.556885,       17.7781066895
987.848328,       17.8650207520
988.139648,       17.3451690674
988.430786,       16.9915313721
988.721985,       16.4958038330
989.013000,       16.6751861572
989.304138,       15.7787551880
989.595215,       14.7024688721
989.886047,       14.5047912598
990.177002,       13.0942993164
990.467834,       13.1698532104
990.758606,       13.5433273315
991.049377,       13.2992630005
991.339966,       11.6538391113
991.630676,       11.7456359863
991.921143,       11.6998901367
992.211670,       10.7067565918
992.502197,       10.6329574585
992.792542,       10.3577880859
993.082886,       10.6841888428
993.373169,       10.5799560547
993.663452,       10.8655700684
993.953613,       10.5689392090
994.243713,       10.8522949219
994.533813,       11.2405548096
994.823792,       10.8612670898
995.113770,       10.9238433838
995.403687,       11.1241455078
995.693481,       12.1615295410
995.983337,       12.3138885498
996.273010,       13.3054199219
996.562744,       13.2483062744
996.852417,       12.6146163940
997.141907,       12.9021759033
997.431458,       14.3977661133
997.720886,       14.4939575195
998.010315,       14.2740020752
998.299744,       16.5760803223
998.588928,       16.9527206421
998.878296,       17.5321350098
999.167419,       17.3916625977
999.456543,       16.0817871094
999.745667,       16.1835784912
1000.034607,       16.5069427490
1000.323669,       16.1933364868
1000.612488,       14.9259719849
1000.901367,       15.4096221924
1001.190247,       15.5339965820
1001.478882,       16.0882110596
1001.767639,       15.2068176270
1002.056335,       15.5273742676
1002.344849,       15.6320648193
1002.633423,       15.6463012695
1002.921814,       16.0693511963
1003.210266,       16.0197448730
1003.498657,       15.7160034180
1003.786926,       15.4057006836
1004.075256,       14.4432373047
1004.363342,       13.7931976318
1004.651489,       13.7169876099
1004.939697,       12.7322387695
1005.227600,       10.8599624634
1005.515686,       10.9364700317
1005.803467,       10.2604293823
1006.091370,       10.1442031860
1006.379272,        9.8952178955
1006.666870,       10.9546356201
1006.954712,       11.4363555908
1007.242188,       11.0322952271
1007.529907,        9.7232131958
1007.817444,       10.6772766113
1008.104858,        8.9535446167
1008.392334,        9.4434280396
1008.679565,        8.4317016602
1008.966980,        7.7600097656
1009.254272,        7.5717544556
1009.541382,        7.5478820801
1009.828613,        7.6644210815
1010.115601,        9.3146514893
1010.402649,        9.8731689453
1010.689697,        9.6360168457
1010.976563,       10.1001358032
1011.263489,        9.7962341309
1011.550171,       10.6131439209
1011.837036,       10.4732971191
1012.123657,       10.1475982666
1012.410278,        9.6660614014
1012.696899,        8.3049011230
1012.983337,        8.0424499512
1013.269897,        7.6935272217
1013.556396,        8.5070571899
1013.842651,        8.5413436890
1014.129028,        8.2960052490
1014.415161,        7.1492767334
1014.701477,        6.7350921631
1014.987671,        4.6337280273
1015.273560,        3.9366607666
1015.559692,        3.2791671753
1015.845581,        3.4843139648
1016.131592,        2.0202636719
1016.417542,        0.1364746094
1016.703247,       -0.9923095703
1016.989014,       -1.9909515381
1017.274658,       -1.7493286133
1017.560303,       -3.1442718506
1017.845947,       -2.8064956665
1018.131409,       -3.7371215820
1018.416870,       -3.4024505615
1018.702271,       -2.5909576416
1018.987671,       -3.4702606201
1019.272949,       -5.1008300781
1019.558228,       -6.8189392090
1019.843445,       -7.1778030396
1020.128540,       -5.8232421875
1020.413574,       -5.9908752441
1020.698608,       -5.5249176025
1020.983521,       -3.2467498779
1021.268555,       -5.5194396973
1021.553284,       -6.8462524414
1021.838135,       -8.5391845703
1022.122925,       -8.9102478027
1022.407593,      -29.4561614990
1022.692261,        5.5784606934
1022.976807,       19.7366409302
1023.261292,        0.7677612305
1023.545837,        7.8495178223
1023.830200,      -10.2167358398
1024.114624,      -38.5534973145
1024.398804,      -29.1295776367
1024.683105,      -13.2346649170
1024.967285,       -8.0509185791
