340.270844,      100.0000000000
340.648560,      100.0000000000
341.026306,    -1739.3929443359
341.403961,    -2233.8889160156
341.781616,    -2765.1799316406
342.159210,     -133.2974853516
342.536743,      -24.7947998047
342.914307,      -89.7624206543
343.291779,      -72.5867614746
343.669250,      100.0000000000
344.046661,      -40.9392700195
344.424042,      -39.0261840820
344.801422,      -39.1959228516
345.178711,      -44.5921630859
345.556000,      -51.7422180176
345.933258,      -57.5814819336
346.310486,      -61.4916534424
346.687622,      -65.4532775879
347.064758,      -69.3409576416
347.441895,      -67.1104278564
347.818939,      -64.8271179199
348.195953,      -61.2337341309
348.572937,      -59.0084228516
348.949890,      -62.7143859863
349.326843,      -66.4495544434
349.703735,      -67.3318786621
350.080597,      -69.4584655762
350.457397,      -69.4518585205
350.834198,      -66.2787170410
351.210968,      -64.5271606445
351.587646,      -65.6554870605
351.964325,      -63.8117065430
352.340942,      -60.7501220703
352.717560,      -64.0158081055
353.094147,      -64.3486633301
353.470673,      -62.5292510986
353.847168,      -60.5973358154
354.223602,      -59.6794891357
354.600037,      -58.5678558350
354.976440,      -52.3448486328
355.352783,      -57.1154785156
355.729126,      -60.7464141846
356.105408,      -61.6440734863
356.481628,      -80.6106872559
356.857849,      -78.8402862549
357.234009,      -75.0483551025
357.610168,      -76.0977783203
357.986267,      -73.4839935303
358.362366,      -72.9967956543
358.738373,      -71.5936584473
359.114349,      -71.9110412598
359.490326,      -69.8431701660
359.866241,      -66.6903991699
360.242157,      -69.4606933594
360.617981,      -65.1575469971
360.993805,      -63.4714965820
361.369568,      -64.4088439941
361.745331,      -65.5075988770
362.121033,      -67.1358947754
362.496704,      -65.3753814697
362.872314,      -64.8604736328
363.247925,      -62.0808868408
363.623505,      -57.4453430176
363.999023,      -54.2664031982
364.374542,      -34.2728271484
364.750000,      -33.7178039551
365.125397,      -33.5733947754
365.500763,      -30.5642700195
365.876160,      -30.3636322021
366.251434,      -31.2494354248
366.626740,      -31.6548004150
367.001953,      -34.8167419434
367.377136,      -35.7501983643
367.752350,      -37.8640289307
368.127472,      -40.5192565918
368.502594,      -39.9177856445
368.877625,      -39.4489746094
369.252625,      -38.7710876465
369.627625,      -37.9246826172
370.002563,      -33.3663482666
370.377502,      -36.9523162842
370.752380,      -36.9673767090
371.127228,      -39.6458435059
371.502014,      -39.0372467041
371.876770,      -41.8293914795
372.251526,      -39.3965301514
372.626221,      -38.7088012695
373.000885,      -37.5226745605
373.375488,      -40.0757141113
373.750092,      -38.9679565430
374.124664,      -38.1250305176
374.499146,      -40.8024291992
374.873627,      -40.5744628906
375.248108,      -41.1130676270
375.622467,      -44.6119537354
375.996887,      -44.8338928223
376.371185,      -45.1660614014
376.745483,      -44.8916625977
377.119751,      -44.6589202881
377.493958,      -46.3803405762
377.868195,      -46.7190856934
378.242310,      -42.3443298340
378.616394,      -45.6115570068
378.990540,      -43.7780151367
379.364563,      -48.2226257324
379.738556,      -48.5061645508
380.112518,      -47.2657165527
380.486481,      -47.2807159424
380.860352,      -48.7255554199
381.234192,      -48.7453155518
381.608063,      -47.2377624512
381.981812,      -46.8750610352
382.355591,      -43.1245117188
382.729309,      -41.8527832031
383.102966,      -38.9347839355
383.476624,      -35.5247955322
383.850220,      -33.4580383301
384.223816,      -34.2736206055
384.597321,      -35.6585388184
384.970856,      -36.6979064941
385.344299,      -33.4457092285
385.717682,      -31.8170776367
386.091125,      -33.9985351563
386.464447,      -27.2719879150
386.837769,      -25.2302246094
387.211029,      -21.1600341797
387.584290,      -17.8533935547
387.957489,      -18.2589416504
388.330627,      -16.9963226318
388.703766,      -14.8136138916
389.076874,      -12.3854293823
389.449921,      -17.0973663330
389.822937,      -14.7132186890
390.195923,      -16.8822937012
390.568878,      -17.5193023682
390.941772,      -17.4184417725
391.314636,      -13.5334167480
391.687500,      -10.9122543335
392.060272,       -9.3525772095
392.433075,       -7.6008911133
392.805756,       -4.3537750244
393.178436,       -3.4851303101
393.551117,       -6.5582122803
393.923737,       -3.4631271362
394.296326,       -3.4765777588
394.668854,       -2.0181121826
395.041321,       -3.0878906250
395.413849,       -6.4575500488
395.786255,      -10.0156860352
396.158630,      -10.3799896240
396.531006,      -13.1566467285
396.903320,      -11.8918914795
397.275604,       -8.2883300781
397.647827,       -7.9736328125
398.020050,       -8.6767578125
398.392212,       -5.6538314819
398.764343,       -5.0243988037
399.136444,       -4.3630142212
399.508514,       -8.2848052979
399.880554,       -6.2371063232
400.252533,       -5.8296813965
400.624512,       -8.8441085815
400.996399,      -10.5094451904
401.368286,       -7.9019012451
401.740112,       -5.5654220581
402.111908,       -4.6550140381
402.483673,       -4.2659149170
402.855408,       -4.3271560669
403.227081,       -1.8877868652
403.598755,        3.7761383057
403.970367,        5.1466522217
404.341980,        2.4027099609
404.713501,        1.3153076172
405.085022,        0.2969284058
405.456482,        0.9382781982
405.827911,        5.2091293335
406.199310,        8.1466979980
406.570648,        5.1324615479
406.942017,        5.9072570801
407.313263,       10.8404312134
407.684509,        9.0856170654
408.055725,       10.8774566650
408.426880,       11.9876022339
408.798035,        5.7909393311
409.169128,        6.7684936523
409.540161,        3.4887695313
409.911224,        4.0558929443
410.282196,        4.4280548096
410.653137,        5.6857910156
411.024048,        4.7966918945
411.394897,        4.4845199585
411.765747,        4.8087387085
412.136536,        9.7543029785
412.507324,        4.3997344971
412.878052,        5.3825531006
413.248718,        3.8123092651
413.619385,        4.0160827637
413.989990,        2.4574737549
414.360565,        5.4375991821
414.731110,        4.7858047485
415.101563,        3.4488143921
415.472076,        5.3054656982
415.842468,        6.3902359009
416.212891,       -0.4826965332
416.583221,        6.0419006348
416.953522,        6.7151489258
417.323792,        9.9508514404
417.694031,        7.7269821167
418.064240,        7.2960815430
418.434418,        6.5895538330
418.804535,        6.4688644409
419.174622,        6.5674591064
419.544678,        8.1841354370
419.914673,        8.6008605957
420.284668,       14.0794830322
420.654572,       15.3982543945
421.024475,       18.0329513550
421.394348,       16.3129577637
421.764191,       17.0943145752
422.133972,       16.8058547974
422.503693,       16.9474182129
422.873444,       18.7064590454
423.243134,       19.0205688477
423.612762,       17.9373931885
423.982330,       29.0095672607
424.351929,       29.0661621094
424.721436,       28.2457885742
425.090942,       29.1160430908
425.460358,       31.3561706543
425.829773,       32.8471984863
426.199158,       35.2577972412
426.568481,       38.6837692261
426.937775,       40.2053451538
427.307037,       39.3511962891
427.676239,       39.9763069153
428.045441,       39.5367736816
428.414581,       41.0559310913
428.783722,       40.5538558960
429.152802,       42.2842864990
429.521790,       39.9823226929
429.890839,       41.4355621338
430.259766,       43.6638870239
430.628693,       41.7135543823
430.997589,       42.0864334106
431.366425,       41.8302001953
431.735229,       39.9843788147
432.104004,       40.3797683716
432.472748,       41.4466018677
432.841431,       42.1982879639
433.210052,       43.1799392700
433.578705,       43.8508148193
433.947266,       43.4721641541
434.315826,       44.2961425781
434.684326,       45.1147956848
435.052765,       45.1505813599
435.421204,       42.6274986267
435.789612,       44.7860984802
436.157959,       44.7768936157
436.526276,       45.4340744019
436.894531,       43.8681030273
437.262756,       47.8365249634
437.630951,       46.8806228638
437.999146,       47.1974411011
438.367249,       48.6615600586
438.735321,       49.3402442932
439.103394,       51.4702949524
439.471405,       51.7574043274
439.839386,       26.2771911621
440.207306,       25.9427871704
440.575195,       23.5794906616
440.943054,       24.2398223877
441.310883,       23.6863327026
441.678680,       23.3243408203
442.046387,       22.9545288086
442.414093,       22.2331695557
442.781799,       22.7562789917
443.149414,       24.3305053711
443.516998,       24.6709823608
443.884552,       24.3511352539
444.252045,       25.0219573975
444.619537,       27.5968780518
444.987000,       28.0771026611
445.354401,       29.8746795654
445.721710,       30.2674026489
446.089081,       31.0411987305
446.456360,       30.8815765381
446.823608,       30.8536682129
447.190826,       32.0251159668
447.557953,       55.6864013672
447.925110,       56.5417175293
448.292175,       59.8156929016
448.659271,       59.2675209045
449.026276,       60.6110877991
449.393250,       61.3899230957
449.760193,       60.7833328247
450.127075,       61.8374328613
450.493958,       62.9353408813
450.860779,       64.7507019043
451.227570,       65.2063980103
451.594330,       66.1794891357
451.960999,       65.3422775269
452.327698,       65.1759796143
452.694336,       64.3655166626
453.060913,       64.8308258057
453.427490,       65.5488586426
453.793976,       65.7033386230
454.160492,       66.7059326172
454.526917,       41.4511413574
454.893311,       41.4725799561
455.259674,       42.6593856812
455.626007,       43.2722015381
455.992310,       42.8406677246
456.358551,       43.8625907898
456.724731,       43.7206459045
457.090912,       44.3979988098
457.457031,       45.6295585632
457.823151,       45.8643493652
458.189209,       46.1799736023
458.555206,       45.9833030701
458.921173,       46.1897850037
459.287109,       46.8714942932
459.653015,       47.4021987915
460.018890,       48.3961486816
460.384705,       48.7933692932
460.750519,       47.6232223511
461.116241,       48.1432991028
461.481964,       48.2923431396
461.847626,       48.2538070679
462.213226,       69.5398254395
462.578827,       70.0770034790
462.944427,       70.3628692627
463.309906,       70.2859191895
463.675385,       71.1794738770
464.040802,       71.5156173706
464.406219,       72.4148483276
464.771606,       73.0436248779
465.136902,       72.8533325195
465.502197,       72.9887542725
465.867462,       73.0348358154
466.232635,       73.8246154785
466.597839,       73.6752014160
466.962921,       73.4105834961
467.328003,       73.7404174805
467.693054,       73.6365661621
468.058075,       74.0112457275
468.423035,       75.4180603027
468.787994,       75.0146789551
469.152863,       75.1500244141
469.517700,       75.1290740967
469.882538,       75.3216629028
470.247314,       76.0509643555
470.612061,       74.9499206543
470.976746,       75.4641799927
471.341431,       74.7245712280
471.706024,       74.6804580688
472.070618,       74.3111190796
472.435181,       74.5401763916
472.799622,       74.7232666016
473.164124,       74.6867523193
473.528534,       75.1439285278
473.892975,       74.9476928711
474.257294,       75.5332183838
474.621582,       76.2608947754
474.985870,       76.8030471802
475.350098,       76.5588989258
475.714325,       76.9910354614
476.078461,       77.2280960083
476.442535,       77.4519195557
476.806641,       78.1306762695
477.170685,       78.5492401123
477.534668,       79.1797714233
477.898621,       79.2691192627
478.262512,       79.8795928955
478.626404,       79.3352050781
478.990265,       80.1677932739
479.354065,       80.3892974854
479.717834,       80.7354583740
480.081512,       80.6236419678
480.445221,       80.7097702026
480.808899,       81.1656494141
481.172485,       80.7062911987
481.536041,       80.9222793579
481.899567,       80.7963943481
482.263062,       80.8267517090
482.626526,       80.6315917969
482.989929,       80.8482666016
483.353271,       80.7529296875
483.716583,       80.7716751099
484.079895,       81.0317153931
484.443146,       81.0282135010
484.806366,       81.3080596924
485.169525,       81.1488723755
485.532654,       81.3509750366
485.895752,       81.7241516113
486.258820,       82.3171539307
486.621857,       82.1552352905
486.984802,       82.1317291260
487.347748,       82.0936813354
487.710663,       82.2858505249
488.073517,       82.6445159912
488.436340,       82.6795654297
488.799072,       83.0064468384
489.161835,       83.2634658813
489.524536,       83.8162307739
489.887238,       83.9706497192
490.249847,       84.2792205811
490.612396,       84.5252304077
490.974915,       84.8204574585
491.337433,       85.1975860596
491.699921,       85.1926116943
492.062347,       85.1592941284
492.424713,       85.1504974365
492.787079,       85.3733825684
493.149353,       84.5458450317
493.511658,       84.7616958618
493.873871,       84.8393554688
494.236053,       84.7579498291
494.598206,       84.6664733887
494.960297,       84.6752166748
495.322388,       84.7316741943
495.684418,       83.7273101807
496.046356,       83.9074020386
496.408325,       84.1793823242
496.770264,       84.1081695557
497.132141,       83.9265899658
497.493958,       83.9017791748
497.855713,       83.7931060791
498.217499,       83.7795562744
498.579193,       83.7407684326
498.940887,       83.7494049072
499.302490,       83.8271331787
499.664093,       83.8481063843
500.025635,       84.0132675171
500.387177,       83.9527053833
500.748627,       84.8143005371
501.110077,       84.6553192139
501.471436,       84.6272201538
501.832825,       84.8857574463
502.194153,       85.1443939209
502.555389,       85.2093048096
502.916626,       84.9560546875
503.277802,       85.7902679443
503.638977,       85.4877777100
504.000092,       85.3020019531
504.361176,       85.2293472290
504.722198,       85.1438446045
505.083160,       85.0990829468
505.444153,       85.1464233398
505.805084,       85.1539840698
506.165924,       85.1505126953
506.526764,       85.0936203003
506.887543,       84.7011718750
507.248322,       84.5563964844
507.609070,       84.3787231445
507.969727,       84.4456253052
508.330322,       84.3835296631
508.690918,       84.5218353271
509.051514,       84.5472946167
509.412018,       84.4972229004
509.772491,       84.4352951050
510.132904,       84.2889709473
510.493286,       84.2361068726
510.853699,       84.2030487061
511.213989,       84.4210357666
511.574280,       84.4381866455
511.934509,       84.4726104736
512.294678,       84.5246887207
512.654846,       84.6211395264
513.014954,       84.6539230347
513.375061,       84.3775863647
513.735046,       84.1475982666
514.095032,       84.2369689941
514.455078,       84.3906250000
514.814941,       84.5924224854
515.174805,       84.6058578491
515.534607,       84.5305862427
515.894409,       84.4108505249
516.254211,       83.2410736084
516.613892,       82.9802703857
516.973572,       82.8701171875
517.333130,       82.7420730591
517.692749,       82.7650146484
518.052368,       82.8573608398
518.411865,       82.7822113037
518.771301,       82.7589874268
519.130737,       82.6080703735
519.490173,       82.5452575684
519.849548,       82.4107818604
520.208801,       82.2669219971
520.568054,       82.0800323486
520.927307,       82.2594833374
521.286499,       82.3127365112
521.645691,       82.0641937256
522.004822,       81.9991302490
522.363831,       81.8072967529
522.722839,       81.7669067383
523.081848,       81.3449096680
523.440796,       81.1842422485
523.799744,       81.9870605469
524.158569,       82.1255187988
524.517395,       82.1413421631
524.876160,       82.1041412354
525.234924,       81.9760513306
525.593628,       81.8370742798
525.952271,       81.4790115356
526.310913,       81.3882675171
526.669495,       81.2686386108
527.028076,       81.1667327881
527.386536,       80.9957427979
527.744995,       80.8642272949
528.103394,       80.7591781616
528.461792,       80.5902862549
528.820129,       80.4315872192
529.178406,       80.3926239014
529.536743,       79.9342041016
529.894958,       79.9523849487
530.253113,       79.8259582520
530.611267,       79.7495193481
530.969299,       79.5836639404
531.327393,       79.1600036621
531.685486,       79.0198822021
532.043335,       78.9370422363
532.401367,       78.7885437012
532.759216,       78.8304672241
533.117004,       78.7903594971
533.474915,       78.8809967041
533.832642,       78.7440185547
534.190430,       78.7903900146
534.548096,       78.6669769287
534.905762,       78.6848526001
535.263367,       78.5401382446
535.620850,       78.4671554565
535.978455,       78.4775848389
536.335876,       78.5404052734
536.693359,       78.5057525635
537.050781,       78.9345779419
537.408142,       78.8511047363
537.765442,       78.8583679199
538.122681,       79.1379623413
538.479919,       79.2600555420
538.837219,       79.5616378784
539.194336,       79.5551147461
539.551453,       79.3617935181
539.908508,       79.1828155518
540.265564,       79.2218475342
540.622559,       79.3054122925
540.979553,       79.3475875854
541.336426,       79.2358703613
541.693298,       79.2162170410
542.050110,       79.0941772461
542.406921,       79.0458984375
542.763672,       79.0374145508
543.120422,       79.1143188477
543.477051,       79.1008453369
543.833679,       79.0860748291
544.190308,       79.0468444824
544.546814,       78.9584045410
544.903381,       78.8064193726
545.259827,       78.8109130859
545.616211,       78.6183624268
545.972595,       78.6747283936
546.328979,       78.6342773438
546.685242,       78.5644378662
547.041504,       78.7009277344
547.397644,       78.8649978638
547.753906,       78.8314590454
548.110046,       78.8556137085
548.466125,       78.8569259644
548.822144,       78.9506072998
549.178223,       78.8067245483
549.534241,       78.8814086914
549.890137,       78.9887161255
550.246033,       79.0626754761
550.601868,       79.0864257813
550.957581,       79.0999603271
551.313416,       78.9707107544
551.669128,       79.0432586670
552.024841,       78.8503112793
552.380432,       78.9918212891
552.736023,       78.8882522583
553.091675,       78.7201843262
553.447144,       78.7111358643
553.802612,       78.7541961670
554.158020,       78.7569351196
554.513428,       78.7940139771
554.868774,       78.8940734863
555.224121,       78.7722930908
555.579346,       78.6238403320
555.934631,       78.7010040283
556.289734,       78.7257843018
556.644958,       78.8400650024
557.000000,       78.6637420654
557.355103,       78.6786346436
557.710083,       78.7179489136
558.065063,       78.7361145020
558.420105,       78.7161331177
558.774963,       78.8482818604
559.129822,       78.7517242432
559.484619,       78.9796905518
559.839355,       79.0259857178
560.194153,       79.1065902710
560.548828,       79.3717803955
560.903442,       79.4300308228
561.258057,       79.3965682983
561.612610,       79.4532470703
561.967224,       79.4574279785
562.321655,       79.4302139282
562.676086,       79.6913299561
563.030457,       79.7830734253
563.384827,       79.8116760254
563.739197,       79.7644958496
564.093445,       79.8785629272
564.447693,       80.1480560303
564.801880,       80.2020721436
565.156006,       80.2510375977
565.510132,       80.3052749634
565.864197,       80.3962097168
566.218262,       80.5052261353
566.572205,       80.7508239746
566.926086,       80.8390960693
567.280090,       80.8935241699
567.633972,       80.9844970703
567.987732,       81.1125030518
568.341553,       81.2374114990
568.695190,       81.4171142578
569.048950,       81.4647216797
569.402649,       81.5104446411
569.756165,       81.5628585815
570.109802,       81.5682296753
570.463257,       81.6413574219
570.816772,       81.6772232056
571.170227,       81.8221511841
571.523621,       81.8692550659
571.877014,       81.9397125244
572.230286,       82.0558624268
572.583557,       82.1226043701
572.936829,       82.1614074707
573.289978,       82.1504592896
573.643250,       82.1573028564
573.996216,       82.1563949585
574.349365,       82.1569671631
574.702393,       82.3108825684
575.055359,       82.4352951050
575.408325,       82.4947052002
575.761169,       82.4864196777
576.114075,       82.5298843384
576.466919,       82.6882171631
576.819641,       82.7561111450
577.172363,       82.9175567627
577.525085,       82.9253845215
577.877686,       82.9439468384
578.230286,       83.0708999634
578.582825,       83.2326126099
578.935425,       83.1360168457
579.287903,       83.1376953125
579.640320,       83.1651153564
579.992676,       83.1262741089
580.345093,       83.2355346680
580.697388,       83.3328399658
581.049683,       83.4058380127
581.401855,       83.5082244873
581.754089,       83.4772949219
582.106201,       83.3647384644
582.458313,       83.2655639648
582.810425,       83.2973480225
583.162354,       83.4037857056
583.514404,       83.4111557007
583.866272,       83.4389343262
584.218201,       83.4974746704
584.570068,       83.2079315186
584.921875,       83.2848358154
585.273560,       83.3499755859
585.625305,       83.2529602051
585.977051,       83.2458190918
586.328674,       83.2705841064
586.680237,       83.4215469360
587.031799,       83.4219360352
587.383301,       83.5367279053
587.734802,       83.5030670166
588.086243,       83.5482330322
588.437561,       83.5736541748
588.788940,       83.5388565063
589.140198,       83.7187957764
589.491516,       83.8485870361
589.842712,       83.9176330566
590.193848,       83.8337097168
590.544983,       83.7550659180
590.896057,       83.6927566528
591.247192,       83.6779937744
591.598145,       83.7225875854
591.949158,       83.9490509033
592.300049,       83.9555892944
592.650879,       84.0187683105
593.001770,       84.1220550537
593.352539,       84.0277709961
593.703308,       84.0823135376
594.054016,       84.0800476074
594.404663,       84.0773925781
594.755310,       84.0937576294
595.105896,       84.1335296631
595.456360,       84.1661148071
595.806885,       84.2197113037
596.157349,       84.0351562500
596.507751,       83.9748001099
596.858154,       83.9044418335
597.208435,       83.9394912720
597.558777,       83.9763336182
597.908997,       84.0791931152
598.259216,       84.1671600342
598.609314,       84.0638961792
598.959473,       83.9502410889
599.309570,       83.9998931885
599.659546,       84.0026626587
600.009583,       84.0274429321
600.359497,       84.0341415405
600.709412,       84.1511840820
601.059265,       84.2655334473
601.409058,       84.1625061035
601.758850,       84.2197341919
602.108521,       84.2376403809
602.458191,       84.2647857666
602.807922,       84.2762908936
603.157471,       84.1292953491
603.507080,       84.3025741577
603.856567,       84.3691253662
604.205994,       84.4413146973
604.555542,       84.5015411377
604.904846,       84.5767440796
605.254211,       84.5342102051
605.603516,       84.3262863159
605.952759,       84.4316635132
606.302063,       84.4506988525
606.651123,       84.4815826416
607.000305,       84.5072937012
607.349365,       84.4887619019
607.698425,       84.5699005127
608.047485,       84.5602645874
608.396362,       84.5793609619
608.745300,       84.5602188110
609.094177,       84.6132278442
609.442993,       84.6268997192
609.791809,       84.7019042969
610.140503,       84.7514953613
610.489258,       84.9215011597
610.837891,       84.9687347412
611.186523,       84.9705047607
611.535156,       85.0421066284
611.883606,       85.0632324219
612.232178,       85.0517578125
612.580566,       85.0224609375
612.928955,       85.1796569824
613.277344,       85.2458648682
613.625610,       85.3522262573
613.973938,       85.3501129150
614.322144,       85.3432159424
614.670288,       85.3772964478
615.018555,       85.3500823975
615.366516,       85.3584136963
615.714661,       85.4021301270
616.062622,       85.4842376709
616.410645,       85.4801712036
616.758606,       85.4601593018
617.106445,       85.4153823853
617.454285,       85.4331741333
617.802063,       85.3605346680
618.149841,       85.3826675415
618.497559,       85.4594573975
618.845215,       85.4020843506
619.192871,       85.3430023193
619.540466,       85.4655380249
619.888000,       85.5668792725
620.235535,       85.6023483276
620.582886,       85.5838317871
620.930359,       85.6137390137
621.277710,       85.6713104248
621.625061,       85.6706085205
621.972351,       85.7118072510
622.319519,       85.6763305664
622.666809,       85.6974182129
623.013916,       85.7123718262
623.361023,       85.7662582397
623.708130,       85.2216796875
624.055054,       85.2626113892
624.402100,       85.3317413330
624.749023,       85.2773513794
625.095947,       85.2491836548
625.442810,       85.2427215576
625.789551,       85.1802139282
626.136353,       85.2459259033
626.483032,       85.2629089355
626.829712,       85.1369247437
627.176392,       85.1061859131
627.522949,       85.1189498901
627.869507,       85.1343460083
628.216003,       85.1667098999
628.562500,       85.1598358154
628.908936,       85.2220687866
629.255310,       85.2707595825
629.601624,       85.3414611816
629.947876,       85.3411483765
630.294067,       85.1004638672
630.640320,       85.1447753906
630.986511,       85.6793365479
631.332642,       85.6855850220
631.678650,       85.5081405640
632.024658,       85.5617675781
632.370728,       85.6591491699
632.716614,       85.7088546753
633.062500,       85.7060241699
633.408325,       85.6878280640
633.754089,       85.6149597168
634.099915,       85.6852722168
634.445679,       85.7041473389
634.791321,       85.7575988770
635.136963,       85.7279357910
635.482483,       85.5625305176
635.828125,       85.5771789551
636.173584,       85.6313552856
636.519043,       85.5470352173
636.864502,       85.4276351929
637.209778,       85.4025497437
637.555237,       85.6835174561
637.900452,       85.7241058350
638.245728,       85.7534027100
638.590881,       85.8262710571
638.935974,       86.0307464600
639.281189,       86.0583496094
639.626221,       86.0347290039
639.971191,       86.0523681641
640.316223,       86.0731201172
640.661072,       86.1157302856
641.006042,       86.2148056030
641.350891,       86.2709121704
641.695679,       86.2665481567
642.040466,       86.3407440186
642.385071,       86.4002685547
642.729858,       86.6000747681
643.074463,       86.3248748779
643.419067,       86.3104095459
643.763611,       86.3545455933
644.108032,       86.4754486084
644.452515,       86.5397720337
644.796936,       86.5499954224
645.141296,       86.5218811035
645.485657,       86.5620422363
645.829834,       86.5494918823
646.174133,       86.5532913208
646.518311,       86.6123962402
646.862427,       86.6899337769
647.206604,       86.7516174316
647.550598,       86.8387298584
647.894653,       86.8476104736
648.238647,       86.8816223145
648.582458,       86.8909912109
648.926453,       86.9522171021
649.270203,       86.9907836914
649.614075,       87.0922012329
649.957764,       87.0630111694
650.301453,       87.4165115356
650.645142,       87.4406738281
650.988708,       87.4802093506
651.332336,       87.5844421387
651.675842,       87.6214065552
652.019348,       87.5912857056
652.362854,       87.5767517090
652.706177,       87.5843124390
653.049561,       87.6191635132
653.392883,       87.6286315918
653.736084,       87.6075210571
654.079346,       87.5941772461
654.422424,       87.1224365234
654.765625,       87.0890197754
655.108765,       87.1346588135
655.451721,       87.2136764526
655.794800,       87.2158279419
656.137695,       87.2236862183
656.480591,       87.1093215942
656.823486,       87.0382385254
657.166260,       87.0413055420
657.509094,       87.0631332397
657.851807,       87.0341033936
658.194519,       87.0543975830
658.537109,       86.9368667603
658.879761,       86.9431610107
659.222351,       86.9309310913
659.564758,       86.9760894775
659.907349,       87.0445404053
660.249695,       87.0460891724
660.592041,       87.0237960815
660.934448,       87.0083084106
661.276672,       87.1106719971
661.619019,       87.5452194214
661.961182,       87.5948715210
662.303284,       87.5684432983
662.645508,       87.4971466064
662.987427,       87.5301971436
663.329529,       87.5368652344
663.671448,       87.6474761963
664.013428,       87.7033081055
664.355347,       87.7361679077
664.697205,       87.5833435059
665.039001,       87.6274414063
665.380676,       87.6077880859
665.722412,       87.6691436768
666.064148,       87.7022857666
666.405701,       87.8010711670
666.747253,       87.8528594971
667.088806,       87.8419189453
667.430298,       87.8686828613
667.771790,       87.9224929810
668.113159,       87.9386062622
668.454529,       87.8509140015
668.795837,       87.8401565552
669.137085,       87.8730468750
669.478394,       87.9318847656
669.819519,       87.8951110840
670.160645,       87.8981475830
670.501709,       87.9673767090
670.842773,       88.0085983276
671.183777,       87.9720382690
671.524719,       88.0357131958
671.865662,       88.1930847168
672.206482,       88.2396621704
672.547302,       88.3331146240
672.888123,       88.3438415527
673.228821,       88.3449707031
673.569458,       88.3378143311
673.910095,       88.3091735840
674.250732,       88.1881942749
674.591370,       88.1406936646
674.931824,       88.1050872803
675.272217,       88.1380157471
675.612732,       88.2007751465
675.953003,       88.2527618408
676.293396,       88.2787170410
676.633667,       88.2157592773
676.973877,       88.2456359863
677.314148,       88.2457199097
677.654236,       88.1938476563
677.994385,       88.1259155273
678.334412,       88.1771545410
678.674438,       88.0763168335
679.014404,       88.0421905518
679.354309,       88.0025024414
679.694214,       87.9976272583
680.034058,       87.9729614258
680.373840,       87.9789657593
680.713623,       87.8962173462
681.053223,       87.9495162964
681.392944,       87.9600143433
681.732544,       87.2314529419
682.072083,       84.8723983765
682.411621,       84.8492813110
682.751038,       84.7979583740
683.090515,       84.7673416138
683.429871,       84.5509490967
683.769226,       84.4928741455
684.108582,       84.4880828857
684.447754,       84.4368591309
684.786987,       84.4701156616
685.126160,       84.4055480957
685.465210,       84.3242187500
685.804382,       84.3516921997
686.143311,       84.2955780029
686.482361,       84.2454910278
686.821289,       84.1216049194
687.160156,       84.0967102051
687.499023,       84.0380477905
687.837769,       83.9226837158
688.176514,       83.7960205078
688.515259,       83.8008422852
688.853882,       84.4133758545
689.192566,       86.6561813354
689.531067,       86.5516357422
689.869629,       86.3825836182
690.208130,       86.2770004272
690.546570,       86.1894989014
690.885010,       86.0411071777
691.223267,       85.9100036621
691.561584,       85.7670898438
691.899841,       85.4323120117
692.238037,       85.3191528320
692.576294,       85.1372680664
692.914307,       84.8815841675
693.252380,       84.6803436279
693.590454,       84.3829345703
693.928406,       84.1586990356
694.266357,       83.8259735107
694.604187,       83.5279693604
694.942078,       83.2961502075
695.279907,       83.0147476196
695.617615,       82.5052185059
695.955444,       82.2178878784
696.292969,       81.8775939941
696.630676,       81.4620056152
696.968201,       81.1493682861
697.305725,       80.5435638428
697.643250,       80.1868972778
697.980652,       79.8056259155
698.318054,       79.3781280518
698.655396,       78.9012298584
698.992676,       78.5442352295
699.330017,       78.0306549072
699.667175,       77.5748748779
700.004395,       77.1162261963
700.341492,       76.6290740967
700.678528,       76.1476745605
701.015564,       75.4508895874
701.352478,       75.0030975342
701.689514,       74.4500427246
702.026428,       73.8305664063
702.363220,       73.2474212646
702.700073,       72.8622589111
703.036804,       72.2973480225
703.373474,       71.7238998413
703.710144,       71.1909866333
704.046814,       70.5303497314
704.383362,       70.2510147095
704.719910,       69.6893310547
705.056335,       69.1834869385
705.392761,       68.6464157104
705.729187,       68.1088790894
706.065552,       67.5107727051
706.401855,       67.0014266968
706.738098,       66.3797302246
707.074280,       65.8375091553
707.410461,       65.2227783203
707.746643,       64.6661071777
708.082642,       64.2335662842
708.418701,       63.6384315491
708.754639,       63.0898361206
709.090576,       62.6713371277
709.426514,       62.1188278198
709.762329,       61.4218368530
710.098083,       60.7799606323
710.433838,       60.0594940186
710.769592,       59.4472694397
711.105286,       58.9593963623
711.440796,       58.2391357422
711.776367,       57.6766662598
712.112000,       57.0566406250
712.447388,       56.4246749878
712.782837,       55.7526092529
713.118225,       55.1430244446
713.453552,       54.5323028564
713.788818,       53.9896621704
714.124023,       53.3108673096
714.459290,       52.6597061157
714.794434,       52.0674819946
715.129517,       51.4211883545
715.464661,       50.7667198181
715.799622,       50.1467666626
716.134583,       49.4024353027
716.469482,       48.7386779785
716.804321,       48.1917648315
717.139221,       47.6109771729
717.473938,       47.1530723572
717.808777,       46.4869537354
718.143433,       45.8681030273
718.478088,       45.2579498291
718.812683,       44.6451263428
719.147217,       44.0807723999
719.481750,       43.4413375854
719.816223,       42.8750915527
720.150574,       42.1949005127
720.485046,       41.5820465088
720.819214,       40.8659820557
721.153564,       40.1919860840
721.487854,       39.5514106750
721.821960,       38.9048233032
722.156189,       38.0759353638
722.490234,       37.4852066040
722.824341,       36.8216857910
723.158264,       36.1725578308
723.492249,       35.5125808716
723.826172,       34.9010848999
724.159973,       34.2574768066
724.493835,       33.6169967651
724.827576,       32.6691970825
725.161316,       31.8985671997
725.494995,       31.2993774414
725.828613,       30.6504592896
726.162231,       29.9249267578
726.495728,       29.2558822632
726.829163,       28.5974426270
727.162720,       28.0815658569
727.496033,       27.4266510010
727.829468,       26.8506317139
728.162720,       26.3021850586
728.496033,       25.6393432617
728.829224,       25.0349197388
729.162354,       24.7047805786
729.495483,       24.1921844482
729.828552,       23.6254425049
730.161560,       23.1331787109
730.494629,       22.6044769287
730.827454,       22.0620269775
731.160400,       21.4772033691
731.493225,       20.8925628662
731.825989,       20.6559295654
732.158813,       20.2423400879
732.491455,       19.7389450073
732.824158,       19.1855926514
733.156799,       18.6407928467
733.489319,       18.0207214355
733.821899,       17.4969482422
734.154236,       17.0429840088
734.486755,       16.5020446777
734.819092,       16.0175933838
735.151428,       15.5365142822
735.483765,       15.1351470947
735.815857,       14.7353210449
736.148132,       14.2769470215
736.480286,       13.7541503906
736.812378,       13.2450408936
737.144470,       12.8126678467
737.476379,       12.3217773438
737.808411,       11.8734436035
738.140259,       11.4205474854
738.472168,       11.0782623291
738.804016,       10.8341522217
739.135742,       10.4632568359
739.467468,       10.0039596558
739.799133,        9.6539077759
740.130798,        9.3831329346
740.462402,        9.0375061035
740.793884,        8.5445175171
741.125366,        8.1482772827
741.456848,        7.8504791260
741.788208,        7.4663162231
742.119568,        7.1202545166
742.450928,        6.8507690430
742.782166,        6.5063323975
743.113281,        6.0570526123
743.444458,        5.7255859375
743.775635,        5.4891815186
744.106689,        5.2184448242
744.437683,        5.0686111450
744.768677,        4.7664642334
745.099609,        4.6021728516
745.430481,        4.3428878784
745.761353,        3.9152069092
746.092102,        3.5974121094
746.422852,        3.3195266724
746.753479,        3.1107406616
747.084229,        2.8416213989
747.414795,        2.7174530029
747.745300,        2.6326293945
748.075806,        2.4209594727
748.406311,        2.3012313843
748.736694,        2.1936645508
749.067078,        2.1006622314
749.397400,        1.8099060059
749.727722,        1.6999359131
750.057861,        1.6040191650
750.388062,        1.4435577393
750.718201,        1.2983551025
751.048279,        1.1152343750
751.378357,        0.9711914063
751.708252,        0.8732604980
752.038208,        0.6069793701
752.368164,        0.4134826660
752.697937,        0.4054412842
753.027832,        0.3353118896
753.357483,        0.2637939453
753.687256,        0.1744537354
754.016907,       -0.0552062988
754.346497,       -0.1907806396
754.676147,       -0.1611480713
755.005493,       -0.2258758545
755.335083,       -0.3676452637
755.664490,       -0.6046371460
755.993835,       -0.8478088379
756.323181,       -0.9072723389
756.652405,       -1.0454864502
756.981689,       -1.0723419189
757.310852,       -1.1020355225
757.640015,       -1.2571105957
757.969177,       -1.2660522461
758.298096,       -1.3406143188
758.627197,       -1.4527130127
758.956116,       -1.4012298584
759.284973,       -1.3724212646
759.613892,       -1.4188995361
759.942627,       -1.4371185303
760.271423,       -1.4525604248
760.600159,       -1.4955673218
760.928772,       -1.4748840332
761.257446,       -1.4139862061
761.585999,       -1.5257339478
761.914490,       -1.6728363037
762.242981,       -1.7153167725
762.571350,       -1.5810165405
762.899841,       -1.7148437500
763.228088,       -1.6015090942
763.556396,       -1.6777114868
763.884644,       -1.5945739746
764.212830,       -1.6069641113
764.541016,       -1.6333160400
764.869080,       -1.6879119873
765.197144,       -1.6846771240
765.525146,       -1.6324462891
765.853088,       -1.6054763794
766.181030,       -1.7162017822
766.508789,       -1.6769866943
766.836670,       -1.7941589355
767.164429,       -1.8990325928
767.492126,       -1.8660659790
767.819824,       -1.7409820557
768.147400,       -1.8942718506
768.475037,       -1.8706207275
768.802490,       -1.9083023071
769.130005,       -2.1177978516
769.457458,       -2.1140975952
769.784790,       -1.9323272705
770.112183,       -1.9774246216
770.439453,       -1.9290390015
770.766663,       -2.0378417969
771.093872,       -2.0341796875
771.420959,       -1.9695281982
771.748108,       -1.9465332031
772.075195,       -2.0783996582
772.402161,       -2.2228393555
772.729126,       -2.2300262451
773.055969,       -2.1223449707
773.382874,       -2.1710968018
773.709717,       -2.0494689941
774.036438,       -1.8693847656
774.363159,       -1.9202575684
774.689758,       -2.0590286255
775.016479,       -1.9762954712
775.343018,       -1.9470062256
775.669495,       -1.8034362793
775.996033,       -1.5532073975
776.322449,       -1.5850067139
776.648865,       -1.5117111206
776.975098,       -1.6158218384
777.301453,       -1.5889053345
777.627686,       -1.5173492432
777.953857,       -1.5490646362
778.280029,       -1.4912414551
778.606079,       -1.6325607300
778.932068,       -1.4427871704
779.258179,       -1.3555526733
779.584045,       -1.3423538208
779.909973,       -1.3195343018
780.235840,       -1.2515792847
780.561646,       -1.3163833618
780.887390,       -1.4010696411
781.213135,       -1.3351058960
781.538757,       -1.2499847412
781.864380,       -2.1432342529
782.189880,       -2.2651062012
782.515442,       -2.1547393799
782.840942,       -2.2759246826
783.166321,       -2.2103729248
783.491699,       -2.1529006958
783.817017,       -1.9067153931
784.142395,       -1.8511199951
784.467529,       -1.8746795654
784.792725,       -1.8082733154
785.117859,       -1.7549591064
785.442932,       -1.5612335205
785.768005,       -1.5962066650
786.092957,       -1.3954391479
786.417908,       -1.4019622803
786.742798,       -1.4210052490
787.067566,       -1.5468139648
787.392456,       -1.4544906616
787.717163,       -1.3099975586
788.041870,       -1.3957519531
788.366577,       -1.3134384155
788.691101,       -0.1408538818
789.015686,       -0.2229995728
789.340149,       -0.3783264160
789.664673,       -0.3487472534
789.989075,       -0.3796081543
790.313354,       -0.6647567749
790.637756,       -0.8948745728
790.962036,       -0.9695129395
791.286194,       -0.9374008179
791.610413,       -0.9403533936
791.934448,       -1.0234069824
792.258606,       -1.0561981201
792.582581,       -1.2357330322
792.906555,       -1.4063110352
793.230530,       -1.3262023926
793.554321,       -1.3512039185
793.878174,       -1.2076568604
794.201965,       -1.0913848877
794.525696,       -1.1709899902
794.849426,       -1.1326141357
795.172974,       -1.2068557739
795.496643,       -1.3394775391
795.820129,       -1.1849594116
796.143616,       -1.1033782959
796.467102,       -1.0579681396
796.790405,       -1.0717697144
797.113831,       -0.8294219971
797.437134,       -0.6911315918
797.760315,       -0.7432861328
798.083618,       -0.6965713501
798.406677,       -0.7305297852
798.729797,       -1.0267181396
799.052856,       -0.9941101074
799.375854,       -0.7662811279
799.698853,       -0.7958068848
800.021729,       -1.0714492798
800.344604,       -1.0300216675
800.667358,       -1.1895904541
800.990112,       -1.3667678833
801.312866,       -1.3711700439
801.635498,       -1.4125518799
801.958191,       -1.4384994507
802.280701,       -1.3638610840
802.603210,       -1.3425598145
802.925781,       -1.3291320801
803.248108,       -1.2816543579
803.570496,       -1.2483215332
803.892822,       -1.2735824585
804.215088,       -1.4109344482
804.537354,       -1.3885955811
804.859436,       -1.5019149780
805.181641,       -1.5162353516
805.503723,       -1.2315521240
805.825745,       -1.4374160767
806.147766,       -1.6301193237
806.469604,       -1.5704803467
806.791504,       -1.4417648315
807.113342,       -1.4921569824
807.435181,       -1.4226989746
807.756897,       -1.4378890991
808.078552,       -1.5282363892
808.400208,       -1.5415878296
808.721802,       -1.5965881348
809.043335,       -1.6915969849
809.364929,       -1.7903747559
809.686279,       -1.8343505859
810.007751,       -1.8294372559
810.329041,       -1.7620315552
810.650330,       -1.8478622437
810.971619,       -1.7445983887
811.292786,       -1.6591339111
811.613953,       -1.6484909058
811.935059,       -1.5972976685
812.256104,       -1.5474166870
812.577148,       -1.4452209473
812.898071,       -1.3581619263
813.218994,       -1.2935562134
813.539795,       -1.2464599609
813.860596,       -1.2768249512
814.181396,       -1.2697677612
814.502136,       -1.1727981567
814.822754,       -1.1604461670
815.143372,       -1.1903228760
815.463928,       -1.0851669312
815.784485,       -1.1027526855
816.104919,       -0.9737243652
816.425354,       -1.0206451416
816.745728,       -1.0672607422
817.065979,       -1.2042083740
817.386353,       -1.1359939575
817.706421,       -1.3268432617
818.026733,       -1.4137344360
818.346863,       -1.4617919922
818.666809,       -1.6320343018
818.986938,       -1.7026824951
819.306824,       -1.5716781616
819.626770,       -1.6085968018
819.946716,       -1.7844772339
820.266479,       -1.7689666748
820.586304,       -1.7054138184
820.905945,       -1.6445999146
821.225647,       -1.7331161499
821.545349,       -1.8359985352
821.864868,       -1.6782073975
822.184448,       -1.8195343018
822.503845,       -1.8805389404
822.823364,       -1.8741760254
823.142761,       -1.8174743652
823.462036,       -1.7942810059
823.781372,       -1.6372528076
824.100525,       -1.6823272705
824.419800,       -2.0065155029
824.738953,       -1.9822616577
825.057922,       -1.9558334351
825.377014,       -1.8703918457
825.695984,       -1.9525451660
826.014954,       -2.0232086182
826.333862,       -1.9182739258
826.652649,       -1.8304901123
826.971497,       -1.8392562866
827.290100,       -1.8577499390
827.608887,       -1.9483795166
827.927612,       -1.9692230225
828.246094,       -1.7230224609
828.564697,       -1.7452545166
828.883118,       -1.6592102051
829.201599,       -1.5641937256
829.520020,       -1.6800079346
829.838318,       -1.6546707153
830.156616,       -1.5741271973
830.474854,       -1.6558990479
830.793091,       -1.5457305908
831.111267,       -0.9471282959
831.429260,       -0.9185791016
831.747437,       -0.7949600220
832.065308,       -0.7459564209
832.383362,       -0.7364959717
832.701233,       -0.7394409180
833.019043,       -0.7205810547
833.336914,       -0.6776275635
833.654663,       -0.6242675781
833.972351,       -0.6312561035
834.289978,       -0.8928756714
834.607483,       -0.8856353760
834.925171,       -1.0219116211
835.242676,       -1.0172271729
835.560059,       -0.9854812622
835.877502,       -0.9603500366
836.194763,       -0.8464660645
836.512146,       -0.8227844238
836.829468,       -0.9440765381
837.146545,       -0.9679718018
837.463745,       -0.8655166626
837.780823,       -0.9602966309
838.097900,       -1.0102767944
838.414917,       -1.2304000854
838.731873,       -1.2716064453
839.048828,       -1.1810302734
839.365540,       -1.1442718506
839.682434,       -1.1646423340
839.999207,       -1.1775283813
840.315857,       -1.3256988525
840.632568,       -1.3552474976
840.949097,       -0.9806823730
841.265747,       -0.8910064697
841.582275,       -0.8621749878
841.898682,       -1.0515136719
842.215088,       -1.1397399902
842.531433,       -1.1349258423
842.847778,       -1.1151275635
843.164063,       -1.1955718994
843.480164,       -1.3112640381
843.796387,       -1.2776336670
844.112427,       -1.4270477295
844.428528,       -1.5658950806
844.744568,       -1.5835113525
845.060486,       -1.5064849854
845.376404,       -1.4054718018
845.692200,       -1.3645477295
846.008057,       -1.3782577515
846.323853,       -1.4602584839
846.639465,       -1.4328002930
846.955139,       -1.3445892334
847.270691,       -1.3504333496
847.586304,       -1.5221786499
847.901855,       -1.5911941528
848.217224,       -1.5729141235
848.532715,       -1.4445648193
848.847961,       -1.5575866699
849.163330,       -1.4913177490
849.478638,       -1.5337066650
849.793823,       -1.5290985107
850.108948,       -1.3865814209
850.424011,       -1.4599838257
850.739136,       -1.4851150513
851.054199,       -1.2859344482
851.369019,       -1.1601715088
851.684021,       -1.0721282959
851.998779,       -1.2213134766
852.313660,       -1.2937011719
852.628418,       -1.4157409668
852.943054,       -1.4832382202
853.257751,       -1.5956726074
853.572327,       -1.6226501465
853.886841,       -1.5546188354
854.201477,       -1.5100097656
854.515808,       -1.6222457886
854.830261,       -1.6707611084
855.144592,       -1.7992553711
855.458862,       -1.6379241943
855.773193,       -1.6945037842
856.087280,       -1.7686614990
856.401489,       -1.7437133789
856.715515,       -1.8483276367
857.029602,       -1.8557662964
857.343628,       -1.7570190430
857.657532,       -1.7355957031
857.971497,       -1.7968826294
858.285278,       -1.8234786987
858.599121,       -1.7326583862
858.912903,       -1.6522674561
859.226501,       -1.6167449951
859.540222,       -1.6921234131
859.853699,       -1.6608276367
860.167297,       -1.5297241211
860.480896,       -1.5888748169
860.794250,       -1.6414184570
861.107666,       -1.6180267334
861.420959,       -1.5912933350
861.734314,       -1.4956665039
862.047546,       -1.3707580566
862.360657,       -1.4901885986
862.673889,       -1.4673004150
862.986938,       -1.6005706787
863.299988,       -1.5524291992
863.613037,       -1.7692260742
863.925903,       -1.8733825684
864.238831,       -2.1054534912
864.551575,       -2.0867156982
864.864380,       -2.1507568359
865.177185,       -2.1417388916
865.489807,       -2.2356796265
865.802490,       -2.1938171387
866.114990,       -2.1417388916
866.427612,       -2.2003402710
866.740112,       -2.3253326416
867.052429,       -2.3359527588
867.364868,       -2.2051315308
867.677124,       -2.1317214966
867.989502,       -2.2434692383
868.301758,       -2.2334899902
868.613831,       -2.2742919922
868.926025,       -2.1907501221
869.238159,       -2.1749572754
869.550049,       -2.0605163574
869.862122,       -2.0717010498
870.173950,       -1.8307495117
870.485901,       -1.7746429443
870.797791,       -1.5955963135
871.109497,       -1.6873397827
871.421204,       -1.5964736938
871.732849,       -1.7228088379
872.044495,       -1.7078628540
872.356079,       -1.6251678467
872.667542,       -1.4939575195
872.979065,       -1.3669586182
873.290344,       -1.3165893555
873.601807,       -1.3775329590
873.913147,       -1.4562530518
874.224304,       -1.4320983887
874.535645,       -1.1513977051
874.846741,       -1.2026977539
875.157837,       -1.3282394409
875.468994,       -1.4225540161
875.779907,       -1.3339385986
876.090881,       -1.3360366821
876.401733,       -1.4064331055
876.712646,       -1.4251861572
877.023499,       -1.4327545166
877.334167,       -1.4363403320
877.644897,       -1.4237976074
877.955505,       -1.4541931152
878.266113,       -1.3444519043
878.576721,       -1.2854995728
878.887146,       -1.3418579102
879.197571,       -1.3599700928
879.507996,       -1.4234771729
879.818298,       -1.5252380371
880.128662,       -1.5887603760
880.438843,       -1.5422515869
880.749084,       -1.7012176514
881.059143,       -2.2111816406
881.369263,       -2.1985855103
881.679382,       -2.0654144287
881.989258,       -2.0350952148
882.299194,       -2.0895080566
882.609070,       -2.1748199463
882.918945,       -2.0179443359
883.228760,       -1.9339675903
883.538452,       -1.8871841431
883.848145,       -2.0361022949
884.157654,       -2.0459289551
884.467285,       -2.0650024414
884.776917,       -2.1853561401
885.086243,       -2.2247238159
885.395813,       -2.2549896240
885.705017,       -2.2629241943
886.014404,       -2.1942138672
886.323730,       -2.1271057129
886.632874,       -2.0863647461
886.942078,       -2.2154235840
887.251160,       -2.1708679199
887.560242,       -1.7297134399
887.869263,       -1.6847381592
888.178162,       -1.8516998291
888.487122,       -3.5611114502
888.795898,       -3.5602416992
889.104797,       -3.4914703369
889.413513,       -3.4762573242
889.722168,       -3.7413635254
890.030884,       -3.8709106445
890.339417,       -3.8090744019
890.648010,       -3.7002563477
890.956543,       -3.7572479248
891.264893,       -3.6248016357
891.573364,       -3.6172332764
891.881653,       -3.7091827393
892.189941,       -3.7688751221
892.498230,       -3.9496917725
892.806335,       -3.9926681519
893.114502,       -3.9684982300
893.422546,       -3.8862304688
893.730652,       -3.9076995850
894.038696,       -3.9803161621
894.346497,       -4.0508270264
894.654419,       -4.0660171509
894.962158,       -2.2095794678
895.270020,       -2.2302398682
895.577759,       -2.3076171875
895.885376,       -2.3522872925
896.192993,       -2.1664276123
896.500549,       -2.2617492676
896.808044,       -2.1519775391
897.115601,       -2.4399032593
897.422913,       -2.4398803711
897.730347,       -2.4418487549
898.037598,       -2.4925308228
898.344910,       -2.4987106323
898.652161,       -2.4311523438
898.959167,       -2.3746337891
899.266418,       -2.4911956787
899.573364,       -2.5194015503
899.880371,       -2.4319381714
900.187378,       -2.2923889160
900.494202,       -2.3708953857
900.801086,       -2.3597412109
901.107788,       -2.3103942871
901.414612,       -2.2711791992
901.721375,       -2.2082214355
902.027832,       -2.1906433105
902.334534,       -2.2436218262
902.641113,       -2.2041549683
902.947510,       -2.0114746094
903.253967,       -2.1858139038
903.560242,       -2.0032501221
903.866638,       -1.9279174805
904.172974,       -1.9410247803
904.479126,       -1.8939819336
904.785278,       -1.8476791382
905.091370,       -1.9090423584
905.397461,       -1.9051971436
905.703552,       -1.8911590576
906.009399,       -1.8464508057
906.315369,       -2.0471343994
906.621155,       -2.1435394287
906.927002,       -2.0568847656
907.232788,       -1.9770660400
907.538452,       -1.8907318115
907.844116,       -1.9771423340
908.149658,       -2.1023635864
908.455200,       -2.0875549316
908.760803,       -2.0984802246
909.066162,       -2.1418304443
909.371582,       -2.2626953125
909.676880,       -2.1470031738
909.982178,       -2.1846008301
910.287476,       -2.3386840820
910.592529,       -2.3347702026
910.897705,       -2.8709335327
911.202759,       -2.8465423584
911.507813,       -2.7768020630
911.812805,       -2.7500457764
912.117676,       -2.5775756836
912.422546,       -2.6892395020
912.727356,       -2.5923080444
913.032104,       -2.4842987061
913.336853,       -2.5660324097
913.641479,       -2.7880859375
913.946106,       -2.7498626709
914.250610,       -2.9933624268
914.555115,       -2.9668350220
914.859619,       -3.0620727539
915.163940,       -2.9825897217
915.468323,       -3.0265197754
915.772583,       -2.9859085083
916.076843,       -3.0340728760
916.381104,       -2.9819946289
916.685120,       -2.9513931274
916.989258,       -2.9974212646
917.293213,       -2.3845825195
917.597290,       -2.6291961670
917.901184,       -2.8695068359
918.205017,       -3.0047607422
918.508850,       -3.1162261963
918.812561,       -3.0262451172
919.116333,       -3.0046997070
919.420044,       -3.1007080078
919.723572,       -3.4084014893
920.027222,       -3.1565551758
920.330627,       -3.1824722290
920.634094,       -2.9969024658
920.937561,       -2.9521484375
921.240784,       -2.9375152588
921.544189,       -3.0480651855
921.847351,       -3.0009460449
922.150574,       -3.3190917969
922.453735,       -3.2910461426
922.756775,       -3.4463653564
923.059875,       -3.3171691895
923.362793,       -3.4443511963
923.665771,       -3.5306091309
923.968689,       -3.3019866943
924.271362,       -3.1362609863
924.574219,       -2.9951324463
924.876892,       -2.8459854126
925.179565,       -2.9507369995
925.482239,       -2.9817352295
925.784729,       -3.2374267578
926.087280,       -3.0504074097
926.389648,       -3.2146148682
926.692078,       -3.1848754883
926.994507,       -3.0562591553
927.296692,       -2.9763488770
927.599060,       -2.9753570557
927.901123,       -2.7905883789
928.203308,       -2.6974792480
928.505432,       -2.5130004883
928.807434,       -2.6633529663
929.109436,       -2.6239318848
929.411316,       -2.5925064087
929.713196,       -2.3665008545
930.015015,       -2.4042892456
930.316711,       -2.4436416626
930.618530,       -2.3429412842
930.920105,       -2.3860778809
931.221802,       -2.8060760498
931.523315,       -2.6145935059
931.824829,       -2.5375442505
932.126282,       -2.3206176758
932.427612,       -2.0974273682
932.729004,       -1.9886322021
933.030334,       -2.1136779785
933.331482,       -2.3266296387
933.632751,       -2.5016250610
933.933777,       -2.3963623047
934.234924,       -2.6757736206
934.536011,       -2.7840957642
934.836914,       -2.8203887939
935.137878,       -2.7105102539
935.438660,       -2.8478240967
935.739502,       -2.9546737671
936.040344,       -3.1552429199
936.340942,       -3.0884246826
936.641663,       -2.9680633545
936.942383,       -3.0164642334
937.242798,       -3.0613555908
937.543335,       -2.8112487793
937.843750,       -2.8650360107
938.144165,       -2.7807922363
938.444580,       -2.9576721191
938.744751,       -2.8789672852
939.045044,       -2.8693695068
939.345154,       -2.9645996094
939.645325,       -2.9329681396
939.945435,       -3.0090713501
940.245361,       -3.0473327637
940.545410,       -2.9265975952
940.845215,       -2.8953399658
941.145142,       -2.8686447144
941.445007,       -2.9462890625
941.744629,       -2.6102447510
942.044434,       -2.6232757568
942.343994,       -2.5447235107
942.643677,       -2.6746368408
942.943237,       -2.7314605713
943.242676,       -3.0137481689
943.542114,       -2.9871139526
943.841431,       -2.8957366943
944.140808,       -2.6649093628
944.440125,       -2.8852844238
944.739258,       -2.8240203857
945.038513,       -2.9261932373
945.337524,       -3.1400299072
945.636597,       -3.1147384644
945.935669,       -2.8008270264
946.234558,       -2.6274795532
946.533508,       -2.6598663330
946.832275,       -2.9835510254
947.131165,       -2.9933929443
947.429932,       -2.8100128174
947.728516,       -2.6091842651
948.027222,       -2.6379928589
948.325745,       -3.6764068604
948.624329,       -4.0873336792
948.922852,       -3.8950195313
949.221191,       -3.9618225098
949.519592,       -4.1314086914
949.817810,       -4.1660614014
950.116150,       -4.5492553711
950.414368,       -4.7140960693
950.712463,       -4.5916900635
951.010620,       -4.3427658081
951.308594,       -4.2038345337
951.606628,       -4.1735153198
951.904602,       -4.4634857178
952.202454,       -4.7926254272
952.500305,       -5.7416534424
952.798035,       -6.0460815430
953.095825,       -5.8342208862
953.393494,       -5.9793548584
953.691040,       -5.9262237549
953.988647,       -6.2416076660
954.286133,       -6.3725585938
954.583618,       -5.2602081299
954.881042,       -4.8193511963
955.178345,       -4.8607711792
955.475647,       -5.5223388672
955.772827,       -5.3754882813
956.070068,       -5.0606384277
956.367310,       -4.7728424072
956.664307,       -4.6857070923
956.961365,       -4.9548263550
957.258240,       -5.1609191895
957.555176,       -5.9094467163
957.852112,       -5.9287872314
958.148865,       -5.5592422485
958.445679,       -5.4431915283
958.742310,       -4.3494873047
959.039001,       -4.0662460327
959.335632,       -4.1107025146
959.632141,       -4.3208923340
959.928650,       -4.3584594727
960.224976,       -4.1415634155
960.521484,       -4.4218978882
960.817871,       -4.3087310791
961.114014,       -4.5332794189
961.410339,       -4.6092987061
961.706421,       -3.9617614746
962.002563,       -3.7542724609
962.298645,       -4.2511138916
962.594604,       -4.3550109863
962.890564,       -4.7227020264
963.186401,       -7.1268234253
963.482300,       -7.4891357422
963.778137,       -6.8665008545
964.073792,       -6.5315017700
964.369568,       -6.6407394409
964.665100,       -6.6264343262
964.960693,       -7.1355743408
965.256287,       -7.7046279907
965.551697,       -7.1734313965
965.847168,       -6.7027740479
966.142395,       -6.7771301270
966.437744,       -7.2277069092
966.733032,       -6.9944992065
967.028198,       -7.0944061279
967.323364,       -7.0381164551
967.618408,       -6.8871765137
967.913513,       -7.3758087158
968.208496,       -7.6774368286
968.503357,       -7.4400634766
968.798279,       -7.6881408691
969.093018,       -7.5983428955
969.387817,       -4.6022949219
969.682556,       -4.1301956177
969.977173,       -4.3557891846
970.271790,       -5.0105590820
970.566406,       -5.2280273438
970.860779,       -5.2099304199
971.155334,       -5.0226287842
971.449646,       -4.1945953369
971.743958,       -4.7758483887
972.038330,       -5.2941741943
972.332458,       -5.5453948975
972.626648,       -5.4567108154
972.920715,       -5.3311233521
973.214844,       -5.7682876587
973.508911,       -5.7576293945
973.802734,       -6.0980834961
974.096741,       -6.1121368408
974.390442,       -5.9499969482
974.684265,       -6.0989379883
974.978088,       -5.4264373779
975.271667,       -5.5711288452
975.565369,       -5.6757736206
975.858826,       -6.0468826294
976.152405,       -5.9628906250
976.445923,       -5.7002258301
976.739258,       -5.5276870728
977.032654,       -5.8284454346
977.325867,       -5.9152374268
977.619202,       -6.4409790039
977.912415,       -6.8120193481
978.205505,       -6.7048187256
978.498596,       -6.8641891479
978.791504,       -6.6315765381
979.084534,       -7.0342102051
979.377563,       -6.9243240356
979.670288,       -7.1291198730
979.963196,       -6.9369888306
980.255859,       -6.7998123169
980.548584,       -6.6374664307
980.841309,       -8.3843536377
981.133850,       -9.1603546143
981.426392,       -9.6250000000
981.718811,       -9.6271286011
982.011292,       -9.0313415527
982.303650,       -9.3422241211
982.595886,       -9.2270965576
982.888245,       -9.3445053101
983.180359,       -9.1647109985
983.472595,       -9.6645050049
983.764709,       -9.0714797974
984.056641,       -8.4287567139
984.348755,       -8.4783020020
984.640625,       -8.3673782349
984.932495,       -8.4806594849
985.224365,       -8.2989044189
985.516052,       -8.0878143311
985.807861,       -7.8364868164
986.099426,       -8.9259643555
986.391052,       -8.8259582520
986.682678,       -9.2275238037
986.974121,       -7.4655914307
987.265625,       -6.9875030518
987.556885,       -6.7659988403
987.848328,       -6.8168334961
988.139648,       -7.4171142578
988.430786,       -7.6895294189
988.721985,       -8.3211822510
989.013000,       -8.0713958740
989.304138,       -8.7257614136
989.595215,       -9.3264770508
989.886047,      -10.0222549438
990.177002,      -11.5233764648
990.467834,      -11.7815093994
990.758606,      -11.7418212891
991.049377,      -11.8216857910
991.339966,      -13.2398071289
991.630676,      -13.2936859131
991.921143,      -13.4503860474
992.211670,      -14.0927276611
992.502197,      -14.0626907349
992.792542,      -14.0930709839
993.082886,      -13.3957519531
993.373169,      -13.7462615967
993.663452,      -13.5081024170
993.953613,      -13.6557312012
994.243713,      -13.2517547607
994.533813,      -12.5127716064
994.823792,      -12.6751708984
995.113770,      -12.6470642090
995.403687,      -12.7527923584
995.693481,      -11.7697753906
995.983337,      -11.3872909546
996.273010,      -10.0583724976
996.562744,       -9.8410034180
996.852417,      -10.7939910889
997.141907,      -10.2831649780
997.431458,       -8.8706970215
997.720886,       -9.1427307129
998.010315,       -9.4174652100
998.299744,       -7.4233093262
998.588928,       -7.0389938354
998.878296,       -7.1395263672
999.167419,       -7.3342590332
999.456543,       -8.3686370850
999.745667,       -8.3231506348
1000.034607,       -8.1489868164
1000.323669,       -8.5576324463
1000.612488,       -9.5109863281
1000.901367,       -8.7790374756
1001.190247,       -8.6317138672
1001.478882,       -8.0526504517
1001.767639,       -9.1113891602
1002.056335,       -8.9456024170
1002.344849,       -9.1084823608
1002.633423,       -9.2325820923
1002.921814,       -8.7022705078
1003.210266,       -8.6869506836
1003.498657,       -9.2459716797
1003.786926,       -9.4470977783
1004.075256,       -9.8412475586
1004.363342,       -9.8872833252
1004.651489,       -9.6259307861
1004.939697,       -9.6121063232
1005.227600,      -11.3461380005
1005.515686,      -11.1175689697
1005.803467,      -11.7836837769
1006.091370,      -11.8313293457
1006.379272,      -11.9059143066
1006.666870,      -11.2398834229
1006.954712,      -10.8595123291
1007.242188,      -11.5512084961
1007.529907,      -12.7393798828
1007.817444,      -11.8112487793
1008.104858,      -13.6126708984
1008.392334,      -13.0376281738
1008.679565,      -13.8300323486
1008.966980,      -14.4918975830
1009.254272,      -15.5025711060
1009.541382,      -14.9930419922
1009.828613,      -14.5160522461
1010.115601,      -13.9505691528
1010.402649,      -14.4138107300
1010.689697,      -14.6837921143
1010.976563,      -14.6887664795
1011.263489,      -14.5328521729
1011.550171,      -13.5536804199
1011.837036,      -13.5475769043
1012.123657,      -13.7297973633
1012.410278,      -14.2017440796
1012.696899,      -15.6024475098
1012.983337,      -16.5400161743
1013.269897,      -16.5334625244
1013.556396,      -15.7076263428
1013.842651,      -15.7521057129
1014.129028,      -14.8662414551
1014.415161,      -15.6266021729
1014.701477,      -15.5468978882
1014.987671,      -17.0348815918
1015.273560,      -16.8357238770
1015.559692,      -17.3201904297
1015.845581,      -17.2765045166
1016.131592,      -18.1635360718
1016.417542,      -19.1771697998
1016.703247,      -20.2697982788
1016.989014,      -20.8120117188
1017.274658,      -21.4633178711
1017.560303,      -24.3247985840
1017.845947,      -24.1444854736
1018.131409,      -25.0617294312
1018.416870,      -24.8876037598
1018.702271,      -23.7575912476
1018.987671,      -23.9037780762
1019.272949,      -25.6960144043
1019.558228,      -27.8719100952
1019.843445,      -27.5219726563
1020.128540,      -26.8953704834
1020.413574,      -27.3558349609
1020.698608,      -26.9154052734
1020.983521,      -25.1593780518
1021.268555,      -28.0984954834
1021.553284,      -29.6297607422
1021.838135,      -31.6450347900
1022.122925,      -33.1475219727
1022.407593,      -59.0280151367
1022.692261,       -5.1692199707
1022.976807,       -3.5606002808
1023.261292,      -16.0091705322
1023.545837,      -11.8635406494
1023.830200,      -33.1793060303
1024.114624,      -68.1103363037
1024.398804,      -45.6054382324
1024.683105,      -41.8757629395
1024.967285,      -57.9111938477
