340.270844,      100.0000000000
340.648560,      100.0000000000
341.026306,     1128.8898925781
341.403961,     -517.4048461914
341.781616,    -1820.7258300781
342.159210,     -728.4273071289
342.536743,       43.9274330139
342.914307,      -92.1488342285
343.291779,      -11.4717254639
343.669250,      100.0000000000
344.046661,      -22.2175979614
344.424042,      -21.8028869629
344.801422,      -18.9233551025
345.178711,      -23.7066802979
345.556000,      -30.2964935303
345.933258,      -39.2288818359
346.310486,      -43.3428497314
346.687622,      -45.5160217285
347.064758,      -48.1351623535
347.441895,      -48.6594696045
347.818939,      -46.9272766113
348.195953,      -43.3777618408
348.572937,      -45.3848571777
348.949890,      -49.9849853516
349.326843,      -53.8231811523
349.703735,      -54.9250183105
350.080597,      -56.0683288574
350.457397,      -54.1258697510
350.834198,      -50.9750366211
351.210968,      -51.5506896973
351.587646,      -52.3266143799
351.964325,      -50.9922790527
352.340942,      -51.5838928223
352.717560,      -57.0034484863
353.094147,      -58.5971374512
353.470673,      -58.8997802734
353.847168,      -56.7723083496
354.223602,      -56.5113372803
354.600037,      -57.5133056641
354.976440,      -52.6669616699
355.352783,      -54.0785522461
355.729126,      -55.9857330322
356.105408,      -56.8111877441
356.481628,      -75.3062438965
356.857849,      -74.4114532471
357.234009,      -70.1951904297
357.610168,      -72.0997619629
357.986267,      -69.4416198730
358.362366,      -70.0234985352
358.738373,      -70.7887115479
359.114349,      -69.6645507813
359.490326,      -67.9106445313
359.866241,      -65.2470397949
360.242157,      -64.3218078613
360.617981,      -61.0075531006
360.993805,      -58.6378479004
361.369568,      -57.6204223633
361.745331,      -58.3082275391
362.121033,      -59.4721679688
362.496704,      -57.4150848389
362.872314,      -56.8412322998
363.247925,      -56.4864044189
363.623505,      -51.0269165039
363.999023,      -47.1727600098
364.374542,      -23.9297027588
364.750000,      -20.3403015137
365.125397,      -18.9224472046
365.500763,      -17.8565826416
365.876160,      -19.0492248535
366.251434,      -19.5057373047
366.626740,      -17.5392684937
367.001953,      -19.6861190796
367.377136,      -19.4243774414
367.752350,      -21.8277893066
368.127472,      -24.1280441284
368.502594,      -21.8204498291
368.877625,      -20.5071563721
369.252625,      -20.1648254395
369.627625,      -18.8784790039
370.002563,      -14.2955245972
370.377502,      -17.0699462891
370.752380,      -16.4606323242
371.127228,      -18.1426010132
371.502014,      -19.2954788208
371.876770,      -23.5944900513
372.251526,      -21.0588073730
372.626221,      -21.7691650391
373.000885,      -20.7389450073
373.375488,      -19.1661148071
373.750092,      -17.0046081543
374.124664,      -14.4150390625
374.499146,      -17.4433822632
374.873627,      -18.1093902588
375.248108,      -19.9202575684
375.622467,      -23.6034698486
375.996887,      -25.9763107300
376.371185,      -26.6871032715
376.745483,      -27.2663497925
377.119751,      -28.7689056396
377.493958,      -30.9604339600
377.868195,      -31.5319824219
378.242310,      -27.4854202271
378.616394,      -30.8053741455
378.990540,      -29.4472045898
379.364563,      -33.0635070801
379.738556,      -31.4838104248
380.112518,      -30.1385192871
380.486481,      -29.5399475098
380.860352,      -30.5288696289
381.234192,      -32.7568206787
381.608063,      -31.3659057617
381.981812,      -31.7150573730
382.355591,      -27.6283493042
382.729309,      -24.9385681152
383.102966,      -22.9298782349
383.476624,      -19.8781127930
383.850220,      -15.7740173340
384.223816,      -16.8092651367
384.597321,      -16.7427825928
384.970856,      -16.1710662842
385.344299,      -12.9678573608
385.717682,      -11.9185485840
386.091125,      -15.3458251953
386.464447,       -9.1797637939
386.837769,       -5.9859924316
387.211029,       -3.6352691650
387.584290,       -3.0519409180
387.957489,       -4.3104095459
388.330627,       -3.0041198730
388.703766,       -2.2221069336
389.076874,        0.0866394043
389.449921,       -2.7630844116
389.822937,       -0.0451507568
390.195923,       -0.8437805176
390.568878,       -2.6851196289
390.941772,       -1.3133087158
391.314636,        3.6588439941
391.687500,        7.0640869141
392.060272,        7.4927825928
392.433075,        8.6027450562
392.805756,       11.7477951050
393.178436,       14.1053924561
393.551117,        9.9510192871
393.923737,       13.0590362549
394.296326,       13.3883514404
394.668854,       14.3280029297
395.041321,       14.0447845459
395.413849,       12.2262725830
395.786255,       10.6063537598
396.158630,        9.4234161377
396.531006,        6.4663925171
396.903320,        7.7203369141
397.275604,        8.1656570435
397.647827,        8.1161956787
398.020050,        4.2494812012
398.392212,        6.9025268555
398.764343,        6.7837829590
399.136444,        7.4404220581
399.508514,        1.0437774658
399.880554,        2.6823120117
400.252533,        2.7916717529
400.624512,       -0.0595703125
400.996399,       -1.7218017578
401.368286,        1.6222610474
401.740112,        3.1383209229
402.111908,        3.5907897949
402.483673,        3.8832092285
402.855408,        4.4783782959
403.227081,        6.9109039307
403.598755,       11.0991821289
403.970367,       12.9136352539
404.341980,       10.0775146484
404.713501,        9.0241699219
405.085022,        8.3051452637
405.456482,        8.3058624268
405.827911,       13.7483215332
406.199310,       15.8180999756
406.570648,       13.9261322021
406.942017,       12.7719421387
407.313263,       19.4843597412
407.684509,       18.9615936279
408.055725,       20.8098754883
408.426880,       20.8880386353
408.798035,       15.1869354248
409.169128,       16.6658782959
409.540161,       13.5702362061
409.911224,       13.9909820557
410.282196,       14.2885284424
410.653137,       16.1177291870
411.024048,       16.4087982178
411.394897,       16.5414733887
411.765747,       16.8495559692
412.136536,       21.5946884155
412.507324,       16.6834869385
412.878052,       18.7246551514
413.248718,       17.6472167969
413.619385,       17.5737152100
413.989990,       16.7117004395
414.360565,       18.3454132080
414.731110,       18.8652648926
415.101563,       17.8132934570
415.472076,       19.4775695801
415.842468,       19.9863128662
416.212891,       13.5640869141
416.583221,       19.0706176758
416.953522,       19.0565414429
417.323792,       24.0197830200
417.694031,       22.6811599731
418.064240,       22.1578826904
418.434418,       21.3201751709
418.804535,       20.3256225586
419.174622,       20.8850860596
419.544678,       22.0514068604
419.914673,       22.9398040771
420.284668,       28.5990447998
420.654572,       28.4389343262
421.024475,       30.5451583862
421.394348,       29.9333572388
421.764191,       30.7566375732
422.133972,       31.3056640625
422.503693,       32.0174942017
422.873444,       32.9612197876
423.243134,       33.7092285156
423.612762,       33.5170135498
423.982330,       43.9839401245
424.351929,       44.2615890503
424.721436,       43.7091903687
425.090942,       44.8030090332
425.460358,       46.4529266357
425.829773,       47.6143341064
426.199158,       49.7035293579
426.568481,       52.4619674683
426.937775,       53.4637603760
427.307037,       52.8013000488
427.676239,       53.1756820679
428.045441,       52.7653808594
428.414581,       54.0051002502
428.783722,       53.6229782104
429.152802,       54.9080200195
429.521790,       50.0282974243
429.890839,       50.9735984802
430.259766,       52.3281097412
430.628693,       50.8852691650
430.997589,       50.8951797485
431.366425,       49.8148155212
431.735229,       48.2555503845
432.104004,       48.0926971436
432.472748,       48.6669921875
432.841431,       48.2102012634
433.210052,       49.1657981873
433.578705,       49.8296318054
433.947266,       49.6835327148
434.315826,       50.8794174194
434.684326,       51.0522689819
435.052765,       51.2790374756
435.421204,       49.2126693726
435.789612,       51.3306198120
436.157959,       52.2057800293
436.526276,       53.0747146606
436.894531,       50.3705520630
437.262756,       56.0485877991
437.630951,       55.6178054810
437.999146,       55.6559104919
438.367249,       56.8383636475
438.735321,       57.4201240540
439.103394,       59.3980407715
439.471405,       59.5927314758
439.839386,       35.1357192993
440.207306,       35.2178421021
440.575195,       32.8008651733
440.943054,       33.2211151123
441.310883,       32.7158660889
441.678680,       32.3895797729
442.046387,       32.0088119507
442.414093,       31.8985061646
442.781799,       32.6287384033
443.149414,       34.0247650146
443.516998,       34.1331329346
443.884552,       33.6611404419
444.252045,       34.1685791016
444.619537,       37.4181327820
444.987000,       37.6066665649
445.354401,       39.1211547852
445.721710,       39.9783325195
446.089081,       40.8040657043
446.456360,       40.6621665955
446.823608,       40.8960952759
447.190826,       42.2473526001
447.557953,       65.4693756104
447.925110,       66.5008544922
448.292175,       69.5970764160
448.659271,       69.2612304688
449.026276,       70.7852630615
449.393250,       71.4789428711
449.760193,       70.8719024658
450.127075,       71.7513885498
450.493958,       72.6727905273
450.860779,       74.2602081299
451.227570,       74.6418762207
451.594330,       75.3902740479
451.960999,       74.6329421997
452.327698,       74.3639984131
452.694336,       73.6011276245
453.060913,       73.8692779541
453.427490,       73.9820327759
453.793976,       74.2481994629
454.160492,       74.9974594116
454.526917,       51.1441116333
454.893311,       50.9404029846
455.259674,       51.8537216187
455.626007,       51.9317626953
455.992310,       51.7960052490
456.358551,       52.5607490540
456.724731,       52.1948928833
457.090912,       52.5363044739
457.457031,       53.3644104004
457.823151,       53.4715347290
458.189209,       53.6385116577
458.555206,       53.4933357239
458.921173,       53.5586090088
459.287109,       53.9726562500
459.653015,       54.5257873535
460.018890,       55.4098205566
460.384705,       55.9635925293
460.750519,       55.1704711914
461.116241,       55.7509346008
461.481964,       55.8368606567
461.847626,       55.8287658691
462.213226,       75.8670654297
462.578827,       76.3135223389
462.944427,       76.6591033936
463.309906,       76.8268966675
463.675385,       77.2706604004
464.040802,       77.6632385254
464.406219,       78.3801727295
464.771606,       79.1766891479
465.136902,       79.4036331177
465.502197,       79.4648284912
465.867462,       79.3359985352
466.232635,       80.0935287476
466.597839,       80.1098403931
466.962921,       80.1613159180
467.328003,       80.3364868164
467.693054,       80.1337738037
468.058075,       80.1562347412
468.423035,       81.1491851807
468.787994,       80.4153289795
469.152863,       80.3987731934
469.517700,       80.2626495361
469.882538,       80.5633239746
470.247314,       81.3462142944
470.612061,       80.3852233887
470.976746,       80.8589630127
471.341431,       80.4477691650
471.706024,       80.4417266846
472.070618,       80.1764221191
472.435181,       80.1962738037
472.799622,       80.3377914429
473.164124,       80.4418716431
473.528534,       81.0066452026
473.892975,       80.8999328613
474.257294,       81.3653564453
474.621582,       81.9420700073
474.985870,       82.1463317871
475.350098,       81.8274078369
475.714325,       82.3481903076
476.078461,       82.6029968262
476.442535,       83.1046600342
476.806641,       83.7258300781
477.170685,       84.1666107178
477.534668,       84.4833145142
477.898621,       84.5329742432
478.262512,       84.9300079346
478.626404,       84.2873229980
478.990265,       84.9272994995
479.354065,       85.1536712646
479.717834,       85.4456939697
480.081512,       85.3902206421
480.445221,       85.4547500610
480.808899,       85.7195129395
481.172485,       85.3336105347
481.536041,       85.4095458984
481.899567,       85.3140487671
482.263062,       85.3048629761
482.626526,       85.3055419922
482.989929,       85.7315292358
483.353271,       85.5013427734
483.716583,       85.5460968018
484.079895,       85.8111038208
484.443146,       85.7427291870
484.806366,       85.9514694214
485.169525,       85.8337326050
485.532654,       86.0007019043
485.895752,       86.3256683350
486.258820,       86.8203125000
486.621857,       86.6658630371
486.984802,       86.5891418457
487.347748,       86.5334243774
487.710663,       86.7254104614
488.073517,       87.0633392334
488.436340,       87.2500915527
488.799072,       87.5085067749
489.161835,       87.6635284424
489.524536,       88.0812072754
489.887238,       88.2429351807
490.249847,       88.5420074463
490.612396,       88.6430816650
490.974915,       88.9333343506
491.337433,       89.2436141968
491.699921,       89.2439498901
492.062347,       89.2020874023
492.424713,       89.1827011108
492.787079,       89.3726501465
493.149353,       88.8172225952
493.511658,       89.0136718750
493.873871,       89.1276321411
494.236053,       89.0792846680
494.598206,       89.0242462158
494.960297,       89.0537872314
495.322388,       89.0550537109
495.684418,       88.1082611084
496.046356,       88.1263351440
496.408325,       88.3427734375
496.770264,       88.3492584229
497.132141,       88.2576751709
497.493958,       88.2390365601
497.855713,       88.1238403320
498.217499,       88.1162414551
498.579193,       88.1534500122
498.940887,       88.1685943604
499.302490,       88.2199478149
499.664093,       88.2411499023
500.025635,       88.3586044312
500.387177,       88.3686904907
500.748627,       88.9427261353
501.110077,       88.8101959229
501.471436,       88.7866210938
501.832825,       89.0319061279
502.194153,       89.1876983643
502.555389,       89.1453552246
502.916626,       88.9486083984
503.277802,       89.6759109497
503.638977,       89.4145889282
504.000092,       89.2518539429
504.361176,       89.1734237671
504.722198,       89.0939559937
505.083160,       89.0756530762
505.444153,       89.1386718750
505.805084,       89.1415328979
506.165924,       89.1211090088
506.526764,       89.0402145386
506.887543,       88.6452026367
507.248322,       88.5966339111
507.609070,       88.4495620728
507.969727,       88.4500350952
508.330322,       88.4175949097
508.690918,       88.5519256592
509.051514,       88.5622482300
509.412018,       88.5029678345
509.772491,       88.4796295166
510.132904,       88.4793395996
510.493286,       88.3256378174
510.853699,       88.3456497192
511.213989,       88.5433349609
511.574280,       88.5801849365
511.934509,       88.5864868164
512.294678,       88.5870742798
512.654846,       88.6545639038
513.014954,       88.6668472290
513.375061,       88.4124908447
513.735046,       88.2368545532
514.095032,       88.3417587280
514.455078,       88.5196380615
514.814941,       88.6203308105
515.174805,       88.6560592651
515.534607,       88.5950698853
515.894409,       88.5068130493
516.254211,       87.5328063965
516.613892,       87.2299652100
516.973572,       87.1073837280
517.333130,       87.0276947021
517.692749,       87.0681152344
518.052368,       87.2359848022
518.411865,       87.1342544556
518.771301,       87.1425476074
519.130737,       86.9764938354
519.490173,       86.8572845459
519.849548,       86.7581558228
520.208801,       86.6420898438
520.568054,       86.4189224243
520.927307,       86.5940628052
521.286499,       86.6142959595
521.645691,       86.3972091675
522.004822,       86.3068771362
522.363831,       86.1582794189
522.722839,       86.0316925049
523.081848,       85.6422882080
523.440796,       85.4638366699
523.799744,       86.1125030518
524.158569,       86.3376007080
524.517395,       86.3831405640
524.876160,       86.2926712036
525.234924,       86.1252136230
525.593628,       85.9883728027
525.952271,       85.7340698242
526.310913,       85.5747299194
526.669495,       85.4301452637
527.028076,       85.4020156860
527.386536,       85.1810302734
527.744995,       85.0318832397
528.103394,       84.9911575317
528.461792,       84.7554473877
528.820129,       84.5520706177
529.178406,       84.5167846680
529.536743,       84.1679306030
529.894958,       84.2179489136
530.253113,       84.1346206665
530.611267,       84.0671691895
530.969299,       83.9966278076
531.327393,       83.5686340332
531.685486,       83.4501800537
532.043335,       83.3326568604
532.401367,       83.2294158936
532.759216,       83.3010711670
533.117004,       83.2684783936
533.474915,       83.2925109863
533.832642,       83.1812744141
534.190430,       83.2517547607
534.548096,       83.1284103394
534.905762,       83.2019805908
535.263367,       83.1071701050
535.620850,       83.0741882324
535.978455,       83.1163330078
536.335876,       83.1947937012
536.693359,       83.1538314819
537.050781,       83.4288482666
537.408142,       83.2928924561
537.765442,       83.3243179321
538.122681,       83.5389175415
538.479919,       83.5840530396
538.837219,       83.8773422241
539.194336,       83.8185501099
539.551453,       83.6676330566
539.908508,       83.4789733887
540.265564,       83.4539794922
540.622559,       83.5126190186
540.979553,       83.5392837524
541.336426,       83.4872665405
541.693298,       83.4634780884
542.050110,       83.3579101563
542.406921,       83.3100738525
542.763672,       83.2895050049
543.120422,       83.2700576782
543.477051,       83.2411270142
543.833679,       83.2051086426
544.190308,       83.1982116699
544.546814,       83.1560974121
544.903381,       83.0653686523
545.259827,       83.0734634399
545.616211,       82.9407043457
545.972595,       82.9864578247
546.328979,       82.9727325439
546.685242,       82.9207839966
547.041504,       83.0325164795
547.397644,       83.2028656006
547.753906,       83.1506195068
548.110046,       83.0955963135
548.466125,       83.0971221924
548.822144,       83.1610870361
549.178223,       83.0586242676
549.534241,       83.1574249268
549.890137,       83.2073898315
550.246033,       83.2216644287
550.601868,       83.2119903564
550.957581,       83.2417297363
551.313416,       83.1018066406
551.669128,       83.0953445435
552.024841,       82.9536972046
552.380432,       83.0672454834
552.736023,       82.9492874146
553.091675,       82.8057174683
553.447144,       82.7920379639
553.802612,       82.8151931763
554.158020,       82.8142852783
554.513428,       82.8325195313
554.868774,       82.9151000977
555.224121,       82.8373641968
555.579346,       82.7873535156
555.934631,       82.8321228027
556.289734,       82.8287887573
556.644958,       82.8848571777
557.000000,       82.7055358887
557.355103,       82.7365798950
557.710083,       82.8147735596
558.065063,       82.8595428467
558.420105,       82.8482055664
558.774963,       82.9903488159
559.129822,       82.9239883423
559.484619,       83.1285552979
559.839355,       83.1568527222
560.194153,       83.2652435303
560.548828,       83.4739227295
560.903442,       83.4955444336
561.258057,       83.4332656860
561.612610,       83.4765930176
561.967224,       83.4698715210
562.321655,       83.4246826172
562.676086,       83.6464538574
563.030457,       83.7337646484
563.384827,       83.7974624634
563.739197,       83.7763595581
564.093445,       83.9147491455
564.447693,       84.1326370239
564.801880,       84.1734542847
565.156006,       84.1733398438
565.510132,       84.2490081787
565.864197,       84.3363800049
566.218262,       84.4471206665
566.572205,       84.6379470825
566.926086,       84.6828842163
567.280090,       84.7330322266
567.633972,       84.8230590820
567.987732,       84.9286117554
568.341553,       85.0346527100
568.695190,       85.2087097168
569.048950,       85.2611923218
569.402649,       85.3069152832
569.756165,       85.3886413574
570.109802,       85.3946533203
570.463257,       85.4783477783
570.816772,       85.5157928467
571.170227,       85.6534194946
571.523621,       85.7057647705
571.877014,       85.8179397583
572.230286,       85.8961029053
572.583557,       85.9709320068
572.936829,       85.9960937500
573.289978,       85.9790191650
573.643250,       85.9783325195
573.996216,       86.0031967163
574.349365,       86.0539245605
574.702393,       86.1750335693
575.055359,       86.2683029175
575.408325,       86.3238525391
575.761169,       86.3286590576
576.114075,       86.3568267822
576.466919,       86.4872970581
576.819641,       86.5630493164
577.172363,       86.6768188477
577.525085,       86.6888198853
577.877686,       86.6872329712
578.230286,       86.7497711182
578.582825,       86.8431777954
578.935425,       86.7113876343
579.287903,       86.6997909546
579.640320,       86.7337799072
579.992676,       86.6776199341
580.345093,       86.7625350952
580.697388,       86.8469009399
581.049683,       86.9544525146
581.401855,       87.0659179688
581.754089,       86.9883804321
582.106201,       86.8893508911
582.458313,       86.8398284912
582.810425,       86.8372344971
583.162354,       86.9439163208
583.514404,       86.9654693604
583.866272,       86.9955444336
584.218201,       87.0486373901
584.570068,       86.8102035522
584.921875,       86.8563537598
585.273560,       86.9153671265
585.625305,       86.8697052002
585.977051,       86.9025344849
586.328674,       86.9325942993
586.680237,       87.0180358887
587.031799,       87.0468597412
587.383301,       87.1511383057
587.734802,       87.1230087280
588.086243,       87.1260528564
588.437561,       87.0993270874
588.788940,       87.0163650513
589.140198,       87.1892471313
589.491516,       87.3107604980
589.842712,       87.3316345215
590.193848,       87.2739181519
590.544983,       87.2130661011
590.896057,       87.1440124512
591.247192,       87.1462707520
591.598145,       87.1727676392
591.949158,       87.3149566650
592.300049,       87.3177719116
592.650879,       87.3441772461
593.001770,       87.4223861694
593.352539,       87.3438034058
593.703308,       87.3947448730
594.054016,       87.4090805054
594.404663,       87.4129791260
594.755310,       87.3994598389
595.105896,       87.4293594360
595.456360,       87.4776000977
595.806885,       87.5068511963
596.157349,       87.3814086914
596.507751,       87.3009872437
596.858154,       87.2387619019
597.208435,       87.2456359863
597.558777,       87.2984695435
597.908997,       87.3839645386
598.259216,       87.4732513428
598.609314,       87.3788299561
598.959473,       87.2862777710
599.309570,       87.3855819702
599.659546,       87.4123382568
600.009583,       87.4038009644
600.359497,       87.4131011963
600.709412,       87.5234680176
601.059265,       87.6282196045
601.409058,       87.5714416504
601.758850,       87.5982208252
602.108521,       87.6546325684
602.458191,       87.6938171387
602.807922,       87.7394714355
603.157471,       87.6411972046
603.507080,       87.7811508179
603.856567,       87.8478622437
604.205994,       87.9315032959
604.555542,       87.9267272949
604.904846,       87.9855957031
605.254211,       87.9233245850
605.603516,       87.7469863892
605.952759,       87.8104705811
606.302063,       87.8252258301
606.651123,       87.8343734741
607.000305,       87.8622055054
607.349365,       87.8972396851
607.698425,       87.9299011230
608.047485,       87.9122161865
608.396362,       87.9253082275
608.745300,       87.8988342285
609.094177,       87.9614868164
609.442993,       87.9708480835
609.791809,       88.0206604004
610.140503,       88.0107574463
610.489258,       88.1693267822
610.837891,       88.2088394165
611.186523,       88.2253570557
611.535156,       88.2666244507
611.883606,       88.3594131470
612.232178,       88.3325271606
612.580566,       88.3545608521
612.928955,       88.4945144653
613.277344,       88.5796585083
613.625610,       88.6674270630
613.973938,       88.6707382202
614.322144,       88.6539993286
614.670288,       88.6905059814
615.018555,       88.7029037476
615.366516,       88.7212677002
615.714661,       88.7472229004
616.062622,       88.7875823975
616.410645,       88.7781372070
616.758606,       88.7658309937
617.106445,       88.7428817749
617.454285,       88.7851486206
617.802063,       88.7258300781
618.149841,       88.7213058472
618.497559,       88.7816085815
618.845215,       88.7461242676
619.192871,       88.7067947388
619.540466,       88.8176422119
619.888000,       88.8687286377
620.235535,       88.9025573730
620.582886,       88.8683700562
620.930359,       88.9110717773
621.277710,       88.9795837402
621.625061,       89.0041961670
621.972351,       89.0431137085
622.319519,       89.0343704224
622.666809,       89.0335693359
623.013916,       89.0584716797
623.361023,       89.1328887939
623.708130,       88.6801910400
624.055054,       88.7277526855
624.402100,       88.8031158447
624.749023,       88.7569046021
625.095947,       88.7441253662
625.442810,       88.8127441406
625.789551,       88.7830200195
626.136353,       88.8060836792
626.483032,       88.8210449219
626.829712,       88.7297821045
627.176392,       88.7199707031
627.522949,       88.7621765137
627.869507,       88.7985687256
628.216003,       88.8314514160
628.562500,       88.8159179688
628.908936,       88.8417205811
629.255310,       88.8362884521
629.601624,       88.8573608398
629.947876,       88.8775177002
630.294067,       88.6999053955
630.640320,       88.7369842529
630.986511,       89.1806945801
631.332642,       89.1927185059
631.678650,       89.0436553955
632.024658,       89.1188888550
632.370728,       89.1841735840
632.716614,       89.1893692017
633.062500,       89.1920242310
633.408325,       89.2170715332
633.754089,       89.1386642456
634.099915,       89.2045974731
634.445679,       89.2323684692
634.791321,       89.2814941406
635.136963,       89.2555541992
635.482483,       89.1288681030
635.828125,       89.1560363770
636.173584,       89.2238616943
636.519043,       89.1769332886
636.864502,       89.1210174561
637.209778,       89.1078796387
637.555237,       89.3521423340
637.900452,       89.3809280396
638.245728,       89.4003829956
638.590881,       89.4503555298
638.935974,       89.6159973145
639.281189,       89.6156539917
639.626221,       89.5953521729
639.971191,       89.6332626343
640.316223,       89.6419830322
640.661072,       89.6720657349
641.006042,       89.7756423950
641.350891,       89.8469085693
641.695679,       89.8231124878
642.040466,       89.8528366089
642.385071,       89.9016418457
642.729858,       90.0587844849
643.074463,       89.8138732910
643.419067,       89.8016586304
643.763611,       89.8572921753
644.108032,       89.9397735596
644.452515,       89.9676666260
644.796936,       89.9692001343
645.141296,       89.9580917358
645.485657,       89.9853820801
645.829834,       89.9531402588
646.174133,       89.9434890747
646.518311,       90.0234146118
646.862427,       90.1152191162
647.206604,       90.1565170288
647.550598,       90.2174758911
647.894653,       90.2646331787
648.238647,       90.2875213623
648.582458,       90.2814941406
648.926453,       90.3528594971
649.270203,       90.3916244507
649.614075,       90.4878463745
649.957764,       90.4799194336
650.301453,       90.7704925537
650.645142,       90.7715988159
650.988708,       90.8090362549
651.332336,       90.8896179199
651.675842,       90.9491500854
652.019348,       90.9428482056
652.362854,       90.9545440674
652.706177,       90.9998016357
653.049561,       91.0635452271
653.392883,       91.1018753052
653.736084,       91.0655136108
654.079346,       91.0509643555
654.422424,       90.6485061646
654.765625,       90.6400222778
655.108765,       90.6455154419
655.451721,       90.7292556763
655.794800,       90.7279281616
656.137695,       90.7429046631
656.480591,       90.6596755981
656.823486,       90.5977096558
657.166260,       90.6089401245
657.509094,       90.6360626221
657.851807,       90.6648330688
658.194519,       90.7038497925
658.537109,       90.6106567383
658.879761,       90.6191177368
659.222351,       90.6210632324
659.564758,       90.6657791138
659.907349,       90.7184753418
660.249695,       90.7313995361
660.592041,       90.6976623535
660.934448,       90.6873474121
661.276672,       90.7691650391
661.619019,       91.1479949951
661.961182,       91.2067718506
662.303284,       91.2005157471
662.645508,       91.1579208374
662.987427,       91.1988906860
663.329529,       91.2211761475
663.671448,       91.3297348022
664.013428,       91.3234710693
664.355347,       91.3332366943
664.697205,       91.2534866333
665.039001,       91.2836456299
665.380676,       91.2571258545
665.722412,       91.3642349243
666.064148,       91.4125213623
666.405701,       91.4936828613
666.747253,       91.5586318970
667.088806,       91.5687637329
667.430298,       91.5982666016
667.771790,       91.6932220459
668.113159,       91.7492828369
668.454529,       91.6835556030
668.795837,       91.6975936890
669.137085,       91.7502975464
669.478394,       91.8109359741
669.819519,       91.7670288086
670.160645,       91.7765274048
670.501709,       91.8277206421
670.842773,       91.8202362061
671.183777,       91.8608551025
671.524719,       91.9302291870
671.865662,       92.0398101807
672.206482,       92.0765151978
672.547302,       92.1741180420
672.888123,       92.1538314819
673.228821,       92.1366043091
673.569458,       92.1220092773
673.910095,       92.0678100586
674.250732,       91.9868621826
674.591370,       91.9407348633
674.931824,       91.9018783569
675.272217,       91.9169616699
675.612732,       91.9850463867
675.953003,       92.0139083862
676.293396,       92.0249252319
676.633667,       91.9635925293
676.973877,       91.9907531738
677.314148,       92.0039443970
677.654236,       91.9503402710
677.994385,       91.9584655762
678.334412,       92.0167312622
678.674438,       91.9458770752
679.014404,       91.9058456421
679.354309,       91.8573532104
679.694214,       91.8374023438
680.034058,       91.8339233398
680.373840,       91.8394927979
680.713623,       91.7811813354
681.053223,       91.8263092041
681.392944,       91.8132476807
681.732544,       91.2654190063
682.072083,       89.2138824463
682.411621,       89.1809005737
682.751038,       89.1401367188
683.090515,       89.1211853027
683.429871,       88.9032135010
683.769226,       88.8424682617
684.108582,       88.8311538696
684.447754,       88.7733840942
684.786987,       88.8061294556
685.126160,       88.7585525513
685.465210,       88.6674346924
685.804382,       88.6497955322
686.143311,       88.5859069824
686.482361,       88.5331192017
686.821289,       88.4188385010
687.160156,       88.3652343750
687.499023,       88.3116302490
687.837769,       88.1707763672
688.176514,       88.0219345093
688.515259,       87.9715042114
688.853882,       88.4150466919
689.192566,       90.3051986694
689.531067,       90.1915359497
689.869629,       89.9842529297
690.208130,       89.8284988403
690.546570,       89.7169952393
690.885010,       89.5205917358
691.223267,       89.3529891968
691.561584,       89.2021789551
691.899841,       88.8554458618
692.238037,       88.6341400146
692.576294,       88.4126281738
692.914307,       88.1311111450
693.252380,       87.8939514160
693.590454,       87.6029205322
693.928406,       87.3492279053
694.266357,       87.0227966309
694.604187,       86.6831130981
694.942078,       86.4557495117
695.279907,       86.1675872803
695.617615,       85.7121582031
695.955444,       85.3819351196
696.292969,       85.0531311035
696.630676,       84.6048889160
696.968201,       84.3043670654
697.305725,       83.7543716431
697.643250,       83.4071655273
697.980652,       83.0816955566
698.318054,       82.6659851074
698.655396,       82.1878280640
698.992676,       81.8452148438
699.330017,       81.3704605103
699.667175,       80.9238128662
700.004395,       80.5201339722
700.341492,       80.0700988770
700.678528,       79.6312713623
701.015564,       78.9941406250
701.352478,       78.5817413330
701.689514,       78.0875244141
702.026428,       77.4760589600
702.363220,       76.9128189087
702.700073,       76.5237503052
703.036804,       76.0070724487
703.373474,       75.4647293091
703.710144,       74.9465026855
704.046814,       74.3165588379
704.383362,       74.0042419434
704.719910,       73.4721832275
705.056335,       73.0037536621
705.392761,       72.5026245117
705.729187,       71.9771041870
706.065552,       71.4176330566
706.401855,       70.9538421631
706.738098,       70.3852386475
707.074280,       69.8340301514
707.410461,       69.2749404907
707.746643,       68.7097473145
708.082642,       68.3112487793
708.418701,       67.6839828491
708.754639,       67.1816635132
709.090576,       66.7830581665
709.426514,       66.2685699463
709.762329,       65.6172256470
710.098083,       65.0198822021
710.433838,       64.3217773438
710.769592,       63.7884559631
711.105286,       63.3138389587
711.440796,       62.7203407288
711.776367,       62.1711120605
712.112000,       61.5919837952
712.447388,       60.9873809814
712.782837,       60.3831481934
713.118225,       59.8390464783
713.453552,       59.2421722412
713.788818,       58.7598419189
714.124023,       58.1768569946
714.459290,       57.5788955688
714.794434,       57.0082778931
715.129517,       56.3737869263
715.464661,       55.8074798584
715.799622,       55.2143974304
716.134583,       54.5005187988
716.469482,       53.9021377563
716.804321,       53.3546562195
717.139221,       52.8025512695
717.473938,       52.3824462891
717.808777,       51.7845649719
718.143433,       51.2295799255
718.478088,       50.5999412537
718.812683,       50.0649642944
719.147217,       49.4276809692
719.481750,       48.8786888123
719.816223,       48.3255081177
720.150574,       47.6748733521
720.485046,       47.1088256836
720.819214,       46.4142913818
721.153564,       45.7660064697
721.487854,       45.1648864746
721.821960,       44.5934295654
722.156189,       43.8578643799
722.490234,       43.3489303589
722.824341,       42.7668533325
723.158264,       42.2157363892
723.492249,       41.6054763794
723.826172,       41.0992050171
724.159973,       40.5158081055
724.493835,       39.9668960571
724.827576,       39.1192321777
725.161316,       38.4241371155
725.494995,       37.8467254639
725.828613,       37.2405853271
726.162231,       36.7098045349
726.495728,       36.1083068848
726.829163,       35.5790710449
727.162720,       35.1578140259
727.496033,       34.5817947388
727.829468,       34.0979537964
728.162720,       33.6067276001
728.496033,       33.0594940186
728.829224,       32.5332946777
729.162354,       32.2268295288
729.495483,       31.6936798096
729.828552,       31.1925582886
730.161560,       30.6925354004
730.494629,       30.2822570801
730.827454,       29.7719879150
731.160400,       29.3082580566
731.493225,       28.7521286011
731.825989,       28.6414642334
732.158813,       28.2669830322
732.491455,       27.8952636719
732.824158,       27.3899612427
733.156799,       26.8995132446
733.489319,       26.3729858398
733.821899,       25.8960266113
734.154236,       25.4784774780
734.486755,       24.9826507568
734.819092,       24.5151443481
735.151428,       24.1173553467
735.483765,       23.7374496460
735.815857,       23.4263153076
736.148132,       23.0526962280
736.480286,       22.6953811646
736.812378,       22.2287445068
737.144470,       21.9222412109
737.476379,       21.5083312988
737.808411,       21.2046585083
738.140259,       20.7534408569
738.472168,       20.5084915161
738.804016,       20.1756057739
739.135742,       19.9193725586
739.467468,       19.5612716675
739.799133,       19.3435211182
740.130798,       19.0597991943
740.462402,       18.7180633545
740.793884,       18.3376846313
741.125366,       17.9427337646
741.456848,       17.7552337646
741.788208,       17.5098037720
742.119568,       17.2279663086
742.450928,       16.9714050293
742.782166,       16.6868286133
743.113281,       16.3486480713
743.444458,       16.0357055664
743.775635,       15.7849121094
744.106689,       15.5619583130
744.437683,       15.3545761108
744.768677,       15.0431594849
745.099609,       14.9119415283
745.430481,       14.6404571533
745.761353,       14.2906799316
746.092102,       13.9871215820
746.422852,       13.7106628418
746.753479,       13.4954833984
747.084229,       13.3151016235
747.414795,       13.3092193604
747.745300,       13.2005767822
748.075806,       12.9887924194
748.406311,       12.8570861816
748.736694,       12.6969604492
749.067078,       12.5421905518
749.397400,       12.3688507080
749.727722,       12.1877899170
750.057861,       12.0683593750
750.388062,       11.9213867188
750.718201,       11.8569488525
751.048279,       11.6834869385
751.378357,       11.6197662354
751.708252,       11.5238037109
752.038208,       11.2795104980
752.368164,       11.1173095703
752.697937,       11.1259307861
753.027832,       11.0267486572
753.357483,       10.8724365234
753.687256,       10.7546386719
754.016907,       10.5598068237
754.346497,       10.4231719971
754.676147,       10.3653793335
755.005493,       10.3814697266
755.335083,       10.2429504395
755.664490,       10.0065002441
755.993835,        9.8594207764
756.323181,        9.6828155518
756.652405,        9.5884475708
756.981689,        9.5113983154
757.310852,        9.4358367920
757.640015,        9.2913208008
757.969177,        9.2497711182
758.298096,        9.1759033203
758.627197,        9.0193862915
758.956116,        9.0994949341
759.284973,        9.1366424561
759.613892,        9.0826416016
759.942627,        9.0746002197
760.271423,        9.0876007080
760.600159,        8.9938812256
760.928772,        9.0013732910
761.257446,        8.9859771729
761.585999,        8.8836669922
761.914490,        8.6906433105
762.242981,        8.6337890625
762.571350,        8.7318572998
762.899841,        8.5890960693
763.228088,        8.7345581055
763.556396,        8.6609802246
763.884644,        8.7328033447
764.212830,        8.6993865967
764.541016,        8.6114654541
764.869080,        8.5597686768
765.197144,        8.4840698242
765.525146,        8.6225814819
765.853088,        8.5390014648
766.181030,        8.4635467529
766.508789,        8.4574890137
766.836670,        8.3900070190
767.164429,        8.3040771484
767.492126,        8.3379974365
767.819824,        8.3708496094
768.147400,        8.1730194092
768.475037,        8.2132873535
768.802490,        8.2012939453
769.130005,        8.0258789063
769.457458,        8.0703735352
769.784790,        8.2341308594
770.112183,        8.1847305298
770.439453,        8.1533279419
770.766663,        8.0187683105
771.093872,        8.0797729492
771.420959,        8.1856079102
771.748108,        8.2158966064
772.075195,        8.1189575195
772.402161,        7.9188461304
772.729126,        7.9657135010
773.055969,        7.9867324829
773.382874,        7.9284210205
773.709717,        7.9141235352
774.036438,        8.0697631836
774.363159,        8.0065689087
774.689758,        7.8359985352
775.016479,        7.9834747314
775.343018,        8.0138854980
775.669495,        8.1688690186
775.996033,        8.3815460205
776.322449,        8.2938385010
776.648865,        8.3078155518
776.975098,        8.1907730103
777.301453,        8.2514419556
777.627686,        8.3136367798
777.953857,        8.1754226685
778.280029,        8.2079849243
778.606079,        8.0584869385
778.932068,        8.1486663818
779.258179,        8.2129364014
779.584045,        8.1828079224
779.909973,        8.1781692505
780.235840,        8.2368545532
780.561646,        8.2472991943
780.887390,        8.1260757446
781.213135,        8.1801605225
781.538757,        8.3585739136
781.864380,        8.2306976318
782.189880,        8.0953521729
782.515442,        8.0788497925
782.840942,        8.0157165527
783.166321,        8.0892562866
783.491699,        8.1146392822
783.817017,        8.2791290283
784.142395,        8.2150878906
784.467529,        8.1505584717
784.792725,        8.2074737549
785.117859,        8.1705474854
785.442932,        8.2815780640
785.768005,        8.2413482666
786.092957,        8.3685302734
786.417908,        8.4122009277
786.742798,        8.4540252686
787.067566,        8.2820129395
787.392456,        8.2251434326
787.717163,        8.2648925781
788.041870,        8.2558898926
788.366577,        8.2636871338
788.691101,        8.4299621582
789.015686,        8.3721618652
789.340149,        8.2941741943
789.664673,        8.2229766846
789.989075,        8.1616973877
790.313354,        7.9292221069
790.637756,        7.7625885010
790.962036,        7.7263946533
791.286194,        7.7825317383
791.610413,        7.6865234375
791.934448,        7.6775970459
792.258606,        7.6546936035
792.582581,        7.4910736084
792.906555,        7.3986663818
793.230530,        7.3582153320
793.554321,        7.2633438110
793.878174,        7.3697891235
794.201965,        7.5125732422
794.525696,        7.5046920776
794.849426,        7.4968566895
795.172974,        7.4551010132
795.496643,        7.4196014404
795.820129,        7.4411163330
796.143616,        7.4406585693
796.467102,        7.5304260254
796.790405,        7.4644775391
797.113831,        7.5987091064
797.437134,        7.6461486816
797.760315,        7.6279296875
798.083618,        7.5849304199
798.406677,        7.5733489990
798.729797,        7.2849197388
799.052856,        7.2549438477
799.375854,        7.4795150757
799.698853,        7.3330841064
800.021729,        7.1017761230
800.344604,        7.1036758423
800.667358,        6.9945526123
800.990112,        6.8193969727
801.312866,        6.8329162598
801.635498,        6.7587051392
801.958191,        6.7569274902
802.280701,        6.7415618896
802.603210,        6.8109283447
802.925781,        6.8227844238
803.248108,        6.7889480591
803.570496,        6.8301239014
803.892822,        6.7860412598
804.215088,        6.7150268555
804.537354,        6.7116851807
804.859436,        6.7366485596
805.181641,        6.8034057617
805.503723,        6.9958953857
805.825745,        6.8650360107
806.147766,        6.7395629883
806.469604,        6.7994232178
806.791504,        6.8776855469
807.113342,        6.8442382813
807.435181,        6.8658294678
807.756897,        6.9479522705
808.078552,        6.8364410400
808.400208,        6.8434524536
808.721802,        6.7581787109
809.043335,        6.7077026367
809.364929,        6.6248626709
809.686279,        6.6387634277
810.007751,        6.6882019043
810.329041,        6.7411651611
810.650330,        6.7426528931
810.971619,        6.7778015137
811.292786,        6.7896118164
811.613953,        6.7391738892
811.935059,        6.7817382813
812.256104,        6.8245086670
812.577148,        6.8922576904
812.898071,        6.8649597168
813.218994,        6.9603729248
813.539795,        7.0897827148
813.860596,        7.0684204102
814.181396,        7.0963516235
814.502136,        7.1063003540
814.822754,        7.1588897705
815.143372,        7.1345977783
815.463928,        7.1455688477
815.784485,        7.1825332642
816.104919,        7.2449722290
816.425354,        7.2152709961
816.745728,        7.1002044678
817.065979,        7.0467071533
817.386353,        7.0413055420
817.706421,        6.9508209229
818.026733,        6.9888381958
818.346863,        6.8636703491
818.666809,        6.7441711426
818.986938,        6.6223449707
819.306824,        6.6951675415
819.626770,        6.6656799316
819.946716,        6.5364303589
820.266479,        6.4662475586
820.586304,        6.5902862549
820.905945,        6.5983428955
821.225647,        6.4483489990
821.545349,        6.3643569946
821.864868,        6.3794708252
822.184448,        6.2602157593
822.503845,        6.2141571045
822.823364,        6.2266387939
823.142761,        6.1108703613
823.462036,        6.0932312012
823.781372,        6.1696014404
824.100525,        6.2202148438
824.419800,        5.9046554565
824.738953,        5.8538513184
825.057922,        5.8820343018
825.377014,        5.8480911255
825.695984,        5.8359832764
826.014954,        5.9183502197
826.333862,        6.0184326172
826.652649,        5.9600296021
826.971497,        5.9314880371
827.290100,        5.7841567993
827.608887,        5.7510375977
827.927612,        5.7759704590
828.246094,        5.8786163330
828.564697,        5.8556213379
828.883118,        5.9506530762
829.201599,        5.9552612305
829.520020,        5.8714447021
829.838318,        5.9152450562
830.156616,        5.9125671387
830.474854,        5.8539428711
830.793091,        5.8245697021
831.111267,        6.2872314453
831.429260,        6.3722229004
831.747437,        6.4328002930
832.065308,        6.5557861328
832.383362,        6.5536499023
832.701233,        6.4080810547
833.019043,        6.3726806641
833.336914,        6.4971160889
833.654663,        6.5173797607
833.972351,        6.6135482788
834.289978,        6.4314422607
834.607483,        6.3818969727
834.925171,        6.3095626831
835.242676,        6.4115753174
835.560059,        6.4349212646
835.877502,        6.4042663574
836.194763,        6.4851684570
836.512146,        6.5052490234
836.829468,        6.4536743164
837.146545,        6.4015808105
837.463745,        6.4647521973
837.780823,        6.3647155762
838.097900,        6.2376403809
838.414917,        6.0824432373
838.731873,        6.0325622559
839.048828,        6.0932922363
839.365540,        6.0622253418
839.682434,        6.0304794312
839.999207,        5.8911743164
840.315857,        5.9079132080
840.632568,        5.8002014160
840.949097,        5.9315032959
841.265747,        5.9845199585
841.582275,        5.9699096680
841.898682,        5.7236480713
842.215088,        5.6691131592
842.531433,        5.6747817993
842.847778,        5.6822509766
843.164063,        5.7079467773
843.480164,        5.6158294678
843.796387,        5.6527862549
844.112427,        5.5794906616
844.428528,        5.4798355103
844.744568,        5.4920196533
845.060486,        5.5542907715
845.376404,        5.5177688599
845.692200,        5.5292358398
846.008057,        5.5259857178
846.323853,        5.4993896484
846.639465,        5.5436706543
846.955139,        5.4938507080
847.270691,        5.4307937622
847.586304,        5.3984832764
847.901855,        5.4144439697
848.217224,        5.4742279053
848.532715,        5.6479339600
848.847961,        5.4889678955
849.163330,        5.5489501953
849.478638,        5.4743804932
849.793823,        5.3226776123
850.108948,        5.5059661865
850.424011,        5.3084259033
850.739136,        5.2278900146
851.054199,        5.3829803467
851.369019,        5.4705505371
851.684021,        5.5898666382
851.998779,        5.5905532837
852.313660,        5.5467224121
852.628418,        5.4895248413
852.943054,        5.3980407715
853.257751,        5.4204101563
853.572327,        5.4887313843
853.886841,        5.5843505859
854.201477,        5.6213989258
854.515808,        5.6068115234
854.830261,        5.5082550049
855.144592,        5.3757476807
855.458862,        5.5615615845
855.773193,        5.5387039185
856.087280,        5.5445709229
856.401489,        5.6080627441
856.715515,        5.5477142334
857.029602,        5.6665496826
857.343628,        5.7294845581
857.657532,        5.7978668213
857.971497,        5.7510528564
858.285278,        5.7001800537
858.599121,        5.7062377930
858.912903,        5.7687835693
859.226501,        5.7938385010
859.540222,        5.8593902588
859.853699,        5.7763061523
860.167297,        5.6867828369
860.480896,        5.6107177734
860.794250,        5.4969787598
861.107666,        5.4354858398
861.420959,        5.5684432983
861.734314,        5.6727752686
862.047546,        5.6823120117
862.360657,        5.5609817505
862.673889,        5.4001159668
862.986938,        5.3590393066
863.299988,        5.4494476318
863.613037,        5.2501220703
863.925903,        5.1366882324
864.238831,        4.8505477905
864.551575,        4.8404846191
864.864380,        4.7972717285
865.177185,        4.8041915894
865.489807,        4.7893371582
865.802490,        4.8605270386
866.114990,        4.7851257324
866.427612,        4.8300018311
866.740112,        4.8053894043
867.052429,        4.8483428955
867.364868,        4.9508514404
867.677124,        4.9557876587
867.989502,        4.8993301392
868.301758,        4.7942047119
868.613831,        4.7454757690
868.926025,        4.8123245239
869.238159,        4.9287109375
869.550049,        4.9808807373
869.862122,        4.8633117676
870.173950,        4.9928131104
870.485901,        5.0499725342
870.797791,        5.1276626587
871.109497,        5.0760498047
871.421204,        5.1138916016
871.732849,        5.0480346680
872.044495,        5.0441818237
872.356079,        5.0294036865
872.667542,        5.1215591431
872.979065,        5.2682342529
873.290344,        5.3352737427
873.601807,        5.3396148682
873.913147,        5.2890472412
874.224304,        5.2780303955
874.535645,        5.2927932739
874.846741,        5.2849884033
875.157837,        5.1964874268
875.468994,        4.9748077393
875.779907,        5.0730285645
876.090881,        5.0734863281
876.401733,        4.9501342773
876.712646,        4.9745025635
877.023499,        4.9999084473
877.334167,        5.1027221680
877.644897,        5.0671386719
877.955505,        5.0686187744
878.266113,        5.1590423584
878.576721,        5.1265411377
878.887146,        5.0926742554
879.197571,        5.0778808594
879.507996,        4.9926147461
879.818298,        4.8366928101
880.128662,        4.5630035400
880.438843,        4.5622863770
880.749084,        4.5960998535
881.059143,        4.2732543945
881.369263,        4.2652435303
881.679382,        4.3837738037
881.989258,        4.5907135010
882.299194,        4.4500198364
882.609070,        4.3408966064
882.918945,        4.4233093262
883.228760,        4.5054168701
883.538452,        4.5190658569
883.848145,        4.4251861572
884.157654,        4.4500732422
884.467285,        4.4955673218
884.776917,        4.4139709473
885.086243,        4.4549179077
885.395813,        4.4211273193
885.705017,        4.4043121338
886.014404,        4.3303756714
886.323730,        4.4198760986
886.632874,        4.6905212402
886.942078,        4.6456146240
887.251160,        4.5968475342
887.560242,        4.9173126221
887.869263,        4.9412078857
888.178162,        4.7935409546
888.487122,        5.1038208008
888.795898,        5.1659698486
889.104797,        5.1858825684
889.413513,        5.2487182617
889.722168,        5.1802673340
890.030884,        5.0719909668
890.339417,        5.0835494995
890.648010,        5.0845565796
890.956543,        4.9579238892
891.264893,        4.8961257935
891.573364,        4.9767913818
891.881653,        5.0112762451
892.189941,        5.0339050293
892.498230,        5.0046463013
892.806335,        4.9530105591
893.114502,        4.8378677368
893.422546,        4.8862762451
893.730652,        4.8597564697
894.038696,        4.7475585938
894.346497,        4.7592315674
894.654419,        4.7515411377
894.962158,        4.4523391724
895.270020,        4.4660568237
895.577759,        4.5241241455
895.885376,        4.4659729004
896.192993,        4.4710845947
896.500549,        4.4676818848
896.808044,        4.5182647705
897.115601,        4.3471298218
897.422913,        4.3183975220
897.730347,        4.3870239258
898.037598,        4.0621032715
898.344910,        4.0973968506
898.652161,        4.1448669434
898.959167,        4.1550598145
899.266418,        4.1146163940
899.573364,        4.2208709717
899.880371,        4.3973388672
900.187378,        4.6111221313
900.494202,        4.6362991333
900.801086,        4.6485900879
901.107788,        4.8007049561
901.414612,        4.8069076538
901.721375,        4.8416900635
902.027832,        4.7536773682
902.334534,        4.8227539063
902.641113,        4.7810974121
902.947510,        4.8773880005
903.253967,        4.8264770508
903.560242,        5.0023422241
903.866638,        5.0942459106
904.172974,        5.1192855835
904.479126,        5.3494338989
904.785278,        5.2991561890
905.091370,        5.1771621704
905.397461,        5.1762390137
905.703552,        5.0916290283
906.009399,        4.9662780762
906.315369,        4.7508850098
906.621155,        4.6709442139
906.927002,        4.6568908691
907.232788,        4.6293334961
907.538452,        4.5400238037
907.844116,        4.4779815674
908.149658,        4.3876876831
908.455200,        4.5147323608
908.760803,        4.4208831787
909.066162,        4.3892822266
909.371582,        4.2762756348
909.676880,        4.3168182373
909.982178,        4.2525329590
910.287476,        4.2273788452
910.592529,        4.1520538330
910.897705,        3.6230316162
911.202759,        3.5222091675
911.507813,        3.5934600830
911.812805,        3.5578613281
912.117676,        3.7772445679
912.422546,        3.7946166992
912.727356,        3.7638854980
913.032104,        3.7550659180
913.336853,        3.8267517090
913.641479,        3.7742996216
913.946106,        3.8327941895
914.250610,        3.5858840942
914.555115,        3.5400085449
914.859619,        3.5350799561
915.163940,        3.5398254395
915.468323,        3.5840911865
915.772583,        3.6301574707
916.076843,        3.6006774902
916.381104,        3.6926651001
916.685120,        3.8161315918
916.989258,        3.7836837769
917.293213,        4.2956390381
917.597290,        4.0944061279
917.901184,        3.8100738525
918.205017,        3.8234405518
918.508850,        3.8027954102
918.812561,        3.8227386475
919.116333,        3.8317871094
919.420044,        3.7506637573
919.723572,        3.3648071289
920.027222,        3.4804229736
920.330627,        3.5271301270
920.634094,        3.6830520630
920.937561,        3.8352966309
921.240784,        3.7074966431
921.544189,        3.7380599976
921.847351,        3.8183746338
922.150574,        3.5491333008
922.453735,        3.5176239014
922.756775,        3.2972412109
923.059875,        3.2150726318
923.362793,        3.2437438965
923.665771,        3.2207412720
923.968689,        3.4541244507
924.271362,        3.8587112427
924.574219,        3.8583679199
924.876892,        3.8268127441
925.179565,        3.6022033691
925.482239,        3.5805358887
925.784729,        3.4186935425
926.087280,        3.5926437378
926.389648,        3.4773864746
926.692078,        3.5165557861
926.994507,        3.5452423096
927.296692,        3.5021667480
927.599060,        3.4649810791
927.901123,        3.5100250244
928.203308,        3.3795013428
928.505432,        3.6193542480
928.807434,        3.6835632324
929.109436,        3.9959030151
929.411316,        3.9016723633
929.713196,        3.9724807739
930.015015,        3.9242858887
930.316711,        4.0459899902
930.618530,        4.0375442505
930.920105,        4.0573348999
931.221802,        3.8148193359
931.523315,        4.0550842285
931.824829,        4.1507110596
932.126282,        4.1397552490
932.427612,        4.4004440308
932.729004,        4.6143341064
933.030334,        4.4686737061
933.331482,        4.3339385986
933.632751,        4.1308441162
933.933777,        4.2192687988
934.234924,        4.1285247803
934.536011,        4.2070388794
934.836914,        4.1350784302
935.137878,        4.1358032227
935.438660,        3.6509704590
935.739502,        3.8134613037
936.040344,        3.7483367920
936.340942,        3.9468765259
936.641663,        3.8970489502
936.942383,        3.7682418823
937.242798,        3.6374359131
937.543335,        3.9030532837
937.843750,        3.9375152588
938.144165,        3.9228820801
938.444580,        4.1992950439
938.744751,        4.2270965576
939.045044,        4.1515350342
939.345154,        4.0427246094
939.645325,        4.0547943115
939.945435,        4.1493835449
940.245361,        4.1465454102
940.545410,        4.1974639893
940.845215,        4.1670684814
941.145142,        4.2691802979
941.445007,        4.1078186035
941.744629,        4.5980682373
942.044434,        4.5092849731
942.343994,        4.5184555054
942.643677,        4.2437286377
942.943237,        3.9668807983
943.242676,        3.8523406982
943.542114,        3.8304367065
943.841431,        3.6892013550
944.140808,        3.7807464600
944.440125,        3.6215362549
944.739258,        3.3027343750
945.038513,        3.1929092407
945.337524,        2.9349594116
945.636597,        3.0420074463
945.935669,        3.2164077759
946.234558,        3.4776306152
946.533508,        3.4354248047
946.832275,        3.2042694092
947.131165,        3.1191024780
947.429932,        3.1974945068
947.728516,        3.5113983154
948.027222,        3.3821563721
948.325745,        2.2208633423
948.624329,        1.9767150879
948.922852,        2.2408142090
949.221191,        2.3760299683
949.519592,        2.0693054199
949.817810,        2.3272247314
950.116150,        2.2214355469
950.414368,        2.1261901855
950.712463,        2.2476654053
951.010620,        2.5617980957
951.308594,        2.6148681641
951.606628,        2.7221832275
951.904602,        2.4466552734
952.202454,        2.2268371582
952.500305,        1.2326583862
952.798035,        1.2001266479
953.095825,        1.2267227173
953.393494,        1.3628997803
953.691040,        1.2794570923
953.988647,        0.6048431396
954.286133,        0.4958038330
954.583618,        1.5922698975
954.881042,        2.0434494019
955.178345,        1.9184722900
955.475647,        1.7828063965
955.772827,        2.0394287109
956.070068,        2.0151824951
956.367310,        2.1303176880
956.664307,        2.2033767700
956.961365,        1.9857025146
957.258240,        1.8538970947
957.555176,        1.3535232544
957.852112,        1.1543579102
958.148865,        1.3550643921
958.445679,        1.5208892822
958.742310,        2.5476531982
959.039001,        2.5768585205
959.335632,        2.7767486572
959.632141,        2.4986572266
959.928650,        2.5791931152
960.224976,        3.0376739502
960.521484,        2.7641448975
960.817871,        3.0348587036
961.114014,        2.8443450928
961.410339,        2.6736831665
961.706421,        2.8916473389
962.002563,        2.9146575928
962.298645,        2.6831054688
962.594604,        2.7199401855
962.890564,        2.4758605957
963.186401,        0.8518066406
963.482300,        0.5159225464
963.778137,        0.9082107544
964.073792,        1.2406539917
964.369568,        1.3178558350
964.665100,        1.2480239868
964.960693,        0.7335357666
965.256287,        0.3554229736
965.551697,        0.4192199707
965.847168,        0.9217834473
966.142395,        0.7016983032
966.437744,        0.5805511475
966.733032,        0.9231338501
967.028198,        0.8500061035
967.323364,        0.5699539185
967.618408,        0.6251373291
967.913513,        0.1698608398
968.208496,       -0.1117248535
968.503357,        0.2793807983
968.798279,       -0.0094375610
969.093018,        0.0573730469
969.387817,        2.2997283936
969.682556,        2.4178619385
969.977173,        2.4636611938
970.271790,        2.1377410889
970.566406,        1.7002716064
970.860779,        1.6848297119
971.155334,        1.8968200684
971.449646,        2.5195083618
971.743958,        2.5106430054
972.038330,        1.8718719482
972.332458,        2.2706146240
972.626648,        2.2569732666
972.920715,        2.3412170410
973.214844,        1.9099121094
973.508911,        1.8129425049
973.802734,        1.4787902832
974.096741,        1.4269409180
974.390442,        1.6002044678
974.684265,        1.3858947754
974.978088,        2.1540832520
975.271667,        2.1012420654
975.565369,        1.9347763062
975.858826,        2.0747604370
976.152405,        1.5784454346
976.445923,        1.8302764893
976.739258,        2.0168151855
977.032654,        1.9692687988
977.325867,        2.1382446289
977.619202,        1.6795272827
977.912415,        0.8355178833
978.205505,        0.9719238281
978.498596,        0.6186065674
978.791504,        0.4861907959
979.084534,        0.4113769531
979.377563,        0.8152236938
979.670288,        0.9221878052
979.963196,        1.1593017578
980.255859,        1.3393173218
980.548584,        1.4230041504
980.841309,       -0.5530700684
981.133850,       -1.2723007202
981.426392,       -1.9068450928
981.718811,       -1.8937759399
982.011292,       -1.7086029053
982.303650,       -1.4128341675
982.595886,       -1.3262023926
982.888245,       -1.4276123047
983.180359,       -1.4718856812
983.472595,       -2.1066284180
983.764709,       -1.6276702881
984.056641,       -0.9591064453
984.348755,       -0.7290954590
984.640625,       -1.1938781738
984.932495,       -1.1642227173
985.224365,       -1.5037841797
985.516052,       -2.0319519043
985.807861,       -1.6813354492
986.099426,       -2.3983917236
986.391052,       -2.2262954712
986.682678,       -2.5868377686
986.974121,       -0.7382507324
987.265625,       -0.5339813232
987.556885,       -0.0426788330
987.848328,       -0.1502914429
988.139648,       -0.9694976807
988.430786,       -1.1309814453
988.721985,       -1.7826690674
989.013000,       -1.4032440186
989.304138,       -1.7249984741
989.595215,       -2.4049072266
989.886047,       -3.0246429443
990.177002,       -4.2364044189
990.467834,       -4.5771331787
990.758606,       -4.5948333740
991.049377,       -4.5361480713
991.339966,       -5.6399536133
991.630676,       -5.5713348389
991.921143,       -6.0264358521
992.211670,       -6.2420654297
992.502197,       -6.3420410156
992.792542,       -6.3244171143
993.082886,       -6.0172271729
993.373169,       -6.2169189453
993.663452,       -6.1346893311
993.953613,       -6.2713623047
994.243713,       -5.5127868652
994.533813,       -5.1191482544
994.823792,       -5.6059112549
995.113770,       -5.0718078613
995.403687,       -5.3999023438
995.693481,       -4.3724746704
995.983337,       -3.7469787598
996.273010,       -2.3508605957
996.562744,       -2.1436309814
996.852417,       -2.7267303467
997.141907,       -2.3962707520
997.431458,       -0.9799804688
997.720886,       -0.8848876953
998.010315,       -0.8229827881
998.299744,        0.5752105713
998.588928,        1.0159301758
998.878296,        1.2155609131
999.167419,        0.9954452515
999.456543,        0.1101531982
999.745667,        0.1846466064
1000.034607,        0.2051696777
1000.323669,        0.2182464600
1000.612488,       -0.5328979492
1000.901367,        0.0668487549
1001.190247,       -0.6010513306
1001.478882,       -0.1237106323
1001.767639,       -0.7739944458
1002.056335,       -0.8706817627
1002.344849,       -1.2959442139
1002.633423,       -1.6934051514
1002.921814,       -0.8961486816
1003.210266,       -0.9220123291
1003.498657,       -1.4175796509
1003.786926,       -1.5021820068
1004.075256,       -1.9245605469
1004.363342,       -2.2920379639
1004.651489,       -2.6989822388
1004.939697,       -3.3280792236
1005.227600,       -4.4282608032
1005.515686,       -4.1309051514
1005.803467,       -4.8478317261
1006.091370,       -4.6420745850
1006.379272,       -5.2096099854
1006.666870,       -4.6178894043
1006.954712,       -3.6835250854
1007.242188,       -3.9347686768
1007.529907,       -5.0709686279
1007.817444,       -4.7285766602
1008.104858,       -6.1758575439
1008.392334,       -5.6871185303
1008.679565,       -6.3408966064
1008.966980,       -6.8520584106
1009.254272,       -7.5767364502
1009.541382,       -7.0263214111
1009.828613,       -6.8173980713
1010.115601,       -6.1794281006
1010.402649,       -5.8268585205
1010.689697,       -5.5294494629
1010.976563,       -4.7674484253
1011.263489,       -4.5540008545
1011.550171,       -4.1527786255
1011.837036,       -3.5849227905
1012.123657,       -3.4968719482
1012.410278,       -3.9090576172
1012.696899,       -5.0261459351
1012.983337,       -5.6391525269
1013.269897,       -6.0384521484
1013.556396,       -4.6599578857
1013.842651,       -4.8683929443
1014.129028,       -4.7319717407
1014.415161,       -5.7007598877
1014.701477,       -5.3340911865
1014.987671,       -7.2942047119
1015.273560,       -6.7944183350
1015.559692,       -7.7184753418
1015.845581,       -8.6085433960
1016.131592,       -9.2715454102
1016.417542,      -10.8422164917
1016.703247,      -11.7278213501
1016.989014,      -12.5123596191
1017.274658,      -13.4739990234
1017.560303,      -14.7485809326
1017.845947,      -14.4387054443
1018.131409,      -15.5961303711
1018.416870,      -15.2738647461
1018.702271,      -14.8680572510
1018.987671,      -15.3738555908
1019.272949,      -16.6021652222
1019.558228,      -19.0759735107
1019.843445,      -19.1747131348
1020.128540,      -18.1848220825
1020.413574,      -17.5540161133
1020.698608,      -17.2477722168
1020.983521,      -15.0512390137
1021.268555,      -17.6114807129
1021.553284,      -18.2811431885
1021.838135,      -19.0218048096
1022.122925,      -20.4596252441
1022.407593,      -51.0996246338
1022.692261,      -10.3330459595
1022.976807,        4.5734100342
1023.261292,        6.3635177612
1023.545837,        1.9524688721
1023.830200,      -21.1844635010
1024.114624,      -38.9379882813
1024.398804,      -25.1054534912
1024.683105,      -26.1958999634
1024.967285,      -36.0505676270
