340.270844,      100.0000000000
340.648560,      100.0000000000
341.026306,     1633.3343505859
341.403961,     -497.3098754883
341.781616,    -1303.9992675781
342.159210,     -585.6853027344
342.536743,      -75.9797058105
342.914307,      -80.3852996826
343.291779,      -38.2845458984
343.669250,      100.0000000000
344.046661,      -40.4922943115
344.424042,      -38.8718566895
344.801422,      -39.1394653320
345.178711,      -44.1146545410
345.556000,      -49.0370483398
345.933258,      -53.5921478271
346.310486,      -56.7172546387
346.687622,      -57.4744262695
347.064758,      -59.3887939453
347.441895,      -58.4617919922
347.818939,      -57.0516052246
348.195953,      -53.0933074951
348.572937,      -52.7560729980
348.949890,      -54.4371643066
349.326843,      -55.1835174561
349.703735,      -56.1693572998
350.080597,      -57.3354492188
350.457397,      -58.1597900391
350.834198,      -54.8238830566
351.210968,      -55.7557067871
351.587646,      -55.2607421875
351.964325,      -54.9408721924
352.340942,      -55.4188537598
352.717560,      -58.0295715332
353.094147,      -58.2573547363
353.470673,      -58.8868713379
353.847168,      -59.0567321777
354.223602,      -58.2402496338
354.600037,      -59.3922271729
354.976440,      -54.6306610107
355.352783,      -56.8748474121
355.729126,      -59.6127929688
356.105408,      -61.0773925781
356.481628,      -74.4078063965
356.857849,      -74.4845581055
357.234009,      -70.1925659180
357.610168,      -72.1909484863
357.986267,      -68.9636840820
358.362366,      -67.6837615967
358.738373,      -68.0462341309
359.114349,      -66.9575500488
359.490326,      -65.5675964355
359.866241,      -64.5996551514
360.242157,      -63.6848754883
360.617981,      -60.9278869629
360.993805,      -58.8125000000
361.369568,      -58.3230285645
361.745331,      -57.7820739746
362.121033,      -60.2830810547
362.496704,      -57.3023376465
362.872314,      -57.1113891602
363.247925,      -56.2613220215
363.623505,      -51.4975891113
363.999023,      -47.8397827148
364.374542,      -29.6755218506
364.750000,      -27.2818298340
365.125397,      -26.1914825439
365.500763,      -24.8149795532
365.876160,      -24.6093902588
366.251434,      -26.3587799072
366.626740,      -24.1207275391
367.001953,      -25.7399291992
367.377136,      -25.5259323120
367.752350,      -25.3742370605
368.127472,      -28.4058532715
368.502594,      -26.7970428467
368.877625,      -26.9882354736
369.252625,      -26.8233566284
369.627625,      -25.5119171143
370.002563,      -19.8137512207
370.377502,      -23.9774932861
370.752380,      -24.2287445068
371.127228,      -25.6386871338
371.502014,      -27.7582244873
371.876770,      -31.6522369385
372.251526,      -29.9613494873
372.626221,      -30.1421966553
373.000885,      -31.4261169434
373.375488,      -29.9079589844
373.750092,      -29.6020965576
374.124664,      -27.3991775513
374.499146,      -31.5559844971
374.873627,      -32.0484771729
375.248108,      -33.4172058105
375.622467,      -35.0015258789
375.996887,      -36.8005981445
376.371185,      -36.5159606934
376.745483,      -35.3190612793
377.119751,      -35.8246459961
377.493958,      -37.1684722900
377.868195,      -37.4115600586
378.242310,      -32.9607086182
378.616394,      -34.2874145508
378.990540,      -33.2986450195
379.364563,      -34.4839172363
379.738556,      -33.8356933594
380.112518,      -32.6713256836
380.486481,      -32.2113494873
380.860352,      -32.0041198730
381.234192,      -31.7615966797
381.608063,      -30.6206512451
381.981812,      -30.4880065918
382.355591,      -26.5506439209
382.729309,      -25.3040924072
383.102966,      -23.0204315186
383.476624,      -21.1552658081
383.850220,      -17.3747558594
384.223816,      -18.4446105957
384.597321,      -20.7699584961
384.970856,      -20.4206085205
385.344299,      -17.1809997559
385.717682,      -16.5696487427
386.091125,      -19.5403137207
386.464447,      -16.3597564697
386.837769,      -14.8737030029
387.211029,      -13.9511413574
387.584290,      -11.9682235718
387.957489,      -11.9228134155
388.330627,      -11.1461334229
388.703766,      -10.0272979736
389.076874,       -9.0304183960
389.449921,      -10.5653076172
389.822937,       -7.6735610962
390.195923,       -8.6960906982
390.568878,       -8.8272857666
390.941772,       -9.2818603516
391.314636,       -5.6609573364
391.687500,       -3.9198913574
392.060272,       -3.7270507813
392.433075,       -2.1756744385
392.805756,        1.0744628906
393.178436,        2.1871948242
393.551117,       -0.2559356689
393.923737,        2.2699127197
394.296326,        3.2613525391
394.668854,        6.2100448608
395.041321,        6.0782928467
395.413849,        3.9481277466
395.786255,        2.3811950684
396.158630,        2.1411666870
396.531006,       -0.4076919556
396.903320,       -0.0785446167
397.275604,        0.0426635742
397.647827,       -0.4563064575
398.020050,       -2.8535461426
398.392212,       -0.4418029785
398.764343,        0.7730407715
399.136444,        1.6904602051
399.508514,       -2.6435775757
399.880554,       -1.2573242188
400.252533,       -0.0145416260
400.624512,       -2.8365249634
400.996399,       -4.6026458740
401.368286,       -1.7012481689
401.740112,       -0.3663253784
402.111908,        0.0911865234
402.483673,       -0.4057159424
402.855408,        0.8487625122
403.227081,        2.8164901733
403.598755,        5.7602157593
403.970367,        6.7577667236
404.341980,        4.7892608643
404.713501,        5.3727188110
405.085022,        5.9526519775
405.456482,        6.6836929321
405.827911,       10.5617523193
406.199310,       13.0618286133
406.570648,       11.6151580811
406.942017,       10.8373260498
407.313263,       17.7382354736
407.684509,       18.2603073120
408.055725,       19.7227172852
408.426880,       20.4331130981
408.798035,       15.6179046631
409.169128,       15.9524536133
409.540161,       13.4589309692
409.911224,       13.7848663330
410.282196,       13.9814071655
410.653137,       14.6741333008
411.024048,       15.9203948975
411.394897,       16.6813278198
411.765747,       16.8818435669
412.136536,       21.0230712891
412.507324,       14.9675445557
412.878052,       15.7573699951
413.248718,       14.2286224365
413.619385,       15.1518707275
413.989990,       14.2001037598
414.360565,       16.0993041992
414.731110,       16.8269577026
415.101563,       15.2465209961
415.472076,       16.2099151611
415.842468,       16.7167129517
416.212891,       11.5327758789
416.583221,       16.7417831421
416.953522,       17.2496414185
417.323792,       21.2829589844
417.694031,       20.0873413086
418.064240,       19.6237945557
418.434418,       19.7978363037
418.804535,       17.9131240845
419.174622,       18.2595062256
419.544678,       19.7772369385
419.914673,       20.5415802002
420.284668,       26.1103820801
420.654572,       26.6808471680
421.024475,       29.2704696655
421.394348,       28.1618499756
421.764191,       28.6886444092
422.133972,       28.5765838623
422.503693,       28.5363082886
422.873444,       29.6539611816
423.243134,       30.1298675537
423.612762,       29.7400588989
423.982330,       38.7114105225
424.351929,       39.2484817505
424.721436,       38.8175125122
425.090942,       39.7809448242
425.460358,       41.9683418274
425.829773,       43.3075752258
426.199158,       45.0281944275
426.568481,       48.0813674927
426.937775,       49.0609054565
427.307037,       48.8980941772
427.676239,       49.7474441528
428.045441,       49.8857192993
428.414581,       50.6713066101
428.783722,       50.1693420410
429.152802,       51.8227157593
429.521790,       47.7930259705
429.890839,       48.8825492859
430.259766,       50.9655532837
430.628693,       49.1132354736
430.997589,       49.4090270996
431.366425,       48.5329055786
431.735229,       47.4002990723
432.104004,       47.1875305176
432.472748,       47.7956161499
432.841431,       47.7866516113
433.210052,       48.2434082031
433.578705,       48.4704132080
433.947266,       48.5284271240
434.315826,       49.6214904785
434.684326,       49.9322128296
435.052765,       49.8843460083
435.421204,       47.6800918579
435.789612,       49.3310546875
436.157959,       50.3560104370
436.526276,       51.3595962524
436.894531,       49.0575408936
437.262756,       54.1035957336
437.630951,       53.4171409607
437.999146,       53.2472457886
438.367249,       54.7531929016
438.735321,       55.1522598267
439.103394,       57.0656433105
439.471405,       56.8364486694
439.839386,       34.6739044189
440.207306,       35.1244964600
440.575195,       32.8696441650
440.943054,       33.1333160400
441.310883,       33.1366806030
441.678680,       32.6580963135
442.046387,       32.4812774658
442.414093,       32.5510253906
442.781799,       32.9056167603
443.149414,       34.2703323364
443.516998,       34.4553298950
443.884552,       34.2097473145
444.252045,       34.7281188965
444.619537,       37.5036621094
444.987000,       37.7126998901
445.354401,       39.1236724854
445.721710,       39.5261535645
446.089081,       40.0580749512
446.456360,       40.2401580811
446.823608,       40.5157546997
447.190826,       41.5565414429
447.557953,       62.4345169067
447.925110,       63.0956573486
448.292175,       65.7506790161
448.659271,       65.7198638916
449.026276,       66.9744644165
449.393250,       67.9009704590
449.760193,       67.1862411499
450.127075,       67.8064117432
450.493958,       68.8202972412
450.860779,       69.9888458252
451.227570,       70.4884109497
451.594330,       71.0366744995
451.960999,       70.0238800049
452.327698,       70.3251342773
452.694336,       69.5124130249
453.060913,       70.0511245728
453.427490,       70.4663085938
453.793976,       70.8252258301
454.160492,       71.4988861084
454.526917,       49.3432846069
454.893311,       49.4348144531
455.259674,       50.3747024536
455.626007,       50.7466964722
455.992310,       50.7894248962
456.358551,       51.5540962219
456.724731,       51.2225303650
457.090912,       51.4359893799
457.457031,       52.2901687622
457.823151,       52.4991798401
458.189209,       52.6475753784
458.555206,       52.8392944336
458.921173,       52.9284286499
459.287109,       53.3767890930
459.653015,       53.7582015991
460.018890,       54.2782554626
460.384705,       54.8496589661
460.750519,       54.1001663208
461.116241,       54.7782402039
461.481964,       54.9588661194
461.847626,       55.0535888672
462.213226,       74.0074157715
462.578827,       74.4218597412
462.944427,       74.8408050537
463.309906,       74.8002624512
463.675385,       75.3724365234
464.040802,       75.6789093018
464.406219,       76.5422897339
464.771606,       77.2544250488
465.136902,       77.5537261963
465.502197,       77.5226593018
465.867462,       77.7842102051
466.232635,       78.2667388916
466.597839,       78.2897949219
466.962921,       78.1773681641
467.328003,       78.4867095947
467.693054,       78.3924407959
468.058075,       78.4524841309
468.423035,       79.3590240479
468.787994,       78.7011566162
469.152863,       78.7669677734
469.517700,       78.5052642822
469.882538,       78.6604995728
470.247314,       79.3449401855
470.612061,       78.3764343262
470.976746,       78.7919387817
471.341431,       78.3059158325
471.706024,       78.3016662598
472.070618,       78.0071258545
472.435181,       78.3111114502
472.799622,       78.4170227051
473.164124,       78.6303558350
473.528534,       79.0489120483
473.892975,       79.0727386475
474.257294,       79.5972747803
474.621582,       80.2095184326
474.985870,       80.5486526489
475.350098,       80.4253768921
475.714325,       80.9588928223
476.078461,       81.2996673584
476.442535,       81.7258758545
476.806641,       82.2986984253
477.170685,       82.6850357056
477.534668,       83.1657867432
477.898621,       83.3469696045
478.262512,       83.7812347412
478.626404,       83.2502822876
478.990265,       83.7931365967
479.354065,       84.0788269043
479.717834,       84.4434967041
480.081512,       84.3501205444
480.445221,       84.4928054810
480.808899,       84.7329330444
481.172485,       84.3390426636
481.536041,       84.3514404297
481.899567,       84.2036590576
482.263062,       84.2291564941
482.626526,       84.2124404907
482.989929,       84.5003585815
483.353271,       84.4536132813
483.716583,       84.4701309204
484.079895,       84.7597198486
484.443146,       84.6703338623
484.806366,       84.9540863037
485.169525,       84.7389831543
485.532654,       84.8440093994
485.895752,       85.2136611938
486.258820,       85.7360992432
486.621857,       85.7363052368
486.984802,       85.5629882813
487.347748,       85.5235671997
487.710663,       85.6034393311
488.073517,       85.7884216309
488.436340,       85.8650894165
488.799072,       86.1370697021
489.161835,       86.4053649902
489.524536,       86.8195800781
489.887238,       86.9096450806
490.249847,       87.2021408081
490.612396,       87.2409133911
490.974915,       87.3910827637
491.337433,       87.7835311890
491.699921,       87.7780761719
492.062347,       87.7700271606
492.424713,       87.7265930176
492.787079,       87.9367675781
493.149353,       87.3190460205
493.511658,       87.5039672852
493.873871,       87.6395263672
494.236053,       87.5458374023
494.598206,       87.5155487061
494.960297,       87.4771499634
495.322388,       87.4530029297
495.684418,       86.6086502075
496.046356,       86.7659530640
496.408325,       86.9802703857
496.770264,       86.9587860107
497.132141,       86.7931518555
497.493958,       86.7849731445
497.855713,       86.6234664917
498.217499,       86.6537017822
498.579193,       86.6658782959
498.940887,       86.6036453247
499.302490,       86.5637969971
499.664093,       86.5728149414
500.025635,       86.6537551880
500.387177,       86.6516494751
500.748627,       87.2893295288
501.110077,       87.1257629395
501.471436,       87.0069580078
501.832825,       87.2469177246
502.194153,       87.4250106812
502.555389,       87.4216461182
502.916626,       87.2713317871
503.277802,       87.9467849731
503.638977,       87.6614151001
504.000092,       87.4500885010
504.361176,       87.3187179565
504.722198,       87.2648315430
505.083160,       87.1997146606
505.444153,       87.2470779419
505.805084,       87.1712493896
506.165924,       87.1375122070
506.526764,       87.0489883423
506.887543,       86.7337875366
507.248322,       86.6694717407
507.609070,       86.5327148438
507.969727,       86.5369567871
508.330322,       86.4695968628
508.690918,       86.5738677979
509.051514,       86.5943756104
509.412018,       86.4816360474
509.772491,       86.4142227173
510.132904,       86.2962341309
510.493286,       86.2267456055
510.853699,       86.2535858154
511.213989,       86.4404602051
511.574280,       86.5014419556
511.934509,       86.5115203857
512.294678,       86.4850463867
512.654846,       86.4770965576
513.014954,       86.4434356689
513.375061,       86.2508621216
513.735046,       86.0687255859
514.095032,       86.1028518677
514.455078,       86.2228088379
514.814941,       86.3149948120
515.174805,       86.2845993042
515.534607,       86.1748733521
515.894409,       86.0662841797
516.254211,       85.1195449829
516.613892,       84.7446975708
516.973572,       84.5974502563
517.333130,       84.4616699219
517.692749,       84.5026855469
518.052368,       84.5061111450
518.411865,       84.3619232178
518.771301,       84.2972717285
519.130737,       84.0781707764
519.490173,       83.9107055664
519.849548,       83.7673950195
520.208801,       83.6562957764
520.568054,       83.4694519043
520.927307,       83.5905609131
521.286499,       83.5786361694
521.645691,       83.3450241089
522.004822,       83.2592468262
522.363831,       83.0348739624
522.722839,       82.9215087891
523.081848,       82.4815673828
523.440796,       82.2558364868
523.799744,       82.8371124268
524.158569,       83.0315399170
524.517395,       83.0323715210
524.876160,       82.9438781738
525.234924,       82.8002777100
525.593628,       82.6503601074
525.952271,       82.3445205688
526.310913,       82.1106643677
526.669495,       81.9602050781
527.028076,       81.8955688477
527.386536,       81.7134628296
527.744995,       81.5571289063
528.103394,       81.4326477051
528.461792,       81.1786956787
528.820129,       80.9689025879
529.178406,       80.8672943115
529.536743,       80.5229797363
529.894958,       80.5345611572
530.253113,       80.4002532959
530.611267,       80.3446655273
530.969299,       80.2158126831
531.327393,       79.7814331055
531.685486,       79.6416549683
532.043335,       79.4929504395
532.401367,       79.3680114746
532.759216,       79.3868560791
533.117004,       79.3455505371
533.474915,       79.4064178467
533.832642,       79.3341140747
534.190430,       79.3926544189
534.548096,       79.3287200928
534.905762,       79.3255920410
535.263367,       79.2083663940
535.620850,       79.2165222168
535.978455,       79.2325592041
536.335876,       79.3208007813
536.693359,       79.3032684326
537.050781,       79.5322723389
537.408142,       79.4179000854
537.765442,       79.4490661621
538.122681,       79.6419219971
538.479919,       79.7276611328
538.837219,       79.9979782104
539.194336,       79.9336090088
539.551453,       79.7989425659
539.908508,       79.6360473633
540.265564,       79.6181640625
540.622559,       79.6603088379
540.979553,       79.6485061646
541.336426,       79.5594024658
541.693298,       79.5417327881
542.050110,       79.4187545776
542.406921,       79.3872222900
542.763672,       79.4146957397
543.120422,       79.3692779541
543.477051,       79.3459167480
543.833679,       79.2892532349
544.190308,       79.2703094482
544.546814,       79.2448272705
544.903381,       79.1335754395
545.259827,       79.1430358887
545.616211,       79.0006103516
545.972595,       79.0361633301
546.328979,       79.0030975342
546.685242,       78.9768066406
547.041504,       79.0785598755
547.397644,       79.2113494873
547.753906,       79.1717758179
548.110046,       79.1233291626
548.466125,       79.1336593628
548.822144,       79.1964874268
549.178223,       79.0385589600
549.534241,       79.0555725098
549.890137,       79.1368637085
550.246033,       79.1061706543
550.601868,       79.0807723999
550.957581,       79.1174774170
551.313416,       78.9830703735
551.669128,       79.0172958374
552.024841,       78.8579177856
552.380432,       78.9458770752
552.736023,       78.8433380127
553.091675,       78.6750946045
553.447144,       78.6391830444
553.802612,       78.6611175537
554.158020,       78.6336517334
554.513428,       78.6574935913
554.868774,       78.7424774170
555.224121,       78.6242141724
555.579346,       78.5875854492
555.934631,       78.6222076416
556.289734,       78.6403198242
556.644958,       78.7170104980
557.000000,       78.5673294067
557.355103,       78.5828857422
557.710083,       78.6693878174
558.065063,       78.7099761963
558.420105,       78.6981506348
558.774963,       78.7971191406
559.129822,       78.7152557373
559.484619,       78.8980941772
559.839355,       78.9531478882
560.194153,       79.0538787842
560.548828,       79.2784042358
560.903442,       79.3034210205
561.258057,       79.2490081787
561.612610,       79.3222961426
561.967224,       79.3177413940
562.321655,       79.2889556885
562.676086,       79.5030212402
563.030457,       79.5986480713
563.384827,       79.6638259888
563.739197,       79.6230773926
564.093445,       79.7304992676
564.447693,       79.9634017944
564.801880,       79.9724884033
565.156006,       79.9841308594
565.510132,       80.0532684326
565.864197,       80.1347351074
566.218262,       80.2556762695
566.572205,       80.4809722900
566.926086,       80.5618667603
567.280090,       80.6187286377
567.633972,       80.6873931885
567.987732,       80.8376312256
568.341553,       80.9768447876
568.695190,       81.2060241699
569.048950,       81.2383041382
569.402649,       81.2968292236
569.756165,       81.3630371094
570.109802,       81.3928680420
570.463257,       81.4439086914
570.816772,       81.4552383423
571.170227,       81.6753768921
571.523621,       81.7379455566
571.877014,       81.8141708374
572.230286,       81.8902130127
572.583557,       81.9685821533
572.936829,       82.0028839111
573.289978,       81.9693908691
573.643250,       81.9717025757
573.996216,       81.9518814087
574.349365,       81.9609069824
574.702393,       82.0673217773
575.055359,       82.1842498779
575.408325,       82.2333984375
575.761169,       82.2090682983
576.114075,       82.2057952881
576.466919,       82.3538284302
576.819641,       82.4573364258
577.172363,       82.5776977539
577.525085,       82.5645599365
577.877686,       82.5999755859
578.230286,       82.6987228394
578.582825,       82.7440032959
578.935425,       82.6604843140
579.287903,       82.7066040039
579.640320,       82.7818603516
579.992676,       82.7497634888
580.345093,       82.8744812012
580.697388,       82.9890136719
581.049683,       83.0829010010
581.401855,       83.1759796143
581.754089,       83.1347045898
582.106201,       83.0700759888
582.458313,       83.0248260498
582.810425,       83.0455322266
583.162354,       83.1713714600
583.514404,       83.2057342529
583.866272,       83.2607955933
584.218201,       83.2953948975
584.570068,       83.0980606079
584.921875,       83.1996612549
585.273560,       83.2471923828
585.625305,       83.2122497559
585.977051,       83.2358703613
586.328674,       83.2783813477
586.680237,       83.3618927002
587.031799,       83.4018554688
587.383301,       83.4981994629
587.734802,       83.4512557983
588.086243,       83.4814224243
588.437561,       83.4764022827
588.788940,       83.4574584961
589.140198,       83.6274261475
589.491516,       83.7578735352
589.842712,       83.8092575073
590.193848,       83.7341918945
590.544983,       83.6808166504
590.896057,       83.6154785156
591.247192,       83.6002197266
591.598145,       83.6242218018
591.949158,       83.7853698730
592.300049,       83.7999572754
592.650879,       83.8242034912
593.001770,       83.8942565918
593.352539,       83.8366622925
593.703308,       83.8811340332
594.054016,       83.8844757080
594.404663,       83.8593673706
594.755310,       83.8697891235
595.105896,       83.9142532349
595.456360,       83.9652023315
595.806885,       84.0272750854
596.157349,       83.8784179688
596.507751,       83.8125305176
596.858154,       83.7430953979
597.208435,       83.7247467041
597.558777,       83.7874298096
597.908997,       83.8568267822
598.259216,       83.9350585938
598.609314,       83.8665771484
598.959473,       83.7800598145
599.309570,       83.8228149414
599.659546,       83.8069076538
600.009583,       83.7961502075
600.359497,       83.8227081299
600.709412,       83.9504241943
601.059265,       84.0292282104
601.409058,       83.9634475708
601.758850,       84.0020904541
602.108521,       84.0217208862
602.458191,       84.0492858887
602.807922,       84.0605468750
603.157471,       83.9312896729
603.507080,       84.0607376099
603.856567,       84.1290588379
604.205994,       84.1859588623
604.555542,       84.1937561035
604.904846,       84.2286376953
605.254211,       84.2011947632
605.603516,       84.0526885986
605.952759,       84.1236953735
606.302063,       84.1515808105
606.651123,       84.1795043945
607.000305,       84.2063598633
607.349365,       84.2510147095
607.698425,       84.2770462036
608.047485,       84.2312316895
608.396362,       84.2572479248
608.745300,       84.2358474731
609.094177,       84.2750701904
609.442993,       84.2956619263
609.791809,       84.3239746094
610.140503,       84.3532257080
610.489258,       84.5239562988
610.837891,       84.5760345459
611.186523,       84.6149368286
611.535156,       84.7034072876
611.883606,       84.7910995483
612.232178,       84.7852172852
612.580566,       84.7812957764
612.928955,       84.9045867920
613.277344,       84.9650421143
613.625610,       85.0314559937
613.973938,       85.0491867065
614.322144,       85.0567779541
614.670288,       85.0865554810
615.018555,       85.1049346924
615.366516,       85.1321334839
615.714661,       85.1701278687
616.062622,       85.2442474365
616.410645,       85.2727355957
616.758606,       85.2875137329
617.106445,       85.3175506592
617.454285,       85.3542785645
617.802063,       85.3085937500
618.149841,       85.3347854614
618.497559,       85.3698425293
618.845215,       85.3171081543
619.192871,       85.2762908936
619.540466,       85.3815155029
619.888000,       85.4636230469
620.235535,       85.4828338623
620.582886,       85.4406738281
620.930359,       85.4869842529
621.277710,       85.5527572632
621.625061,       85.5829696655
621.972351,       85.6280517578
622.319519,       85.6100158691
622.666809,       85.6201782227
623.013916,       85.6503524780
623.361023,       85.6926269531
623.708130,       85.6728439331
624.055054,       85.6930847168
624.402100,       85.7412719727
624.749023,       85.7054672241
625.095947,       85.6983795166
625.442810,       85.7107009888
625.789551,       85.6954650879
626.136353,       85.7322006226
626.483032,       85.7502975464
626.829712,       85.6591796875
627.176392,       85.6418762207
627.522949,       85.6966323853
627.869507,       85.7455978394
628.216003,       85.8004150391
628.562500,       85.7568817139
628.908936,       85.7870178223
629.255310,       85.7890167236
629.601624,       85.8082809448
629.947876,       85.7981567383
630.294067,       85.6085662842
630.640320,       85.6618423462
630.986511,       85.6728973389
631.332642,       85.6829986572
631.678650,       85.5418090820
632.024658,       85.5803756714
632.370728,       85.6496124268
632.716614,       85.6713104248
633.062500,       85.6609039307
633.408325,       85.6870574951
633.754089,       85.6525039673
634.099915,       85.7220306396
634.445679,       85.7506942749
634.791321,       85.7887802124
635.136963,       85.7908630371
635.482483,       85.6341781616
635.828125,       85.6779785156
636.173584,       85.7518005371
636.519043,       85.7206420898
636.864502,       85.6955261230
637.209778,       85.7475280762
637.555237,       85.9903869629
637.900452,       86.0251998901
638.245728,       86.0816574097
638.590881,       86.1325531006
638.935974,       86.3212738037
639.281189,       86.3259811401
639.626221,       86.2878112793
639.971191,       86.3469085693
640.316223,       86.3916397095
640.661072,       86.4452972412
641.006042,       86.5236968994
641.350891,       86.6134872437
641.695679,       86.6154403687
642.040466,       86.6678924561
642.385071,       86.7486267090
642.729858,       86.9683837891
643.074463,       86.7843856812
643.419067,       86.7852554321
643.763611,       86.8695144653
644.108032,       86.9783859253
644.452515,       87.0174713135
644.796936,       87.0462341309
645.141296,       87.0693054199
645.485657,       87.1223754883
645.829834,       87.1279296875
646.174133,       87.1508026123
646.518311,       87.2619628906
646.862427,       87.3786239624
647.206604,       87.4361114502
647.550598,       87.4980926514
647.894653,       87.5379180908
648.238647,       87.5734252930
648.582458,       87.5863494873
648.926453,       87.6588363647
649.270203,       87.7303314209
649.614075,       87.8037414551
649.957764,       87.7870635986
650.301453,       88.0838699341
650.645142,       88.1043548584
650.988708,       88.1516265869
651.332336,       88.2257690430
651.675842,       88.2756652832
652.019348,       88.2777557373
652.362854,       88.2856216431
652.706177,       88.3020095825
653.049561,       88.3736724854
653.392883,       88.3936233521
653.736084,       88.3877944946
654.079346,       88.3776092529
654.422424,       88.0102310181
654.765625,       88.0143280029
655.108765,       88.0319824219
655.451721,       88.1424102783
655.794800,       88.1507949829
656.137695,       88.1947784424
656.480591,       88.1213455200
656.823486,       88.0812606812
657.166260,       88.1000595093
657.509094,       88.1259765625
657.851807,       88.1410675049
658.194519,       88.1710205078
658.537109,       88.0923156738
658.879761,       88.0987777710
659.222351,       88.1312026978
659.564758,       88.1901931763
659.907349,       88.2607116699
660.249695,       88.2966156006
660.592041,       88.2996673584
660.934448,       88.2898712158
661.276672,       88.4047775269
661.619019,       88.8151550293
661.961182,       88.8749923706
662.303284,       88.8830566406
662.645508,       88.8517303467
662.987427,       88.9073791504
663.329529,       88.9257354736
663.671448,       89.0273590088
664.013428,       89.0367126465
664.355347,       89.0928497314
664.697205,       89.0066375732
665.039001,       89.0792846680
665.380676,       89.0703201294
665.722412,       89.1849212646
666.064148,       89.2514038086
666.405701,       89.3462829590
666.747253,       89.4207077026
667.088806,       89.4450683594
667.430298,       89.4702529907
667.771790,       89.5512161255
668.113159,       89.6211853027
668.454529,       89.5695648193
668.795837,       89.5763626099
669.137085,       89.6385345459
669.478394,       89.6994094849
669.819519,       89.6906585693
670.160645,       89.7147903442
670.501709,       89.7791900635
670.842773,       89.8198699951
671.183777,       89.8906707764
671.524719,       89.9592590332
671.865662,       90.1063003540
672.206482,       90.1501770020
672.547302,       90.2568130493
672.888123,       90.2572479248
673.228821,       90.2655563354
673.569458,       90.2326354980
673.910095,       90.1967773438
674.250732,       90.1253814697
674.591370,       90.1000900269
674.931824,       90.0876541138
675.272217,       90.1334533691
675.612732,       90.2204284668
675.953003,       90.2435455322
676.293396,       90.2614440918
676.633667,       90.2146072388
676.973877,       90.2206726074
677.314148,       90.2403640747
677.654236,       90.1856689453
677.994385,       90.1671142578
678.334412,       90.1776123047
678.674438,       90.0864562988
679.014404,       90.0337829590
679.354309,       89.9828186035
679.694214,       89.9581375122
680.034058,       89.9415969849
680.373840,       89.9448776245
680.713623,       89.9260940552
681.053223,       89.9440841675
681.392944,       89.8988418579
681.732544,       89.3508834839
682.072083,       88.5190429688
682.411621,       88.4460525513
682.751038,       88.3835449219
683.090515,       88.3319396973
683.429871,       88.1019821167
683.769226,       87.9907684326
684.108582,       87.9433059692
684.447754,       87.8393020630
684.786987,       87.8345489502
685.126160,       87.7345733643
685.465210,       87.6181716919
685.804382,       87.5746307373
686.143311,       87.4533004761
686.482361,       87.3273086548
686.821289,       87.1720657349
687.160156,       87.0645904541
687.499023,       86.9066772461
687.837769,       86.6713409424
688.176514,       86.4505081177
688.515259,       86.3547363281
688.853882,       86.7095489502
689.192566,       87.2653198242
689.531067,       87.0835113525
689.869629,       86.7998428345
690.208130,       86.5909652710
690.546570,       86.4047012329
690.885010,       86.1625213623
691.223267,       85.9285430908
691.561584,       85.6965332031
691.899841,       85.2552185059
692.238037,       84.9707794189
692.576294,       84.6747589111
692.914307,       84.3177795410
693.252380,       84.0300979614
693.590454,       83.6386260986
693.928406,       83.2748489380
694.266357,       82.8355407715
694.604187,       82.4245758057
694.942078,       82.1089859009
695.279907,       81.7649078369
695.617615,       81.2365722656
695.955444,       80.8495483398
696.292969,       80.4494400024
696.630676,       79.9305648804
696.968201,       79.5337371826
697.305725,       78.9314575195
697.643250,       78.5157546997
697.980652,       78.1227264404
698.318054,       77.6388702393
698.655396,       77.0666503906
698.992676,       76.6596984863
699.330017,       76.1091613770
699.667175,       75.5982360840
700.004395,       75.1265182495
700.341492,       74.6382675171
700.678528,       74.1824645996
701.015564,       73.4989395142
701.352478,       73.0700683594
701.689514,       72.5506439209
702.026428,       71.9236373901
702.363220,       71.3455200195
702.700073,       70.9270858765
703.036804,       70.3603057861
703.373474,       69.8238220215
703.710144,       69.3015441895
704.046814,       68.6363067627
704.383362,       68.2584533691
704.719910,       67.6776428223
705.056335,       67.1676406860
705.392761,       66.6246795654
705.729187,       66.1461410522
706.065552,       65.5929260254
706.401855,       65.1301879883
706.738098,       64.5674743652
707.074280,       63.9825744629
707.410461,       63.4001388550
707.746643,       62.8253326416
708.082642,       62.4292068481
708.418701,       61.8309478760
708.754639,       61.3346519470
709.090576,       60.9337425232
709.426514,       60.4115905762
709.762329,       59.7738151550
710.098083,       59.1987991333
710.433838,       58.5040969849
710.769592,       57.9569625854
711.105286,       57.5464706421
711.440796,       56.9833297729
711.776367,       56.4822540283
712.112000,       55.9528045654
712.447388,       55.4357757568
712.782837,       54.8517265320
713.118225,       54.4132118225
713.453552,       53.9027938843
713.788818,       53.4296760559
714.124023,       52.9102859497
714.459290,       52.3634109497
714.794434,       51.8782577515
715.129517,       51.3576889038
715.464661,       50.8093643188
715.799622,       50.3195762634
716.134583,       49.7356338501
716.469482,       49.1710968018
716.804321,       48.7137985229
717.139221,       48.2640075684
717.473938,       47.9196243286
717.808777,       47.3797683716
718.143433,       46.8915710449
718.478088,       46.3951187134
718.812683,       45.9124832153
719.147217,       45.3856124878
719.481750,       44.8866386414
719.816223,       44.4388732910
720.150574,       43.7944641113
720.485046,       43.2673339844
720.819214,       42.6828575134
721.153564,       42.1395263672
721.487854,       41.6458206177
721.821960,       41.1349449158
722.156189,       40.4823608398
722.490234,       40.0765762329
722.824341,       39.5812377930
723.158264,       39.0558433533
723.492249,       38.5262527466
723.826172,       38.1036033630
724.159973,       37.6106414795
724.493835,       37.1474800110
724.827576,       36.4401016235
725.161316,       35.8616027832
725.494995,       35.3132095337
725.828613,       34.8525161743
726.162231,       34.4206695557
726.495728,       33.8577194214
726.829163,       33.3937377930
727.162720,       33.0260925293
727.496033,       32.5687637329
727.829468,       32.1786804199
728.162720,       31.7670440674
728.496033,       31.2768402100
728.829224,       30.8485565186
729.162354,       30.6239547729
729.495483,       30.1860046387
729.828552,       29.7278137207
730.161560,       29.3265762329
730.494629,       29.0056381226
730.827454,       28.5689926147
731.160400,       28.1281433105
731.493225,       27.6631240845
731.825989,       27.5344314575
732.158813,       27.2015228271
732.491455,       26.8564300537
732.824158,       26.3769226074
733.156799,       25.9348449707
733.489319,       25.5187835693
733.821899,       25.0728454590
734.154236,       24.7867584229
734.486755,       24.3681182861
734.819092,       23.9920196533
735.151428,       23.6650390625
735.483765,       23.3580627441
735.815857,       23.0426254272
736.148132,       22.7435150146
736.480286,       22.3906707764
736.812378,       22.0046157837
737.144470,       21.7191314697
737.476379,       21.3742828369
737.808411,       21.1160888672
738.140259,       20.7824172974
738.472168,       20.5972747803
738.804016,       20.3793029785
739.135742,       20.1661682129
739.467468,       19.8485565186
739.799133,       19.6708755493
740.130798,       19.4242248535
740.462402,       19.1634902954
740.793884,       18.9097137451
741.125366,       18.5350189209
741.456848,       18.3495330811
741.788208,       18.1095504761
742.119568,       17.8488464355
742.450928,       17.6276245117
742.782166,       17.4599075317
743.113281,       17.1517410278
743.444458,       16.9269409180
743.775635,       16.7781600952
744.106689,       16.6460113525
744.437683,       16.5036926270
744.768677,       16.2131500244
745.099609,       16.0881805420
745.430481,       15.8180999756
745.761353,       15.4938354492
746.092102,       15.2296829224
746.422852,       15.0624694824
746.753479,       14.9276733398
747.084229,       14.8205871582
747.414795,       14.8161621094
747.745300,       14.6887512207
748.075806,       14.5694274902
748.406311,       14.5132446289
748.736694,       14.3836441040
749.067078,       14.2910614014
749.397400,       14.1546249390
749.727722,       13.9955978394
750.057861,       13.8999786377
750.388062,       13.8085479736
750.718201,       13.7101211548
751.048279,       13.5270385742
751.378357,       13.4237365723
751.708252,       13.3735046387
752.038208,       13.2338256836
752.368164,       13.1117401123
752.697937,       13.1530456543
753.027832,       13.1800308228
753.357483,       13.0767059326
753.687256,       13.0045623779
754.016907,       12.7952041626
754.346497,       12.6838684082
754.676147,       12.7138442993
755.005493,       12.7532958984
755.335083,       12.6266174316
755.664490,       12.4911727905
755.993835,       12.4052734375
756.323181,       12.3209152222
756.652405,       12.3028564453
756.981689,       12.2875061035
757.310852,       12.3188323975
757.640015,       12.2773971558
757.969177,       12.3267898560
758.298096,       12.3752441406
758.627197,       12.3207550049
758.956116,       12.3964920044
759.284973,       12.4990158081
759.613892,       12.5105438232
759.942627,       12.4699401855
760.271423,       12.5871429443
760.600159,       12.6117095947
760.928772,       12.6894226074
761.257446,       12.7721099854
761.585999,       12.6826477051
761.914490,       12.4661712646
762.242981,       12.4602127075
762.571350,       12.5242004395
762.899841,       12.3372726440
763.228088,       12.4620285034
763.556396,       12.3989105225
763.884644,       12.4434509277
764.212830,       12.3175048828
764.541016,       12.2078628540
764.869080,       12.1761474609
765.197144,       12.1272277832
765.525146,       12.1211242676
765.853088,       12.0346298218
766.181030,       11.9123687744
766.508789,       11.8906402588
766.836670,       11.7945861816
767.164429,       11.5903854370
767.492126,       11.4888000488
767.819824,       11.4754791260
768.147400,       11.2434082031
768.475037,       11.3085556030
768.802490,       11.2972564697
769.130005,       11.0949707031
769.457458,       11.1295013428
769.784790,       11.3256988525
770.112183,       11.1767196655
770.439453,       11.0813446045
770.766663,       10.8901214600
771.093872,       11.0002288818
771.420959,       11.0221557617
771.748108,       11.0018844604
772.075195,       10.8840866089
772.402161,       10.7565841675
772.729126,       10.7608795166
773.055969,       10.8646545410
773.382874,       10.7867584229
773.709717,       10.7851867676
774.036438,       10.9711761475
774.363159,       10.9285888672
774.689758,       10.8217926025
775.016479,       11.0292739868
775.343018,       10.9833068848
775.669495,       11.1444396973
775.996033,       11.3540649414
776.322449,       11.3008956909
776.648865,       11.2670135498
776.975098,       11.2728576660
777.301453,       11.3882293701
777.627686,       11.4843292236
777.953857,       11.3337249756
778.280029,       11.3808441162
778.606079,       11.1933059692
778.932068,       11.2261657715
779.258179,       11.3227539063
779.584045,       11.3240051270
779.909973,       11.2288208008
780.235840,       11.2978820801
780.561646,       11.2512054443
780.887390,       11.2243347168
781.213135,       11.3088226318
781.538757,       11.4370727539
781.864380,       11.2906723022
782.189880,       11.2093048096
782.515442,       11.2642364502
782.840942,       11.2366180420
783.166321,       11.3013000488
783.491699,       11.3495941162
783.817017,       11.5370788574
784.142395,       11.5012054443
784.467529,       11.4815673828
784.792725,       11.5043792725
785.117859,       11.4783325195
785.442932,       11.5984039307
785.768005,       11.6429443359
786.092957,       11.7142105103
786.417908,       11.6821899414
786.742798,       11.7144927979
787.067566,       11.6122665405
787.392456,       11.7163925171
787.717163,       11.7227096558
788.041870,       11.6801071167
788.366577,       11.6746978760
788.691101,       11.8154296875
789.015686,       11.7518844604
789.340149,       11.6333389282
789.664673,       11.5535659790
789.989075,       11.4720916748
790.313354,       11.2587890625
790.637756,       10.9626464844
790.962036,       10.9234771729
791.286194,       10.9411315918
791.610413,       10.9146575928
791.934448,       10.9450836182
792.258606,       10.9377746582
792.582581,       10.7761840820
792.906555,       10.6852035522
793.230530,       10.7374877930
793.554321,       10.6464614868
793.878174,       10.7665557861
794.201965,       10.8242721558
794.525696,       10.7503356934
794.849426,       10.7521667480
795.172974,       10.7204971313
795.496643,       10.6697540283
795.820129,       10.7518920898
796.143616,       10.7289581299
796.467102,       10.8020248413
796.790405,       10.8680648804
797.113831,       11.0769577026
797.437134,       11.1858215332
797.760315,       11.1923522949
798.083618,       11.2495117188
798.406677,       11.2518615723
798.729797,       11.0312957764
799.052856,       11.0145721436
799.375854,       11.2035827637
799.698853,       11.1851348877
800.021729,       10.9791488647
800.344604,       11.0706405640
800.667358,       10.9906845093
800.990112,       10.8220825195
801.312866,       10.8419494629
801.635498,       10.7538146973
801.958191,       10.7495040894
802.280701,       10.7455368042
802.603210,       10.8046035767
802.925781,       10.8426666260
803.248108,       10.7663421631
803.570496,       10.7872238159
803.892822,       10.7080230713
804.215088,       10.6750030518
804.537354,       10.6701583862
804.859436,       10.6621093750
805.181641,       10.7042083740
805.503723,       10.8630218506
805.825745,       10.7672805786
806.147766,       10.6711273193
806.469604,       10.6846313477
806.791504,       10.8057250977
807.113342,       10.7821578979
807.435181,       10.8223114014
807.756897,       10.9026947021
808.078552,       10.8606109619
808.400208,       10.9090881348
808.721802,       10.8830718994
809.043335,       10.8559722900
809.364929,       10.7428665161
809.686279,       10.7815475464
810.007751,       10.8867111206
810.329041,       10.8830718994
810.650330,       10.8646697998
810.971619,       10.9335250854
811.292786,       10.9961929321
811.613953,       10.9604949951
811.935059,       11.0077972412
812.256104,       11.0464630127
812.577148,       11.1890411377
812.898071,       11.2203063965
813.218994,       11.3300476074
813.539795,       11.4264526367
813.860596,       11.4206085205
814.181396,       11.4278717041
814.502136,       11.4875640869
814.822754,       11.5396957397
815.143372,       11.5859680176
815.463928,       11.6963806152
815.784485,       11.7072143555
816.104919,       11.8716735840
816.425354,       11.8918533325
816.745728,       11.8012695313
817.065979,       11.7275466919
817.386353,       11.8192138672
817.706421,       11.6718902588
818.026733,       11.6779251099
818.346863,       11.6332550049
818.666809,       11.5110168457
818.986938,       11.4251403809
819.306824,       11.4074249268
819.626770,       11.3592224121
819.946716,       11.2295379639
820.266479,       11.2493820190
820.586304,       11.3766021729
820.905945,       11.4214935303
821.225647,       11.2501831055
821.545349,       11.1337127686
821.864868,       11.1318588257
822.184448,       10.9797363281
822.503845,       10.9596405029
822.823364,       10.8414535522
823.142761,       10.7180862427
823.462036,       10.7044525146
823.781372,       10.7893066406
824.100525,       10.7676696777
824.419800,       10.4907684326
824.738953,       10.4138641357
825.057922,       10.4144134521
825.377014,       10.4147033691
825.695984,       10.4377822876
826.014954,       10.5221176147
826.333862,       10.6224060059
826.652649,       10.6406860352
826.971497,       10.5356140137
827.290100,       10.3815078735
827.608887,       10.1906280518
827.927612,       10.2254257202
828.246094,       10.3411865234
828.564697,       10.3377075195
828.883118,       10.4034881592
829.201599,       10.4223480225
829.520020,       10.4275207520
829.838318,       10.4448852539
830.156616,       10.4740982056
830.474854,       10.5033111572
830.793091,       10.4430389404
831.111267,       10.8768463135
831.429260,       10.9130401611
831.747437,       10.9790267944
832.065308,       11.0491256714
832.383362,       11.0176086426
832.701233,       10.8801803589
833.019043,       10.7664642334
833.336914,       10.8070144653
833.654663,       10.8251037598
833.972351,       10.8387374878
834.289978,       10.7406463623
834.607483,       10.7090225220
834.925171,       10.6690063477
835.242676,       10.6733551025
835.560059,       10.6351013184
835.877502,       10.6290130615
836.194763,       10.7167968750
836.512146,       10.7751159668
836.829468,       10.6917648315
837.146545,       10.5662841797
837.463745,       10.6346893311
837.780823,       10.6093292236
838.097900,       10.5875549316
838.414917,       10.3704299927
838.731873,       10.3707504272
839.048828,       10.4440994263
839.365540,       10.5038452148
839.682434,       10.4839477539
839.999207,       10.4041366577
840.315857,       10.3996582031
840.632568,       10.3653717041
840.949097,       10.5335540771
841.265747,       10.5788421631
841.582275,       10.5721893311
841.898682,       10.4375152588
842.215088,       10.3998107910
842.531433,       10.3770599365
842.847778,       10.3290557861
843.164063,       10.2886810303
843.480164,       10.2665100098
843.796387,       10.3365783691
844.112427,       10.3092803955
844.428528,       10.1757431030
844.744568,       10.1733093262
845.060486,       10.2660827637
845.376404,       10.2644348145
845.692200,       10.2916564941
846.008057,       10.2339324951
846.323853,       10.1883621216
846.639465,       10.1966629028
846.955139,       10.1611938477
847.270691,       10.1998367310
847.586304,       10.1329650879
847.901855,       10.1596679688
848.217224,       10.2164001465
848.532715,       10.3290557861
848.847961,       10.2326736450
849.163330,       10.3368530273
849.478638,       10.3121414185
849.793823,       10.2038269043
850.108948,       10.3064270020
850.424011,       10.1118927002
850.739136,       10.0411224365
851.054199,       10.1517944336
851.369019,       10.2272949219
851.684021,       10.3225097656
851.998779,       10.3053894043
852.313660,       10.2762451172
852.628418,       10.1626586914
852.943054,       10.1262588501
853.257751,       10.1636657715
853.572327,       10.1912536621
853.886841,       10.2153015137
854.201477,       10.2013702393
854.515808,       10.1620178223
854.830261,       10.0715484619
855.144592,        9.9271469116
855.458862,       10.1222534180
855.773193,       10.0730438232
856.087280,       10.0923156738
856.401489,       10.2284545898
856.715515,       10.1338958740
857.029602,       10.1879272461
857.343628,       10.3126602173
857.657532,       10.3743438721
857.971497,       10.3056335449
858.285278,       10.2885513306
858.599121,       10.2831268311
858.912903,       10.2927246094
859.226501,       10.4704132080
859.540222,       10.5437774658
859.853699,       10.4567565918
860.167297,       10.3705368042
860.480896,       10.3032531738
860.794250,       10.2444839478
861.107666,       10.1814117432
861.420959,       10.1562194824
861.734314,       10.2347412109
862.047546,       10.1605529785
862.360657,        9.9655609131
862.673889,        9.7582244873
862.986938,        9.6397247314
863.299988,        9.7714080811
863.613037,        9.6155776978
863.925903,        9.4636917114
864.238831,        9.3317260742
864.551575,        9.3692626953
864.864380,        9.2523956299
865.177185,        9.2199325562
865.489807,        9.2156982422
865.802490,        9.1030426025
866.114990,        9.0905914307
866.427612,        9.1847915649
866.740112,        9.2437896729
867.052429,        9.2614364624
867.364868,        9.3797912598
867.677124,        9.4426651001
867.989502,        9.4438629150
868.301758,        9.4412231445
868.613831,        9.4197769165
868.926025,        9.5330581665
869.238159,        9.7657775879
869.550049,        9.8544998169
869.862122,        9.7396163940
870.173950,        9.8866119385
870.485901,       10.0296783447
870.797791,       10.0203857422
871.109497,        9.8714752197
871.421204,        9.9387512207
871.732849,        9.9428710938
872.044495,        9.9502716064
872.356079,       10.0674438477
872.667542,       10.1569366455
872.979065,       10.2247009277
873.290344,       10.2209930420
873.601807,       10.2336730957
873.913147,       10.2183456421
874.224304,       10.1656799316
874.535645,       10.1965332031
874.846741,       10.2087097168
875.157837,       10.2277832031
875.468994,       10.0679931641
875.779907,        9.9840087891
876.090881,        9.9100494385
876.401733,        9.8501892090
876.712646,        9.8468170166
877.023499,        9.7782516479
877.334167,        9.8692169189
877.644897,        9.8739776611
877.955505,        9.8774566650
878.266113,        9.9135513306
878.576721,        9.9205703735
878.887146,        9.8177795410
879.197571,        9.8123474121
879.507996,        9.7897644043
879.818298,        9.7224121094
880.128662,        9.4724578857
880.438843,        9.4492492676
880.749084,        9.4723892212
881.059143,        9.2398757935
881.369263,        9.1845932007
881.679382,        9.2383117676
881.989258,        9.3789215088
882.299194,        9.3816223145
882.609070,        9.3281173706
882.918945,        9.3998107910
883.228760,        9.5009002686
883.538452,        9.5328140259
883.848145,        9.3391571045
884.157654,        9.4228973389
884.467285,        9.4962463379
884.776917,        9.4430847168
885.086243,        9.4065093994
885.395813,        9.4242706299
885.705017,        9.3617706299
886.014404,        9.3064270020
886.323730,        9.3221435547
886.632874,        9.5305023193
886.942078,        9.5553588867
887.251160,        9.5874176025
887.560242,        9.8521804810
887.869263,        9.8661346436
888.178162,        9.7716674805
888.487122,       10.3664474487
888.795898,       10.3671188354
889.104797,       10.3672637939
889.413513,       10.3919830322
889.722168,       10.3865432739
890.030884,       10.2978973389
890.339417,       10.4579467773
890.648010,       10.4513702393
890.956543,       10.4031143188
891.264893,       10.3847045898
891.573364,       10.4687500000
891.881653,       10.4528198242
892.189941,       10.4690399170
892.498230,       10.3822097778
892.806335,       10.4040756226
893.114502,       10.3507690430
893.422546,       10.3727569580
893.730652,       10.3078918457
894.038696,       10.3260192871
894.346497,       10.3750915527
894.654419,       10.3085021973
894.962158,        9.7116546631
895.270020,        9.7530975342
895.577759,        9.8759078979
895.885376,        9.8897094727
896.192993,        9.9110565186
896.500549,        9.8076477051
896.808044,        9.8419647217
897.115601,        9.7234191895
897.422913,        9.6056671143
897.730347,        9.5949707031
898.037598,        9.3552703857
898.344910,        9.3837432861
898.652161,        9.4217071533
898.959167,        9.4360427856
899.266418,        9.4063110352
899.573364,        9.4666290283
899.880371,        9.4778900146
900.187378,        9.6754760742
900.494202,        9.6357421875
900.801086,        9.7000503540
901.107788,        9.9277954102
901.414612,        9.9823913574
901.721375,        9.9790802002
902.027832,        9.9100952148
902.334534,        9.9324493408
902.641113,        9.8502655029
902.947510,       10.0222015381
903.253967,        9.9964523315
903.560242,       10.1020050049
903.866638,       10.2183609009
904.172974,       10.2894439697
904.479126,       10.5663299561
904.785278,       10.5901031494
905.091370,       10.5092391968
905.397461,       10.5423355103
905.703552,       10.5393753052
906.009399,       10.4406433105
906.315369,       10.4084777832
906.621155,       10.3657379150
906.927002,       10.4257049561
907.232788,       10.3364562988
907.538452,       10.1544113159
907.844116,       10.0552215576
908.149658,        9.9725112915
908.455200,       10.1183471680
908.760803,       10.0108261108
909.066162,       10.0312728882
909.371582,        9.9033813477
909.676880,        9.9425201416
909.982178,        9.9157257080
910.287476,        9.8486404419
910.592529,        9.8935852051
910.897705,        9.2508239746
911.202759,        9.1875610352
911.507813,        9.2896728516
911.812805,        9.3326873779
912.117676,        9.4082031250
912.422546,        9.4362716675
912.727356,        9.4927215576
913.032104,        9.5116806030
913.336853,        9.4771881104
913.641479,        9.4378738403
913.946106,        9.5681686401
914.250610,        9.4402160645
914.555115,        9.4378509521
914.859619,        9.2180404663
915.163940,        9.2966461182
915.468323,        9.3211364746
915.772583,        9.4254760742
916.076843,        9.4336242676
916.381104,        9.5606613159
916.685120,        9.6455993652
916.989258,        9.5383758545
917.293213,       10.0284805298
917.597290,        9.8845748901
917.901184,        9.5935058594
918.205017,        9.5496368408
918.508850,        9.5178070068
918.812561,        9.6300659180
919.116333,        9.5681686401
919.420044,        9.4190292358
919.723572,        9.0820922852
920.027222,        9.1598815918
920.330627,        9.1847686768
920.634094,        9.2726974487
920.937561,        9.3721923828
921.240784,        9.3675231934
921.544189,        9.4000625610
921.847351,        9.3796539307
922.150574,        9.1970138550
922.453735,        9.1217651367
922.756775,        8.9289550781
923.059875,        8.9552154541
923.362793,        8.9288940430
923.665771,        8.9058532715
923.968689,        9.1727523804
924.271362,        9.4923400879
924.574219,        9.3766326904
924.876892,        9.4346084595
925.179565,        9.1823501587
925.482239,        9.1872482300
925.784729,        9.0406341553
926.087280,        9.2922439575
926.389648,        9.2665405273
926.692078,        9.2738342285
926.994507,        9.4327239990
927.296692,        9.5720520020
927.599060,        9.6142883301
927.901123,        9.7510986328
928.203308,        9.8304138184
928.505432,        9.9922637939
928.807434,        9.9960021973
929.109436,       10.0775146484
929.411316,       10.0192031860
929.713196,       10.1088409424
930.015015,       10.1846160889
930.316711,       10.1335144043
930.618530,       10.1620635986
930.920105,       10.3332519531
931.221802,       10.1830749512
931.523315,       10.4202194214
931.824829,       10.4483718872
932.126282,       10.5252380371
932.427612,       10.7084350586
932.729004,       10.7866363525
933.030334,       10.7526245117
933.331482,       10.5725479126
933.632751,       10.3387908936
933.933777,       10.4147491455
934.234924,       10.2878417969
934.536011,       10.3244171143
934.836914,       10.2367706299
935.137878,       10.2533416748
935.438660,        9.9957122803
935.739502,       10.1301345825
936.040344,       10.0819091797
936.340942,       10.1969604492
936.641663,       10.1511535645
936.942383,       10.1653594971
937.242798,       10.0749130249
937.543335,       10.3137664795
937.843750,       10.3450469971
938.144165,       10.4065017700
938.444580,       10.4632034302
938.744751,       10.4993286133
939.045044,       10.4721679688
939.345154,       10.4113464355
939.645325,       10.3649291992
939.945435,       10.2950134277
940.245361,       10.3482208252
940.545410,       10.2575378418
940.845215,       10.2155609131
941.145142,       10.1638488770
941.445007,       10.0596923828
941.744629,       10.4402160645
942.044434,       10.3648986816
942.343994,       10.3969268799
942.643677,       10.2634277344
942.943237,       10.2330932617
943.242676,        9.9751739502
943.542114,        9.8773193359
943.841431,        9.6657562256
944.140808,        9.7864532471
944.440125,        9.6879119873
944.739258,        9.5337982178
945.038513,        9.4578704834
945.337524,        9.0986862183
945.636597,        9.0394439697
945.935669,        9.2827224731
946.234558,        9.4889755249
946.533508,        9.3636322021
946.832275,        9.1682281494
947.131165,        9.1656036377
947.429932,        9.4514465332
947.728516,        9.8452301025
948.027222,        9.7276916504
948.325745,        8.7386169434
948.624329,        8.4059753418
948.922852,        8.5530624390
949.221191,        8.5253982544
949.519592,        8.2677764893
949.817810,        8.3907852173
950.116150,        8.2995605469
950.414368,        8.2769470215
950.712463,        8.3209533691
951.010620,        8.6736679077
951.308594,        8.7430648804
951.606628,        9.0101776123
951.904602,        8.8431396484
952.202454,        8.6162414551
952.500305,        7.8038940430
952.798035,        7.6919860840
953.095825,        7.7303466797
953.393494,        7.6691589355
953.691040,        7.5758819580
953.988647,        7.1409149170
954.286133,        7.0677337646
954.583618,        8.0102691650
954.881042,        8.4890747070
955.178345,        8.3699951172
955.475647,        8.1536178589
955.772827,        8.3396301270
956.070068,        8.5471801758
956.367310,        8.7307891846
956.664307,        8.6148071289
956.961365,        8.3393402100
957.258240,        8.1315002441
957.555176,        7.4796905518
957.852112,        7.3822784424
958.148865,        7.4890747070
958.445679,        7.5909729004
958.742310,        8.3376693726
959.039001,        8.6186294556
959.335632,        8.8334808350
959.632141,        8.6506347656
959.928650,        8.7358703613
960.224976,        8.8172988892
960.521484,        8.5399246216
960.817871,        8.7965698242
961.114014,        8.5517120361
961.410339,        8.2972869873
961.706421,        8.4779510498
962.002563,        8.7124557495
962.298645,        8.4718017578
962.594604,        8.3569107056
962.890564,        8.1242294312
963.186401,        6.5288314819
963.482300,        6.1740570068
963.778137,        6.7402343750
964.073792,        7.0462417603
964.369568,        6.9906005859
964.665100,        6.9960937500
964.960693,        6.6573867798
965.256287,        6.0162506104
965.551697,        6.1393127441
965.847168,        6.4936065674
966.142395,        6.2283401489
966.437744,        6.1362228394
966.733032,        6.5841674805
967.028198,        6.2918930054
967.323364,        6.0825500488
967.618408,        6.2698440552
967.913513,        5.8463439941
968.208496,        5.3364334106
968.503357,        5.3246307373
968.798279,        5.1284484863
969.093018,        5.1002960205
969.387817,        7.2571258545
969.682556,        7.5851287842
969.977173,        7.3801422119
970.271790,        6.8674468994
970.566406,        6.6664505005
970.860779,        6.5587158203
971.155334,        6.8504333496
971.449646,        7.5771942139
971.743958,        7.3117752075
972.038330,        6.7113723755
972.332458,        7.0480499268
972.626648,        7.1148757935
972.920715,        7.0780029297
973.214844,        6.7627868652
973.508911,        6.7228317261
973.802734,        6.4319000244
974.096741,        6.5263290405
974.390442,        6.8163909912
974.684265,        6.8046264648
974.978088,        7.1738433838
975.271667,        7.2112045288
975.565369,        7.1526947021
975.858826,        6.8322296143
976.152405,        6.6859588623
976.445923,        6.9655456543
976.739258,        7.1499023438
977.032654,        7.2248153687
977.325867,        7.0799255371
977.619202,        6.8199920654
977.912415,        6.3106231689
978.205505,        6.5203094482
978.498596,        6.1775436401
978.791504,        5.9918441772
979.084534,        5.5647506714
979.377563,        6.0407562256
979.670288,        6.2579956055
979.963196,        6.3060150146
980.255859,        6.2732620239
980.548584,        6.3839874268
980.841309,        4.8531417847
981.133850,        4.2132873535
981.426392,        3.7420501709
981.718811,        3.7292938232
982.011292,        4.2129516602
982.303650,        4.1807250977
982.595886,        4.1781768799
982.888245,        4.0297927856
983.180359,        3.9799194336
983.472595,        3.4266510010
983.764709,        3.4320983887
984.056641,        3.8213500977
984.348755,        3.7956542969
984.640625,        3.5806961060
984.932495,        3.3995208740
985.224365,        3.7601013184
985.516052,        3.0321273804
985.807861,        3.0063781738
986.099426,        2.4091644287
986.391052,        2.7389068604
986.682678,        2.2849197388
986.974121,        3.8959655762
987.265625,        4.3588638306
987.556885,        4.6282424927
987.848328,        4.3200683594
988.139648,        3.6682891846
988.430786,        3.2315216064
988.721985,        2.6953430176
989.013000,        2.7883300781
989.304138,        2.2973403931
989.595215,        1.7481689453
989.886047,        1.5595703125
990.177002,        0.5663452148
990.467834,        0.2632293701
990.758606,        0.2855300903
991.049377,        0.4703521729
991.339966,       -1.2189941406
991.630676,       -0.9057922363
991.921143,       -0.8989410400
992.211670,       -1.2341079712
992.502197,       -1.3271026611
992.792542,       -1.4303054810
993.082886,       -1.4205932617
993.373169,       -1.6651535034
993.663452,       -1.4514923096
993.953613,       -1.5486145020
994.243713,       -1.1657714844
994.533813,       -0.4356536865
994.823792,       -0.7201843262
995.113770,       -0.2492523193
995.403687,       -0.3960800171
995.693481,        0.4301300049
995.983337,        0.5898056030
996.273010,        1.8296203613
996.562744,        1.9986419678
996.852417,        1.4738769531
997.141907,        1.6187896729
997.431458,        2.8649139404
997.720886,        2.9096832275
998.010315,        2.5675964355
998.299744,        4.0633544922
998.588928,        4.0664978027
998.878296,        4.4675827026
999.167419,        4.4003143311
999.456543,        3.1714630127
999.745667,        2.8030242920
1000.034607,        2.6667938232
1000.323669,        3.0237731934
1000.612488,        2.4416503906
1000.901367,        2.8150558472
1001.190247,        2.4709930420
1001.478882,        2.6455078125
1001.767639,        2.5509262085
1002.056335,        2.4130096436
1002.344849,        1.8823623657
1002.633423,        1.8342742920
1002.921814,        2.2039642334
1003.210266,        2.4944305420
1003.498657,        2.3255004883
1003.786926,        1.9854888916
1004.075256,        1.5323104858
1004.363342,        1.0112228394
1004.651489,        1.4342193604
1004.939697,        1.1663131714
1005.227600,       -0.0615921021
1005.515686,        0.6336669922
1005.803467,        0.3694915771
1006.091370,        0.6276168823
1006.379272,       -0.2205200195
1006.666870,        0.1630401611
1006.954712,        1.1112670898
1007.242188,        0.6170425415
1007.529907,       -0.5453948975
1007.817444,       -0.7077636719
1008.104858,       -1.9256591797
1008.392334,       -1.3273620605
1008.679565,       -1.9650650024
1008.966980,       -2.4620895386
1009.254272,       -3.0170593262
1009.541382,       -2.9854125977
1009.828613,       -2.8062057495
1010.115601,       -2.0723266602
1010.402649,       -1.9053802490
1010.689697,       -2.3761901855
1010.976563,       -2.2024459839
1011.263489,       -1.9461364746
1011.550171,       -1.5013656616
1011.837036,       -1.5039215088
1012.123657,       -1.7099609375
1012.410278,       -1.8460464478
1012.696899,       -2.8417282104
1012.983337,       -3.5947494507
1013.269897,       -3.8309097290
1013.556396,       -2.9196624756
1013.842651,       -2.5754013062
1014.129028,       -2.0891113281
1014.415161,       -2.8101272583
1014.701477,       -2.8883819580
1014.987671,       -4.7606582642
1015.273560,       -5.2502670288
1015.559692,       -5.1994705200
1015.845581,       -5.8334503174
1016.131592,       -6.4446868896
1016.417542,       -7.8747253418
1016.703247,       -9.2966690063
1016.989014,       -9.5161743164
1017.274658,       -9.7933120728
1017.560303,      -11.0845565796
1017.845947,      -11.0160751343
1018.131409,      -11.6182174683
1018.416870,      -12.0790863037
1018.702271,      -11.4955062866
1018.987671,      -12.2355957031
1019.272949,      -13.3874664307
1019.558228,      -14.9345779419
1019.843445,      -15.0436553955
1020.128540,      -14.3197555542
1020.413574,      -14.4072952271
1020.698608,      -14.1880111694
1020.983521,      -12.2880935669
1021.268555,      -14.4429550171
1021.553284,      -15.6560592651
1021.838135,      -16.4159774780
1022.122925,      -17.2941665649
1022.407593,      -36.2289581299
1022.692261,        2.0439147949
1022.976807,        9.4714202881
1023.261292,        0.2840576172
1023.545837,       -1.5201416016
1023.830200,      -16.4461975098
1024.114624,      -43.4084930420
1024.398804,      -24.3121795654
1024.683105,      -23.0013732910
1024.967285,      -23.6350097656
