339.817139,        0.0000000000
340.196106,        0.0000000000
340.575104,    -8500.0302734375
340.954010,      382.9787597656
341.332886,    -1261.5432128906
341.711761,     2625.0090332031
342.090576,       50.9554100037
342.469360,      100.6153793335
342.848114,       33.3333473206
343.226868,        0.0000000000
343.605560,       39.9149703979
343.984192,       40.5673828125
344.362854,       39.8812026978
344.741425,       44.7376976013
345.119995,       50.7639465332
345.498535,       55.0776901245
345.877014,       58.1467933655
346.255463,       60.6267929077
346.633881,       63.3652153015
347.012299,       62.8184661865
347.390625,       60.7785644531
347.768951,       59.8768005371
348.147278,       62.7828407288
348.525513,       65.9290618896
348.903748,       67.9950408936
349.281952,       69.6311645508
349.660126,       70.3601303101
350.038239,       70.4844131470
350.416321,       70.3932495117
350.794373,       70.9182662964
351.172394,       70.3839874268
351.550385,       68.9916229248
351.928375,       66.7225952148
352.306305,       69.8930587769
352.684174,       69.7572555542
353.062042,       68.9215393066
353.439880,       69.5712814331
353.817657,       71.5109100342
354.195404,       73.5288772583
354.573151,       69.2788162231
354.950836,       72.0229644775
355.328461,       73.9183731079
355.706116,       74.4805603027
356.083710,       95.2753524780
356.461243,       95.1475143433
356.838806,       94.3170776367
357.216248,       93.8994598389
357.593719,       94.4627914429
357.971161,       95.0456771851
358.348541,       95.0986480713
358.725891,       93.2432250977
359.103210,       93.7660293579
359.480530,       93.0599365234
359.857758,       94.9093780518
360.234955,       93.3333358765
360.612183,       94.0537033081
360.989319,       93.8531112671
361.366425,       93.4187316895
361.743530,       94.8349609375
362.120575,       93.2150421143
362.497559,       93.2345428467
362.874573,       92.1474761963
363.251526,       91.1954650879
363.628418,       90.1777801514
364.005310,       59.4149246216
364.382202,       57.3992385864
364.759003,       55.6136245728
365.135773,       56.2770423889
365.512482,       56.6183395386
365.889221,       58.3428039551
366.265900,       58.4308204651
366.642517,       58.8538589478
367.019165,       57.3840866089
367.395721,       59.4989471436
367.772278,       58.1238212585
368.148804,       56.8623428345
368.525269,       54.6394157410
368.901672,       55.5027008057
369.278107,       56.2088241577
369.654480,       48.5446319580
370.030823,       52.1365089417
370.407104,       51.3656196594
370.783386,       49.8532867432
371.159637,       50.2326622009
371.535828,       52.9247703552
371.912018,       53.5836753845
372.288116,       52.1100234985
372.664246,       54.0663490295
373.040283,       53.6251716614
373.416351,       52.0520133972
373.792328,       48.7343215942
374.168274,       49.1772155762
374.544250,       50.2211914063
374.920105,       53.8986129761
375.295959,       51.7901763916
375.671814,       53.8154373169
376.047607,       53.6202735901
376.423370,       54.0493774414
376.799103,       52.9914436340
377.174774,       52.6393661499
377.550415,       53.9230422974
377.926056,       49.5784301758
378.301636,       52.0660858154
378.677185,       53.8429603577
379.052673,       58.0703201294
379.428192,       60.0563812256
379.803650,       61.6932029724
380.179047,       62.0669021606
380.554443,       62.4054298401
380.929779,       61.8897514343
381.305084,       60.3570289612
381.680359,       59.4720077515
382.055634,       57.4558067322
382.430817,       56.7546386719
382.805969,       54.2984466553
383.181152,       56.9538955688
383.556244,       56.4146499634
383.931274,       57.6412277222
384.306366,       59.8029899597
384.681366,       59.8607254028
385.056305,       59.0951690674
385.431274,       60.2427139282
385.806152,       64.1250762939
386.181000,       62.4333801270
386.555817,       61.1979293823
386.930634,       54.1796684265
387.305389,       51.0955505371
387.680084,       50.0652503967
388.054810,       50.0730094910
388.429474,       48.4372100830
388.804047,       46.8017501831
389.178650,       46.1804161072
389.553192,       45.7300224304
389.927734,       47.0068435669
390.302185,       48.0530929565
390.676666,       46.4437828064
391.051086,       43.5930480957
391.425446,       43.1462669373
391.799805,       42.5535926819
392.174133,       41.2408676147
392.548370,       41.0034370422
392.922638,       39.9050636292
393.296844,       42.5265121460
393.670990,       36.4453811646
394.045135,       35.0092277527
394.419220,       33.1227111816
394.793304,       37.5068931580
395.167328,       37.8354339600
395.541321,       39.1963577271
395.915283,       39.4232444763
396.289185,       43.2079963684
396.663116,       44.1045684814
397.036957,       43.8831405640
397.410736,       43.6839599609
397.784546,       44.4849014282
398.158325,       42.9187202454
398.532013,       44.2248573303
398.905670,       43.9117584229
399.279358,       50.1422233582
399.652954,       50.1267623901
400.026520,       48.9155158997
400.400085,       50.5730705261
400.773560,       51.0918502808
401.147034,       47.8873558044
401.520508,       48.2524833679
401.893890,       49.7114982605
402.267242,       50.8505935669
402.640564,       49.5148468018
403.013855,       49.9300880432
403.387146,       47.6492118835
403.760345,       47.0531082153
404.133514,       49.0879859924
404.506683,       50.3949890137
404.879791,       52.6329231262
405.252869,       54.2578697205
405.625946,       52.1275329590
405.998962,       50.5684967041
406.371918,       52.2290000916
406.744873,       52.2419738770
407.117798,       45.7478637695
407.490631,       45.2190742493
407.863525,       45.2870635986
408.236298,       44.5078392029
408.609039,       49.6813697815
408.981842,       48.9507865906
409.354523,       51.2748374939
409.727173,       50.9070281982
410.099792,       50.3710212708
410.472382,       49.3652267456
410.844910,       48.1607933044
411.217438,       46.8968238831
411.589935,       46.2929916382
411.962402,       42.3365249634
412.334778,       45.6215629578
412.707153,       44.6902046204
413.079498,       42.3741798401
413.451813,       42.7251853943
413.824066,       44.0987930298
414.196350,       41.8039093018
414.568512,       42.2854843140
414.940674,       42.8376617432
415.312805,       42.9862899780
415.684906,       42.5738563538
416.056946,       50.3738174438
416.429016,       45.8685913086
416.800964,       45.9538383484
417.172913,       43.2627639771
417.544830,       43.0298347473
417.916718,       43.6540412903
418.288574,       43.2361717224
418.660370,       42.8278388977
419.032135,       43.2287788391
419.403870,       42.8846702576
419.775574,       42.3870468140
420.147247,       38.7642402649
420.518860,       39.1596450806
420.890472,       39.3453025818
421.262024,       39.5880355835
421.633545,       38.7817611694
422.005005,       38.9204864502
422.376495,       37.4359321594
422.747925,       36.4892005920
423.119293,       35.8650817871
423.490601,       36.4103393555
423.861938,       26.8567810059
424.233215,       27.8507328033
424.604462,       29.3002223969
424.975647,       28.8240966797
425.346832,       27.6925773621
425.717926,       26.5387535095
426.089050,       26.1320972443
426.460083,       25.3456230164
426.831085,       24.5060214996
427.202087,       24.2012825012
427.572998,       24.7775917053
427.943939,       25.8720912933
428.314819,       24.9372367859
428.685669,       24.5424213409
429.056458,       24.8384895325
429.427246,       24.4179821014
429.797943,       23.6375904083
430.168701,       23.8151988983
430.539337,       24.3859214783
430.909943,       24.8250312805
431.280548,       25.8458728790
431.651093,       27.2858409882
432.021606,       27.8599891663
432.392120,       25.7380313873
432.762543,       25.4351463318
433.132965,       25.2265243530
433.503326,       25.3319377899
433.873688,       25.1581935883
434.243958,       24.9227008820
434.614227,       24.1465492249
434.984467,       24.7918357849
435.354645,       23.9258689880
435.724792,       22.0535774231
436.094910,       20.9049186707
436.464996,       21.2892799377
436.835052,       23.4668617249
437.205048,       23.3904399872
437.575043,       24.9633216858
437.944977,       24.8712844849
438.314880,       25.1977272034
438.684753,       25.0068550110
439.054565,       23.7586688995
439.424377,       23.7622184753
439.794128,       22.4413909912
440.163849,       23.0923366547
440.533508,       25.9970607758
440.903198,       26.3623027802
441.272797,       27.4580230713
441.642334,       28.2677021027
442.011902,       28.7957706451
442.381409,       29.8785438538
442.750854,       30.0180664063
443.120300,       30.4274330139
443.489655,       30.5600852966
443.859039,       31.6392059326
444.228333,       31.3239955902
444.597626,       29.1458168030
444.966888,       29.6226539612
445.336060,       27.7796096802
445.705231,       27.2355766296
446.074402,       26.1655082703
446.443512,       26.1437454224
446.812531,       25.9154911041
447.181610,       24.6592350006
447.550568,       24.8326110840
447.919525,       24.9131507874
448.288483,       22.3364505768
448.657349,       22.1184082031
449.026154,       20.6167469025
449.394989,       20.2804260254
449.763763,       21.0685214996
450.132477,       20.2235317230
450.501190,       19.4392433167
450.869812,       18.8420696259
451.238464,       18.6665458679
451.607025,       17.8946399689
451.975586,       18.8692531586
452.344116,       19.0018825531
452.712585,       19.2979011536
453.081024,       19.5039596558
453.449463,       19.5106697083
453.817810,       19.4721088409
454.186127,       18.9680271149
454.554413,       42.4577064514
454.922668,       42.6864356995
455.290894,       42.0063056946
455.659088,       41.2188186646
456.027222,       40.7511329651
456.395325,       40.3285980225
456.763428,       40.3799018860
457.131439,       39.7691650391
457.499420,       38.6758613586
457.867371,       38.4758300781
458.235321,       38.1451835632
458.603210,       37.9275703430
458.971039,       37.8417930603
459.338867,       37.2705307007
459.706635,       36.2578964233
460.074371,       35.6536407471
460.442047,       34.7631378174
460.809753,       36.0469741821
461.177368,       35.7495765686
461.544952,       35.7672691345
461.912537,       35.3547630310
462.280029,       15.7357931137
462.647522,       14.9574298859
463.014984,       14.7506656647
463.382355,       14.9880619049
463.749725,       14.8068876266
464.117065,       14.4720287323
464.484344,       13.9749546051
464.851593,       13.6556034088
465.218842,       13.6192407608
465.586029,       13.7121572495
465.953156,       13.6131744385
466.320282,       13.2258529663
466.687317,       13.4221658707
467.054352,       13.5473222733
467.421356,       13.8169918060
467.788300,       13.6541080475
468.155243,       13.7864055634
468.522095,       11.9822626114
468.888947,       12.4646835327
469.255768,       12.5880107880
469.622559,       13.3747844696
469.989258,       13.5597410202
470.355988,       13.5732126236
470.722626,       13.8291835785
471.089233,       13.5280313492
471.455841,       13.7598190308
471.822388,       13.7515945435
472.188873,       13.7043590546
472.555389,       13.5963277817
472.921753,       13.6493053436
473.288208,       13.5003404617
473.654602,       13.3727369308
474.020874,       13.4762744904
474.387177,       12.8362102509
474.753387,       12.4351320267
475.119629,       11.9699783325
475.485809,       12.0672941208
475.851929,       11.6980705261
476.218018,       11.6591997147
476.584076,       11.4623699188
476.950104,       10.9769554138
477.316101,       10.4261188507
477.682037,       10.0189380646
478.047974,        9.8948907852
478.413818,       10.1267480850
478.779663,       10.2925529480
479.145477,        9.9880437851
479.511200,        9.9885559082
479.876953,       10.1841516495
480.242615,       10.3434467316
480.608276,       10.2629079819
480.973907,       10.1249389648
481.339417,       10.3912982941
481.704987,       10.3477144241
482.070465,       10.1826343536
482.435913,       10.2876424789
482.801331,       10.2754669189
483.166718,       10.1323795319
483.532043,       10.3034105301
483.897369,       10.6224088669
484.262634,       10.4957075119
484.627869,       10.5919809341
484.993073,       10.3682918549
485.358215,       10.4627246857
485.723297,       10.3679914474
486.088409,       10.1866540909
486.453461,        9.9812793732
486.818451,        9.9113817215
487.183411,        9.9849233627
487.548370,        9.8514671326
487.913239,        9.8143510818
488.278107,        9.6411952972
488.642883,        9.5450153351
489.007660,        9.4064445496
489.372437,        9.2362804413
489.737091,        9.1806259155
490.101746,        9.1273527145
490.466370,        9.1078300476
490.830963,        9.0784788132
491.195526,        8.8535089493
491.559998,        8.5249357224
491.924500,        8.3852500916
492.288940,        8.3380136490
492.653320,        8.4326934814
493.017670,        8.3389148712
493.382019,        8.3039216995
493.746277,        8.0660562515
494.110504,        8.0286931992
494.474731,        8.1662340164
494.838898,        8.1073713303
495.203033,        8.0827541351
495.567108,        8.0552530289
495.931122,        9.4246149063
496.295166,        9.4561147690
496.659149,        9.2842311859
497.023041,        9.2876548767
497.386963,        9.3498134613
497.750824,        9.3249244690
498.114624,        9.4464502335
498.478455,        9.5597705841
498.842163,        9.6040039063
499.205872,        9.5490341187
499.569580,        9.5858087540
499.933167,        9.6277399063
500.296753,        9.5785083771
500.660339,        9.6962118149
501.023834,        9.7676248550
501.387299,        9.7872838974
501.750763,        9.8809719086
502.114166,        9.8302841187
502.477509,        9.7799015045
502.840851,        9.9398593903
503.204102,       10.1198024750
503.567352,        9.0388097763
503.930573,        9.1528224945
504.293732,        9.2017498016
504.656860,        9.3625974655
505.019989,        9.6356334686
505.382996,        9.7404384613
505.746033,        9.8166418076
506.109009,        9.8460664749
506.471924,        9.8999996185
506.834839,       10.0166692734
507.197662,       10.0665559769
507.560486,       10.1715602875
507.923309,       10.3307828903
508.286041,       10.3937063217
508.648743,       10.4937095642
509.011414,       10.6321640015
509.373993,       10.7273702621
509.736633,       10.8388595581
510.099213,       10.9499692917
510.461731,       10.8906335831
510.824158,       10.9687776566
511.186615,       11.0152606964
511.548950,       11.0662164688
511.911346,       11.2516860962
512.273682,       11.3246726990
512.635925,       11.2487726212
512.998169,       11.3129062653
513.360352,       11.3442850113
513.722534,       11.5726795197
514.084717,       11.8377723694
514.446777,       11.9574546814
514.808777,       12.1758823395
515.170776,       12.2979183197
515.532776,       12.4927272797
515.894714,       12.5850763321
516.256592,       12.7429828644
516.618469,       14.2045497894
516.980286,       14.4700393677
517.342041,       14.6814498901
517.703735,       14.8438339233
518.065430,       15.1554803848
518.427185,       15.3333587646
518.788696,       15.5094623566
519.150330,       15.6558361053
519.511902,       15.8738164902
519.873291,       16.0091323853
520.234802,       16.2836112976
520.596252,       16.4468364716
520.957581,       16.6477203369
521.318970,       16.6527519226
521.680237,       16.7051753998
522.041565,       16.8355274200
522.402771,       16.9678974152
522.763977,       17.1420154572
523.125061,       17.2648334503
523.486206,       17.7721118927
523.847229,       17.9716415405
524.208252,       17.0556793213
524.569275,       17.0744514465
524.930237,       17.1908416748
525.291138,       17.3725776672
525.652100,       17.4751110077
526.012817,       17.5489253998
526.373657,       17.7023696899
526.734436,       17.8002052307
527.095093,       17.9559173584
527.455811,       18.1367206573
527.816528,       18.1989803314
528.177002,       18.3679466248
528.537598,       18.5577220917
528.898132,       18.7530956268
529.258606,       18.8496360779
529.619080,       19.0102996826
529.979431,       19.4768600464
530.339844,       19.4827518463
530.700134,       19.5597019196
531.060425,       19.4283790588
531.420654,       19.5334110260
531.780884,       19.8774166107
532.140991,       19.9636631012
532.501160,       19.9953327179
532.861267,       20.1702156067
533.221375,       20.1844215393
533.581299,       20.2185554504
533.941284,       20.3535518646
534.301208,       20.5024394989
534.661133,       20.5323925018
535.020996,       20.6173820496
535.380798,       20.7306613922
535.740540,       20.8489589691
536.100220,       20.8677330017
536.459900,       20.8914146423
536.819641,       20.9885635376
537.179260,       21.0097122192
537.538757,       20.7666378021
537.898376,       20.8402671814
538.257813,       20.8802528381
538.617249,       20.8692798615
538.976685,       20.8678894043
539.336121,       20.6762084961
539.695374,       20.6746177673
540.054688,       20.7892837524
540.413879,       20.7928638458
540.773132,       20.8591442108
541.132385,       20.9767761230
541.491516,       21.0261764526
541.850525,       21.0911159515
542.209595,       21.0400485992
542.568604,       21.1016788483
542.927612,       21.1224727631
543.286560,       21.0241355896
543.645386,       21.0268726349
544.004333,       21.0627040863
544.363098,       21.0458049774
544.721924,       21.1701869965
545.080688,       21.1780471802
545.439331,       21.3245697021
545.797974,       21.3307170868
546.156616,       21.4725608826
546.515137,       21.4583778381
546.873657,       21.4624977112
547.232239,       21.5747852325
547.590698,       21.5555019379
547.949097,       21.6032104492
548.307495,       21.5740451813
548.665833,       21.5029983521
549.024109,       21.4485759735
549.382385,       21.4465065002
549.740540,       21.5976352692
550.098755,       21.5813922882
550.456909,       21.5555477142
550.815002,       21.5682468414
551.173096,       21.5480175018
551.531128,       21.5360240936
551.888977,       21.5781040192
552.247009,       21.5084743500
552.604797,       21.6379909515
552.962708,       21.6147041321
553.320557,       21.6508827209
553.678345,       21.6731815338
554.036011,       21.6599540710
554.393738,       21.6713981628
554.751404,       21.5980987549
555.109009,       21.6246051788
555.466614,       21.5130367279
555.824158,       21.4942073822
556.181641,       21.5726413727
556.539063,       21.5493106842
556.896423,       21.4923439026
557.253845,       21.3534393311
557.611206,       21.4513053894
557.968445,       21.4434108734
558.325745,       21.4145164490
558.682922,       21.4439220428
559.040161,       21.4253101349
559.397278,       21.3836021423
559.754395,       21.4139366150
560.111389,       21.2079696655
560.468445,       21.0718135834
560.825378,       21.0445308685
561.182251,       20.9125728607
561.539185,       20.9130096436
561.896057,       20.8728199005
562.252869,       20.8382987976
562.609619,       20.7507896423
562.966309,       20.7783794403
563.323059,       20.7408485413
563.679688,       20.6547279358
564.036316,       20.5774593353
564.392822,       20.5694046021
564.749390,       20.5124492645
565.105835,       20.3343086243
565.462280,       20.2883853912
565.818726,       20.3022232056
566.175049,       20.1610603333
566.531372,       20.0956840515
566.887573,       19.9832859039
567.243896,       19.7998847961
567.600098,       19.7766304016
567.956299,       19.7558078766
568.312378,       19.6223735809
568.668457,       19.5111904144
569.024475,       19.3387336731
569.380493,       19.2057495117
569.736389,       19.1499938965
570.092346,       19.1433944702
570.448181,       19.0198116302
570.804077,       18.8694839478
571.159790,       18.7704315186
571.515564,       18.6996555328
571.871338,       18.5550594330
572.226929,       18.4767150879
572.582581,       18.4016952515
572.938171,       18.2909297943
573.293701,       18.1583461761
573.649231,       18.0748500824
574.004700,       18.0377445221
574.360107,       17.9714241028
574.715515,       17.9220581055
575.070801,       17.8723487854
575.426086,       17.6910972595
575.781433,       17.5570755005
576.136658,       17.4471855164
576.491821,       17.4234046936
576.846985,       17.3514385223
577.202026,       17.2542190552
577.557129,       17.1588916779
577.912109,       17.0492229462
578.267090,       17.0060710907
578.621948,       16.9158077240
578.976929,       16.8298683167
579.331726,       16.7451629639
579.686523,       16.8349895477
580.041321,       16.7950839996
580.396057,       16.7560367584
580.750732,       16.7884807587
581.105408,       16.7441711426
581.459961,       16.6197338104
581.814575,       16.5689296722
582.169067,       16.4651298523
582.523499,       16.3137702942
582.877991,       16.2943820953
583.232361,       16.3235149384
583.586731,       16.3201770782
583.941040,       16.2398166656
584.295349,       16.1846332550
584.649536,       16.1286640167
585.003784,       16.0370616913
585.357849,       16.1850776672
585.712036,       16.1355209351
586.066040,       16.0676803589
586.420166,       16.0290412903
586.774048,       15.9658174515
587.128052,       15.7512187958
587.481934,       15.6193199158
587.835815,       15.5411672592
588.189636,       15.4068393707
588.543396,       15.3834581375
588.897095,       15.3483476639
589.250732,       15.2850303650
589.604431,       15.2520370483
589.958069,       15.2090311050
590.311646,       15.2022094727
590.665161,       15.1618843079
591.018677,       15.1152610779
591.372070,       15.1449918747
591.725525,       15.1753292084
592.078857,       15.1448535919
592.432190,       15.0825920105
592.785461,       14.9586219788
593.138733,       14.9474534988
593.491821,       14.9428157806
593.845032,       14.9233741760
594.198181,       14.9728240967
594.551270,       15.0306329727
594.904236,       15.0120973587
595.257202,       14.9932203293
595.610168,       14.9399757385
595.963074,       14.9288158417
596.315979,       14.8766222000
596.668823,       14.8861455917
597.021606,       15.0585756302
597.374268,       15.0521707535
597.726990,       15.0849866867
598.079651,       15.0604295731
598.432312,       15.0693178177
598.784851,       15.0042104721
599.137390,       14.9883346558
599.489868,       15.0660915375
599.842285,       15.0602874756
600.194702,       14.9535865784
600.547119,       14.8878154755
600.899414,       14.8432645798
601.251648,       14.8064289093
601.603882,       14.6975622177
601.956116,       14.6051359177
602.308289,       14.6052341461
602.660400,       14.5741882324
603.012451,       14.6003828049
603.364441,       14.5136613846
603.716370,       14.5018892288
604.068359,       14.5701799393
604.420288,       14.4326133728
604.772156,       14.4056901932
605.123962,       14.3169879913
605.475708,       14.2774362564
605.827515,       14.2261867523
606.179138,       14.2093772888
606.530884,       14.1556043625
606.882385,       14.0072526932
607.233948,       14.0656814575
607.585449,       14.0354824066
607.936951,       14.0371398926
608.288452,       14.0502004623
608.639893,       14.0631170273
608.991150,       14.0768842697
609.342468,       14.0831041336
609.693726,       14.1744346619
610.044983,       14.1128511429
610.396240,       14.0810375214
610.747314,       14.0640678406
611.098389,       14.0475635529
611.449463,       13.9043092728
611.800476,       13.8372316360
612.151489,       13.8278455734
612.502441,       13.7648897171
612.853271,       13.7094554901
613.204102,       13.6526632309
613.554932,       13.6403303146
613.905701,       13.6744499207
614.256470,       13.6383876801
614.607178,       13.5107564926
614.957764,       13.5295066833
615.308350,       13.4864997864
615.658875,       13.3731555939
616.009399,       13.2741899490
616.359924,       13.2302875519
616.710327,       13.1696491241
617.060669,       13.0219955444
617.411011,       13.0170640945
617.761292,       12.9786567688
618.111572,       12.9882860184
618.461853,       12.9094839096
618.812012,       12.9139509201
619.162109,       12.8855047226
619.512146,       12.8339509964
619.862183,       12.8375291824
620.212219,       12.8397493362
620.562195,       12.7719984055
620.912048,       12.7325000763
621.261963,       12.6745996475
621.611755,       12.6783046722
621.961548,       12.6597185135
622.311340,       12.5828475952
622.661072,       12.6101913452
623.010681,       12.6190547943
623.360229,       12.6954231262
623.709839,       12.7028989792
624.059387,       12.6646862030
624.408936,       12.6156282425
624.758423,       12.9257354736
625.107727,       12.8640460968
625.457031,       12.7756414413
625.806458,       12.8078641891
626.155762,       12.8109989166
626.504944,       12.7709064484
626.854126,       12.7789993286
627.203308,       12.7536687851
627.552368,       12.7237606049
627.901428,       12.7737541199
628.250488,       12.7358388901
628.599487,       12.7173767090
628.948364,       12.7072629929
629.297241,       12.7096939087
629.646118,       12.6977262497
629.994934,       12.6528921127
630.343689,       12.6135845184
630.692444,       12.5126581192
631.041077,       12.4626712799
631.389648,       12.5730409622
631.738281,       12.5679550171
632.086853,       12.2526149750
632.435364,       12.2667083740
632.783875,       12.4295415878
633.132263,       12.3835887909
633.480591,       12.2857990265
633.828918,       12.2687520981
634.177246,       12.2645521164
634.525513,       12.2277212143
634.873657,       12.1784248352
635.221863,       12.1222381592
635.569946,       12.0699119568
635.918030,       11.9583072662
636.266052,       11.8854618073
636.614136,       11.9778251648
636.962036,       11.9463710785
637.309937,       11.8776721954
637.657776,       11.8464040756
638.005615,       11.8963022232
638.353394,       11.8795890808
638.701111,       11.6981782913
639.048767,       11.6161746979
639.396423,       11.5102281570
639.743958,       11.4395475388
640.091614,       11.2139654160
640.439087,       11.1752929688
640.786560,       11.1335268021
641.133972,       11.0792436600
641.481323,       11.0195608139
641.828735,       10.9340276718
642.176025,       10.9188928604
642.523315,       10.8334131241
642.870483,       10.8358058929
643.217651,       10.8132343292
643.564758,       10.8175001144
643.911804,       10.5822372437
644.258911,       10.8093137741
644.605896,       10.7741575241
644.952820,       10.7168006897
645.299683,       10.6027307510
645.646606,       10.5363807678
645.993469,       10.4845476151
646.340210,       10.4384346008
646.687012,       10.3743953705
647.033630,       10.3683528900
647.380249,       10.3238468170
647.726868,       10.2202777863
648.073425,       10.1509723663
648.419983,       10.0662212372
648.766418,        9.9623785019
649.112854,        9.9140024185
649.459229,        9.8482685089
649.805603,        9.8114681244
650.151855,        9.7292594910
650.498169,        9.6368598938
650.844360,        9.5256690979
651.190552,        9.5231361389
651.536621,        9.1625061035
651.882751,        9.1271324158
652.228760,        9.0969133377
652.574829,        9.0163135529
652.920715,        8.9456596375
653.266602,        8.9477348328
653.612488,        8.9790134430
653.958252,        8.9841108322
654.304077,        8.8964948654
654.649841,        8.8915729523
654.995483,        8.8979768753
655.341064,        8.8729124069
655.686707,        9.2841510773
656.032288,        9.2779474258
656.377808,        9.2587976456
656.723267,        9.1927566528
657.068726,        9.1793823242
657.414063,        9.1514635086
657.759399,        9.2295074463
658.104736,        9.2478017807
658.449951,        9.2376794815
658.795166,        9.2114486694
659.140381,        9.2117910385
659.485474,        9.2143383026
659.830505,        9.1922264099
660.175598,        9.1978197098
660.520569,        9.1564912796
660.865479,        9.0540180206
661.210327,        8.9863109589
661.555237,        8.9569721222
661.900085,        8.9104804993
662.244812,        8.8861150742
662.589539,        8.8396635056
662.934265,        8.4334487915
663.278809,        8.3824787140
663.623413,        8.3825778961
663.968018,        8.4062414169
664.312500,        8.3698892593
664.656921,        8.3417272568
665.001343,        8.2326383591
665.345703,        8.1727247238
665.690063,        8.1398706436
666.034302,        8.1493606567
666.378662,        8.0750665665
666.722778,        8.0363245010
667.066895,        7.9885520935
667.410950,        7.9162201881
667.755066,        7.8586773872
668.099121,        7.8292460442
668.443054,        7.8089594841
668.786987,        7.8266634941
669.130798,        7.7956528664
669.474731,        7.7604799271
669.818481,        7.8148260117
670.162292,        7.7655205727
670.506042,        7.7423648834
670.849670,        7.6918988228
671.193176,        7.6959857941
671.536804,        7.6730327606
671.880371,        7.6438231468
672.223816,        7.6331205368
672.567261,        7.6123723984
672.910645,        7.5575895309
673.254028,        7.4883213043
673.597290,        7.4518704414
673.940613,        7.3939085007
674.283875,        7.4175586700
674.626953,        7.4224309921
674.970093,        7.4098296165
675.313232,        7.4628219604
675.656250,        7.5487656593
675.999268,        7.5605802536
676.342224,        7.5941743851
676.685120,        7.6336660385
677.027893,        7.5779371262
677.370789,        7.5819568634
677.713562,        7.5785441399
678.056335,        7.6341924667
678.398987,        7.6553010941
678.741577,        7.6488127708
679.084167,        7.6914758682
679.426758,        7.7214927673
679.769287,        7.7053136826
680.111755,        7.7809052467
680.454163,        7.8352479935
680.796509,        7.8686623573
681.138794,        7.9024391174
681.481140,        7.9434447289
681.823364,        7.9489750862
682.165588,        7.9967789650
682.507751,        7.9487853050
682.849792,        7.8815331459
683.191833,        7.8571796417
683.533875,        7.8931035995
683.875854,        7.8697085381
684.217834,        7.9461827278
684.559692,        8.0105419159
684.901428,        8.2437105179
685.243286,        8.3023786545
685.585022,        8.3305368423
685.926819,        8.4531059265
686.268372,        8.4920215607
686.609985,        8.6093883514
686.951538,        8.7779407501
687.293091,        8.8294219971
687.634583,        8.9582643509
687.976013,        9.1197471619
688.317322,        9.2687416077
688.658630,        9.4072351456
689.000000,        9.5875959396
689.341248,        9.7775535583
689.682495,       10.0492954254
690.023682,       10.2894105911
690.364746,       10.5075368881
690.705811,       10.7744674683
691.046814,       11.0670375824
691.387817,       11.3460979462
691.728760,       11.6329298019
692.069702,       11.8497562408
692.410522,       12.2213125229
692.751282,       12.5362243652
693.092102,       12.8309755325
693.432800,       13.2567119598
693.773499,       13.5568056107
694.114075,       13.8991413116
694.454651,       14.2972488403
694.795105,       14.6572504044
695.135620,       15.1065130234
695.476135,       15.5369567871
695.816528,       15.9918384552
696.156799,       16.4491481781
696.497131,       16.8921241760
696.837402,       17.3009815216
697.177612,       17.8608798981
697.517822,       18.3382854462
697.857971,       18.7230739594
698.197937,       19.2442855835
698.538025,       19.6986789703
698.877991,       20.2174015045
699.217957,       20.6483936310
699.557922,       21.0169143677
699.897705,       21.4920272827
700.237549,       21.9907741547
700.577271,       22.4392757416
700.916992,       22.9509716034
701.256653,       23.4758758545
701.596313,       23.9295940399
701.935852,       24.4451370239
702.275391,       24.8595561981
702.614868,       25.4974842072
702.954346,       25.9412803650
703.293701,       26.4183158875
703.633118,       26.9540252686
703.972412,       27.4454975128
704.311646,       27.8073883057
704.650818,       28.2499523163
704.990051,       28.7409687042
705.329163,       29.1406536102
705.668274,       29.6883106232
706.007263,       29.9970054626
706.346252,       30.4593238831
706.685181,       30.8896331787
707.024109,       31.2784976959
707.362976,       31.6830482483
707.701721,       32.1193275452
708.040527,       32.5085029602
708.379211,       32.8498229980
708.717896,       33.2885627747
709.056519,       33.7294731140
709.395142,       34.1618919373
709.733582,       34.4027214050
710.072144,       34.7715454102
710.410522,       35.1308059692
710.748962,       35.4340858459
711.087341,       35.7832412720
711.425598,       36.2168502808
711.763855,       36.6696472168
712.102051,       37.1908874512
712.440247,       37.5450325012
712.778320,       37.8095588684
713.116455,       38.2431144714
713.454468,       38.5298995972
713.792419,       38.9101371765
714.130310,       39.2864570618
714.468262,       39.6550827026
714.806091,       39.9468460083
715.143921,       40.3315887451
715.481628,       40.7111244202
715.819397,       41.0915832520
716.156982,       41.3772048950
716.494629,       41.6864395142
716.832214,       42.0147819519
717.169739,       42.4265060425
717.507202,       42.7619590759
717.844543,       43.1248855591
718.182007,       43.4474716187
718.519348,       43.7088775635
718.856689,       43.9230422974
719.193970,       44.0448150635
719.531067,       44.3986816406
719.868164,       44.6788520813
720.205322,       44.9116973877
720.542419,       45.2072219849
720.879456,       45.4355506897
721.216431,       45.7166900635
721.553345,       45.9925231934
721.890198,       46.2683486938
722.227051,       46.4619827271
722.563782,       46.7755317688
722.900635,       47.0218467712
723.237244,       47.3369865417
723.573914,       47.5366516113
723.910461,       47.7883987427
724.247070,       47.9528999329
724.583557,       48.1775856018
724.920044,       48.3671379089
725.256409,       48.6505355835
725.592773,       48.8640861511
725.929077,       49.0855216980
726.265442,       49.2752799988
726.601685,       49.7814064026
726.937866,       50.0566482544
727.273987,       50.2896652222
727.609985,       50.5248184204
727.946045,       50.7812385559
728.282043,       50.9518623352
728.618042,       51.1587333679
728.953979,       51.3620986938
729.289795,       51.6062927246
729.625610,       51.7136993408
729.961426,       51.9140701294
730.297119,       52.1794319153
730.632813,       52.3809089661
730.968384,       52.5323448181
731.304016,       52.6358795166
731.639465,       52.7863388062
731.974976,       52.9853630066
732.310425,       53.0875549316
732.645874,       53.2822608948
732.981201,       53.4367675781
733.316467,       53.6067733765
733.651733,       53.4346351624
733.986938,       53.5629386902
734.322144,       53.7086029053
734.657288,       53.8518066406
734.992310,       53.9705390930
735.327271,       54.2866783142
735.662292,       54.4635353088
735.997253,       54.5528411865
736.332092,       54.7175941467
736.666931,       54.8543586731
737.001709,       54.9528541565
737.336426,       54.9686317444
737.671143,       55.0864830017
738.005798,       55.2041893005
738.340393,       55.3459777832
738.674988,       55.5214576721
739.009399,       55.5862007141
739.343933,       55.7606925964
739.678345,       55.8269615173
740.012756,       55.9704284668
740.347046,       56.0478668213
740.681274,       56.1176071167
741.015503,       56.1893157959
741.349731,       56.2637100220
741.683838,       56.2732467651
742.017944,       56.3551063538
742.351929,       56.3540115356
742.685974,       56.4210357666
743.019897,       56.5303573608
743.353821,       56.5601882935
743.687622,       56.6714363098
744.021484,       56.7941436768
744.355225,       56.7830581665
744.688965,       56.8427581787
745.022583,       56.9351081848
745.356201,       57.0123214722
745.689819,       57.0525779724
746.023376,       57.0872726440
746.356812,       57.0820808411
746.690186,       57.1213111877
747.023621,       57.1756553650
747.356934,       57.2120742798
747.690247,       57.3412132263
748.023499,       57.4188232422
748.356689,       57.5094871521
748.689758,       57.5733604431
749.022888,       57.6226959229
749.355957,       57.6365814209
749.688965,       57.6056289673
750.021912,       57.6778831482
750.354858,       57.6943740845
750.687683,       57.6828193665
751.020447,       57.6632194519
751.353271,       57.6959419250
751.686035,       57.7163047791
752.018677,       57.7272338867
752.351257,       57.7392272949
752.683838,       57.7807502747
753.016357,       57.8395919800
753.348877,       57.8198013306
753.681396,       57.7980461121
754.013672,       57.8165817261
754.346008,       57.9228630066
754.678345,       57.8715858459
755.010559,       57.8113365173
755.342834,       57.8453178406
755.674988,       57.9182624817
756.007080,       57.9187698364
756.339050,       57.9347915649
756.671082,       57.9230842590
757.003052,       57.8589019775
757.335022,       57.8112411499
757.666870,       57.9601058960
757.998657,       58.0040397644
758.330444,       58.1195068359
758.662170,       58.1884269714
758.993896,       58.1801185608
759.325562,       58.1682739258
759.657043,       58.1647148132
759.988586,       58.1779594421
760.320129,       58.1640777588
760.651489,       58.3113479614
760.982971,       58.3943290710
761.314331,       58.3596458435
761.645569,       58.3530426025
761.976807,       58.3899726868
762.308044,       58.3688278198
762.639160,       58.3759918213
762.970276,       58.3681869507
763.301331,       58.3302497864
763.632385,       58.3854751587
763.963257,       58.4598884583
764.294250,       58.5299911499
764.625122,       58.4281730652
764.955933,       58.5848579407
765.286743,       58.4385871887
765.617432,       58.4365539551
765.948120,       58.4108428955
766.278748,       58.4491500854
766.609314,       58.5038299561
766.939880,       58.4463653564
767.270325,       58.4934234619
767.600708,       58.3769264221
767.931152,       58.2411155701
768.261536,       58.2358436584
768.591858,       58.2627487183
768.922119,       58.3099555969
769.252258,       58.3113975525
769.582397,       58.2658767700
769.912537,       58.2867317200
770.242615,       58.3477554321
770.572632,       58.3360862732
770.902588,       58.2937698364
771.232483,       58.4559783936
771.562256,       58.4080467224
771.892151,       58.2001800537
772.221863,       58.2403907776
772.551697,       58.2433471680
772.881287,       58.2409019470
773.210938,       58.1935424805
773.540466,       58.1605072021
773.870056,       58.2079391479
774.199463,       58.2498550415
774.528992,       58.3902702332
774.858337,       58.4389190674
775.187622,       58.4570045471
775.516968,       58.4119033813
775.846191,       58.3095130920
776.175415,       58.2748413086
776.504578,       58.3091392517
776.833618,       58.3663520813
777.162598,       58.3210411072
777.491638,       58.2507896423
777.820618,       58.2250137329
778.149536,       57.9566345215
778.478394,       57.9684486389
778.807190,       57.9609336853
779.135864,       58.0352973938
779.464600,       57.9284973145
779.793335,       57.9411621094
780.121948,       57.9619483948
780.450439,       57.8755149841
780.778931,       57.9430694580
781.107422,       57.8924903870
781.435913,       57.8045845032
781.764282,       57.7688751221
782.092651,       57.7693405151
782.420837,       57.7420158386
782.749023,       57.7683677673
783.077209,       57.8042678833
783.405396,       57.7829055786
783.733521,       57.7402648926
784.061462,       57.6934623718
784.389465,       57.7680664063
784.717346,       57.8079986572
785.045288,       57.9201812744
785.373108,       57.8719253540
785.700928,       57.8502655029
786.028625,       57.7372856140
786.356384,       57.7481346130
786.683960,       57.7983093262
787.011536,       57.7553634644
787.339111,       57.7880783081
787.666687,       57.6905975342
787.994019,       57.6675300598
788.321411,       57.6318931580
788.648804,       57.6214866638
788.976135,       57.5532302856
789.303406,       57.5946884155
789.630615,       57.5913200378
789.957703,       57.5220336914
790.284851,       57.4817123413
790.611877,       57.4290504456
790.938904,       57.4238281250
791.265930,       57.3707656860
791.592773,       57.3049125671
791.919678,       57.2699775696
792.246460,       57.2522926331
792.573242,       57.2840805054
792.899963,       57.3697166443
793.226685,       57.3467025757
793.553284,       57.2340660095
793.879822,       57.2546615601
794.206299,       57.1411590576
794.532776,       57.1135101318
794.859253,       57.1137771606
795.185669,       57.0730400085
795.511902,       56.9988594055
795.838196,       56.9933967590
796.164490,       56.9119110107
796.490601,       56.8569297791
796.816833,       56.8938064575
797.142883,       56.8944396973
797.468933,       56.8282356262
797.794861,       56.8193855286
798.120789,       56.8489532471
798.446716,       56.9439659119
798.772583,       56.9234962463
799.098328,       56.9324607849
799.424072,       56.9301605225
799.749756,       56.9481849670
800.075439,       56.9964065552
800.401001,       56.9819107056
800.726624,       57.0599861145
801.052063,       57.3029022217
801.377441,       57.2813339233
801.702881,       57.3111114502
802.028198,       57.4015083313
802.353516,       57.5740509033
802.678833,       57.6059265137
803.004028,       57.7085609436
803.329102,       57.7790603638
803.654236,       57.7544517517
803.979248,       57.8504562378
804.304321,       57.8869285583
804.629272,       57.8625869751
804.954163,       57.8487281799
805.278931,       57.7599868774
805.603821,       57.7782974243
805.928589,       57.7817916870
806.253357,       57.7096176147
806.577942,       57.6840744019
806.902588,       57.7153625488
807.227112,       57.7692222595
807.551575,       57.7449607849
807.876099,       57.6517181396
808.200500,       57.7742881775
808.524841,       57.7804336548
808.849121,       57.7016372681
809.173401,       57.6233940125
809.497620,       57.5905570984
809.821838,       57.5520744324
810.145996,       57.5001373291
810.469971,       57.5819206238
810.793945,       57.4995346069
811.117981,       57.5167350769
811.441956,       57.5475387573
811.765808,       57.5711174011
812.089600,       57.5814781189
812.413391,       57.5470046997
812.737061,       57.5410385132
813.060730,       57.5678176880
813.384338,       57.5591011047
813.708008,       57.5254669189
814.031433,       57.4913673401
814.354919,       57.4731407166
814.678345,       57.3958282471
815.001709,       57.3275489807
815.325073,       57.2577705383
815.648376,       57.2158622742
815.971558,       57.1966476440
816.294678,       57.2449378967
816.617798,       57.2253112793
816.940918,       57.2124557495
817.263977,       57.1131210327
817.586853,       57.0986557007
817.909851,       57.1528015137
818.232727,       57.1226577759
818.555542,       57.1227264404
818.878296,       57.1440277100
819.201050,       57.1811866760
819.523682,       57.2284049988
819.846375,       57.2422676086
820.168884,       57.3160171509
820.491455,       57.3020515442
820.813904,       57.4435234070
821.136353,       57.4901123047
821.458740,       57.5866165161
821.781128,       57.5575065613
822.103333,       57.6242370605
822.425598,       57.7628250122
822.747803,       57.7387046814
823.069824,       57.6771545410
823.391968,       57.6991844177
823.713989,       57.7829017639
824.035950,       57.8296966553
824.357849,       57.7337913513
824.679810,       57.6427688599
825.001587,       57.6214981079
825.323425,       57.5963363647
825.645142,       57.6322212219
825.966736,       57.5912933350
826.288391,       57.5070610046
826.610046,       57.4615020752
826.931458,       57.3170166016
827.253052,       57.3527030945
827.574402,       57.3164443970
827.895813,       57.3102302551
828.217163,       57.2426681519
828.538391,       57.2770767212
828.859619,       57.2111663818
829.180786,       57.1424827576
829.501953,       57.1647186279
829.822998,       57.1946029663
830.144043,       57.2126464844
830.464966,       57.1942405701
830.785950,       57.0911521912
831.106812,       57.1537361145
831.427673,       57.1204185486
831.748474,       57.1413917542
832.069214,       57.1882781982
832.389771,       57.1447067261
832.710449,       57.1082458496
833.031067,       57.1611518860
833.351563,       57.1574821472
833.672058,       57.2127227783
833.992371,       57.1280288696
834.312805,       57.0718688965
834.633179,       57.0125656128
834.953369,       56.9327545166
835.273621,       56.9066467285
835.593811,       56.9104423523
835.913940,       56.8920783997
836.234009,       56.8593673706
836.554077,       56.8926582336
836.874023,       57.0235366821
837.193909,       57.0005226135
837.513794,       57.0880775452
837.833618,       57.0691757202
838.153381,       57.1294364929
838.473145,       57.1504478455
838.792786,       57.0533218384
839.112366,       57.0065994263
839.432007,       57.0762825012
839.751465,       57.0374679565
840.070984,       56.9587821960
840.390381,       56.9434051514
840.709656,       56.9650306702
841.028992,       56.9999809265
841.348267,       57.0740890503
841.667480,       57.0923881531
841.986633,       57.0608558655
842.305725,       57.0670738220
842.624817,       57.0254859924
842.943848,       57.1101913452
843.262756,       57.1200599670
843.581665,       56.9498710632
843.900574,       56.9866409302
844.219360,       56.9263687134
844.538147,       56.9889259338
844.856812,       57.0384635925
845.175415,       57.0212249756
845.494080,       57.0374259949
845.812683,       57.1236686707
846.131104,       57.2589530945
846.449585,       57.2443428040
846.768005,       57.3815116882
847.086304,       57.4505157471
847.404663,       57.4522628784
847.722839,       57.3628921509
848.041077,       57.3079185486
848.359192,       57.4156990051
848.677246,       57.4709663391
848.995361,       57.5071258545
849.313354,       57.5327568054
849.631226,       57.4271278381
849.949158,       57.3878097534
850.267029,       57.3574829102
850.584778,       57.3449630737
850.902527,       57.3550300598
851.220276,       57.3593025208
851.537842,       57.3419456482
851.855469,       57.3508567810
852.173035,       57.4368782043
852.490417,       57.4772491455
852.807861,       57.3785324097
853.125305,       57.4560050964
853.442627,       57.3969955444
853.759888,       57.2769470215
854.077087,       57.2500534058
854.394287,       57.2589149475
854.711426,       57.2795944214
855.028442,       57.2150650024
855.345459,       57.2774467468
855.662537,       57.2718811035
855.979370,       57.2330665588
856.296265,       57.2827949524
856.613098,       57.2413444519
856.929871,       57.2388229370
857.246582,       57.2118949890
857.563232,       57.2594985962
857.879822,       57.2756767273
858.196411,       57.2055282593
858.512939,       57.1643066406
858.829346,       57.1647529602
859.145813,       57.0980262756
859.462158,       57.0142745972
859.778442,       57.0152359009
860.094666,       56.9430007935
860.410889,       56.9666328430
860.726990,       56.9661026001
861.043152,       56.9392738342
861.359192,       56.9250946045
861.675232,       56.9174118042
861.991150,       56.8826332092
862.307007,       56.9478378296
862.622864,       57.0654640198
862.938660,       57.1043624878
863.254333,       57.1259002686
863.570068,       57.1304550171
863.885742,       57.2156181335
864.201233,       57.1328392029
864.516846,       57.1407241821
864.832336,       57.1400985718
865.147766,       57.1993827820
865.463135,       57.1920700073
865.778503,       57.2193260193
866.093750,       57.2066841125
866.408997,       57.2576293945
866.724182,       57.3448257446
867.039246,       57.3353233337
867.354309,       57.3965492249
867.669312,       57.4581375122
867.984314,       57.3352050781
868.299194,       57.3132629395
868.614075,       57.2831687927
868.928833,       57.2854995728
869.243652,       57.1671066284
869.558289,       57.1620063782
869.872986,       57.1396598816
870.187622,       57.1592674255
870.502136,       57.0570526123
870.816650,       57.1049690247
871.131165,       57.1209831238
871.445496,       57.1124916077
871.759827,       57.0691642761
872.074158,       56.9880409241
872.388367,       56.9570846558
872.702576,       56.9892883301
873.016785,       56.9450263977
873.330750,       56.9245986938
873.644897,       56.9906959534
873.958801,       57.0047492981
874.272705,       56.9066925049
874.586670,       57.0195007324
874.900452,       56.9475250244
875.214172,       56.8709297180
875.527954,       56.7809104919
875.841614,       56.7175102234
876.155273,       56.6003074646
876.468811,       56.5373001099
876.782288,       56.5644149780
877.095764,       56.5628166199
877.409241,       56.5554389954
877.722534,       56.5618171692
878.035889,       56.6455078125
878.349121,       56.7031784058
878.662292,       56.6190414429
878.975464,       56.6134757996
879.288574,       56.7168121338
879.601624,       56.7062683105
879.914612,       56.7478599548
880.227600,       56.7525444031
880.540405,       56.6507759094
880.853271,       56.6413345337
881.166016,       56.5900917053
881.478821,       56.6531524658
881.791504,       56.6985549927
882.104065,       56.7005767822
882.416626,       56.7674179077
882.729187,       56.7984390259
883.041626,       56.8808975220
883.354065,       56.8538017273
883.666443,       56.8130416870
883.978760,       56.7492141724
884.291016,       56.7618675232
884.603271,       56.7175216675
884.915344,       56.6750869751
885.227539,       56.8292007446
885.539551,       56.7640228271
885.851501,       56.6543235779
886.163513,       56.5776100159
886.475464,       56.6028251648
886.787231,       56.5753746033
887.099060,       56.6125526428
887.410767,       56.6648368835
887.722412,       56.6672821045
888.034119,       56.6715888977
888.345642,       56.6206436157
888.657227,       56.5804710388
888.968689,       56.6487503052
889.280090,       56.6932449341
889.591492,       56.6915969849
889.902832,       56.6677627563
890.213989,       56.7051010132
890.525269,       56.7476501465
890.836487,       56.6344795227
891.147522,       56.7568969727
891.458618,       61.6238479614
891.769653,       61.4761009216
892.080566,       61.4969978333
892.391479,       61.5168647766
892.702332,       61.5747795105
893.013123,       61.4698333740
893.323853,       61.4632911682
893.634521,       61.4843025208
893.945129,       61.5628166199
894.255798,       61.5612678528
894.566223,       61.5120887756
894.876770,       61.5842170715
895.187195,       61.6787910461
895.497498,       61.6573677063
895.807861,       61.7138977051
896.118164,       61.7426567078
896.428345,       61.7704734802
896.738525,       61.8276901245
897.048645,       61.8796691895
897.358643,       61.9264678955
897.668701,       61.9097518921
897.978638,       56.7441291809
898.288513,       56.7586555481
898.598389,       56.8024101257
898.908142,       56.7974815369
899.217896,       56.7669372559
899.527588,       56.9777908325
899.837219,       56.9509391785
900.146790,       57.0526123047
900.456360,       57.0074539185
900.765747,       56.9857826233
901.075195,       57.0326805115
901.384583,       57.0284347534
901.693848,       56.9857063293
902.003174,       56.9824867249
902.312378,       56.9652023315
902.621460,       56.9465026855
902.930603,       57.0182800293
903.239685,       56.8608360291
903.548645,       56.8496475220
903.857605,       56.9026947021
904.166504,       56.8150939941
904.475281,       56.8238143921
904.784058,       56.9266815186
905.092896,       56.9048538208
905.401489,       56.9064445496
905.710144,       56.8607673645
906.018738,       56.7058219910
906.327209,       56.8408432007
906.635681,       56.7265319824
906.944031,       56.6862335205
907.252441,       56.6965827942
907.560730,       56.7091751099
907.869019,       56.7441520691
908.177185,       56.7952079773
908.485352,       56.7932434082
908.793396,       56.9056320190
909.101501,       56.9152107239
909.409485,       56.8612518311
909.717407,       56.9675025940
910.025269,       57.0029563904
910.333130,       56.9828681946
910.640869,       56.9483833313
910.948608,       56.8207817078
911.256287,       56.8204956055
911.563843,       56.7807083130
911.871399,       56.7363128662
912.178955,       56.8080787659
912.486389,       56.8456306458
912.793823,       56.7301025391
913.101135,       56.8199996948
913.408386,       56.7506484985
913.715637,       56.8521728516
914.022827,       56.8035469055
914.329956,       56.7569122314
914.637085,       56.7022094727
914.944031,       56.7113151550
915.251038,       56.5604515076
915.557983,       56.5792922974
915.864807,       56.5393142700
916.171631,       56.5250091553
916.478455,       56.5191726685
916.785095,       56.6495552063
917.091736,       56.6494865417
917.398376,       56.8573341370
917.704834,       56.8600349426
918.011414,       56.8940391541
918.317810,       56.9279022217
918.624207,       56.9567451477
918.930542,       56.9359130859
919.236816,       56.9626312256
919.542969,       56.8440361023
919.849182,       56.9132919312
920.155273,       56.7923011780
920.461304,       56.9383163452
920.767334,       56.9801635742
921.073242,       56.9361190796
921.379211,       57.0527687073
921.685059,       57.0033912659
921.990784,       56.9889793396
922.296570,       57.0119934082
922.602295,       57.0304336548
922.907898,       57.2832946777
923.213440,       57.0866584778
923.518982,       57.0994720459
923.824463,       56.9441032410
924.129883,       56.8564224243
924.435242,       56.7824440002
924.740540,       56.8293457031
925.045776,       56.8193855286
925.351013,       56.8986167908
925.656128,       56.8675689697
925.961243,       57.0586853027
926.266235,       57.0487098694
926.571167,       57.2686271667
926.876160,       57.1903839111
927.181030,       57.2098846436
927.485840,       57.2663078308
927.790588,       57.1313247681
928.095276,       57.1543388367
928.399963,       57.3748703003
928.704590,       57.4275627136
929.009094,       57.5229721069
929.313599,       57.3051376343
929.618103,       57.3777809143
929.922424,       57.3350028992
930.226807,       57.2641906738
930.531067,       57.2366523743
930.835266,       57.4901351929
931.139465,       57.4547538757
931.443542,       57.4758605957
931.747620,       57.4147872925
932.051697,       57.4624176025
932.355652,       57.2767028809
932.659485,       57.3808326721
932.963379,       57.2055397034
933.267090,       57.1316642761
933.570801,       56.9564399719
933.874573,       56.8580017090
934.178162,       56.8244285583
934.481689,       56.9738273621
934.785278,       56.7266693115
935.088745,       56.6461029053
935.392151,       56.6017913818
935.695496,       56.4445075989
935.998779,       56.2749938965
936.302063,       56.3032493591
936.605225,       56.5436668396
936.908386,       56.6984634399
937.211426,       56.5110321045
937.514465,       56.4703102112
937.817444,       56.3934097290
938.120422,       56.5586700439
938.423279,       56.5832138062
938.726013,       56.9246177673
939.028809,       56.7679061890
939.331482,       56.8360633850
939.634155,       56.8792762756
939.936768,       56.9752044678
940.239258,       57.0821533203
940.541809,       56.9692420959
940.844238,       56.8440742493
941.146606,       56.7730979919
941.448914,       56.7410469055
941.751221,       56.7861785889
942.053345,       56.7505340576
942.355530,       56.7335319519
942.657654,       56.7500457764
942.959656,       56.7817268372
943.261658,       56.6075973511
943.563599,       56.5685195923
943.865479,       56.5765037537
944.167358,       56.5162429810
944.469177,       56.3474311829
944.770813,       56.2207756042
945.072510,       55.8483734131
945.374084,       55.9294929504
945.675659,       55.6575660706
945.977173,       55.6893959045
946.278564,       55.7618637085
946.580017,       55.7361183167
946.881348,       55.7521057129
947.182617,       55.7714385986
947.483826,       55.6593360901
947.785034,       55.6439056396
948.086060,       55.5408248901
948.387207,       55.5865936279
948.688232,       55.7450180054
948.989075,       55.7494659424
949.290039,       55.4396858215
949.590942,       55.4886627197
949.891663,       55.5609054565
950.192444,       55.4679870605
950.493164,       55.5996818542
950.793701,       55.4801216125
951.094299,       55.4264831543
951.394836,       55.4781570435
951.695251,       56.5012588501
951.995667,       56.7584533691
952.295959,       56.6798858643
952.596313,       56.4206542969
952.896545,       56.6318969727
953.196716,       56.6795463562
953.496826,       56.5824584961
953.796936,       56.6872940063
954.096863,       56.5955276489
954.396912,       56.5767822266
954.696777,       56.5561523438
954.996643,       56.6484260559
955.296448,       56.7702713013
955.596191,       56.9502334595
955.895813,       56.9085235596
956.195496,       56.9413833618
956.495117,       57.2020950317
956.794556,       57.1041831970
957.094055,       56.9657745361
957.393494,       57.3507843018
957.692810,       57.3018074036
957.992126,       56.1702651978
958.291321,       56.0099678040
958.590637,       56.0186843872
958.889709,       56.0556411743
959.188782,       55.7696113586
959.487793,       55.8180694580
959.786804,       55.8622779846
960.085693,       55.7787246704
960.384460,       56.0213546753
960.683472,       56.2055397034
960.982056,       56.3056640625
961.280823,       56.4258346558
961.579407,       56.3348236084
961.877930,       56.1367454529
962.176575,       56.1276741028
962.474915,       55.8735733032
962.773376,       55.6481857300
963.071777,       55.7705345154
963.370056,       55.9766006470
963.668335,       55.4224357605
963.966431,       55.4482345581
964.264709,       55.3301696777
964.562744,       55.4972953796
964.860718,       55.5504150391
965.158691,       55.7265586853
965.456543,       55.8216094971
965.754578,       55.8782234192
966.052307,       55.9701461792
966.350037,       56.0342559814
966.647705,       55.8327064514
966.945251,       55.7203063965
967.243042,       55.4890098572
967.540405,       55.1474037170
967.837952,       55.1312370300
968.135376,       55.2301597595
968.432739,       55.5606842041
968.730042,       55.7900733948
969.027222,       55.6315231323
969.324524,       55.3133964539
969.621521,       55.2834930420
969.918701,       55.4573364258
970.215698,       55.4484367371
970.512573,       55.4467849731
970.809631,       55.4887428284
971.106384,       55.3973197937
971.403198,       55.6416168213
971.700012,       55.6671600342
971.996521,       55.5014801025
972.293335,       55.6702117920
972.589783,       55.8442192078
972.886353,       55.7739868164
973.182861,       55.5581092834
973.479309,       55.7153511047
973.775635,       55.8343124390
974.071838,       56.1744880676
974.368225,       56.0078125000
974.664368,       55.8239707947
974.960449,       55.6544075012
975.256592,       55.7606697083
975.552490,       56.2462196350
975.848633,       56.3053321838
976.144409,       56.5777473450
976.440247,       56.3740310669
976.736023,       56.7555847168
977.031738,       56.6433296204
977.327515,       56.7095031738
977.623047,       56.6285247803
977.918640,       56.7369651794
978.214172,       56.8336296082
978.509644,       56.3317375183
978.805115,       56.1930999756
979.100281,       56.4592552185
979.395752,       56.7066612244
979.690857,       56.9208984375
979.986084,       56.8044891357
980.281250,       56.6011505127
980.576172,       56.9189071655
980.871338,       56.8253860474
981.166199,       56.8662223816
981.461121,       57.0283355713
981.755920,       56.6415786743
982.050781,       56.6153831482
982.345520,       56.4600753784
982.640076,       56.6273040771
982.934814,       56.3645973206
983.229309,       56.1850128174
983.523804,       56.4491157532
983.818298,       56.3294525146
984.112610,       56.0521850586
984.407043,       57.7031250000
984.701233,       58.1535453796
984.995483,       58.1138076782
985.289612,       58.1337089539
985.583618,       58.1833915710
985.877869,       58.1105880737
986.171753,       58.0782279968
986.465698,       58.0568504333
986.759583,       58.1310081482
987.053467,       58.7934837341
987.347290,       58.8210334778
987.640869,       58.7020950317
987.934631,       58.8167266846
988.228149,       58.7516555786
988.521667,       58.6942977905
988.815186,       58.9539184570
989.108582,       59.1327247620
989.402039,       59.1946182251
989.695313,       59.1870002747
989.988525,       59.2051734924
990.281738,       59.3911399841
990.574829,       57.5192527771
990.868042,       57.2271461487
991.161011,       57.7217216492
991.453979,       57.8880424500
991.746948,       58.1060104370
992.039795,       58.5465354919
992.332642,       59.1443901062
992.625305,       59.0469970703
992.918091,       58.7268714905
993.210632,       58.9737014771
993.503235,       59.2090682983
993.795837,       60.6332893372
994.088196,       60.6888580322
994.380676,       60.9242782593
994.672913,       61.1845130920
994.965271,       61.9733505249
995.257568,       61.8930816650
995.549622,       62.3893089294
995.841858,       62.7142982483
996.133850,       62.7685356140
996.425903,       62.9781379700
996.717834,       62.9028396606
997.009766,       62.8068084717
997.301636,       62.2037277222
997.593323,       61.9281158447
997.885193,       61.5298271179
998.176758,       60.9590454102
998.468384,       60.9704208374
998.760010,       60.8148765564
999.051392,       61.1802330017
999.342957,       60.4130210876
999.634277,       60.2995338440
999.925598,       58.9242401123
1000.216919,       58.9029617310
1000.508118,       59.3471336365
1000.799255,       59.1003112793
1001.090271,       58.1194458008
1001.381470,       57.9028663635
1001.672363,       57.8554458618
1001.963257,       56.9987297058
1002.254150,       56.7994461060
1002.544922,       56.6112747192
1002.835815,       56.5866241455
1003.126404,       56.7622718811
1003.417114,       56.9770698547
1003.707703,       57.0676918030
1003.998108,       57.1670989990
1004.288757,       57.0548057556
1004.579041,       56.3612632751
1004.869385,       56.4783859253
1005.159729,       56.5453643799
1005.450012,       56.2420120239
1005.740173,       56.0921745300
1006.030212,       55.7109909058
1006.320435,       55.9486503601
1006.610352,       55.7092361450
1006.900330,       55.5348587036
1007.190247,       55.9878158569
1007.479980,       56.1839447021
1007.769897,       55.8059158325
1008.059509,       56.3475379944
1008.349243,       56.4269065857
1008.638855,       56.2490043640
1008.928345,       56.8353652954
1009.217896,       57.0603065491
1009.507263,       57.2860183716
1009.796753,       57.0914268494
1010.086060,       56.7770881653
1010.375366,       56.8939552307
1010.664551,       56.6192626953
1010.953674,       56.0355110168
1011.242920,       56.4535369873
1011.531738,       56.7111892700
1011.820801,       56.9438400269
1012.109741,       57.2145805359
1012.398499,       57.5807991028
1012.687439,       57.8741683960
1012.976074,       58.1726837158
1013.264771,       57.7598228455
1013.553406,       57.7764091492
1013.842041,       57.4392089844
1014.130554,       56.7777633667
1014.418884,       56.6669883728
1014.707336,       56.7552452087
1014.995789,       56.4353637695
1015.284058,       56.5862007141
1015.572327,       56.3128166199
1015.860413,       56.2897911072
1016.148621,       56.4103851318
1016.436523,       56.4730148315
1016.724609,       56.5303039551
1017.012573,       57.5309638977
1017.300354,       56.9059448242
1017.588318,       56.3287277222
1017.875977,       57.2663421631
1018.163757,       57.2466316223
1018.451416,       56.9593620300
1018.739014,       57.7195053101
1019.026611,       57.8425216675
1019.313904,       57.7315101624
1019.601440,       57.6869544983
1019.888733,       57.8537178040
1020.176086,       59.0118064880
1020.463318,       59.7874221802
1020.750549,       60.0618362427
1021.037720,       60.8175354004
1021.324707,       61.8365058899
1021.611694,       62.2487411499
1021.898682,       63.1928100586
1022.185547,       63.6299247742
1022.472595,       63.6025924683
1022.759216,       64.6069412231
1023.045959,       64.8929061890
1023.332581,       66.5401000977
1023.619324,       67.4812393188
1023.905884,       66.7985229492
1024.192261,       67.3121871948
1024.478882,       67.0154571533
1024.765137,       65.3857269287
1025.051514,       65.3979263306
1025.337769,       65.5017395020
1025.623779,       65.6316833496
1025.910034,       66.5787048340
1026.196045,       87.6508865356
1026.482178,       68.3470077515
1026.768066,       58.1913414001
1027.053955,       62.9629592896
1027.339966,       54.9356231689
1027.625610,       57.5757560730
1027.911377,       62.5944595337
1028.197144,       62.7358551025
1028.482666,       56.6714515686
1028.768311,       71.7868423462
