339.817139,        0.0000000000
340.196106,        0.0000000000
340.575104,    -5366.6860351563
340.954010,      470.5884094238
341.332886,     2483.3422851563
341.711761,      419.9997863770
342.090576,       34.6368675232
342.469360,      100.0000000000
342.848114,       52.8845787048
343.226868,        0.0000000000
343.605560,       45.8332672119
343.984192,       44.9530906677
344.362854,       44.4296112061
344.741425,       50.0801506042
345.119995,       57.1213493347
345.498535,       60.3406677246
345.877014,       63.2414169312
346.255463,       66.7563705444
346.633881,       68.1476058960
347.012299,       68.0255050659
347.390625,       67.5807571411
347.768951,       65.4266662598
348.147278,       66.2411270142
348.525513,       69.3763885498
348.903748,       71.9161758423
349.281952,       71.9807052612
349.660126,       71.6850814819
350.038239,       72.3175201416
350.416321,       73.0086669922
350.794373,       71.0151519775
351.172394,       70.6280136108
351.550385,       68.4222488403
351.928375,       69.8398437500
352.306305,       74.8836212158
352.684174,       74.8377609253
353.062042,       74.5447006226
353.439880,       73.6350631714
353.817657,       74.3563919067
354.195404,       76.3618469238
354.573151,       73.2603759766
354.950836,       75.9730300903
355.328461,       76.5370330811
355.706116,       76.6653442383
356.083710,       96.7217559814
356.461243,       95.9708633423
356.838806,       95.1754989624
357.216248,       95.4539337158
357.593719,       95.1592864990
357.971161,       95.7820129395
358.348541,       95.7361526489
358.725891,       96.3174057007
359.103210,       96.6969833374
359.480530,       96.1044311523
359.857758,       95.9817123413
360.234955,       93.5217666626
360.612183,       94.0558776855
360.989319,       92.4598083496
361.366425,       93.0060653687
361.743530,       94.0034103394
362.120575,       92.4814147949
362.497559,       92.2496337891
362.874573,       90.9844436646
363.251526,       90.8081130981
363.628418,       90.2502212524
364.005310,       62.7783851624
364.382202,       62.3891754150
364.759003,       60.2601051331
365.135773,       60.0905723572
365.512482,       62.1107215881
365.889221,       62.1438522339
366.265900,       62.2847480774
366.642517,       62.9878768921
367.019165,       63.1353454590
367.395721,       65.6456985474
367.772278,       65.1394882202
368.148804,       64.0977630615
368.525269,       60.8726081848
368.901672,       61.3129005432
369.278107,       62.6282081604
369.654480,       57.2428474426
370.030823,       62.7050704956
370.407104,       60.6573753357
370.783386,       58.5876121521
371.159637,       59.4122238159
371.535828,       61.5944137573
371.912018,       62.4972534180
372.288116,       61.6495361328
372.664246,       63.4792404175
373.040283,       65.0179290771
373.416351,       62.9394454956
373.792328,       60.6422653198
374.168274,       61.6802406311
374.544250,       61.2422637939
374.920105,       62.6524276733
375.295959,       59.5259666443
375.671814,       61.0558700562
376.047607,       61.2527313232
376.423370,       62.3616218567
376.799103,       62.4461479187
377.174774,       62.8341217041
377.550415,       62.4614486694
377.926056,       55.2152023315
378.301636,       56.5544433594
378.677185,       58.3151702881
379.052673,       60.5651435852
379.428192,       61.2987709045
379.803650,       60.9829368591
380.179047,       60.0753593445
380.554443,       59.7929840088
380.929779,       58.9778900146
381.305084,       57.1400985718
381.680359,       57.2880821228
382.055634,       55.4596138000
382.430817,       54.2503890991
382.805969,       52.5073280334
383.181152,       55.5982284546
383.556244,       54.5297203064
383.931274,       55.5176391602
384.306366,       56.8456192017
384.681366,       55.8265380859
385.056305,       53.2288322449
385.431274,       55.2246932983
385.806152,       59.6917686462
386.181000,       59.8547439575
386.555817,       59.8829917908
386.930634,       55.5491981506
387.305389,       52.8055953979
387.680084,       51.6707115173
388.054810,       52.1860351563
388.429474,       50.4243927002
388.804047,       48.6110763550
389.178650,       50.8100051880
389.553192,       50.7535705566
389.927734,       51.8122177124
390.302185,       53.6110801697
390.676666,       52.4354095459
391.051086,       48.7692451477
391.425446,       48.9460105896
391.799805,       48.1228713989
392.174133,       46.8451843262
392.548370,       46.8385848999
392.922638,       45.9751052856
393.296844,       47.0110015869
393.670990,       41.3407859802
394.045135,       38.4366378784
394.419220,       36.3419799805
394.793304,       38.8115463257
395.167328,       39.8803596497
395.541321,       42.7357177734
395.915283,       43.3518638611
396.289185,       45.6166763306
396.663116,       45.6751213074
397.036957,       43.6820640564
397.410736,       42.3782310486
397.784546,       42.2173004150
398.158325,       39.1665382385
398.532013,       39.5203094482
398.905670,       41.0326423645
399.279358,       45.9790267944
399.652954,       46.3377914429
400.026520,       45.5855216980
400.400085,       47.7955665588
400.773560,       48.8796310425
401.147034,       46.2018241882
401.520508,       46.4244995117
401.893890,       47.9692001343
402.267242,       48.7650794983
402.640564,       48.5718917847
403.013855,       48.2942962646
403.387146,       46.3516616821
403.760345,       46.6119232178
404.133514,       50.8346099854
404.506683,       51.6792526245
404.879791,       53.5663528442
405.252869,       55.1410598755
405.625946,       53.7480125427
405.998962,       52.8224601746
406.371918,       55.1371154785
406.744873,       54.9677543640
407.117798,       49.2512359619
407.490631,       47.7078285217
407.863525,       47.0917282104
408.236298,       45.9159736633
408.609039,       51.4996757507
408.981842,       50.8479232788
409.354523,       52.2789840698
409.727173,       51.6340904236
410.099792,       50.9602470398
410.472382,       50.0124435425
410.844910,       49.8946838379
411.217438,       48.2287559509
411.589935,       46.9415740967
411.962402,       41.8284072876
412.334778,       44.2752761841
412.707153,       43.9241752625
413.079498,       42.0352783203
413.451813,       41.5395927429
413.824066,       42.9357185364
414.196350,       39.7263526917
414.568512,       39.2099876404
414.940674,       39.9191780090
415.312805,       39.9409675598
415.684906,       39.9605255127
416.056946,       47.5609741211
416.429016,       42.8555793762
416.800964,       42.7010536194
417.172913,       40.8721771240
417.544830,       41.2984886169
417.916718,       41.2988395691
418.288574,       40.7744064331
418.660370,       40.2900085449
419.032135,       40.6828384399
419.403870,       40.3281211853
419.775574,       39.9151191711
420.147247,       36.9751472473
420.518860,       37.1460914612
420.890472,       37.1338844299
421.262024,       38.0208587646
421.633545,       37.3391189575
422.005005,       37.5170555115
422.376495,       36.3511695862
422.747925,       35.3194427490
423.119293,       34.9946517944
423.490601,       35.5899505615
423.861938,       26.2835121155
424.233215,       26.2740173340
424.604462,       28.3077564240
424.975647,       27.5060119629
425.346832,       26.6666584015
425.717926,       25.8541965485
426.089050,       25.4043197632
426.460083,       24.4783458710
426.831085,       23.0701446533
427.202087,       22.1755905151
427.572998,       22.7508716583
427.943939,       23.1142539978
428.314819,       21.9259548187
428.685669,       21.6876335144
429.056458,       21.4954204559
429.427246,       21.1656932831
429.797943,       20.2911510468
430.168701,       20.8645591736
430.539337,       21.4448204041
430.909943,       22.3567104340
431.280548,       23.6901454926
431.651093,       25.5274353027
432.021606,       26.4182662964
432.392120,       24.2167797089
432.762543,       23.6488170624
433.132965,       22.7149906158
433.503326,       23.3397083282
433.873688,       23.2150497437
434.243958,       22.6359672546
434.614227,       22.2986755371
434.984467,       23.5814361572
435.354645,       22.6756725311
435.724792,       21.5730381012
436.094910,       20.6842231750
436.464996,       21.3723506927
436.835052,       24.2077178955
437.205048,       24.0369091034
437.575043,       25.5176506042
437.944977,       25.2063598633
438.314880,       26.0496463776
438.684753,       25.6961231232
439.054565,       24.0128459930
439.424377,       23.2059020996
439.794128,       22.4068584442
440.163849,       22.9233512878
440.533508,       26.0210666656
440.903198,       26.5396385193
441.272797,       27.4267101288
441.642334,       28.2904205322
442.011902,       29.1430473328
442.381409,       30.3453006744
442.750854,       30.2013339996
443.120300,       30.7491207123
443.489655,       30.8962402344
443.859039,       31.7974472046
444.228333,       31.4291515350
444.597626,       28.8332252502
444.966888,       29.3442249298
445.336060,       27.5979938507
445.705231,       26.9041500092
446.074402,       25.6985874176
446.443512,       25.2923755646
446.812531,       25.1829929352
447.181610,       24.4594154358
447.550568,       24.2816104889
447.919525,       23.9828090668
448.288483,       21.2222328186
448.657349,       20.9954700470
449.026154,       19.4416217804
449.394989,       19.0387783051
449.763763,       19.3602657318
450.132477,       18.2508659363
450.501190,       17.0002098083
450.869812,       16.3078403473
451.238464,       15.6408224106
451.607025,       14.9104003906
451.975586,       15.6440525055
452.344116,       15.9032239914
452.712585,       15.8465337753
453.081024,       16.3306312561
453.449463,       16.4823017120
453.817810,       16.6392612457
454.186127,       16.3257389069
454.554413,       41.1189460754
454.922668,       41.2244720459
455.290894,       40.4623222351
455.659088,       39.8391151428
456.027222,       39.1652259827
456.395325,       38.5892448425
456.763428,       38.3072700500
457.131439,       37.5248985291
457.499420,       36.4745635986
457.867371,       36.4735488892
458.235321,       36.2655296326
458.603210,       36.0846900940
458.971039,       36.3064956665
459.338867,       35.8701362610
459.706635,       34.9057350159
460.074371,       34.2909889221
460.442047,       33.8538360596
460.809753,       35.0705604553
461.177368,       34.8511619568
461.544952,       34.6647605896
461.912537,       34.4446525574
462.280029,       13.6580314636
462.647522,       12.9660110474
463.014984,       13.0322875977
463.382355,       13.3682994843
463.749725,       13.5841255188
464.117065,       13.7484436035
464.484344,       13.3361492157
464.851593,       13.1282110214
465.218842,       13.1207990646
465.586029,       13.2709999084
465.953156,       13.2778005600
466.320282,       12.9200410843
466.687317,       13.0123081207
467.054352,       12.9984035492
467.421356,       13.4408025742
467.788300,       13.3500413895
468.155243,       13.1903591156
468.522095,       11.3568859100
468.888947,       11.8835067749
469.255768,       11.9585189819
469.622559,       12.6062822342
469.989258,       12.8306207657
470.355988,       12.7939281464
470.722626,       12.7996702194
471.089233,       12.5543546677
471.455841,       12.7377080917
471.822388,       12.4697732925
472.188873,       12.5426530838
472.555389,       12.5619707108
472.921753,       12.7073841095
473.288208,       12.2763719559
473.654602,       12.1723718643
474.020874,       12.5062465668
474.387177,       11.8884763718
474.753387,       11.6350126266
475.119629,       10.9795284271
475.485809,       10.9333391190
475.851929,       10.5743618011
476.218018,       10.4696216583
476.584076,       10.1400537491
476.950104,        9.6655111313
477.316101,        9.1249065399
477.682037,        8.6531314850
478.047974,        8.4777688980
478.413818,        8.6328001022
478.779663,        8.6895551682
479.145477,        8.2633676529
479.511200,        8.3325967789
479.876953,        8.4516077042
480.242615,        8.5565481186
480.608276,        8.4898710251
480.973907,        8.4212083817
481.339417,        8.6909360886
481.704987,        8.5024862289
482.070465,        8.3625707626
482.435913,        8.3795251846
482.801331,        8.2920532227
483.166718,        8.2248735428
483.532043,        8.4121160507
483.897369,        8.8108291626
484.262634,        8.7475900650
484.627869,        8.8091030121
484.993073,        8.5538530350
485.358215,        8.6609554291
485.723297,        8.6735877991
486.088409,        8.5234365463
486.453461,        8.3107900620
486.818451,        8.2758131027
487.183411,        8.3246536255
487.548370,        8.2126836777
487.913239,        8.1102485657
488.278107,        7.8947997093
488.642883,        7.8665761948
489.007660,        7.7121100426
489.372437,        7.5311107635
489.737091,        7.4643850327
490.101746,        7.3314561844
490.466370,        7.3053746223
490.830963,        7.2622365952
491.195526,        7.0962018967
491.559998,        6.6272130013
491.924500,        6.4917182922
492.288940,        6.3951573372
492.653320,        6.4789600372
493.017670,        6.3782138824
493.382019,        6.2809133530
493.746277,        6.0728564262
494.110504,        5.9945473671
494.474731,        6.1520624161
494.838898,        6.0602092743
495.203033,        6.0127859116
495.567108,        5.9933595657
495.931122,        6.8624496460
496.295166,        6.8399033546
496.659149,        6.6015377045
497.023041,        6.5863356590
497.386963,        6.6097998619
497.750824,        6.5786504745
498.114624,        6.7253837585
498.478455,        6.7823042870
498.842163,        6.7427992821
499.205872,        6.7582502365
499.569580,        6.7414693832
499.933167,        6.7955536842
500.296753,        6.6817021370
500.660339,        6.6873917580
501.023834,        6.6791000366
501.387299,        6.7032823563
501.750763,        6.7541837692
502.114166,        6.6393628120
502.477509,        6.5800623894
502.840851,        6.6515555382
503.204102,        6.7624301910
503.567352,        6.0328845978
503.930573,        6.0495371819
504.293732,        6.0430250168
504.656860,        6.1399440765
505.019989,        6.3686118126
505.382996,        6.4495348930
505.746033,        6.4380750656
506.109009,        6.3851671219
506.471924,        6.3613643646
506.834839,        6.3813962936
507.197662,        6.3195648193
507.560486,        6.3277640343
507.923309,        6.4011802673
508.286041,        6.4209351540
508.648743,        6.4331779480
509.011414,        6.3593769073
509.373993,        6.3238792419
509.736633,        6.3446030617
510.099213,        6.3123354912
510.461731,        6.1643352509
510.824158,        6.1339077950
511.186615,        6.1021075249
511.548950,        6.0380973816
511.911346,        6.1157331467
512.273682,        6.0610361099
512.635925,        5.8695187569
512.998169,        5.7963719368
513.360352,        5.7442970276
513.722534,        5.9049587250
514.084717,        6.0652551651
514.446777,        6.0493783951
514.808777,        6.1705102921
515.170776,        6.1922845840
515.532776,        6.2936015129
515.894714,        6.2184376717
516.256592,        6.2397537231
516.618469,        7.3162207603
516.980286,        7.5258946419
517.342041,        7.5628204346
517.703735,        7.6069855690
518.065430,        7.8366475105
518.427185,        7.8700304031
518.788696,        7.8926801682
519.150330,        7.8906970024
519.511902,        8.0120773315
519.873291,        8.0343952179
520.234802,        8.1193399429
520.596252,        8.1848134995
520.957581,        8.2588243484
521.318970,        8.1444854736
521.680237,        8.0805015564
522.041565,        8.1222276688
522.402771,        8.1232833862
522.763977,        8.2041234970
523.125061,        8.2167901993
523.486206,        8.6367826462
523.847229,        8.7989997864
524.208252,        7.9842472076
524.569275,        7.8768148422
524.930237,        7.9003520012
525.291138,        7.9658493996
525.652100,        7.9612293243
526.012817,        7.9444088936
526.373657,        8.0096082687
526.734436,        8.0500135422
527.095093,        8.1367082596
527.455811,        8.1854324341
527.816528,        8.2310752869
528.177002,        8.2894649506
528.537598,        8.3169097900
528.898132,        8.4008550644
529.258606,        8.4062652588
529.619080,        8.4572782516
529.979431,        8.8528652191
530.339844,        8.7591085434
530.700134,        8.7563686371
531.060425,        8.6090087891
531.420654,        8.5990390778
531.780884,        8.8057003021
532.140991,        8.8199167252
532.501160,        8.7860774994
532.861267,        8.8430404663
533.221375,        8.7625074387
533.581299,        8.7996540070
533.941284,        8.8897686005
534.301208,        8.9346933365
534.661133,        8.8610782623
535.020996,        8.9159641266
535.380798,        8.9538278580
535.740540,        9.0366268158
536.100220,        9.0832681656
536.459900,        9.0527648926
536.819641,        9.0892944336
537.179260,        9.1124982834
537.538757,        8.8442153931
537.898376,        8.8933868408
538.257813,        8.8844795227
538.617249,        8.7513313293
538.976685,        8.6973657608
539.336121,        8.5726451874
539.695374,        8.5647287369
540.054688,        8.6666908264
540.413879,        8.6794948578
540.773132,        8.6773681641
541.132385,        8.6541528702
541.491516,        8.7084312439
541.850525,        8.8172588348
542.209595,        8.7591905594
542.568604,        8.7967929840
542.927612,        8.7518396378
543.286560,        8.6706933975
543.645386,        8.6512355804
544.004333,        8.6780805588
544.363098,        8.6609239578
544.721924,        8.7008924484
545.080688,        8.6821880341
545.439331,        8.7852325439
545.797974,        8.7667398453
546.156616,        8.9381475449
546.515137,        8.9291200638
546.873657,        8.9278001785
547.232239,        8.9953613281
547.590698,        8.9583024979
547.949097,        8.9693698883
548.307495,        8.9950208664
548.665833,        8.9587478638
549.024109,        8.8645029068
549.382385,        8.8089351654
549.740540,        8.9994039536
550.098755,        8.9682693481
550.456909,        9.0117835999
550.815002,        8.9929771423
551.173096,        8.9626417160
551.531128,        8.9336690903
551.888977,        8.9583244324
552.247009,        8.8873205185
552.604797,        9.0030956268
552.962708,        8.9795188904
553.320557,        9.0752019882
553.678345,        9.1113004684
554.036011,        9.1167945862
554.393738,        9.1106939316
554.751404,        9.0369071960
555.109009,        9.0450506210
555.466614,        8.9805574417
555.824158,        8.9330110550
556.181641,        8.9881982803
556.539063,        8.9326324463
556.896423,        8.8965187073
557.253845,        8.7334184647
557.611206,        8.8695087433
557.968445,        8.8353185654
558.325745,        8.8472747803
558.682922,        8.8416175842
559.040161,        8.8501214981
559.397278,        8.8083066940
559.754395,        8.9008865356
560.111389,        8.7488145828
560.468445,        8.6373653412
560.825378,        8.5814285278
561.182251,        8.4258832932
561.539185,        8.3964366913
561.896057,        8.3935842514
562.252869,        8.4432325363
562.609619,        8.3856821060
562.966309,        8.4248180389
563.323059,        8.4023122787
563.679688,        8.3967227936
564.036316,        8.3978023529
564.392822,        8.4479398727
564.749390,        8.4245939255
565.105835,        8.2750577927
565.462280,        8.2634887695
565.818726,        8.2881965637
566.175049,        8.2608613968
566.531372,        8.2231464386
566.887573,        8.1783571243
567.243896,        8.0065765381
567.600098,        8.0203371048
567.956299,        8.0377998352
568.312378,        7.9831480980
568.668457,        7.9380049706
569.024475,        7.8716249466
569.380493,        7.7767276764
569.736389,        7.7585740089
570.092346,        7.8244619370
570.448181,        7.7822179794
570.804077,        7.7572674751
571.159790,        7.7516160011
571.515564,        7.7086462975
571.871338,        7.6267995834
572.226929,        7.6121172905
572.582581,        7.5759043694
572.938171,        7.5140275955
573.293701,        7.4578552246
573.649231,        7.4052357674
574.004700,        7.4071369171
574.360107,        7.4050941467
574.715515,        7.4301295280
575.070801,        7.4289293289
575.426086,        7.3393063545
575.781433,        7.2687516212
576.136658,        7.2264857292
576.491821,        7.2362041473
576.846985,        7.2249479294
577.202026,        7.1558384895
577.557129,        7.0975012779
577.912109,        7.0329399109
578.267090,        7.0084705353
578.621948,        6.9447116852
578.976929,        6.9259510040
579.331726,        6.8683848381
579.686523,        6.9986262321
580.041321,        6.9700808525
580.396057,        6.9611430168
580.750732,        7.0508866310
581.105408,        7.0502758026
581.459961,        7.0188651085
581.814575,        7.0311231613
582.169067,        6.9964828491
582.523499,        6.9364266396
582.877991,        6.9761724472
583.232361,        7.0211095810
583.586731,        7.0465693474
583.941040,        7.0008664131
584.295349,        6.9722833633
584.649536,        6.9816761017
585.003784,        6.9228453636
585.357849,        7.1466646194
585.712036,        7.1418724060
586.066040,        7.1346654892
586.420166,        7.1397914886
586.774048,        7.1516332626
587.128052,        6.9854693413
587.481934,        6.9573402405
587.835815,        6.9226083755
588.189636,        6.8127593994
588.543396,        6.8245115280
588.897095,        6.8014898300
589.250732,        6.7770562172
589.604431,        6.7776293755
589.958069,        6.7715630531
590.311646,        6.7667140961
590.665161,        6.7427148819
591.018677,        6.7839660645
591.372070,        6.8403677940
591.725525,        6.8925299644
592.078857,        6.8549237251
592.432190,        6.8346500397
592.785461,        6.7054381371
593.138733,        6.7003273964
593.491821,        6.7099838257
593.845032,        6.7222061157
594.198181,        6.7602753639
594.551270,        6.7781887054
594.904236,        6.7413530350
595.257202,        6.7675104141
595.610168,        6.7027130127
595.963074,        6.6954722404
596.315979,        6.6842002869
596.668823,        6.6739687920
597.021606,        6.8400597572
597.374268,        6.7985138893
597.726990,        6.8585672379
598.079651,        6.8622045517
598.432312,        6.8370447159
598.784851,        6.7775449753
599.137390,        6.7892470360
599.489868,        6.9007887840
599.842285,        6.9275588989
600.194702,        6.8198270798
600.547119,        6.7836513519
600.899414,        6.7138032913
601.251648,        6.6784844398
601.603882,        6.5858273506
601.956116,        6.5829844475
602.308289,        6.5920538902
602.660400,        6.5583357811
603.012451,        6.5998158455
603.364441,        6.5334281921
603.716370,        6.5249099731
604.068359,        6.6332483292
604.420288,        6.5221710205
604.772156,        6.5132765770
605.123962,        6.4435029030
605.475708,        6.4337358475
605.827515,        6.3962602615
606.179138,        6.4204082489
606.530884,        6.4050502777
606.882385,        6.2871360779
607.233948,        6.3417291641
607.585449,        6.3430876732
607.936951,        6.3536791801
608.288452,        6.4011955261
608.639893,        6.3980841637
608.991150,        6.4338760376
609.342468,        6.4439191818
609.693726,        6.5797991753
610.044983,        6.5774483681
610.396240,        6.5621047020
610.747314,        6.5815768242
611.098389,        6.5715932846
611.449463,        6.4382934570
611.800476,        6.3766160011
612.151489,        6.3960475922
612.502441,        6.3597722054
612.853271,        6.3366799355
613.204102,        6.3379473686
613.554932,        6.3385357857
613.905701,        6.3677606583
614.256470,        6.3597984314
614.607178,        6.2945590019
614.957764,        6.3093757629
615.308350,        6.3300886154
615.658875,        6.2647023201
616.009399,        6.2349090576
616.359924,        6.2360162735
616.710327,        6.2113800049
617.060669,        6.0761170387
617.411011,        6.0761971474
617.761292,        6.0962243080
618.111572,        6.1088280678
618.461853,        6.0848088264
618.812012,        6.1165766716
619.162109,        6.1306142807
619.512146,        6.1014366150
619.862183,        6.1041097641
620.212219,        6.1197590828
620.562195,        6.0700225830
620.912048,        6.0568032265
621.261963,        6.0326647758
621.611755,        6.0705413818
621.961548,        6.0412883759
622.311340,        6.0193948746
622.661072,        6.0590124130
623.010681,        6.0742402077
623.360229,        6.1368966103
623.709839,        6.1367607117
624.059387,        6.0967435837
624.408936,        6.0914883614
624.758423,        6.0781388283
625.107727,        6.0189700127
625.457031,        5.9650764465
625.806458,        5.9875040054
626.155762,        5.9918384552
626.504944,        5.9713721275
626.854126,        6.0129146576
627.203308,        6.0093307495
627.552368,        5.9935994148
627.901428,        6.0719914436
628.250488,        6.0482592583
628.599487,        6.0317625999
628.948364,        6.0220255852
629.297241,        6.0314302444
629.646118,        6.0526833534
629.994934,        5.9928011894
630.343689,        5.9599900246
630.692444,        5.9114351273
631.041077,        5.9013853073
631.389648,        6.0316944122
631.738281,        6.0390610695
632.086853,        6.0921845436
632.435364,        6.1497697830
632.783875,        6.3232054710
633.132263,        6.3135089874
633.480591,        6.2441606522
633.828918,        6.2253012657
634.177246,        6.2000761032
634.525513,        6.1922130585
634.873657,        6.1736545563
635.221863,        6.1120529175
635.569946,        6.1025705338
635.918030,        6.0931344032
636.266052,        6.0362987518
636.614136,        6.1861300468
636.962036,        6.1573839188
637.309937,        6.1385164261
637.657776,        6.1542110443
638.005615,        6.2439594269
638.353394,        6.2539286613
638.701111,        6.1242623329
639.048767,        6.0810990334
639.396423,        6.0458397865
639.743958,        6.0090522766
640.091614,        5.8554420471
640.439087,        5.8714332581
640.786560,        5.9055337906
641.133972,        5.8995375633
641.481323,        5.9423160553
641.828735,        5.9339499474
642.176025,        5.9654083252
642.523315,        5.9386315346
642.870483,        5.9898872375
643.217651,        5.9540305138
643.564758,        6.0264086723
643.911804,        5.8475031853
644.258911,        6.1349768639
644.605896,        6.1683526039
644.952820,        6.1658406258
645.299683,        6.1118817329
645.646606,        6.1211724281
645.993469,        6.1512422562
646.340210,        6.1893787384
646.687012,        6.1681008339
647.033630,        6.2234992981
647.380249,        6.2324004173
647.726868,        6.1893038750
648.073425,        6.1836233139
648.419983,        6.1865854263
648.766418,        6.0917625427
649.112854,        6.0750508308
649.459229,        6.0702257156
649.805603,        6.0819411278
650.151855,        6.0597066879
650.498169,        6.0439453125
650.844360,        5.9780197144
651.190552,        5.9897661209
651.536621,        5.6899299622
651.882751,        5.6676669121
652.228760,        5.6846132278
652.574829,        5.6425509453
652.920715,        5.5923109055
653.266602,        5.6166200638
653.612488,        5.6458024979
653.958252,        5.6601858139
654.304077,        5.5773253441
654.649841,        5.5693430901
654.995483,        5.5950241089
655.341064,        5.5910053253
655.686707,        6.0017728806
656.032288,        6.0540771484
656.377808,        6.0612916946
656.723267,        6.0256900787
657.068726,        6.0437307358
657.414063,        6.0310993195
657.759399,        6.1424293518
658.104736,        6.1873922348
658.449951,        6.2307524681
658.795166,        6.2059926987
659.140381,        6.2453908920
659.485474,        6.2892494202
659.830505,        6.2884955406
660.175598,        6.3198065758
660.520569,        6.3091702461
660.865479,        6.2593641281
661.210327,        6.2305903435
661.555237,        6.2584204674
661.900085,        6.2524938583
662.244812,        6.2638087273
662.589539,        6.2300419807
662.934265,        5.8821439743
663.278809,        5.8666524887
663.623413,        5.8862795830
663.968018,        5.9289159775
664.312500,        5.9096965790
664.656921,        5.9198169708
665.001343,        5.8313512802
665.345703,        5.8110656738
665.690063,        5.7946386337
666.034302,        5.8575968742
666.378662,        5.8186993599
666.722778,        5.7930154800
667.066895,        5.7717523575
667.410950,        5.7370352745
667.755066,        5.6741943359
668.099121,        5.6703705788
668.443054,        5.6631150246
668.786987,        5.6629395485
669.130798,        5.6748175621
669.474731,        5.6619472504
669.818481,        5.7435517311
670.162292,        5.7324752808
670.506042,        5.6971774101
670.849670,        5.6928491592
671.193176,        5.6983718872
671.536804,        5.7128682137
671.880371,        5.6921248436
672.223816,        5.6851840019
672.567261,        5.6750650406
672.910645,        5.6399607658
673.254028,        5.5753140450
673.597290,        5.5593476295
673.940613,        5.5112862587
674.283875,        5.5222306252
674.626953,        5.5376873016
674.970093,        5.5578117371
675.313232,        5.5820126534
675.656250,        5.6734180450
675.999268,        5.7372255325
676.342224,        5.7845377922
676.685120,        5.7995839119
677.027893,        5.7270455360
677.370789,        5.7041430473
677.713562,        5.7147979736
678.056335,        5.7429866791
678.398987,        5.7573275566
678.741577,        5.7438831329
679.084167,        5.7863893509
679.426758,        5.8152737617
679.769287,        5.8087968826
680.111755,        5.8861622810
680.454163,        5.9196677208
680.796509,        5.9455766678
681.138794,        5.9625511169
681.481140,        5.9795589447
681.823364,        5.9763364792
682.165588,        6.0163345337
682.507751,        5.9774975777
682.849792,        5.9093265533
683.191833,        5.8485660553
683.533875,        5.8288221359
683.875854,        5.7868428230
684.217834,        5.8157963753
684.559692,        5.8253955841
684.901428,        5.9986729622
685.243286,        6.0030364990
685.585022,        5.9871630669
685.926819,        6.0115056038
686.268372,        5.9564518929
686.609985,        5.9665408134
686.951538,        6.0156507492
687.293091,        6.0271911621
687.634583,        6.0416092873
687.976013,        6.0627489090
688.317322,        6.0700120926
688.658630,        6.0850620270
689.000000,        6.0969734192
689.341248,        6.0688157082
689.682495,        6.1459021568
690.023682,        6.1610865593
690.364746,        6.1562523842
690.705811,        6.2039179802
691.046814,        6.2597947121
691.387817,        6.3043227196
691.728760,        6.3179636002
692.069702,        6.2788715363
692.410522,        6.3655085564
692.751282,        6.3785820007
693.092102,        6.4025430679
693.432800,        6.5131754875
693.773499,        6.5334243774
694.114075,        6.5357789993
694.454651,        6.5367484093
694.795105,        6.5785617828
695.135620,        6.6802368164
695.476135,        6.7657656670
695.816528,        6.8896441460
696.156799,        6.9844222069
696.497131,        7.0971479416
696.837402,        7.1721448898
697.177612,        7.3740592003
697.517822,        7.5032038689
697.857971,        7.5691642761
698.197937,        7.7302975655
698.538025,        7.8183903694
698.877991,        8.0211858749
699.217957,        8.1220788956
699.557922,        8.2109012604
699.897705,        8.3946962357
700.237549,        8.5918960571
700.577271,        8.7437019348
700.916992,        8.9460773468
701.256653,        9.1817874908
701.596313,        9.3475933075
701.935852,        9.5813255310
702.275391,        9.7377662659
702.614868,       10.1145362854
702.954346,       10.3085002899
703.293701,       10.5297241211
703.633118,       10.8406429291
703.972412,       11.1123590469
704.311646,       11.2943868637
704.650818,       11.5257349014
704.990051,       11.7842388153
705.329163,       11.9721374512
705.668274,       12.3980293274
706.007263,       12.5760984421
706.346252,       12.8411035538
706.685181,       13.0912113190
707.024109,       13.3235988617
707.362976,       13.6032838821
707.701721,       13.9153842926
708.040527,       14.1658945084
708.379211,       14.4366636276
708.717896,       14.7456245422
709.056519,       15.0460186005
709.395142,       15.3215036392
709.733582,       15.4848489761
710.072144,       15.7765808105
710.410522,       16.0645046234
710.748962,       16.2695980072
711.087341,       16.5100460052
711.425598,       16.8293037415
711.763855,       17.1926116943
712.102051,       17.6316585541
712.440247,       17.9943294525
712.778320,       18.1800251007
713.116455,       18.5091018677
713.454468,       18.8078231812
713.792419,       19.1359481812
714.130310,       19.5103454590
714.468262,       19.8000736237
714.806091,       20.0914077759
715.143921,       20.4304256439
715.481628,       20.7349510193
715.819397,       21.0829048157
716.156982,       21.4294815063
716.494629,       21.8078174591
716.832214,       22.1102409363
717.169739,       22.5277385712
717.507202,       22.8912963867
717.844543,       23.2943172455
718.182007,       23.6686191559
718.519348,       23.9761466980
718.856689,       24.2765693665
719.193970,       24.5150470734
719.531067,       24.8402709961
719.868164,       25.1661510468
720.205322,       25.4902534485
720.542419,       25.8325252533
720.879456,       26.1995792389
721.216431,       26.5227050781
721.553345,       26.8552360535
721.890198,       27.2137413025
722.227051,       27.5402488708
722.563782,       27.9432258606
722.900635,       28.2929954529
723.237244,       28.6609821320
723.573914,       28.9911231995
723.910461,       29.3702087402
724.247070,       29.5875320435
724.583557,       29.9167671204
724.920044,       30.2155189514
725.256409,       30.5972518921
725.592773,       30.9357414246
725.929077,       31.2736282349
726.265442,       31.5938529968
726.601685,       32.2356109619
726.937866,       32.6442260742
727.273987,       33.0044441223
727.609985,       33.3700103760
727.946045,       33.6755447388
728.282043,       34.0225372314
728.618042,       34.3765983582
728.953979,       34.6735534668
729.289795,       35.0504150391
729.625610,       35.3347587585
729.961426,       35.7034225464
730.297119,       36.0978660583
730.632813,       36.4408760071
730.968384,       36.7386665344
731.304016,       37.0308685303
731.639465,       37.3544044495
731.974976,       37.6440963745
732.310425,       37.9378051758
732.645874,       38.2693367004
732.981201,       38.5876731873
733.316467,       38.9123382568
733.651733,       38.9474639893
733.986938,       39.2473030090
734.322144,       39.5512351990
734.657288,       39.8481407166
734.992310,       40.1525955200
735.327271,       40.6215019226
735.662292,       41.0262718201
735.997253,       41.3174018860
736.332092,       41.6862258911
736.666931,       42.0256309509
737.001709,       42.3174247742
737.336426,       42.5041542053
737.671143,       42.7422904968
738.005798,       42.9855537415
738.340393,       43.2800102234
738.674988,       43.6255264282
739.009399,       43.9001541138
739.343933,       44.1780967712
739.678345,       44.4436149597
740.012756,       44.6802902222
740.347046,       44.8631172180
740.681274,       45.0851821899
741.015503,       45.3119277954
741.349731,       45.5345573425
741.683838,       45.7883224487
742.017944,       45.9666671753
742.351929,       46.0657386780
742.685974,       46.2300758362
743.019897,       46.4991073608
743.353821,       46.5989036560
743.687622,       46.7830619812
744.021484,       46.9643821716
744.355225,       47.1434631348
744.688965,       47.3243179321
745.022583,       47.5818443298
745.356201,       47.8067054749
745.689819,       47.9555702209
746.023376,       48.1303215027
746.356812,       48.2664184570
746.690186,       48.4744949341
747.023621,       48.6930694580
747.356934,       48.9092025757
747.690247,       49.0910568237
748.023499,       49.2357139587
748.356689,       49.4597053528
748.689758,       49.5286598206
749.022888,       49.7202491760
749.355957,       49.8117179871
749.688965,       49.8714218140
750.021912,       49.9592285156
750.354858,       50.1089210510
750.687683,       50.2071189880
751.020447,       50.3192977905
751.353271,       50.3796463013
751.686035,       50.5692253113
752.018677,       50.6456451416
752.351257,       50.7063751221
752.683838,       50.7941780090
753.016357,       50.9162826538
753.348877,       50.9526176453
753.681396,       50.9763526917
754.013672,       51.0657081604
754.346008,       51.1800537109
754.678345,       51.1788063049
755.010559,       51.2292861938
755.342834,       51.3131561279
755.674988,       51.4135475159
756.007080,       51.5031394958
756.339050,       51.6352844238
756.671082,       51.6879196167
757.003052,       51.7382202148
757.335022,       51.7868652344
757.666870,       52.0176544189
757.998657,       52.1396636963
758.330444,       52.3101272583
758.662170,       52.3398704529
758.993896,       52.4025688171
759.325562,       52.4652061462
759.657043,       52.5264816284
759.988586,       52.5744361877
760.320129,       52.6435012817
760.651489,       52.7759780884
760.982971,       52.8019828796
761.314331,       52.8479766846
761.645569,       52.9674186707
761.976807,       53.0002784729
762.308044,       53.0189437866
762.639160,       53.0753974915
762.970276,       53.0681381226
763.301331,       53.0261039734
763.632385,       53.1318893433
763.963257,       53.2606849670
764.294250,       53.2969169617
764.625122,       53.1791152954
764.955933,       53.4092483521
765.286743,       53.3669471741
765.617432,       53.4516754150
765.948120,       53.4572181702
766.278748,       53.5188217163
766.609314,       53.6329193115
766.939880,       53.6451644897
767.270325,       53.7040634155
767.600708,       53.6421432495
767.931152,       53.6349639893
768.261536,       53.6519165039
768.591858,       53.6391448975
768.922119,       53.6704368591
769.252258,       53.7346229553
769.582397,       53.7639541626
769.912537,       53.8071403503
770.242615,       53.8936500549
770.572632,       53.8839416504
770.902588,       53.8568305969
771.232483,       53.9846954346
771.562256,       53.9449348450
771.892151,       53.6825294495
772.221863,       53.7228584290
772.551697,       53.6843948364
772.881287,       53.7508964539
773.210938,       53.7378616333
773.540466,       53.6674423218
773.870056,       53.6847648621
774.199463,       53.7076110840
774.528992,       53.8638954163
774.858337,       53.9235343933
775.187622,       53.9327163696
775.516968,       54.0129013062
775.846191,       54.0287322998
776.175415,       53.9649429321
776.504578,       53.9243621826
776.833618,       54.0190505981
777.162598,       53.9801521301
777.491638,       53.9751052856
777.820618,       53.9358978271
778.149536,       53.8122901917
778.478394,       53.8316078186
778.807190,       53.8605041504
779.135864,       53.9023399353
779.464600,       53.8617362976
779.793335,       53.7948188782
780.121948,       53.8179931641
780.450439,       53.8216781616
780.778931,       53.8502159119
781.107422,       53.8175811768
781.435913,       53.7572021484
781.764282,       53.7436561584
782.092651,       53.7528686523
782.420837,       53.7343750000
782.749023,       53.7244033813
783.077209,       53.7772407532
783.405396,       53.8003196716
783.733521,       53.7327651978
784.061462,       53.7564506531
784.389465,       53.7994613647
784.717346,       53.8249359131
785.045288,       53.7919998169
785.373108,       53.8088150024
785.700928,       53.7076110840
786.028625,       53.5974502563
786.356384,       53.6056098938
786.683960,       53.7242774963
787.011536,       53.7253303528
787.339111,       53.6992950439
787.666687,       53.6828384399
787.994019,       53.7280426025
788.321411,       53.6073455811
788.648804,       53.6326828003
788.976135,       53.5499877930
789.303406,       53.5603828430
789.630615,       53.5945968628
789.957703,       53.4746055603
790.284851,       53.5536003113
790.611877,       53.5509986877
790.938904,       53.4848632813
791.265930,       53.4539947510
791.592773,       53.4745712280
791.919678,       53.5890769958
792.246460,       53.5481033325
792.573242,       53.6073608398
792.899963,       53.7295265198
793.226685,       53.7527313232
793.553284,       53.6671943665
793.879822,       53.7251548767
794.206299,       53.7145195007
794.532776,       53.7402572632
794.859253,       53.7757759094
795.185669,       53.8499069214
795.511902,       53.8356132507
795.838196,       53.9193038940
796.164490,       53.8671073914
796.490601,       53.8550987244
796.816833,       53.9363670349
797.142883,       53.8927612305
797.468933,       53.8832550049
797.794861,       53.9201812744
798.120789,       53.9590530396
798.446716,       53.9741973877
798.772583,       53.9589157104
799.098328,       53.9629325867
799.424072,       54.0005035400
799.749756,       53.9871749878
800.075439,       54.0019340515
800.401001,       54.0219726563
800.726624,       53.9773635864
801.052063,       54.1340751648
801.377441,       54.0674324036
801.702881,       54.1128692627
802.028198,       54.1505355835
802.353516,       54.2391128540
802.678833,       54.2057876587
803.004028,       54.2316970825
803.329102,       54.2965545654
803.654236,       54.2596397400
803.979248,       54.2883987427
804.304321,       54.2917480469
804.629272,       54.2892112732
804.954163,       54.2512550354
805.278931,       54.2130126953
805.603821,       54.2661743164
805.928589,       54.3410377502
806.253357,       54.3288230896
806.577942,       54.3650093079
806.902588,       54.4289169312
807.227112,       54.4272651672
807.551575,       54.5255203247
807.876099,       54.4152755737
808.200500,       54.6046447754
808.524841,       54.5572357178
808.849121,       54.5684394836
809.173401,       54.5541114807
809.497620,       54.5639381409
809.821838,       54.5256805420
810.145996,       54.4140319824
810.469971,       54.5151481628
810.793945,       54.4988746643
811.117981,       54.5412139893
811.441956,       54.5931282043
811.765808,       54.6461181641
812.089600,       54.7026977539
812.413391,       54.6159019470
812.737061,       54.5821952820
813.060730,       54.5791549683
813.384338,       54.5637855530
813.708008,       54.4893989563
814.031433,       54.4278030396
814.354919,       54.3745880127
814.678345,       54.3114547729
815.001709,       54.2624053955
815.325073,       54.2445182800
815.648376,       54.2206878662
815.971558,       54.1934890747
816.294678,       54.2084693909
816.617798,       54.3088607788
816.940918,       54.3838844299
817.263977,       54.3429374695
817.586853,       54.3504371643
817.909851,       54.3784141541
818.232727,       54.3605384827
818.555542,       54.3771095276
818.878296,       54.4028625488
819.201050,       54.4526405334
819.523682,       54.5612754822
819.846375,       54.6427536011
820.168884,       54.7010192871
820.491455,       54.7500000000
820.813904,       54.9206237793
821.136353,       54.9835548401
821.458740,       55.1799888611
821.781128,       55.0762252808
822.103333,       55.1273422241
822.425598,       55.1427536011
822.747803,       55.0550804138
823.069824,       55.0776252747
823.391968,       55.0133094788
823.713989,       55.0732002258
824.035950,       55.1547470093
824.357849,       55.1425209045
824.679810,       55.1147346497
825.001587,       55.1320190430
825.323425,       55.1331024170
825.645142,       55.1125221252
825.966736,       55.0556831360
826.288391,       54.9406280518
826.610046,       54.9135208130
826.931458,       54.8188514709
827.253052,       54.8106002808
827.574402,       54.7694435120
827.895813,       54.7823829651
828.217163,       54.7318534851
828.538391,       54.7857360840
828.859619,       54.7400665283
829.180786,       54.7458992004
829.501953,       54.8681678772
829.822998,       54.9079475403
830.144043,       54.9448432922
830.464966,       54.8802299500
830.785950,       54.7696113586
831.106812,       54.7569465637
831.427673,       54.7921829224
831.748474,       54.7532920837
832.069214,       54.7940902710
832.389771,       54.7569808960
832.710449,       54.8164024353
833.031067,       54.8236389160
833.351563,       54.8134384155
833.672058,       54.8838195801
833.992371,       54.8349189758
834.312805,       54.7597007751
834.633179,       54.6825828552
834.953369,       54.5658187866
835.273621,       54.6050834656
835.593811,       54.6468276978
835.913940,       54.6136436462
836.234009,       54.5385551453
836.554077,       54.5282707214
836.874023,       54.6744003296
837.193909,       54.7633361816
837.513794,       54.7640914917
837.833618,       54.7887077332
838.153381,       54.7097625732
838.473145,       54.7296333313
838.792786,       54.6475639343
839.112366,       54.7003517151
839.432007,       54.7792625427
839.751465,       54.7999725342
840.070984,       54.6882324219
840.390381,       54.6726684570
840.709656,       54.6755485535
841.028992,       54.8249969482
841.348267,       54.8344001770
841.667480,       54.8387718201
841.986633,       54.7964401245
842.305725,       54.6978721619
842.624817,       54.6978225708
842.943848,       54.6821823120
843.262756,       54.6437187195
843.581665,       54.4457931519
843.900574,       54.4118537903
844.219360,       54.3741645813
844.538147,       54.4223670959
844.856812,       54.4947624207
845.175415,       54.4713630676
845.494080,       54.5199508667
845.812683,       54.5025520325
846.131104,       54.4726791382
846.449585,       54.4661216736
846.768005,       54.6249389648
847.086304,       54.6866760254
847.404663,       54.8210563660
847.722839,       54.6541023254
848.041077,       54.6484718323
848.359192,       54.7349319458
848.677246,       54.7702026367
848.995361,       54.9165611267
849.313354,       54.8923721313
849.631226,       54.8869972229
849.949158,       54.9251327515
850.267029,       55.0093879700
850.584778,       55.0500640869
850.902527,       55.1686592102
851.220276,       55.0956726074
851.537842,       55.0081176758
851.855469,       55.0326232910
852.173035,       55.0837821960
852.490417,       55.2010841370
852.807861,       55.1818847656
853.125305,       55.2909545898
853.442627,       55.2402038574
853.759888,       55.1340866089
854.077087,       55.0273818970
854.394287,       55.0364303589
854.711426,       55.0913276672
855.028442,       55.0416107178
855.345459,       55.1399841309
855.662537,       55.1160202026
855.979370,       55.1835784912
856.296265,       55.2281455994
856.613098,       55.1131744385
856.929871,       55.0591812134
857.246582,       54.9609603882
857.563232,       54.8962707520
857.879822,       55.0289916992
858.196411,       55.0981407166
858.512939,       55.1038856506
858.829346,       55.0683670044
859.145813,       54.9630584717
859.462158,       54.9103660583
859.778442,       54.8901977539
860.094666,       54.8591270447
860.410889,       54.8355331421
860.726990,       54.8924942017
861.043152,       54.8697776794
861.359192,       54.8305168152
861.675232,       54.8457260132
861.991150,       54.7318153381
862.307007,       54.7807617188
862.622864,       54.7831115723
862.938660,       54.8523292542
863.254333,       54.9692268372
863.570068,       55.0306739807
863.885742,       55.1403465271
864.201233,       55.1347732544
864.516846,       55.0815505981
864.832336,       55.1138153076
865.147766,       55.1168899536
865.463135,       55.0932464600
865.778503,       55.1025924683
866.093750,       55.1388549805
866.408997,       55.1756515503
866.724182,       55.2510147095
867.039246,       55.3602333069
867.354309,       55.3755455017
867.669312,       55.4645767212
867.984314,       55.4569778442
868.299194,       55.4040794373
868.614075,       55.3883247375
868.928833,       55.3667526245
869.243652,       55.3621482849
869.558289,       55.3426971436
869.872986,       55.3655014038
870.187622,       55.3215751648
870.502136,       55.2799339294
870.816650,       55.3239707947
871.131165,       55.3185272217
871.445496,       55.3176879883
871.759827,       55.3276824951
872.074158,       55.4232101440
872.388367,       55.4209060669
872.702576,       55.4715042114
873.016785,       55.4320335388
873.330750,       55.4223060608
873.644897,       55.4015045166
873.958801,       55.3307876587
874.272705,       55.2243881226
874.586670,       55.2410125732
874.900452,       55.3269081116
875.214172,       55.3421974182
875.527954,       55.2678222656
875.841614,       55.2175636292
876.155273,       55.2208137512
876.468811,       55.1737709045
876.782288,       55.2228469849
877.095764,       55.1704521179
877.409241,       55.1751899719
877.722534,       55.2272186279
878.035889,       55.2700042725
878.349121,       55.2906875610
878.662292,       55.1693496704
878.975464,       55.1703376770
879.288574,       55.1650047302
879.601624,       55.1790237427
879.914612,       55.1234550476
880.227600,       55.0645217896
880.540405,       55.0676231384
880.853271,       55.1527862549
881.166016,       55.1265258789
881.478821,       55.1755256653
881.791504,       55.1584053040
882.104065,       55.1459426880
882.416626,       55.1193237305
882.729187,       55.1026573181
883.041626,       55.1142387390
883.354065,       55.1376342773
883.666443,       55.1475982666
883.978760,       55.0386085510
884.291016,       55.0436782837
884.603271,       54.9637260437
884.915344,       55.0133514404
885.227539,       55.0596847534
885.539551,       54.9878005981
885.851501,       54.9680175781
886.163513,       54.9518241882
886.475464,       54.9554100037
886.787231,       54.9451408386
887.099060,       54.9577522278
887.410767,       54.9034118652
887.722412,       54.9276466370
888.034119,       54.8404273987
888.345642,       54.8190536499
888.657227,       54.8316955566
888.968689,       54.9233741760
889.280090,       54.9691200256
889.591492,       55.0138053894
889.902832,       54.9228363037
890.213989,       54.9089775085
890.525269,       55.0010757446
890.836487,       54.9040565491
891.147522,       55.1214027405
891.458618,       58.8994445801
891.769653,       58.8951835632
892.080566,       58.9770088196
892.391479,       58.9641113281
892.702332,       58.9809188843
893.013123,       59.0229454041
893.323853,       59.1510772705
893.634521,       59.1921806335
893.945129,       59.3492698669
894.255798,       59.3785476685
894.566223,       59.3506507874
894.876770,       59.4378662109
895.187195,       59.4639854431
895.497498,       59.5261688232
895.807861,       59.4990959167
896.118164,       59.5062179565
896.428345,       59.5926170349
896.738525,       59.7063903809
897.048645,       59.6639328003
897.358643,       59.7177963257
897.668701,       59.6477966309
897.978638,       55.6666450500
898.288513,       55.6367797852
898.598389,       55.5872573853
898.908142,       55.5425338745
899.217896,       55.4292221069
899.527588,       55.5037422180
899.837219,       55.4365882874
900.146790,       55.5632781982
900.456360,       55.4994049072
900.765747,       55.5091438293
901.075195,       55.6228179932
901.384583,       55.6586914063
901.693848,       55.6388015747
902.003174,       55.5599746704
902.312378,       55.6423797607
902.621460,       55.6490554810
902.930603,       55.6880874634
903.239685,       55.6461029053
903.548645,       55.6992950439
903.857605,       55.7418098450
904.166504,       55.6745071411
904.475281,       55.6192474365
904.784058,       55.6353988647
905.092896,       55.6911125183
905.401489,       55.7828979492
905.710144,       55.8365898132
906.018738,       55.7810020447
906.327209,       55.8132781982
906.635681,       55.7117881775
906.944031,       55.6725425720
907.252441,       55.6660842896
907.560730,       55.5677223206
907.869019,       55.5304832458
908.177185,       55.6350631714
908.485352,       55.6668586731
908.793396,       55.8032112122
909.101501,       55.7436637878
909.409485,       55.7214736938
909.717407,       55.7274818420
910.025269,       55.7404861450
910.333130,       55.7513885498
910.640869,       55.6552810669
910.948608,       55.6773948669
911.256287,       55.6683425903
911.563843,       55.6321220398
911.871399,       55.5315856934
912.178955,       55.6185379028
912.486389,       55.6225662231
912.793823,       55.5811271667
913.101135,       55.4986076355
913.408386,       55.4780502319
913.715637,       55.5466117859
914.022827,       55.7130393982
914.329956,       55.6536560059
914.637085,       55.5459899902
914.944031,       55.5580139160
915.251038,       55.3300247192
915.557983,       55.3582115173
915.864807,       55.2661972046
916.171631,       55.2038803101
916.478455,       55.1790695190
916.785095,       55.2306365967
917.091736,       55.3240776062
917.398376,       55.4005317688
917.704834,       55.4067611694
918.011414,       55.4213943481
918.317810,       55.4540977478
918.624207,       55.4710083008
918.930542,       55.4056777954
919.236816,       55.3567008972
919.542969,       55.4312705994
919.849182,       55.4283866882
920.155273,       55.4161376953
920.461304,       55.3437461853
920.767334,       55.3937835693
921.073242,       55.3642883301
921.379211,       55.3793144226
921.685059,       55.2993125916
921.990784,       55.2090415955
922.296570,       55.2698135376
922.602295,       55.2348060608
922.907898,       55.5960006714
923.213440,       55.4897308350
923.518982,       55.4969367981
923.824463,       55.3414764404
924.129883,       55.2721328735
924.435242,       55.2703933716
924.740540,       55.2853355408
925.045776,       55.2185401917
925.351013,       55.4312171936
925.656128,       55.4197387695
925.961243,       55.4907608032
926.266235,       55.4956626892
926.571167,       55.6052742004
926.876160,       55.5696678162
927.181030,       55.5992355347
927.485840,       55.7166633606
927.790588,       55.7143325806
928.095276,       55.8009452820
928.399963,       56.0679626465
928.704590,       56.1242103577
929.009094,       56.3014526367
929.313599,       56.0736656189
929.618103,       56.0691375732
929.922424,       55.9764518738
930.226807,       56.0311737061
930.531067,       56.1081542969
930.835266,       56.3081932068
931.139465,       56.3218727112
931.443542,       56.2758255005
931.747620,       56.1431999207
932.051697,       56.2164535522
932.355652,       56.1191444397
932.659485,       56.2412910461
932.963379,       56.0373764038
933.267090,       56.1134338379
933.570801,       56.0348434448
933.874573,       55.9600639343
934.178162,       55.7888565063
934.481689,       55.8451995850
934.785278,       55.6670303345
935.088745,       55.5466957092
935.392151,       55.5282592773
935.695496,       55.3906517029
935.998779,       55.3224639893
936.302063,       55.3744621277
936.605225,       55.5467529297
936.908386,       55.6483459473
937.211426,       55.4743461609
937.514465,       55.4478302002
937.817444,       55.4600601196
938.120422,       55.5986328125
938.423279,       55.6324424744
938.726013,       55.6873779297
939.028809,       55.5646247864
939.331482,       55.5937423706
939.634155,       55.3823814392
939.936768,       55.3664550781
940.239258,       55.3386802673
940.541809,       55.4148902893
940.844238,       55.4253273010
941.146606,       55.3231468201
941.448914,       55.2853584290
941.751221,       55.3064155579
942.053345,       55.3130683899
942.355530,       55.3305625916
942.657654,       55.3020362854
942.959656,       55.3164596558
943.261658,       55.2700691223
943.563599,       55.1565780640
943.865479,       55.2833137512
944.167358,       55.2083892822
944.469177,       55.0198974609
944.770813,       54.9249725342
945.072510,       54.8490409851
945.374084,       54.8896026611
945.675659,       54.7386703491
945.977173,       54.8790740967
946.278564,       54.9661750793
946.580017,       55.0820007324
946.881348,       55.0131378174
947.182617,       55.0389213562
947.483826,       55.1333847046
947.785034,       55.2143287659
948.086060,       55.2067565918
948.387207,       55.1982269287
948.688232,       55.3956565857
948.989075,       55.4504318237
949.290039,       55.2424507141
949.590942,       55.1255455017
949.891663,       55.2493934631
950.192444,       55.2137069702
950.493164,       55.3600120544
950.793701,       55.4348411560
951.094299,       55.3388404846
951.394836,       55.3685531616
951.695251,       56.3821792603
951.995667,       56.4581527710
952.295959,       56.4237670898
952.596313,       56.3341064453
952.896545,       56.4649353027
953.196716,       56.6524505615
953.496826,       56.5333595276
953.796936,       56.4990692139
954.096863,       56.3832283020
954.396912,       56.2657279968
954.696777,       56.2338600159
954.996643,       56.1189308167
955.296448,       56.2556686401
955.596191,       56.3879013062
955.895813,       56.5502243042
956.195496,       56.6626243591
956.495117,       56.7920989990
956.794556,       56.7530097961
957.094055,       56.5612487793
957.393494,       57.1651382446
957.692810,       57.2677726746
957.992126,       56.1490249634
958.291321,       56.1758232117
958.590637,       56.1785507202
958.889709,       56.1161689758
959.188782,       55.8677978516
959.487793,       55.9153862000
959.786804,       55.9952964783
960.085693,       55.9423103333
960.384460,       56.0705642700
960.683472,       56.3066902161
960.982056,       56.3092422485
961.280823,       56.4505348206
961.579407,       56.3730468750
961.877930,       56.1475296021
962.176575,       56.1152458191
962.474915,       55.8059692383
962.773376,       55.7049751282
963.071777,       55.8012237549
963.370056,       55.9098014832
963.668335,       55.2187500000
963.966431,       55.1355476379
964.264709,       54.9911193848
964.562744,       55.0702934265
964.860718,       55.0837020874
965.158691,       55.3395614624
965.456543,       55.5634727478
965.754578,       55.5484657288
966.052307,       55.5368652344
966.350037,       55.6493034363
966.647705,       55.3781814575
966.945251,       55.1743812561
967.243042,       55.1581306458
967.540405,       54.8191490173
967.837952,       54.9755516052
968.135376,       55.0377349854
968.432739,       55.3982963562
968.730042,       55.5627059937
969.027222,       55.4768753052
969.324524,       55.3476753235
969.621521,       55.1230735779
969.918701,       55.2863311768
970.215698,       55.2359237671
970.512573,       55.3920440674
970.809631,       55.5906600952
971.106384,       55.5979499817
971.403198,       55.7058334351
971.700012,       55.8535041809
971.996521,       55.6739196777
972.293335,       55.8297080994
972.589783,       56.0030174255
972.886353,       56.2482643127
973.182861,       56.2281379700
973.479309,       56.1623687744
973.775635,       56.3961257935
974.071838,       56.3133049011
974.368225,       56.2639427185
974.664368,       55.9004554749
974.960449,       56.0423355103
975.256592,       55.8731269836
975.552490,       56.3220634460
975.848633,       56.5757980347
976.144409,       56.7298240662
976.440247,       56.7373504639
976.736023,       57.0320472717
977.031738,       56.8837661743
977.327515,       57.0070800781
977.623047,       57.0308799744
977.918640,       57.3627586365
978.214172,       57.5604324341
978.509644,       57.2682151794
978.805115,       56.9978370667
979.100281,       57.1419715881
979.395752,       57.3694000244
979.690857,       57.7540054321
979.986084,       57.4952850342
980.281250,       57.4915046692
980.576172,       57.6720352173
980.871338,       57.5524444580
981.166199,       57.3288269043
981.461121,       57.7850799561
981.755920,       57.4480361938
982.050781,       57.6209411621
982.345520,       57.5868721008
982.640076,       57.4970054626
982.934814,       57.0404396057
983.229309,       56.6733665466
983.523804,       56.7806777954
983.818298,       56.5492630005
984.112610,       55.6093101501
984.407043,       57.1893577576
984.701233,       57.6237907410
984.995483,       57.8671112061
985.289612,       57.7095985413
985.583618,       57.4670677185
985.877869,       57.4907417297
986.171753,       57.6370353699
986.465698,       57.4805030823
986.759583,       57.4849319458
987.053467,       58.1349487305
987.347290,       58.1251335144
987.640869,       57.7427024841
987.934631,       57.5517578125
988.228149,       57.2737388611
988.521667,       57.3072319031
988.815186,       57.4932518005
989.108582,       57.7718620300
989.402039,       58.0829429626
989.695313,       57.9886856079
989.988525,       57.9499015808
990.281738,       58.2502059937
990.574829,       56.5100784302
990.868042,       56.3372116089
991.161011,       56.4831809998
991.453979,       56.8222885132
991.746948,       57.3617401123
992.039795,       57.6565132141
992.332642,       58.4684371948
992.625305,       58.3814392090
992.918091,       58.3573951721
993.210632,       58.9644775391
993.503235,       59.2398223877
993.795837,       60.6888046265
994.088196,       60.7763061523
994.380676,       61.0820465088
994.672913,       61.2058982849
994.965271,       62.0626678467
995.257568,       62.1630325317
995.549622,       62.4963531494
995.841858,       62.7810478210
996.133850,       62.8935394287
996.425903,       63.1649475098
996.717834,       62.8433036804
997.009766,       62.4603157043
997.301636,       62.0394096375
997.593323,       61.9133338928
997.885193,       61.2396316528
998.176758,       60.5692977905
998.468384,       60.2866783142
998.760010,       60.4364852905
999.051392,       60.7350006104
999.342957,       59.9123535156
999.634277,       59.8018646240
999.925598,       58.3599853516
1000.216919,       58.4949607849
1000.508118,       58.6136054993
1000.799255,       58.3156929016
1001.090271,       57.4174118042
1001.381470,       57.2446632385
1001.672363,       57.1382293701
1001.963257,       56.3743705750
1002.254150,       56.2217636108
1002.544922,       55.8181762695
1002.835815,       55.8619728088
1003.126404,       56.4720802307
1003.417114,       56.9068145752
1003.707703,       56.8976631165
1003.998108,       57.2324142456
1004.288757,       57.2789001465
1004.579041,       56.7107505798
1004.869385,       56.5575065613
1005.159729,       56.5587387085
1005.450012,       55.6015853882
1005.740173,       55.7096939087
1006.030212,       55.4688339233
1006.320435,       55.8283462524
1006.610352,       55.5862617493
1006.900330,       55.3795394897
1007.190247,       55.8502120972
1007.479980,       55.6438789368
1007.769897,       54.9334030151
1008.059509,       55.3782691956
1008.349243,       55.5260009766
1008.638855,       55.3460769653
1008.928345,       56.0470809937
1009.217896,       55.6694564819
1009.507263,       55.4088821411
1009.796753,       55.0550003052
1010.086060,       54.8825607300
1010.375366,       54.7309112549
1010.664551,       54.3516235352
1010.953674,       54.1822738647
1011.242920,       54.6700134277
1011.531738,       55.4601325989
1011.820801,       55.0445442200
1012.109741,       55.1735687256
1012.398499,       55.2556114197
1012.687439,       56.1551094055
1012.976074,       56.3831329346
1013.264771,       56.0798530579
1013.553406,       56.4246406555
1013.842041,       56.7655372620
1014.130554,       56.4872207642
1014.418884,       56.3556900024
1014.707336,       56.5994873047
1014.995789,       55.9920730591
1015.284058,       56.3490028381
1015.572327,       56.6344032288
1015.860413,       56.6227188110
1016.148621,       56.5362739563
1016.436523,       57.0202293396
1016.724609,       57.0484695435
1017.012573,       57.8068923950
1017.300354,       57.2400627136
1017.588318,       56.8406410217
1017.875977,       57.9927368164
1018.163757,       58.0472488403
1018.451416,       57.8823814392
1018.739014,       58.7094535828
1019.026611,       59.1001167297
1019.313904,       58.8148841858
1019.601440,       58.7724456787
1019.888733,       58.7657051086
1020.176086,       59.7799110413
1020.463318,       60.1993904114
1020.750549,       60.4816970825
1021.037720,       60.8614501953
1021.324707,       61.3089065552
1021.611694,       61.0684051514
1021.898682,       61.8702774048
1022.185547,       62.2561378479
1022.472595,       61.9463844299
1022.759216,       62.5674018860
1023.045959,       62.5748634338
1023.332581,       64.2636413574
1023.619324,       64.6537933350
1023.905884,       63.9599685669
1024.192261,       64.1210784912
1024.478882,       63.8948860168
1024.765137,       61.7832183838
1025.051514,       61.7208175659
1025.337769,       61.5637130737
1025.623779,       61.7473907471
1025.910034,       63.7464523315
1026.196045,       91.6926269531
1026.482178,       65.9846572876
1026.768066,       56.8685340881
1027.053955,       57.1228981018
1027.339966,       51.8987350464
1027.625610,       54.9435005188
1027.911377,       58.0174865723
1028.197144,       52.6845512390
1028.482666,       59.1040420532
1028.768311,       90.0692901611
