339.817139,        0.0000000000
340.196106,        0.0000000000
340.575104,      191.6671142578
340.954010,      217.6473083496
341.332886,     -683.3294677734
341.711761,     -220.0010833740
342.090576,       95.7672119141
342.469360,       95.6834411621
342.848114,       75.8620529175
343.226868,        0.0000000000
343.605560,       89.0370635986
343.984192,       88.6160583496
344.362854,       87.4305114746
344.741425,       86.8024063110
345.119995,       88.1289138794
345.498535,       88.7946472168
345.877014,       88.6699523926
346.255463,       89.8562850952
346.633881,       89.8381500244
347.012299,       89.6974639893
347.390625,       88.2632064819
347.768951,       88.8126525879
348.147278,       89.0772247314
348.525513,       89.8090057373
348.903748,       90.8608169556
349.281952,       91.9239196777
349.660126,       92.5607833862
350.038239,       92.1376190186
350.416321,       92.8163757324
350.794373,       91.8460922241
351.172394,       91.8430709839
351.550385,       90.7626800537
351.928375,       90.9867019653
352.306305,       91.5431213379
352.684174,       91.9401626587
353.062042,       91.7278518677
353.439880,       91.9062271118
353.817657,       92.6130981445
354.195404,       92.2786331177
354.573151,       92.2531051636
354.950836,       92.4913482666
355.328461,       92.8581695557
355.706116,       92.8021392822
356.083710,       95.9734954834
356.461243,       95.5304565430
356.838806,       94.8324890137
357.216248,       94.5713272095
357.593719,       94.3586349487
357.971161,       94.8026199341
358.348541,       94.4007492065
358.725891,       94.8061370850
359.103210,       94.6018066406
359.480530,       94.8706893921
359.857758,       94.5323638916
360.234955,       94.6341018677
360.612183,       94.9788055420
360.989319,       94.4913635254
361.366425,       94.1015319824
361.743530,       94.7830047607
362.120575,       94.3705596924
362.497559,       93.8648605347
362.874573,       94.3141784668
363.251526,       94.3217010498
363.628418,       93.7666091919
364.005310,       88.9158935547
364.382202,       87.7501068115
364.759003,       87.2929840088
365.135773,       87.7863159180
365.512482,       88.6267089844
365.889221,       88.6422958374
366.265900,       88.3148574829
366.642517,       88.0814361572
367.019165,       87.8810577393
367.395721,       88.9207763672
367.772278,       88.8949584961
368.148804,       89.4659652710
368.525269,       88.7458419800
368.901672,       89.4990997314
369.278107,       89.6918106079
369.654480,       87.5303115845
370.030823,       89.7612838745
370.407104,       90.0361404419
370.783386,       89.2413482666
371.159637,       89.5046615601
371.535828,       90.3724288940
371.912018,       89.5974121094
372.288116,       90.2328109741
372.664246,       89.7402496338
373.040283,       87.7510299683
373.416351,       86.7169952393
373.792328,       85.1686782837
374.168274,       85.4539108276
374.544250,       84.9895477295
374.920105,       85.6662292480
375.295959,       84.1841888428
375.671814,       84.8703765869
376.047607,       83.8130798340
376.423370,       83.9057922363
376.799103,       83.5732574463
377.174774,       84.5486907959
377.550415,       83.9789657593
377.926056,       81.0535659790
378.301636,       81.1524658203
378.677185,       81.2640991211
379.052673,       81.2479248047
379.428192,       81.8049697876
379.803650,       81.6463623047
380.179047,       81.1356887817
380.554443,       81.7892761230
380.929779,       82.7036437988
381.305084,       81.3602294922
381.680359,       81.6506423950
382.055634,       81.9273223877
382.430817,       81.7035980225
382.805969,       81.0004653931
383.181152,       80.5983963013
383.556244,       80.0845336914
383.931274,       80.6298522949
384.306366,       81.0762405396
384.681366,       79.9009628296
385.056305,       79.9664688110
385.431274,       80.6596069336
385.806152,       81.8283767700
386.181000,       81.3970184326
386.555817,       81.2296905518
386.930634,       80.2611389160
387.305389,       78.7596588135
387.680084,       78.5490417480
388.054810,       78.7141113281
388.429474,       78.1612930298
388.804047,       76.7036056519
389.178650,       76.9110641479
389.553192,       77.0619201660
389.927734,       77.0453796387
390.302185,       77.3756790161
390.676666,       76.3758773804
391.051086,       76.2914276123
391.425446,       75.5738601685
391.799805,       74.9600677490
392.174133,       74.1821136475
392.548370,       73.5912399292
392.922638,       72.4363174438
393.296844,       73.0112609863
393.670990,       70.8761520386
394.045135,       70.3606033325
394.419220,       69.8144760132
394.793304,       70.4828948975
395.167328,       70.9667434692
395.541321,       71.8309631348
395.915283,       71.3086013794
396.289185,       72.4916305542
396.663116,       73.2984237671
397.036957,       72.8088226318
397.410736,       72.2819747925
397.784546,       70.9807434082
398.158325,       69.6734542847
398.532013,       70.1581192017
398.905670,       70.2024612427
399.279358,       72.0892410278
399.652954,       71.5797805786
400.026520,       70.9291305542
400.400085,       73.0421905518
400.773560,       72.7331619263
401.147034,       71.4746017456
401.520508,       70.8611297607
401.893890,       70.9405364990
402.267242,       70.3882675171
402.640564,       69.9582443237
403.013855,       68.9551391602
403.387146,       67.8256835938
403.760345,       67.7620239258
404.133514,       68.1369705200
404.506683,       68.1948928833
404.879791,       69.1081619263
405.252869,       69.0296249390
405.625946,       68.8595657349
405.998962,       68.3538360596
406.371918,       69.4944000244
406.744873,       69.2333374023
407.117798,       66.2399673462
407.490631,       66.0904235840
407.863525,       65.9399337769
408.236298,       64.4538345337
408.609039,       66.1973724365
408.981842,       65.4937973022
409.354523,       66.2883148193
409.727173,       65.7274627686
410.099792,       64.9547958374
410.472382,       64.0909729004
410.844910,       64.2323226929
411.217438,       63.1274528503
411.589935,       62.3174057007
411.962402,       59.9856071472
412.334778,       61.1658172607
412.707153,       60.5470199585
413.079498,       59.6847839355
413.451813,       59.3303680420
413.824066,       59.2957077026
414.196350,       57.2286491394
414.568512,       57.0561637878
414.940674,       57.4607849121
415.312805,       57.4846267700
415.684906,       57.1415786743
416.056946,       60.7467422485
416.429016,       58.2447471619
416.800964,       57.7797050476
417.172913,       56.5098991394
417.544830,       56.2983322144
417.916718,       56.6212005615
418.288574,       56.6237106323
418.660370,       56.0650901794
419.032135,       56.2630996704
419.403870,       56.0616149902
419.775574,       56.0368309021
420.147247,       53.8161392212
420.518860,       53.9036979675
420.890472,       53.3565864563
421.262024,       53.3479995728
421.633545,       53.3145904541
422.005005,       53.7445182800
422.376495,       52.6355514526
422.747925,       52.1039199829
423.119293,       51.3535995483
423.490601,       51.0050849915
423.861938,       45.3765830994
424.233215,       45.8035583496
424.604462,       46.9110794067
424.975647,       46.3451728821
425.346832,       45.5547904968
425.717926,       44.5274200439
426.089050,       43.1915435791
426.460083,       42.2192268372
426.831085,       41.4059677124
427.202087,       40.7030067444
427.572998,       40.4777183533
427.943939,       40.8211250305
428.314819,       39.9171867371
428.685669,       39.5478172302
429.056458,       39.4456520081
429.427246,       38.8036422729
429.797943,       37.6474075317
430.168701,       38.0232810974
430.539337,       38.1814308167
430.909943,       38.2501258850
431.280548,       38.7990341187
431.651093,       39.4536247253
432.021606,       39.3428955078
432.392120,       37.5712318420
432.762543,       37.3255538940
433.132965,       37.0523071289
433.503326,       37.1596260071
433.873688,       37.1170120239
434.243958,       36.7200737000
434.614227,       35.8512039185
434.984467,       36.3437500000
435.354645,       35.5043601990
435.724792,       34.4017219543
436.094910,       33.2921447754
436.464996,       33.7609710693
436.835052,       35.5028686523
437.205048,       35.1881752014
437.575043,       36.1933288574
437.944977,       35.5737686157
438.314880,       35.5527191162
438.684753,       35.3329162598
439.054565,       34.5064811707
439.424377,       34.2768325806
439.794128,       33.5378074646
440.163849,       33.9095954895
440.533508,       35.3029899597
440.903198,       35.2982254028
441.272797,       35.7772750854
441.642334,       36.2052536011
442.011902,       36.5514869690
442.381409,       37.4773292542
442.750854,       37.3267364502
443.120300,       37.6233444214
443.489655,       37.5908622742
443.859039,       38.4450187683
444.228333,       37.9739990234
444.597626,       36.0387687683
444.966888,       36.1843719482
445.336060,       34.8936500549
445.705231,       34.4246177673
446.074402,       33.7327079773
446.443512,       33.4912643433
446.812531,       33.3067245483
447.181610,       32.5063056946
447.550568,       32.5049133301
447.919525,       32.1809921265
448.288483,       30.5731811523
448.657349,       30.2994613647
449.026154,       29.1823177338
449.394989,       28.8369827271
449.763763,       29.1293258667
450.132477,       28.2897529602
450.501190,       27.6016750336
450.869812,       26.8729686737
451.238464,       26.3997306824
451.607025,       25.5781116486
451.975586,       26.2359657288
452.344116,       26.3250293732
452.712585,       26.4485530853
453.081024,       26.5416526794
453.449463,       26.4073600769
453.817810,       26.3709602356
454.186127,       25.7809410095
454.554413,       43.1744499207
454.922668,       43.3408164978
455.290894,       42.6488647461
455.659088,       42.1582717896
456.027222,       41.8030128479
456.395325,       41.3959274292
456.763428,       41.2519798279
457.131439,       40.8016052246
457.499420,       39.8272399902
457.867371,       39.6002120972
458.235321,       39.2442169189
458.603210,       39.1058578491
458.971039,       38.8613243103
459.338867,       38.3719139099
459.706635,       37.4387664795
460.074371,       36.8177604675
460.442047,       36.1942558289
460.809753,       37.0428047180
461.177368,       36.8016014099
461.544952,       36.5819778442
461.912537,       36.1831474304
462.280029,       20.4448928833
462.647522,       19.6973571777
463.014984,       19.5754451752
463.382355,       19.5907955170
463.749725,       19.4643192291
464.117065,       19.2631778717
464.484344,       18.8172550201
464.851593,       18.4887351990
465.218842,       18.3876094818
465.586029,       18.3402786255
465.953156,       18.2728748322
466.320282,       17.9289112091
466.687317,       18.1259193420
467.054352,       18.2351913452
467.421356,       18.4187679291
467.788300,       18.2195377350
468.155243,       18.1546154022
468.522095,       16.6054344177
468.888947,       17.0855350494
469.255768,       16.9606418610
469.622559,       17.5308265686
469.989258,       17.6751041412
470.355988,       17.5107421875
470.722626,       17.5972137451
471.089233,       17.3109912872
471.455841,       17.3035068512
471.822388,       17.2981090546
472.188873,       17.3126335144
472.555389,       17.1774272919
472.921753,       17.1469116211
473.288208,       16.9478111267
473.654602,       16.7672595978
474.020874,       16.7241992950
474.387177,       16.1381053925
474.753387,       15.7292575836
475.119629,       15.3116178513
475.485809,       15.3112325668
475.851929,       14.9346084595
476.218018,       14.8446645737
476.584076,       14.4633827209
476.950104,       14.1268167496
477.316101,       13.6465311050
477.682037,       13.2478713989
478.047974,       13.0914125443
478.413818,       13.1459932327
478.779663,       13.2455511093
479.145477,       12.9167871475
479.511200,       12.7888088226
479.876953,       12.7535057068
480.242615,       12.7808570862
480.608276,       12.6908855438
480.973907,       12.5536127090
481.339417,       12.7818508148
481.704987,       12.7553167343
482.070465,       12.6276149750
482.435913,       12.6127958298
482.801331,       12.4858770370
483.166718,       12.3440084457
483.532043,       12.3813753128
483.897369,       12.5697355270
484.262634,       12.4367551804
484.627869,       12.4181795120
484.993073,       12.1936349869
485.358215,       12.2298011780
485.723297,       12.1699247360
486.088409,       11.9300909042
486.453461,       11.6502952576
486.818451,       11.5553903580
487.183411,       11.5299491882
487.548370,       11.4818162918
487.913239,       11.4126224518
488.278107,       11.2565755844
488.642883,       11.0719938278
489.007660,       10.8162164688
489.372437,       10.5600557327
489.737091,       10.4657278061
490.101746,       10.3203487396
490.466370,       10.2454109192
490.830963,       10.2092170715
491.195526,       10.0661935806
491.559998,        9.7260847092
491.924500,        9.6046123505
492.288940,        9.4777498245
492.653320,        9.5419855118
493.017670,        9.3827152252
493.382019,        9.2319211960
493.746277,        9.0912437439
494.110504,        9.0289878845
494.474731,        9.1514072418
494.838898,        9.1137933731
495.203033,        9.0340194702
495.567108,        8.9831066132
495.931122,        9.6447858810
496.295166,        9.6240110397
496.659149,        9.4206962585
497.023041,        9.4547796249
497.386963,        9.4443178177
497.750824,        9.4539318085
498.114624,        9.5941104889
498.478455,        9.6247644424
498.842163,        9.6087989807
499.205872,        9.5420503616
499.569580,        9.4796257019
499.933167,        9.5191669464
500.296753,        9.4300174713
500.660339,        9.5106105804
501.023834,        9.5856981277
501.387299,        9.5235061646
501.750763,        9.5407810211
502.114166,        9.3991394043
502.477509,        9.3232717514
502.840851,        9.3966369629
503.204102,        9.5229635239
503.567352,        8.9035491943
503.930573,        9.0129184723
504.293732,        9.0630559921
504.656860,        9.1068000793
505.019989,        9.2903184891
505.382996,        9.3128986359
505.746033,        9.2768373489
506.109009,        9.2609157562
506.471924,        9.1939487457
506.834839,        9.2171583176
507.197662,        9.1941165924
507.560486,        9.2193832397
507.923309,        9.2137775421
508.286041,        9.1536359787
508.648743,        9.1375780106
509.011414,        9.1476783752
509.373993,        9.1455574036
509.736633,        9.1730651855
510.099213,        9.1471185684
510.461731,        9.0047369003
510.824158,        8.9312467575
511.186615,        8.9097414017
511.548950,        8.8134126663
511.911346,        8.8002262115
512.273682,        8.7494096756
512.635925,        8.6134319305
512.998169,        8.5473203659
513.360352,        8.4733743668
513.722534,        8.5796642303
514.084717,        8.6956520081
514.446777,        8.6582880020
514.808777,        8.7285556793
515.170776,        8.6891469955
515.532776,        8.7908143997
515.894714,        8.7878141403
516.256592,        8.7754688263
516.618469,        9.5581588745
516.980286,        9.6935415268
517.342041,        9.7295665741
517.703735,        9.7569608688
518.065430,        9.9097223282
518.427185,        9.8994770050
518.788696,        9.9090223312
519.150330,        9.9126625061
519.511902,       10.0514936447
519.873291,       10.0677642822
520.234802,       10.0989589691
520.596252,       10.1095886230
520.957581,       10.1734409332
521.318970,       10.0749006271
521.680237,       10.0349617004
522.041565,       10.0723085403
522.402771,       10.1599493027
522.763977,       10.2639541626
523.125061,       10.2304973602
523.486206,       10.5462865829
523.847229,       10.6841650009
524.208252,       10.0575609207
524.569275,        9.9467239380
524.930237,        9.9200820923
525.291138,        9.9339704514
525.652100,        9.9593105316
526.012817,       10.0017843246
526.373657,       10.0741262436
526.734436,       10.0549030304
527.095093,       10.1658391953
527.455811,       10.2163600922
527.816528,       10.2405719757
528.177002,       10.3096122742
528.537598,       10.3167772293
528.898132,       10.3879776001
529.258606,       10.4430007935
529.619080,       10.5207653046
529.979431,       10.7797832489
530.339844,       10.6814174652
530.700134,       10.7148895264
531.060425,       10.5478019714
531.420654,       10.4905471802
531.780884,       10.7461338043
532.140991,       10.7404823303
532.501160,       10.7291517258
532.861267,       10.8361997604
533.221375,       10.7688951492
533.581299,       10.7809839249
533.941284,       10.8823757172
534.301208,       10.9858016968
534.661133,       10.8771343231
535.020996,       10.9141511917
535.380798,       10.9867343903
535.740540,       11.0512046814
536.100220,       11.0564441681
536.459900,       10.9873943329
536.819641,       10.9414701462
537.179260,       10.9189872742
537.538757,       10.7034978867
537.898376,       10.7073717117
538.257813,       10.6671695709
538.617249,       10.5949392319
538.976685,       10.6108903885
539.336121,       10.4149980545
539.695374,       10.4302368164
540.054688,       10.5008487701
540.413879,       10.4581403732
540.773132,       10.4140233994
541.132385,       10.4252653122
541.491516,       10.4001150131
541.850525,       10.4564685822
542.209595,       10.4396257401
542.568604,       10.4964179993
542.927612,       10.4734573364
543.286560,       10.3964986801
543.645386,       10.4310073853
544.004333,       10.4754381180
544.363098,       10.5132493973
544.721924,       10.5905303955
545.080688,       10.5812053680
545.439331,       10.7186212540
545.797974,       10.7462863922
546.156616,       10.9640159607
546.515137,       10.9532308578
546.873657,       10.9498033524
547.232239,       11.0065832138
547.590698,       10.9652118683
547.949097,       11.0155668259
548.307495,       11.0441312790
548.665833,       10.9752368927
549.024109,       10.9066276550
549.382385,       10.8433589935
549.740540,       10.9236688614
550.098755,       10.8290510178
550.456909,       10.7719230652
550.815002,       10.8387184143
551.173096,       10.7822265625
551.531128,       10.7698545456
551.888977,       10.7570905685
552.247009,       10.6426191330
552.604797,       10.7387218475
552.962708,       10.6683368683
553.320557,       10.6965866089
553.678345,       10.6235027313
554.036011,       10.5661134720
554.393738,       10.5317220688
554.751404,       10.5011577606
555.109009,       10.4952793121
555.466614,       10.3828630447
555.824158,       10.3498239517
556.181641,       10.4018707275
556.539063,       10.3886461258
556.896423,       10.3744888306
557.253845,       10.2748136520
557.611206,       10.3913049698
557.968445,       10.4090766907
558.325745,       10.3578557968
558.682922,       10.3712320328
559.040161,       10.3376913071
559.397278,       10.2972688675
559.754395,       10.3978004456
560.111389,       10.2420501709
560.468445,       10.1798171997
560.825378,       10.1576747894
561.182251,       10.0499238968
561.539185,       10.0549860001
561.896057,       10.0512800217
562.252869,       10.0480604172
562.609619,       10.0324745178
562.966309,       10.1429948807
563.323059,       10.1131744385
563.679688,       10.0683698654
564.036316,       10.0397787094
564.392822,       10.0628566742
564.749390,       10.0276832581
565.105835,        9.9272184372
565.462280,        9.9061727524
565.818726,        9.8856849670
566.175049,        9.8574867249
566.531372,        9.8195133209
566.887573,        9.7911672592
567.243896,        9.6268358231
567.600098,        9.6105356216
567.956299,        9.5891885757
568.312378,        9.5052738190
568.668457,        9.4298124313
569.024475,        9.3762407303
569.380493,        9.3256282806
569.736389,        9.2996778488
570.092346,        9.3431558609
570.448181,        9.2650175095
570.804077,        9.2218980789
571.159790,        9.1728124619
571.515564,        9.1464347839
571.871338,        9.0460729599
572.226929,        9.0317173004
572.582581,        8.9987878799
572.938171,        8.9504823685
573.293701,        8.8980093002
573.649231,        8.8412027359
574.004700,        8.8577213287
574.360107,        8.8571863174
574.715515,        8.8918371201
575.070801,        8.8900070190
575.426086,        8.8152751923
575.781433,        8.7772140503
576.136658,        8.7560920715
576.491821,        8.7454032898
576.846985,        8.7193593979
577.202026,        8.6673345566
577.557129,        8.6155452728
577.912109,        8.5470180511
578.267090,        8.5368328094
578.621948,        8.5278234482
578.976929,        8.4857301712
579.331726,        8.4502277374
579.686523,        8.5614128113
580.041321,        8.5286054611
580.396057,        8.5328102112
580.750732,        8.6378831863
581.105408,        8.6101322174
581.459961,        8.5591821671
581.814575,        8.5165719986
582.169067,        8.4896678925
582.523499,        8.4338207245
582.877991,        8.4819164276
583.232361,        8.5326929092
583.586731,        8.5532379150
583.941040,        8.4980049133
584.295349,        8.4822301865
584.649536,        8.4908409119
585.003784,        8.4303207397
585.357849,        8.5654001236
585.712036,        8.5621480942
586.066040,        8.5343065262
586.420166,        8.5573778152
586.774048,        8.5481681824
587.128052,        8.3965883255
587.481934,        8.3575668335
587.835815,        8.3042058945
588.189636,        8.1827182770
588.543396,        8.2037649155
588.897095,        8.1958084106
589.250732,        8.2011814117
589.604431,        8.1616277695
589.958069,        8.1332025528
590.311646,        8.1028442383
590.665161,        8.0556974411
591.018677,        8.0760765076
591.372070,        8.1320152283
591.725525,        8.1715040207
592.078857,        8.1080942154
592.432190,        8.0974388123
592.785461,        8.0145931244
593.138733,        7.9952254295
593.491821,        7.9927077293
593.845032,        7.9545793533
594.198181,        7.9999184608
594.551270,        8.0214567184
594.904236,        8.0085620880
595.257202,        8.0280294418
595.610168,        7.9981284142
595.963074,        7.9877667427
596.315979,        7.9808039665
596.668823,        7.9713702202
597.021606,        8.1228103638
597.374268,        8.1216154099
597.726990,        8.1665105820
598.079651,        8.1618976593
598.432312,        8.1230640411
598.784851,        8.0620317459
599.137390,        8.0480690002
599.489868,        8.1566982269
599.842285,        8.1207885742
600.194702,        8.0315093994
600.547119,        7.9827413559
600.899414,        7.9446372986
601.251648,        7.9301252365
601.603882,        7.8412728310
601.956116,        7.8174195290
602.308289,        7.8098616600
602.660400,        7.7706055641
603.012451,        7.7859439850
603.364441,        7.7271924019
603.716370,        7.6842060089
604.068359,        7.7490897179
604.420288,        7.6291613579
604.772156,        7.6031656265
605.123962,        7.5411252975
605.475708,        7.5175890923
605.827515,        7.5072369576
606.179138,        7.5196118355
606.530884,        7.5410223007
606.882385,        7.4420995712
607.233948,        7.5278363228
607.585449,        7.5416483879
607.936951,        7.5688352585
608.288452,        7.6070656776
608.639893,        7.6148891449
608.991150,        7.6484961510
609.342468,        7.6504082680
609.693726,        7.7476477623
610.044983,        7.7307095528
610.396240,        7.6995282173
610.747314,        7.7042007446
611.098389,        7.7026205063
611.449463,        7.6179733276
611.800476,        7.5867309570
612.151489,        7.6100378036
612.502441,        7.5897388458
612.853271,        7.5783147812
613.204102,        7.5607242584
613.554932,        7.5689511299
613.905701,        7.5682349205
614.256470,        7.5716438293
614.607178,        7.5124025345
614.957764,        7.5551786423
615.308350,        7.5808582306
615.658875,        7.5206661224
616.009399,        7.4928598404
616.359924,        7.4960732460
616.710327,        7.4709258080
617.060669,        7.3668227196
617.411011,        7.3614673615
617.761292,        7.3820958138
618.111572,        7.3963456154
618.461853,        7.3822207451
618.812012,        7.3984069824
619.162109,        7.4151120186
619.512146,        7.3963179588
619.862183,        7.3995776176
620.212219,        7.4226512909
620.562195,        7.3732070923
620.912048,        7.3387212753
621.261963,        7.3248662949
621.611755,        7.3385200500
621.961548,        7.3254289627
622.311340,        7.2481045723
622.661072,        7.2434806824
623.010681,        7.2560601234
623.360229,        7.3177270889
623.709839,        7.2925410271
624.059387,        7.2684550285
624.408936,        7.2653760910
624.758423,        7.2667107582
625.107727,        7.2247118950
625.457031,        7.1927227974
625.806458,        7.1946129799
626.155762,        7.2355136871
626.504944,        7.2003288269
626.854126,        7.2123618126
627.203308,        7.2010440826
627.552368,        7.1780242920
627.901428,        7.2332425117
628.250488,        7.2367339134
628.599487,        7.1963438988
628.948364,        7.1837582588
629.297241,        7.1667962074
629.646118,        7.1833143234
629.994934,        7.1636819839
630.343689,        7.1330561638
630.692444,        7.0684366226
631.041077,        7.0750870705
631.389648,        7.1912584305
631.738281,        7.1855096817
632.086853,        7.2234334946
632.435364,        7.2578439713
632.783875,        7.4020586014
633.132263,        7.3966526985
633.480591,        7.3028011322
633.828918,        7.2920227051
634.177246,        7.3027954102
634.525513,        7.2962579727
634.873657,        7.2670965195
635.221863,        7.2305412292
635.569946,        7.1894168854
635.918030,        7.1392974854
636.266052,        7.0849394798
636.614136,        7.2243237495
636.962036,        7.2300910950
637.309937,        7.2047653198
637.657776,        7.2596883774
638.005615,        7.3217272758
638.353394,        7.3318390846
638.701111,        7.2053871155
639.048767,        7.1578769684
639.396423,        7.1173644066
639.743958,        7.0825271606
640.091614,        6.9175734520
640.439087,        6.9289097786
640.786560,        6.9458746910
641.133972,        6.9493770599
641.481323,        6.9473800659
641.828735,        6.9284734726
642.176025,        6.9681696892
642.523315,        6.9286317825
642.870483,        6.9852976799
643.217651,        7.0002698898
643.564758,        7.0554680824
643.911804,        6.8973526955
644.258911,        7.1218957901
644.605896,        7.1105189323
644.952820,        7.0551767349
645.299683,        7.0045418739
645.646606,        6.9652185440
645.993469,        6.9741616249
646.340210,        6.9794526100
646.687012,        6.9579148293
647.033630,        6.9752206802
647.380249,        6.9830646515
647.726868,        6.9376544952
648.073425,        6.8990240097
648.419983,        6.8758563995
648.766418,        6.8052878380
649.112854,        6.7764945030
649.459229,        6.7406253815
649.805603,        6.7520909309
650.151855,        6.7465977669
650.498169,        6.7110352516
650.844360,        6.6213793755
651.190552,        6.6108970642
651.536621,        6.3279309273
651.882751,        6.3316092491
652.228760,        6.3146939278
652.574829,        6.2626304626
652.920715,        6.2612743378
653.266602,        6.2753548622
653.612488,        6.3236579895
653.958252,        6.3352465630
654.304077,        6.2872147560
654.649841,        6.2922129631
654.995483,        6.2969870567
655.341064,        6.2974357605
655.686707,        6.6454830170
656.032288,        6.6704988480
656.377808,        6.6893501282
656.723267,        6.6685333252
657.068726,        6.6630306244
657.414063,        6.6334428787
657.759399,        6.7284688950
658.104736,        6.7795820236
658.449951,        6.8343229294
658.795166,        6.8290276527
659.140381,        6.8501510620
659.485474,        6.9072103500
659.830505,        6.9218559265
660.175598,        6.9277486801
660.520569,        6.9129600525
660.865479,        6.8626112938
661.210327,        6.8425073624
661.555237,        6.8461565971
661.900085,        6.8299622536
662.244812,        6.8462929726
662.589539,        6.8217539787
662.934265,        6.4978322983
663.278809,        6.4828357697
663.623413,        6.4764060974
663.968018,        6.5195336342
664.312500,        6.5076222420
664.656921,        6.5025253296
665.001343,        6.4218716621
665.345703,        6.4174385071
665.690063,        6.3777208328
666.034302,        6.3973188400
666.378662,        6.3583164215
666.722778,        6.3355603218
667.066895,        6.3106193542
667.410950,        6.2627768517
667.755066,        6.2152070999
668.099121,        6.1999769211
668.443054,        6.1725296974
668.786987,        6.1859407425
669.130798,        6.1688547134
669.474731,        6.1470651627
669.818481,        6.2089147568
670.162292,        6.2104163170
670.506042,        6.1906599998
670.849670,        6.1675710678
671.193176,        6.1745548248
671.536804,        6.1960711479
671.880371,        6.1908469200
672.223816,        6.1814980507
672.567261,        6.1628022194
672.910645,        6.1327109337
673.254028,        6.1114244461
673.597290,        6.1019382477
673.940613,        6.0441899300
674.283875,        6.0714545250
674.626953,        6.0972080231
674.970093,        6.0923819542
675.313232,        6.1342773438
675.656250,        6.2217745781
675.999268,        6.2562265396
676.342224,        6.3000688553
676.685120,        6.3478426933
677.027893,        6.2889909744
677.370789,        6.2537355423
677.713562,        6.2486510277
678.056335,        6.3038334846
678.398987,        6.3262791634
678.741577,        6.3234343529
679.084167,        6.3280897141
679.426758,        6.3436908722
679.769287,        6.3216328621
680.111755,        6.3833684921
680.454163,        6.4791960716
680.796509,        6.5016307831
681.138794,        6.5092315674
681.481140,        6.5154409409
681.823364,        6.5186829567
682.165588,        6.5591096878
682.507751,        6.5097460747
682.849792,        6.4389762878
683.191833,        6.4018554688
683.533875,        6.3832154274
683.875854,        6.3278727531
684.217834,        6.3742136955
684.559692,        6.4077496529
684.901428,        6.5666494370
685.243286,        6.5589652061
685.585022,        6.5303950310
685.926819,        6.5708279610
686.268372,        6.5422730446
686.609985,        6.5724110603
686.951538,        6.6397747993
687.293091,        6.6177220345
687.634583,        6.5599651337
687.976013,        6.5785350800
688.317322,        6.6124095917
688.658630,        6.6234936714
689.000000,        6.6383643150
689.341248,        6.6548042297
689.682495,        6.7551093102
690.023682,        6.8000340462
690.364746,        6.8406572342
690.705811,        6.9320902824
691.046814,        6.9989466667
691.387817,        7.0550084114
691.728760,        7.0867509842
692.069702,        7.0848493576
692.410522,        7.2130908966
692.751282,        7.2798438072
693.092102,        7.3048801422
693.432800,        7.4456028938
693.773499,        7.5110645294
694.114075,        7.5587973595
694.454651,        7.6541476250
694.795105,        7.7427296638
695.135620,        7.8973822594
695.476135,        8.0058279037
695.816528,        8.1586856842
696.156799,        8.2914533615
696.497131,        8.4279413223
696.837402,        8.4919652939
697.177612,        8.6986665726
697.517822,        8.8374805450
697.857971,        8.9481000900
698.197937,        9.1456832886
698.538025,        9.2714443207
698.877991,        9.5032091141
699.217957,        9.6376476288
699.557922,        9.7399559021
699.897705,        9.9201164246
700.237549,       10.1379508972
700.577271,       10.3068141937
700.916992,       10.5235271454
701.256653,       10.7789669037
701.596313,       10.9610118866
701.935852,       11.1781444550
702.275391,       11.3402490616
702.614868,       11.7103147507
702.954346,       11.8983221054
703.293701,       12.1210861206
703.633118,       12.4086303711
703.972412,       12.6691417694
704.311646,       12.8775272369
704.650818,       13.1151914597
704.990051,       13.3565616608
705.329163,       13.5622310638
705.668274,       13.9453306198
706.007263,       14.0771627426
706.346252,       14.3236379623
706.685181,       14.5365056992
707.024109,       14.7652683258
707.362976,       15.0328893661
707.701721,       15.3095932007
708.040527,       15.5070190430
708.379211,       15.6951141357
708.717896,       15.9428138733
709.056519,       16.2457981110
709.395142,       16.4590930939
709.733582,       16.5726184845
710.072144,       16.8050594330
710.410522,       17.0251770020
710.748962,       17.1914005280
711.087341,       17.4609317780
711.425598,       17.7244739532
711.763855,       18.0256671906
712.102051,       18.4201984406
712.440247,       18.6681919098
712.778320,       18.7806568146
713.116455,       19.0717487335
713.454468,       19.2819442749
713.792419,       19.5680007935
714.130310,       19.8225116730
714.468262,       20.0584716797
714.806091,       20.2818222046
715.143921,       20.5838375092
715.481628,       20.8604698181
715.819397,       21.1513481140
716.156982,       21.3759460449
716.494629,       21.6866092682
716.832214,       21.9570026398
717.169739,       22.2972660065
717.507202,       22.5960216522
717.844543,       22.9355373383
718.182007,       23.1997661591
718.519348,       23.4871597290
718.856689,       23.7113876343
719.193970,       23.8330783844
719.531067,       24.1624660492
719.868164,       24.4431667328
720.205322,       24.7182884216
720.542419,       24.9802284241
720.879456,       25.2113285065
721.216431,       25.4892883301
721.553345,       25.7348709106
721.890198,       26.0101852417
722.227051,       26.2521095276
722.563782,       26.5703468323
722.900635,       26.8568820953
723.237244,       27.1411247253
723.573914,       27.4016819000
723.910461,       27.6645088196
724.247070,       27.8506374359
724.583557,       28.0946903229
724.920044,       28.3231201172
725.256409,       28.5881309509
725.592773,       28.7957420349
725.929077,       29.0317001343
726.265442,       29.2691764832
726.601685,       29.7524089813
726.937866,       30.0324325562
727.273987,       30.2784004211
727.609985,       30.5797252655
727.946045,       30.8382892609
728.282043,       31.0788593292
728.618042,       31.3647003174
728.953979,       31.5909175873
729.289795,       31.8861904144
729.625610,       32.0694160461
729.961426,       32.3435707092
730.297119,       32.6643867493
730.632813,       32.9079437256
730.968384,       33.1397819519
731.304016,       33.3553314209
731.639465,       33.6188545227
731.974976,       33.8229942322
732.310425,       34.0444564819
732.645874,       34.2559432983
732.981201,       34.5128860474
733.316467,       34.7621040344
733.651733,       34.7110061646
733.986938,       34.9367141724
734.322144,       35.1403770447
734.657288,       35.3409690857
734.992310,       35.5835266113
735.327271,       35.9161338806
735.662292,       36.1606674194
735.997253,       36.3485260010
736.332092,       36.5885848999
736.666931,       36.7900657654
737.001709,       36.9773368835
737.336426,       37.0913887024
737.671143,       37.2545051575
738.005798,       37.4114303589
738.340393,       37.6029624939
738.674988,       37.8288574219
739.009399,       38.0352897644
739.343933,       38.2570495605
739.678345,       38.4385910034
740.012756,       38.6086692810
740.347046,       38.7440147400
740.681274,       38.8925094604
741.015503,       39.0285301208
741.349731,       39.2050971985
741.683838,       39.3784942627
742.017944,       39.5472869873
742.351929,       39.6157455444
742.685974,       39.7390022278
743.019897,       39.9321784973
743.353821,       39.9916725159
743.687622,       40.1429405212
744.021484,       40.2867698669
744.355225,       40.4007301331
744.688965,       40.5524330139
745.022583,       40.7229766846
745.356201,       40.8743286133
745.689819,       40.9602775574
746.023376,       41.0961112976
746.356812,       41.1766891479
746.690186,       41.3078651428
747.023621,       41.4320144653
747.356934,       41.5172843933
747.690247,       41.7218551636
748.023499,       41.8892478943
748.356689,       42.0555648804
748.689758,       42.1289100647
749.022888,       42.2680854797
749.355957,       42.3519210815
749.688965,       42.3741226196
750.021912,       42.4585571289
750.354858,       42.5535469055
750.687683,       42.6639633179
751.020447,       42.7384033203
751.353271,       42.8172607422
751.686035,       42.8500671387
752.018677,       42.8876113892
752.351257,       42.9620895386
752.683838,       43.0687561035
753.016357,       43.0963172913
753.348877,       43.1090240479
753.681396,       43.1628265381
754.013672,       43.2542648315
754.346008,       43.4281845093
754.678345,       43.3622055054
755.010559,       43.3366928101
755.342834,       43.3401985168
755.674988,       43.4085540771
756.007080,       43.3893432617
756.339050,       43.4065055847
756.671082,       43.4636726379
757.003052,       43.4503974915
757.335022,       43.4340515137
757.666870,       43.5596771240
757.998657,       43.5814170837
758.330444,       43.6934814453
758.662170,       43.7812614441
758.993896,       43.8197059631
759.325562,       43.7959899902
759.657043,       43.7799720764
759.988586,       43.7751121521
760.320129,       43.8092460632
760.651489,       43.8885231018
760.982971,       43.8680381775
761.314331,       43.8350753784
761.645569,       43.8589973450
761.976807,       43.9167213440
762.308044,       43.9045448303
762.639160,       43.9193649292
762.970276,       43.9491462708
763.301331,       43.9673767090
763.632385,       44.0541992188
763.963257,       44.2099761963
764.294250,       44.2670326233
764.625122,       44.2335090637
764.955933,       44.4233016968
765.286743,       44.3331031799
765.617432,       44.4188842773
765.948120,       44.4523086548
766.278748,       44.5614356995
766.609314,       44.6587562561
766.939880,       44.7164573669
767.270325,       44.7632751465
767.600708,       44.6859741211
767.931152,       44.6840972900
768.261536,       44.6923408508
768.591858,       44.7242431641
768.922119,       44.7883071899
769.252258,       44.9014472961
769.582397,       44.9504661560
769.912537,       45.0027236938
770.242615,       45.0858154297
770.572632,       45.0739021301
770.902588,       45.0073928833
771.232483,       45.2037048340
771.562256,       45.1368103027
771.892151,       44.9461364746
772.221863,       44.9806137085
772.551697,       44.9829444885
772.881287,       45.0502128601
773.210938,       45.0098228455
773.540466,       44.9926452637
773.870056,       45.0532379150
774.199463,       45.0721778870
774.528992,       45.2474670410
774.858337,       45.2839355469
775.187622,       45.3095245361
775.516968,       45.3351516724
775.846191,       45.2617721558
776.175415,       45.1669273376
776.504578,       45.1619644165
776.833618,       45.1938209534
777.162598,       45.1765823364
777.491638,       45.1178970337
777.820618,       45.0901069641
778.149536,       44.9218444824
778.478394,       44.9932136536
778.807190,       45.0226249695
779.135864,       45.0893135071
779.464600,       45.0294685364
779.793335,       44.9585113525
780.121948,       44.9849090576
780.450439,       44.9286346436
780.778931,       44.9407844543
781.107422,       44.9453430176
781.435913,       44.8918266296
781.764282,       44.9033012390
782.092651,       44.8798141479
782.420837,       44.9122543335
782.749023,       44.9235916138
783.077209,       45.0042915344
783.405396,       44.9843597412
783.733521,       44.9424209595
784.061462,       44.9432716370
784.389465,       45.0192260742
784.717346,       45.0631637573
785.045288,       45.0607948303
785.373108,       45.0219497681
785.700928,       45.0197448730
786.028625,       44.9239921570
786.356384,       44.9320106506
786.683960,       45.0076217651
787.011536,       45.0112266541
787.339111,       45.0477104187
787.666687,       45.0150566101
787.994019,       45.0108985901
788.321411,       44.9609832764
788.648804,       44.9697303772
788.976135,       45.0055961609
789.303406,       44.9714164734
789.630615,       44.9820594788
789.957703,       44.9587326050
790.284851,       44.9725036621
790.611877,       44.9630851746
790.938904,       44.9277153015
791.265930,       44.9208602905
791.592773,       44.9726943970
791.919678,       45.0329322815
792.246460,       45.0429496765
792.573242,       45.0684471130
792.899963,       45.1551666260
793.226685,       45.1652336121
793.553284,       45.1022109985
793.879822,       45.1318283081
794.206299,       45.1237106323
794.532776,       45.1078529358
794.859253,       45.1564254761
795.185669,       45.2002143860
795.511902,       45.1651992798
795.838196,       45.2170295715
796.164490,       45.2074012756
796.490601,       45.2165946960
796.816833,       45.2006912231
797.142883,       45.1913070679
797.468933,       45.2373390198
797.794861,       45.2732963562
798.120789,       45.2974205017
798.446716,       45.2801399231
798.772583,       45.2929000854
799.098328,       45.3201026917
799.424072,       45.3429298401
799.749756,       45.3263626099
800.075439,       45.2951164246
800.401001,       45.2666625977
800.726624,       45.2295646667
801.052063,       45.3672981262
801.377441,       45.3734169006
801.702881,       45.3611297607
802.028198,       45.3896484375
802.353516,       45.5708580017
802.678833,       45.5248451233
803.004028,       45.5910186768
803.329102,       45.6669464111
803.654236,       45.6454734802
803.979248,       45.7975616455
804.304321,       45.8182258606
804.629272,       45.8242416382
804.954163,       45.8011016846
805.278931,       45.7964973450
805.603821,       45.8094406128
805.928589,       45.8252983093
806.253357,       45.7987937927
806.577942,       45.8110160828
806.902588,       45.8990364075
807.227112,       45.9672164917
807.551575,       46.1114425659
807.876099,       46.0631790161
808.200500,       46.1508979797
808.524841,       46.1368255615
808.849121,       46.0982131958
809.173401,       45.9648208618
809.497620,       45.9664115906
809.821838,       45.9670486450
810.145996,       45.8798942566
810.469971,       45.9787826538
810.793945,       45.8451042175
811.117981,       45.7883911133
811.441956,       45.8109130859
811.765808,       45.8636207581
812.089600,       45.8576354980
812.413391,       45.8507347107
812.737061,       45.8110961914
813.060730,       45.8040657043
813.384338,       45.8283576965
813.708008,       45.7128791809
814.031433,       45.7337493896
814.354919,       45.5928192139
814.678345,       45.4936676025
815.001709,       45.4380645752
815.325073,       45.4411163330
815.648376,       45.3807907104
815.971558,       45.3889274597
816.294678,       45.4094390869
816.617798,       45.4232025146
816.940918,       45.4454498291
817.263977,       45.4072990417
817.586853,       45.4674034119
817.909851,       45.4883422852
818.232727,       45.4445152283
818.555542,       45.4163513184
818.878296,       45.4069671631
819.201050,       45.4228324890
819.523682,       45.5011291504
819.846375,       45.5430107117
820.168884,       45.6452293396
820.491455,       45.7309684753
820.813904,       45.7744026184
821.136353,       45.8766174316
821.458740,       45.9876098633
821.781128,       45.9511985779
822.103333,       45.9923095703
822.425598,       46.1335563660
822.747803,       46.0674781799
823.069824,       46.0551376343
823.391968,       46.0642471313
823.713989,       46.2088394165
824.035950,       46.3353462219
824.357849,       46.2632179260
824.679810,       46.2830581665
825.001587,       46.3198356628
825.323425,       46.3586692810
825.645142,       46.4358711243
825.966736,       46.3933372498
826.288391,       46.2813949585
826.610046,       46.2765274048
826.931458,       46.1688385010
827.253052,       46.1935462952
827.574402,       46.1751060486
827.895813,       46.1899566650
828.217163,       46.1448516846
828.538391,       46.1628341675
828.859619,       46.1203231812
829.180786,       46.0469703674
829.501953,       46.2215232849
829.822998,       46.2239379883
830.144043,       46.2441787720
830.464966,       46.2131919861
830.785950,       46.1140022278
831.106812,       46.1557769775
831.427673,       46.0985336304
831.748474,       46.0722732544
832.069214,       46.0740165710
832.389771,       46.0399398804
832.710449,       46.0895462036
833.031067,       46.1693992615
833.351563,       46.1067543030
833.672058,       46.0840034485
833.992371,       46.0672035217
834.312805,       46.0324020386
834.633179,       45.9791259766
834.953369,       45.9476051331
835.273621,       46.0313568115
835.593811,       46.0131378174
835.913940,       46.0583381653
836.234009,       45.9573554993
836.554077,       46.0397872925
836.874023,       46.1421508789
837.193909,       46.1126976013
837.513794,       46.0728912354
837.833618,       46.1117973328
838.153381,       46.1961746216
838.473145,       46.2519149780
838.792786,       46.2237968445
839.112366,       46.2629928589
839.432007,       46.3120803833
839.751465,       46.3181648254
840.070984,       46.2889747620
840.390381,       46.4029655457
840.709656,       46.4183311462
841.028992,       46.5665435791
841.348267,       46.6296043396
841.667480,       46.6656723022
841.986633,       46.6091957092
842.305725,       46.7220573425
842.624817,       46.6806068420
842.943848,       46.7239646912
843.262756,       46.7245597839
843.581665,       46.6127014160
843.900574,       46.6355018616
844.219360,       46.7126579285
844.538147,       46.7621459961
844.856812,       46.8195877075
845.175415,       46.8605766296
845.494080,       46.8643150330
845.812683,       46.8227081299
846.131104,       46.8307037354
846.449585,       46.8488731384
846.768005,       47.0460624695
847.086304,       47.1187820435
847.404663,       47.1678924561
847.722839,       46.9943618774
848.041077,       46.9352798462
848.359192,       46.9895858765
848.677246,       47.0211372375
848.995361,       47.0064048767
849.313354,       47.0138473511
849.631226,       47.0049018860
849.949158,       47.0055236816
850.267029,       47.0438728333
850.584778,       46.9982566833
850.902527,       46.9849815369
851.220276,       46.9303207397
851.537842,       46.9058341980
851.855469,       46.8418579102
852.173035,       46.8849563599
852.490417,       46.9621963501
852.807861,       46.9266395569
853.125305,       47.0177764893
853.442627,       46.9099502563
853.759888,       46.6886787415
854.077087,       46.6153068542
854.394287,       46.7422790527
854.711426,       46.7911796570
855.028442,       46.7043838501
855.345459,       46.7924461365
855.662537,       46.8583297729
855.979370,       46.8987655640
856.296265,       46.9422302246
856.613098,       46.8963050842
856.929871,       46.8675003052
857.246582,       46.8602943420
857.563232,       46.9038391113
857.879822,       46.9124565125
858.196411,       46.8964309692
858.512939,       46.8978691101
858.829346,       46.9036483765
859.145813,       46.9016304016
859.462158,       46.9015007019
859.778442,       46.8444404602
860.094666,       46.8523635864
860.410889,       46.9406318665
860.726990,       46.9324188232
861.043152,       46.9022674561
861.359192,       46.9099235535
861.675232,       46.9423904419
861.991150,       46.8886032104
862.307007,       46.9149665833
862.622864,       46.9223251343
862.938660,       46.9227523804
863.254333,       46.9733924866
863.570068,       46.9998474121
863.885742,       47.1080513000
864.201233,       47.0622100830
864.516846,       47.1104049683
864.832336,       47.1032867432
865.147766,       47.1481590271
865.463135,       47.1762466431
865.778503,       47.1942749023
866.093750,       47.1936798096
866.408997,       47.1931495667
866.724182,       47.2870979309
867.039246,       47.3443489075
867.354309,       47.4283828735
867.669312,       47.4519920349
867.984314,       47.4124107361
868.299194,       47.4839096069
868.614075,       47.4545936584
868.928833,       47.4323310852
869.243652,       47.3847198486
869.558289,       47.3823013306
869.872986,       47.3131599426
870.187622,       47.3142166138
870.502136,       47.2837181091
870.816650,       47.2621803284
871.131165,       47.2437248230
871.445496,       47.2693634033
871.759827,       47.2961616516
872.074158,       47.2347297668
872.388367,       47.1918449402
872.702576,       47.1826248169
873.016785,       47.1979942322
873.330750,       47.0671768188
873.644897,       46.9972991943
873.958801,       47.0171165466
874.272705,       46.9622688293
874.586670,       46.9849510193
874.900452,       46.9357490540
875.214172,       46.9010925293
875.527954,       46.8350601196
875.841614,       46.8444404602
876.155273,       46.8237876892
876.468811,       46.8231163025
876.782288,       46.7815208435
877.095764,       46.7896766663
877.409241,       46.8373451233
877.722534,       46.8954544067
878.035889,       46.9607810974
878.349121,       47.0138092041
878.662292,       46.9598999023
878.975464,       46.9717369080
879.288574,       47.0753173828
879.601624,       47.1005210876
879.914612,       47.1997184753
880.227600,       47.1845512390
880.540405,       47.1658477783
880.853271,       47.1689186096
881.166016,       47.1721572876
881.478821,       47.1702232361
881.791504,       47.2023200989
882.104065,       47.2672729492
882.416626,       47.2790794373
882.729187,       47.2907638550
883.041626,       47.3221435547
883.354065,       47.3474578857
883.666443,       47.3333320618
883.978760,       47.2604293823
884.291016,       47.2718925476
884.603271,       47.1572685242
884.915344,       47.1166267395
885.227539,       47.2307662964
885.539551,       47.2001838684
885.851501,       47.1988945007
886.163513,       47.1335983276
886.475464,       47.0716018677
886.787231,       47.1345901489
887.099060,       47.0687103271
887.410767,       47.0116615295
887.722412,       47.0139770508
888.034119,       47.0115203857
888.345642,       46.9892883301
888.657227,       46.9483108521
888.968689,       46.9895744324
889.280090,       46.9481468201
889.591492,       46.9772148132
889.902832,       46.9848785400
890.213989,       46.9572944641
890.525269,       47.0031051636
890.836487,       46.8941726685
891.147522,       47.0227508545
891.458618,       51.8866310120
891.769653,       51.8580627441
892.080566,       51.9194259644
892.391479,       51.8246841431
892.702332,       51.8529548645
893.013123,       51.9194717407
893.323853,       51.8741264343
893.634521,       51.9414901733
893.945129,       52.0476989746
894.255798,       52.0674629211
894.566223,       52.0447387695
894.876770,       52.1368637085
895.187195,       52.1748733521
895.497498,       52.1302719116
895.807861,       52.2302970886
896.118164,       52.1957168579
896.428345,       52.2471656799
896.738525,       52.3153114319
897.048645,       52.2656974792
897.358643,       52.3291168213
897.668701,       52.3846015930
897.978638,       47.1628799438
898.288513,       47.1229133606
898.598389,       47.1234588623
898.908142,       47.1434936523
899.217896,       47.1249504089
899.527588,       47.2291755676
899.837219,       47.2354164124
900.146790,       47.3075904846
900.456360,       47.3434638977
900.765747,       47.3125877380
901.075195,       47.4386177063
901.384583,       47.4697837830
901.693848,       47.4294242859
902.003174,       47.4529991150
902.312378,       47.4689025879
902.621460,       47.4669570923
902.930603,       47.4532852173
903.239685,       47.3569946289
903.548645,       47.3988037109
903.857605,       47.3930931091
904.166504,       47.2949981689
904.475281,       47.3125915527
904.784058,       47.3215408325
905.092896,       47.2644538879
905.401489,       47.3041839600
905.710144,       47.3039207458
906.018738,       47.1554145813
906.327209,       47.2228546143
906.635681,       47.1348495483
906.944031,       47.0904541016
907.252441,       47.0998229980
907.560730,       47.0223617554
907.869019,       47.0019111633
908.177185,       47.0331153870
908.485352,       47.0853958130
908.793396,       47.1380958557
909.101501,       47.1603088379
909.409485,       47.1894607544
909.717407,       47.2293128967
910.025269,       47.2081794739
910.333130,       47.2607002258
910.640869,       47.2456665039
910.948608,       47.1709899902
911.256287,       47.1934547424
911.563843,       47.1901626587
911.871399,       47.1125717163
912.178955,       47.1308250427
912.486389,       47.1616897583
912.793823,       47.0948295593
913.101135,       47.1486434937
913.408386,       47.0728073120
913.715637,       47.1708068848
914.022827,       47.2293243408
914.329956,       47.1920471191
914.637085,       47.1531295776
914.944031,       47.0765800476
915.251038,       46.9362945557
915.557983,       47.0048713684
915.864807,       47.0568046570
916.171631,       47.0756340027
916.478455,       47.1212654114
916.785095,       47.1242942810
917.091736,       47.1112518311
917.398376,       47.3007392883
917.704834,       47.3499870300
918.011414,       47.3142204285
918.317810,       47.3725929260
918.624207,       47.4285812378
918.930542,       47.4129829407
919.236816,       47.4855957031
919.542969,       47.3880233765
919.849182,       47.4194717407
920.155273,       47.3277091980
920.461304,       47.3800163269
920.767334,       47.3733749390
921.073242,       47.4063034058
921.379211,       47.4981155396
921.685059,       47.5157737732
921.990784,       47.4650459290
922.296570,       47.3471641541
922.602295,       47.3478317261
922.907898,       47.6012687683
923.213440,       47.5408401489
923.518982,       47.5601654053
923.824463,       47.4583129883
924.129883,       47.4088058472
924.435242,       47.4591941833
924.740540,       47.4457702637
925.045776,       47.3841590881
925.351013,       47.4112167358
925.656128,       47.3092155457
925.961243,       47.4546127319
926.266235,       47.4891662598
926.571167,       47.6660461426
926.876160,       47.5386352539
927.181030,       47.5536994934
927.485840,       47.4926033020
927.790588,       47.4857940674
928.095276,       47.4915351868
928.399963,       47.6830520630
928.704590,       47.7803115845
929.009094,       47.8785171509
929.313599,       47.7344436646
929.618103,       47.8209915161
929.922424,       47.8316802979
930.226807,       47.7862968445
930.531067,       47.7648506165
930.835266,       47.8337478638
931.139465,       47.7891044617
931.443542,       47.7886390686
931.747620,       47.8312416077
932.051697,       47.8790969849
932.355652,       47.7066802979
932.659485,       47.7570953369
932.963379,       47.5930709839
933.267090,       47.6720237732
933.570801,       47.7236289978
933.874573,       47.7355613708
934.178162,       47.6579895020
934.481689,       47.7281150818
934.785278,       47.6251754761
935.088745,       47.5083007813
935.392151,       47.4641456604
935.695496,       47.3677444458
935.998779,       47.2258911133
936.302063,       47.1815261841
936.605225,       47.3314781189
936.908386,       47.4349250793
937.211426,       47.3574790955
937.514465,       47.3972930908
937.817444,       47.3115463257
938.120422,       47.3270759583
938.423279,       47.3796653748
938.726013,       47.5116157532
939.028809,       47.4263916016
939.331482,       47.5432243347
939.634155,       47.5482254028
939.936768,       47.4925689697
940.239258,       47.5181427002
940.541809,       47.4987258911
940.844238,       47.4692115784
941.146606,       47.3612174988
941.448914,       47.4250907898
941.751221,       47.4328575134
942.053345,       47.3550605774
942.355530,       47.3246383667
942.657654,       47.3436622620
942.959656,       47.3681259155
943.261658,       47.2826538086
943.563599,       47.2641296387
943.865479,       47.4406700134
944.167358,       47.4465293884
944.469177,       47.4881782532
944.770813,       47.4582481384
945.072510,       47.4492263794
945.374084,       47.4449768066
945.675659,       47.3211479187
945.977173,       47.1994628906
946.278564,       47.2277717590
946.580017,       47.2408103943
946.881348,       47.2103996277
947.182617,       47.2051010132
947.483826,       47.2042160034
947.785034,       47.1139411926
948.086060,       47.0902061462
948.387207,       47.2464218140
948.688232,       47.3663787842
948.989075,       47.4211769104
949.290039,       47.2348709106
949.590942,       47.2837944031
949.891663,       47.4950180054
950.192444,       47.3653144836
950.493164,       47.4713973999
950.793701,       47.3414955139
951.094299,       47.2716407776
951.394836,       47.2738494873
951.695251,       48.0925865173
951.995667,       48.1499023438
952.295959,       48.2675514221
952.596313,       48.2782020569
952.896545,       48.4084320068
953.196716,       48.4904136658
953.496826,       48.6165847778
953.796936,       48.5804290771
954.096863,       48.5995063782
954.396912,       48.6240730286
954.696777,       48.5442466736
954.996643,       48.6169967651
955.296448,       48.7306518555
955.596191,       48.7638397217
955.895813,       48.8151893616
956.195496,       48.8213615417
956.495117,       48.9892349243
956.794556,       49.0938758850
957.094055,       49.0933151245
957.393494,       49.5298728943
957.692810,       49.6448593140
957.992126,       48.8243141174
958.291321,       48.7234420776
958.590637,       48.7681198120
958.889709,       48.7564048767
959.188782,       48.5887794495
959.487793,       48.6581993103
959.786804,       48.5968170166
960.085693,       48.6693420410
960.384460,       48.7808303833
960.683472,       48.8368034363
960.982056,       48.8815612793
961.280823,       49.0414428711
961.579407,       48.9999656677
961.877930,       48.9975967407
962.176575,       48.9964599609
962.474915,       48.7764282227
962.773376,       48.6622009277
963.071777,       48.6222076416
963.370056,       48.6944389343
963.668335,       48.2979698181
963.966431,       48.2982025146
964.264709,       48.2607040405
964.562744,       48.4861946106
964.860718,       48.4538993835
965.158691,       48.5911254883
965.456543,       48.8187065125
965.754578,       48.8443260193
966.052307,       49.0120429993
966.350037,       49.0400810242
966.647705,       49.0271377563
966.945251,       49.0383262634
967.243042,       48.9408416748
967.540405,       48.4989318848
967.837952,       48.4980964661
968.135376,       48.6779556274
968.432739,       48.9795303345
968.730042,       49.1724128723
969.027222,       49.1750297546
969.324524,       49.1628341675
969.621521,       49.1175041199
969.918701,       49.2406082153
970.215698,       49.2030792236
970.512573,       49.3012657166
970.809631,       49.2827072144
971.106384,       49.2609481812
971.403198,       49.3024101257
971.700012,       49.3645401001
971.996521,       49.2285575867
972.293335,       49.2103233337
972.589783,       49.2147979736
972.886353,       49.1124458313
973.182861,       48.9687614441
973.479309,       49.1132354736
973.775635,       49.3514099121
974.071838,       49.5235748291
974.368225,       49.3240165710
974.664368,       49.0443725586
974.960449,       48.9823265076
975.256592,       48.8510475159
975.552490,       49.1610183716
975.848633,       49.2450103760
976.144409,       49.4694442749
976.440247,       49.4442253113
976.736023,       49.8749961853
977.031738,       49.8296012878
977.327515,       49.9612464905
977.623047,       50.0275077820
977.918640,       49.9830055237
978.214172,       50.2221946716
978.509644,       49.9627380371
978.805115,       49.9954032898
979.100281,       50.0749282837
979.395752,       50.3136978149
979.690857,       50.4488410950
979.986084,       50.4202117920
980.281250,       50.3624420166
980.576172,       50.5702095032
980.871338,       50.6886253357
981.166199,       50.6396484375
981.461121,       50.7763938904
981.755920,       50.5543785095
982.050781,       50.7116737366
982.345520,       50.6710815430
982.640076,       50.6234245300
982.934814,       50.4014968872
983.229309,       50.4178466797
983.523804,       50.6924743652
983.818298,       50.5700950623
984.112610,       50.3539009094
984.407043,       51.4063835144
984.701233,       51.7069320679
984.995483,       51.8383255005
985.289612,       51.8954696655
985.583618,       51.8297080994
985.877869,       51.7774925232
986.171753,       51.8315544128
986.465698,       51.9512901306
986.759583,       52.0849685669
987.053467,       52.5035133362
987.347290,       52.4452133179
987.640869,       52.4439735413
987.934631,       52.4339370728
988.228149,       52.3490066528
988.521667,       52.2567825317
988.815186,       52.5238914490
989.108582,       52.4086837769
989.402039,       52.4694137573
989.695313,       52.2886619568
989.988525,       52.5738067627
990.281738,       52.8957061768
990.574829,       51.7166481018
990.868042,       51.6533508301
991.161011,       51.6974372864
991.453979,       51.9779129028
991.746948,       52.4035034180
992.039795,       52.8269042969
992.332642,       53.4473533630
992.625305,       53.2481002808
992.918091,       53.2747688293
993.210632,       53.7902221680
993.503235,       54.1329498291
993.795837,       55.0024642944
994.088196,       55.0506248474
994.380676,       55.1589965820
994.672913,       55.3920860291
994.965271,       56.0539245605
995.257568,       56.1675148010
995.549622,       56.6067924500
995.841858,       57.0207176208
996.133850,       57.0186958313
996.425903,       57.0274658203
996.717834,       57.0172500610
997.009766,       56.8483467102
997.301636,       56.7531356812
997.593323,       56.7646026611
997.885193,       56.6971893311
998.176758,       56.3171195984
998.468384,       56.2646865845
998.760010,       56.4086990356
999.051392,       56.4959335327
999.342957,       55.9139060974
999.634277,       55.7388000488
999.925598,       55.0498085022
1000.216919,       55.2682647705
1000.508118,       55.5937271118
1000.799255,       55.3458137512
1001.090271,       54.5336608887
1001.381470,       54.3133964539
1001.672363,       54.2206420898
1001.963257,       53.6976699829
1002.254150,       53.5199775696
1002.544922,       53.4547729492
1002.835815,       53.7537918091
1003.126404,       54.1952018738
1003.417114,       54.5576705933
1003.707703,       54.3898086548
1003.998108,       54.3174629211
1004.288757,       54.6059684753
1004.579041,       54.1617469788
1004.869385,       54.2904243469
1005.159729,       54.4930458069
1005.450012,       54.0354080200
1005.740173,       54.1869277954
1006.030212,       54.0984153748
1006.320435,       54.0975875854
1006.610352,       53.7290878296
1006.900330,       53.5129661560
1007.190247,       54.1507644653
1007.479980,       54.2315254211
1007.769897,       54.0462722778
1008.059509,       54.1946830750
1008.349243,       54.2983055115
1008.638855,       54.3945541382
1008.928345,       54.5346488953
1009.217896,       54.5194396973
1009.507263,       54.4166259766
1009.796753,       54.7385711670
1010.086060,       54.4946327209
1010.375366,       54.3104515076
1010.664551,       54.1412658691
1010.953674,       54.1335220337
1011.242920,       54.4866027832
1011.531738,       54.8859825134
1011.820801,       55.2158279419
1012.109741,       55.5477027893
1012.398499,       55.8011131287
1012.687439,       56.5567131042
1012.976074,       57.0137023926
1013.264771,       56.9137229919
1013.553406,       57.2693939209
1013.842041,       57.2693710327
1014.130554,       57.0119743347
1014.418884,       57.3425102234
1014.707336,       57.4762039185
1014.995789,       57.3338851929
1015.284058,       57.5152511597
1015.572327,       57.7371597290
1015.860413,       57.5295104980
1016.148621,       57.4411468506
1016.436523,       57.6711883545
1016.724609,       57.6997566223
1017.012573,       57.8699569702
1017.300354,       57.4423294067
1017.588318,       56.8373146057
1017.875977,       57.2135620117
1018.163757,       57.1802330017
1018.451416,       57.1884346008
1018.739014,       57.8016281128
1019.026611,       57.9417648315
1019.313904,       57.5013656616
1019.601440,       57.6578445435
1019.888733,       57.7451095581
1020.176086,       58.5342216492
1020.463318,       58.8226242065
1020.750549,       59.3318939209
1021.037720,       59.9430274963
1021.324707,       60.2856140137
1021.611694,       60.9078941345
1021.898682,       61.3940658569
1022.185547,       61.8295440674
1022.472595,       61.6630859375
1022.759216,       62.1974525452
1023.045959,       62.5247306824
1023.332581,       63.7479476929
1023.619324,       64.2966079712
1023.905884,       64.3831405640
1024.192261,       64.7132186890
1024.478882,       64.8838958740
1024.765137,       63.9523506165
1025.051514,       64.1137695313
1025.337769,       64.1812210083
1025.623779,       64.3399810791
1025.910034,       65.0513534546
1026.196045,       79.3625488281
1026.482178,       60.6882171631
1026.768066,       68.6567153931
1027.053955,       66.0231628418
1027.339966,       61.1436843872
1027.625610,       60.9756126404
1027.911377,       62.6506042480
1028.197144,       54.5454559326
1028.482666,       62.6649093628
1028.768311,       73.3392333984
