339.817139,        0.0000000000
340.196106,        0.0000000000
340.575104,     1099.9991455078
340.954010,      704.3471069336
341.332886,     7249.8320312500
341.711761,      768.4195556641
342.090576,       52.5510253906
342.469360,      101.4534683228
342.848114,       49.0740547180
343.226868,        0.0000000000
343.605560,       54.0062713623
343.984192,       53.4597625732
344.362854,       53.8882141113
344.741425,       56.9546585083
345.119995,       62.8384246826
345.498535,       66.0960769653
345.877014,       68.0145721436
346.255463,       69.2307815552
346.633881,       71.4114761353
347.012299,       70.9296493530
347.390625,       70.8480148315
347.768951,       70.4158706665
348.147278,       71.0073089600
348.525513,       72.5910186768
348.903748,       73.6949768066
349.281952,       73.7879562378
349.660126,       73.7345962524
350.038239,       73.2125473022
350.416321,       72.7063293457
350.794373,       71.3792648315
351.172394,       72.1521377563
351.550385,       70.0058135986
351.928375,       67.9252166748
352.306305,       70.2763824463
352.684174,       70.2095031738
353.062042,       70.1410522461
353.439880,       70.0356979370
353.817657,       70.7728576660
354.195404,       73.5924453735
354.573151,       70.1521911621
354.950836,       72.3861770630
355.328461,       73.1983032227
355.706116,       72.8082504272
356.083710,       91.6260528564
356.461243,       91.9585952759
356.838806,       91.1868057251
357.216248,       91.5353622437
357.593719,       91.9793167114
357.971161,       92.1199340820
358.348541,       91.5283737183
358.725891,       91.4113388062
359.103210,       91.8901443481
359.480530,       90.8511199951
359.857758,       93.4978485107
360.234955,       92.0240020752
360.612183,       91.6371078491
360.989319,       91.2153472900
361.366425,       90.9016647339
361.743530,       92.5032348633
362.120575,       91.0083312988
362.497559,       90.5883712769
362.874573,       89.6170120239
363.251526,       88.4335937500
363.628418,       87.3923034668
364.005310,       63.5670433044
364.382202,       62.8833427429
364.759003,       61.9262886047
365.135773,       61.9317932129
365.512482,       62.7897338867
365.889221,       64.2663879395
366.265900,       65.1417617798
366.642517,       66.3782806396
367.019165,       65.0669250488
367.395721,       67.9147109985
367.772278,       66.4913558960
368.148804,       65.3104171753
368.525269,       65.5106964111
368.901672,       64.1304397583
369.278107,       64.0690231323
369.654480,       57.8837089539
370.030823,       60.4957466125
370.407104,       59.1700363159
370.783386,       57.4372901917
371.159637,       58.8559036255
371.535828,       62.7774772644
371.912018,       63.3874778748
372.288116,       63.3693275452
372.664246,       64.5066452026
373.040283,       65.3366851807
373.416351,       63.7706222534
373.792328,       60.5966911316
374.168274,       61.1728363037
374.544250,       60.9251098633
374.920105,       61.9128952026
375.295959,       59.7973937988
375.671814,       61.2432785034
376.047607,       61.8862609863
376.423370,       61.1686935425
376.799103,       62.8642692566
377.174774,       63.8580665588
377.550415,       64.6669235229
377.926056,       60.4499397278
378.301636,       62.4256019592
378.677185,       63.2227592468
379.052673,       65.5058898926
379.428192,       65.8564300537
379.803650,       64.6969528198
380.179047,       62.6369476318
380.554443,       61.6897506714
380.929779,       59.8874282837
381.305084,       58.1727676392
381.680359,       59.7970657349
382.055634,       58.8344230652
382.430817,       57.0123023987
382.805969,       55.3252143860
383.181152,       57.2078704834
383.556244,       56.6832313538
383.931274,       57.2168960571
384.306366,       58.6261138916
384.681366,       55.9639396667
385.056305,       54.7502937317
385.431274,       55.5653648376
385.806152,       58.0972900391
386.181000,       56.4347763062
386.555817,       55.8257408142
386.930634,       50.6238746643
387.305389,       47.2923126221
387.680084,       48.0538864136
388.054810,       48.8184890747
388.429474,       47.4739990234
388.804047,       46.4898872375
389.178650,       48.1649856567
389.553192,       45.4428558350
389.927734,       46.3593978882
390.302185,       48.2650337219
390.676666,       48.4295196533
391.051086,       45.9782676697
391.425446,       44.2387237549
391.799805,       44.1616363525
392.174133,       43.2884178162
392.548370,       44.8529853821
392.922638,       43.2403602600
393.296844,       45.6828956604
393.670990,       42.1297760010
394.045135,       41.4156951904
394.419220,       39.8684234619
394.793304,       42.3393630981
395.167328,       42.8750915527
395.541321,       44.4855766296
395.915283,       45.0453147888
396.289185,       48.6806259155
396.663116,       49.9833602905
397.036957,       48.6618385315
397.410736,       49.1666603088
397.784546,       48.6028060913
398.158325,       46.1603775024
398.532013,       46.0594596863
398.905670,       46.1830444336
399.279358,       51.5818672180
399.652954,       50.9259109497
400.026520,       50.3134193420
400.400085,       50.3410415649
400.773560,       52.3486900330
401.147034,       49.0418548584
401.520508,       48.7046585083
401.893890,       49.5515441895
402.267242,       50.9284858704
402.640564,       49.9862327576
403.013855,       50.7101058960
403.387146,       49.5603713989
403.760345,       49.7784538269
404.133514,       51.1825256348
404.506683,       50.7437705994
404.879791,       52.4497261047
405.252869,       52.6706619263
405.625946,       51.6347351074
405.998962,       50.8772125244
406.371918,       53.6083946228
406.744873,       53.4412193298
407.117798,       49.0585937500
407.490631,       49.0254478455
407.863525,       48.6817283630
408.236298,       49.3789939880
408.609039,       52.8430862427
408.981842,       52.6898498535
409.354523,       55.1371574402
409.727173,       54.2086601257
410.099792,       52.9885215759
410.472382,       52.1924095154
410.844910,       51.2013778687
411.217438,       49.3827209473
411.589935,       48.1422729492
411.962402,       43.9255561829
412.334778,       47.9187431335
412.707153,       47.2607231140
413.079498,       46.4214477539
413.451813,       46.2506828308
413.824066,       47.4567260742
414.196350,       43.9814262390
414.568512,       44.4409065247
414.940674,       44.9129562378
415.312805,       43.9925918579
415.684906,       44.0090370178
416.056946,       50.8325500488
416.429016,       47.1815986633
416.800964,       46.7513427734
417.172913,       44.3645133972
417.544830,       44.7173156738
417.916718,       44.6792411804
418.288574,       44.2592239380
418.660370,       43.6003379822
419.032135,       43.2559814453
419.403870,       43.3723945618
419.775574,       43.6411590576
420.147247,       39.8763198853
420.518860,       39.6282196045
420.890472,       38.9371681213
421.262024,       39.1734237671
421.633545,       38.1813468933
422.005005,       38.6702041626
422.376495,       37.2120208740
422.747925,       36.4331359863
423.119293,       36.5338821411
423.490601,       36.9030265808
423.861938,       27.9698734283
424.233215,       28.8953628540
424.604462,       30.6319141388
424.975647,       29.6599903107
425.346832,       28.4325637817
425.717926,       27.6630554199
426.089050,       27.3003005981
426.460083,       26.3948554993
426.831085,       26.1231460571
427.202087,       25.0084762573
427.572998,       25.0041694641
427.943939,       26.0291748047
428.314819,       25.4317245483
428.685669,       25.2670593262
429.056458,       25.5373039246
429.427246,       25.5663146973
429.797943,       24.4992980957
430.168701,       24.8425083160
430.539337,       25.0504341125
430.909943,       25.2886257172
431.280548,       26.6695652008
431.651093,       27.7595577240
432.021606,       27.6733131409
432.392120,       25.3726177216
432.762543,       25.2094631195
433.132965,       24.7861461639
433.503326,       25.4206657410
433.873688,       25.7822723389
434.243958,       25.6303367615
434.614227,       24.8962574005
434.984467,       25.9800186157
435.354645,       25.1331653595
435.724792,       23.6171398163
436.094910,       22.5003299713
436.464996,       23.2149391174
436.835052,       25.6485099792
437.205048,       25.3008270264
437.575043,       26.4307861328
437.944977,       26.0337677002
438.314880,       26.2409381866
438.684753,       25.8078956604
439.054565,       24.1231708527
439.424377,       24.1606559753
439.794128,       23.2664813995
440.163849,       24.0214061737
440.533508,       26.3469963074
440.903198,       26.6000099182
441.272797,       27.1714096069
441.642334,       27.5959434509
442.011902,       28.2631721497
442.381409,       29.2902145386
442.750854,       28.8821811676
443.120300,       29.2579879761
443.489655,       29.3463344574
443.859039,       30.3639621735
444.228333,       30.0459899902
444.597626,       27.6941566467
444.966888,       28.1391048431
445.336060,       27.3388214111
445.705231,       26.9320106506
446.074402,       26.0622653961
446.443512,       26.1175460815
446.812531,       26.0038890839
447.181610,       24.9976768494
447.550568,       25.1112937927
447.919525,       24.7112312317
448.288483,       22.6355419159
448.657349,       22.5238418579
449.026154,       21.3831958771
449.394989,       21.1619033813
449.763763,       21.3380546570
450.132477,       20.4646873474
450.501190,       19.8548755646
450.869812,       19.2011432648
451.238464,       18.6973190308
451.607025,       17.8874969482
451.975586,       18.4855918884
452.344116,       18.4660091400
452.712585,       18.6041717529
453.081024,       18.4579944611
453.449463,       18.4038085938
453.817810,       18.4444675446
454.186127,       17.9293575287
454.554413,       40.9697532654
454.922668,       41.2209243774
455.290894,       40.3648796082
455.659088,       39.8964004517
456.027222,       39.4573249817
456.395325,       38.9200820923
456.763428,       38.8065185547
457.131439,       38.0032196045
457.499420,       37.3146057129
457.867371,       37.1357650757
458.235321,       36.8956184387
458.603210,       36.7566986084
458.971039,       36.7122154236
459.338867,       36.2934188843
459.706635,       35.3170242310
460.074371,       34.7528457642
460.442047,       34.2609367371
460.809753,       35.4577941895
461.177368,       35.1337280273
461.544952,       35.1467018127
461.912537,       34.7700843811
462.280029,       15.6945629120
462.647522,       14.7713985443
463.014984,       14.7039737701
463.382355,       15.0026607513
463.749725,       14.7927064896
464.117065,       14.6982212067
464.484344,       14.1789140701
464.851593,       14.0634536743
465.218842,       13.8199777603
465.586029,       13.8318910599
465.953156,       13.6599760056
466.320282,       13.3657341003
466.687317,       13.4756164551
467.054352,       13.5256338120
467.421356,       13.8245735168
467.788300,       13.6969003677
468.155243,       13.3339700699
468.522095,       11.5214366913
468.888947,       12.0302371979
469.255768,       11.8914871216
469.622559,       12.4931125641
469.989258,       12.6904067993
470.355988,       12.8147201538
470.722626,       12.8504886627
471.089233,       12.5771818161
471.455841,       12.8874464035
471.822388,       12.8093223572
472.188873,       12.9396219254
472.555389,       12.9564599991
472.921753,       12.9517745972
473.288208,       12.7929639816
473.654602,       12.6699209213
474.020874,       12.7252893448
474.387177,       12.3160247803
474.753387,       12.0216159821
475.119629,       11.4930782318
475.485809,       11.4398813248
475.851929,       11.3369064331
476.218018,       11.3499431610
476.584076,       11.1028261185
476.950104,       10.6648225784
477.316101,       10.1747426987
477.682037,        9.7075738907
478.047974,        9.3923311234
478.413818,        9.6639175415
478.779663,        9.6859884262
479.145477,        9.2794933319
479.511200,        9.2846879959
479.876953,        9.2888107300
480.242615,        9.2674560547
480.608276,        9.2933387756
480.973907,        9.1421976089
481.339417,        9.3376111984
481.704987,        9.2200117111
482.070465,        8.9689846039
482.435913,        8.9420003891
482.801331,        8.9402046204
483.166718,        8.8641862869
483.532043,        9.0355920792
483.897369,        9.3441982269
484.262634,        9.1980295181
484.627869,        9.2158727646
484.993073,        9.0505504608
485.358215,        9.1651964188
485.723297,        9.1686868668
486.088409,        8.9139747620
486.453461,        8.7631731033
486.818451,        8.7255868912
487.183411,        8.7695989609
487.548370,        8.7171268463
487.913239,        8.6478013992
488.278107,        8.4269418716
488.642883,        8.3030939102
489.007660,        8.1669607162
489.372437,        8.1064023972
489.737091,        8.0771484375
490.101746,        7.9498195648
490.466370,        7.9130940437
490.830963,        7.8903608322
491.195526,        7.6511197090
491.559998,        7.2238855362
491.924500,        7.1117362976
492.288940,        7.0457944870
492.653320,        7.1038274765
493.017670,        7.0058474541
493.382019,        6.9262728691
493.746277,        6.7561683655
494.110504,        6.6699752808
494.474731,        6.8452386856
494.838898,        6.8016791344
495.203033,        6.7886853218
495.567108,        6.7925720215
495.931122,        8.1820659637
496.295166,        8.1993370056
496.659149,        8.0057525635
497.023041,        7.9850606918
497.386963,        7.9584107399
497.750824,        7.9965958595
498.114624,        8.1248550415
498.478455,        8.2319126129
498.842163,        8.1649074554
499.205872,        8.1598377228
499.569580,        8.1446495056
499.933167,        8.2447395325
500.296753,        8.1865358353
500.660339,        8.1897392273
501.023834,        8.2341766357
501.387299,        8.2560777664
501.750763,        8.2948827744
502.114166,        8.1666650772
502.477509,        8.0742254257
502.840851,        8.1402416229
503.204102,        8.2243356705
503.567352,        7.0568165779
503.930573,        7.0719985962
504.293732,        7.0587592125
504.656860,        7.1208314896
505.019989,        7.3358931541
505.382996,        7.3202476501
505.746033,        7.2838530540
506.109009,        7.2011446953
506.471924,        7.1786932945
506.834839,        7.1804480553
507.197662,        7.1854314804
507.560486,        7.1997642517
507.923309,        7.2192282677
508.286041,        7.2345890999
508.648743,        7.1874871254
509.011414,        7.1740126610
509.373993,        7.1401929855
509.736633,        7.1517505646
510.099213,        7.1459794044
510.461731,        6.9831361771
510.824158,        6.9700202942
511.186615,        6.8885946274
511.548950,        6.8358206749
511.911346,        6.9055519104
512.273682,        6.8379001617
512.635925,        6.6823234558
512.998169,        6.6314234734
513.360352,        6.5521583557
513.722534,        6.6815705299
514.084717,        6.8392119408
514.446777,        6.8035564423
514.808777,        6.8389358521
515.170776,        6.7397913933
515.532776,        6.7679433823
515.894714,        6.7482733727
516.256592,        6.8071284294
516.618469,        7.7373728752
516.980286,        7.9594335556
517.342041,        7.9821677208
517.703735,        8.0473365784
518.065430,        8.2208433151
518.427185,        8.2301378250
518.788696,        8.2842998505
519.150330,        8.2943611145
519.511902,        8.4184055328
519.873291,        8.4468240738
520.234802,        8.5253934860
520.596252,        8.5970373154
520.957581,        8.6600294113
521.318970,        8.5111608505
521.680237,        8.4182586670
522.041565,        8.4828767776
522.402771,        8.5008163452
522.763977,        8.6333799362
523.125061,        8.6799211502
523.486206,        9.0329523087
523.847229,        9.1218929291
524.208252,        8.3663349152
524.569275,        8.1929683685
524.930237,        8.2094650269
525.291138,        8.2408885956
525.652100,        8.2125949860
526.012817,        8.2901334763
526.373657,        8.3142137527
526.734436,        8.3119583130
527.095093,        8.4236431122
527.455811,        8.4798526764
527.816528,        8.4697637558
528.177002,        8.4844436646
528.537598,        8.5257339478
528.898132,        8.6158103943
529.258606,        8.6434412003
529.619080,        8.6711130142
529.979431,        9.0124950409
530.339844,        8.8905620575
530.700134,        8.9001197815
531.060425,        8.7067966461
531.420654,        8.6984167099
531.780884,        8.9727840424
532.140991,        9.0309629440
532.501160,        9.0163297653
532.861267,        9.0962505341
533.221375,        9.0775146484
533.581299,        9.0022897720
533.941284,        9.1211738586
534.301208,        9.2345590591
534.661133,        9.1194343567
535.020996,        9.1597137451
535.380798,        9.2184915543
535.740540,        9.3133420944
536.100220,        9.3678207397
536.459900,        9.3666591644
536.819641,        9.3923997879
537.179260,        9.4200353622
537.538757,        9.1709089279
537.898376,        9.2221965790
538.257813,        9.2071895599
538.617249,        9.1138362885
538.976685,        9.0717725754
539.336121,        8.9085731506
539.695374,        8.8858003616
540.054688,        8.9600610733
540.413879,        8.9443883896
540.773132,        8.9346323013
541.132385,        8.9459419250
541.491516,        8.9469718933
541.850525,        9.0101060867
542.209595,        9.0053691864
542.568604,        9.0807447433
542.927612,        9.0675878525
543.286560,        8.9954633713
543.645386,        8.9608983994
544.004333,        8.9755430222
544.363098,        8.9986438751
544.721924,        9.0524082184
545.080688,        9.0705137253
545.439331,        9.2127456665
545.797974,        9.2010869980
546.156616,        9.4386339188
546.515137,        9.4399127960
546.873657,        9.4183216095
547.232239,        9.4565706253
547.590698,        9.4173688889
547.949097,        9.4169063568
548.307495,        9.4075527191
548.665833,        9.3724384308
549.024109,        9.3010091782
549.382385,        9.2492723465
549.740540,        9.3391180038
550.098755,        9.2360343933
550.456909,        9.2102642059
550.815002,        9.1754961014
551.173096,        9.1390523911
551.531128,        9.0835542679
551.888977,        9.0859165192
552.247009,        8.9607162476
552.604797,        9.0825042725
552.962708,        9.0226907730
553.320557,        9.0971336365
553.678345,        9.0603628159
554.036011,        9.0595359802
554.393738,        9.0206031799
554.751404,        8.9674844742
555.109009,        8.9931049347
555.466614,        8.9216127396
555.824158,        8.8878679276
556.181641,        8.9569044113
556.539063,        8.9433097839
556.896423,        8.8951539993
557.253845,        8.7829809189
557.611206,        8.9203920364
557.968445,        8.9221258163
558.325745,        8.9290761948
558.682922,        8.9323711395
559.040161,        8.9740715027
559.397278,        8.9244585037
559.754395,        9.0253934860
560.111389,        8.8542003632
560.468445,        8.7633628845
560.825378,        8.7098569870
561.182251,        8.5479211807
561.539185,        8.5200624466
561.896057,        8.5193271637
562.252869,        8.5507898331
562.609619,        8.4836988449
562.966309,        8.5250101089
563.323059,        8.5156259537
563.679688,        8.4722375870
564.036316,        8.4460935593
564.392822,        8.5076284409
564.749390,        8.4772815704
565.105835,        8.3074760437
565.462280,        8.3022613525
565.818726,        8.3136711121
566.175049,        8.2815361023
566.531372,        8.2321500778
566.887573,        8.1813611984
567.243896,        8.0653285980
567.600098,        8.0562648773
567.956299,        8.0481414795
568.312378,        8.0002937317
568.668457,        7.9895114899
569.024475,        7.9282679558
569.380493,        7.8584275246
569.736389,        7.8547554016
570.092346,        7.8903727531
570.448181,        7.8473119736
570.804077,        7.8181400299
571.159790,        7.7734990120
571.515564,        7.7388787270
571.871338,        7.6638641357
572.226929,        7.6372294426
572.582581,        7.6404547691
572.938171,        7.5765857697
573.293701,        7.5424923897
573.649231,        7.4869790077
574.004700,        7.4773683548
574.360107,        7.4949407578
574.715515,        7.4955267906
575.070801,        7.5049252510
575.426086,        7.4172468185
575.781433,        7.3401718140
576.136658,        7.2787089348
576.491821,        7.2890748978
576.846985,        7.2836251259
577.202026,        7.2149462700
577.557129,        7.1699395180
577.912109,        7.1129827499
578.267090,        7.0793600082
578.621948,        7.0774316788
578.976929,        7.0481433868
579.331726,        6.9679985046
579.686523,        7.0817513466
580.041321,        7.0960826874
580.396057,        7.0964083672
580.750732,        7.1790814400
581.105408,        7.1719818115
581.459961,        7.1435651779
581.814575,        7.1141695976
582.169067,        7.0693945885
582.523499,        7.0051498413
582.877991,        7.0496306419
583.232361,        7.0940718651
583.586731,        7.1410655975
583.941040,        7.0961461067
584.295349,        7.0767459869
584.649536,        7.0793924332
585.003784,        7.0441765785
585.357849,        7.1951613426
585.712036,        7.2156600952
586.066040,        7.2055873871
586.420166,        7.2230567932
586.774048,        7.2358617783
587.128052,        7.1096034050
587.481934,        7.0404992104
587.835815,        6.9807076454
588.189636,        6.8858103752
588.543396,        6.9191293716
588.897095,        6.9087996483
589.250732,        6.9043183327
589.604431,        6.9091877937
589.958069,        6.8761935234
590.311646,        6.8574523926
590.665161,        6.8484096527
591.018677,        6.8658709526
591.372070,        6.9300065041
591.725525,        6.9608674049
592.078857,        6.9535083771
592.432190,        6.9573020935
592.785461,        6.8904728889
593.138733,        6.8734884262
593.491821,        6.8612627983
593.845032,        6.8526582718
594.198181,        6.9007768631
594.551270,        6.9522962570
594.904236,        6.9365696907
595.257202,        6.9876813889
595.610168,        6.9389181137
595.963074,        6.9182000160
596.315979,        6.9067931175
596.668823,        6.8853602409
597.021606,        7.0440440178
597.374268,        7.0369386673
597.726990,        7.0903701782
598.079651,        7.0812029839
598.432312,        7.0483946800
598.784851,        6.9791088104
599.137390,        6.9736371040
599.489868,        7.0540299416
599.842285,        7.0392541885
600.194702,        6.9371089935
600.547119,        6.9045081139
600.899414,        6.8720159531
601.251648,        6.8397984505
601.603882,        6.7400774956
601.956116,        6.6574440002
602.308289,        6.6503963470
602.660400,        6.6097793579
603.012451,        6.6400923729
603.364441,        6.6005377769
603.716370,        6.5775194168
604.068359,        6.6800723076
604.420288,        6.5896353722
604.772156,        6.5821228027
605.123962,        6.5355701447
605.475708,        6.5210161209
605.827515,        6.5045952797
606.179138,        6.5418491364
606.530884,        6.5426168442
606.882385,        6.4096331596
607.233948,        6.4950661659
607.585449,        6.4985737801
607.936951,        6.5173411369
608.288452,        6.5427174568
608.639893,        6.5645256042
608.991150,        6.6006355286
609.342468,        6.6374011040
609.693726,        6.7657775879
610.044983,        6.7545428276
610.396240,        6.7487702370
610.747314,        6.7580862045
611.098389,        6.7711777687
611.449463,        6.6753783226
611.800476,        6.6207766533
612.151489,        6.6407260895
612.502441,        6.6051268578
612.853271,        6.5853595734
613.204102,        6.5534868240
613.554932,        6.5516614914
613.905701,        6.6147618294
614.256470,        6.6406173706
614.607178,        6.5520753860
614.957764,        6.5578541756
615.308350,        6.5647783279
615.658875,        6.5117249489
616.009399,        6.4866213799
616.359924,        6.4910254478
616.710327,        6.4766736031
617.060669,        6.3788251877
617.411011,        6.3859014511
617.761292,        6.3927292824
618.111572,        6.4140400887
618.461853,        6.3817329407
618.812012,        6.4180068970
619.162109,        6.4133090973
619.512146,        6.3906030655
619.862183,        6.3933014870
620.212219,        6.4293971062
620.562195,        6.4089908600
620.912048,        6.3845610619
621.261963,        6.3440642357
621.611755,        6.3680067062
621.961548,        6.3536157608
622.311340,        6.3353343010
622.661072,        6.3589930534
623.010681,        6.3821988106
623.360229,        6.4435772896
623.709839,        6.4477930069
624.059387,        6.4303174019
624.408936,        6.3779168129
624.758423,        6.3572721481
625.107727,        6.3135027885
625.457031,        6.2779254913
625.806458,        6.2972826958
626.155762,        6.3035836220
626.504944,        6.2989139557
626.854126,        6.3032283783
627.203308,        6.2911047935
627.552368,        6.2665371895
627.901428,        6.3107795715
628.250488,        6.3024559021
628.599487,        6.2817173004
628.948364,        6.2703385353
629.297241,        6.2850499153
629.646118,        6.2965898514
629.994934,        6.2639155388
630.343689,        6.2217254639
630.692444,        6.1444425583
631.041077,        6.1288003922
631.389648,        6.2269940376
631.738281,        6.2726707458
632.086853,        6.3237419128
632.435364,        6.3568882942
632.783875,        6.4894123077
633.132263,        6.4773731232
633.480591,        6.4101109505
633.828918,        6.3927693367
634.177246,        6.4186072350
634.525513,        6.4308314323
634.873657,        6.4059405327
635.221863,        6.3836941719
635.569946,        6.3494949341
635.918030,        6.2888770103
636.266052,        6.2361502647
636.614136,        6.3834629059
636.962036,        6.3792595863
637.309937,        6.3598499298
637.657776,        6.3721528053
638.005615,        6.4740695953
638.353394,        6.4903116226
638.701111,        6.3868603706
639.048767,        6.3391113281
639.396423,        6.3141913414
639.743958,        6.2927904129
640.091614,        6.1406822205
640.439087,        6.1649928093
640.786560,        6.1778345108
641.133972,        6.1582236290
641.481323,        6.1632361412
641.828735,        6.1669611931
642.176025,        6.2166843414
642.523315,        6.1971192360
642.870483,        6.2761163712
643.217651,        6.3155508041
643.564758,        6.3929929733
643.911804,        6.2107858658
644.258911,        6.5063185692
644.605896,        6.5174112320
644.952820,        6.5158119202
645.299683,        6.4556999207
645.646606,        6.4574904442
645.993469,        6.4590678215
646.340210,        6.4822621346
646.687012,        6.4558610916
647.033630,        6.4976563454
647.380249,        6.5157980919
647.726868,        6.4688692093
648.073425,        6.4637432098
648.419983,        6.4709892273
648.766418,        6.4024939537
649.112854,        6.3765621185
649.459229,        6.3536152840
649.805603,        6.3415155411
650.151855,        6.3055648804
650.498169,        6.2552480698
650.844360,        6.1585597992
651.190552,        6.1758913994
651.536621,        5.8594675064
651.882751,        5.8525786400
652.228760,        5.8520207405
652.574829,        5.8071732521
652.920715,        5.7729430199
653.266602,        5.7941336632
653.612488,        5.8262801170
653.958252,        5.8424797058
654.304077,        5.7797069550
654.649841,        5.7800283432
654.995483,        5.8043518066
655.341064,        5.8047456741
655.686707,        6.1888670921
656.032288,        6.2315225601
656.377808,        6.2283396721
656.723267,        6.2050523758
657.068726,        6.2418684959
657.414063,        6.2267680168
657.759399,        6.3154788017
658.104736,        6.3909349442
658.449951,        6.4288892746
658.795166,        6.4246578217
659.140381,        6.4605102539
659.485474,        6.4916238785
659.830505,        6.4978399277
660.175598,        6.5288448334
660.520569,        6.5092420578
660.865479,        6.4536452293
661.210327,        6.4379916191
661.555237,        6.4591312408
661.900085,        6.4601845741
662.244812,        6.4665741920
662.589539,        6.4392037392
662.934265,        6.0954313278
663.278809,        6.0870757103
663.623413,        6.1198520660
663.968018,        6.1782641411
664.312500,        6.1498665810
664.656921,        6.1444807053
665.001343,        6.0807271004
665.345703,        6.0477886200
665.690063,        6.0271925926
666.034302,        6.0510735512
666.378662,        6.0007867813
666.722778,        6.0110788345
667.066895,        5.9930076599
667.410950,        5.9515743256
667.755066,        5.9192528725
668.099121,        5.9202632904
668.443054,        5.9087352753
668.786987,        5.9307284355
669.130798,        5.9227700233
669.474731,        5.9195919037
669.818481,        5.9788985252
670.162292,        5.9831542969
670.506042,        5.9593296051
670.849670,        5.9376916885
671.193176,        5.9305624962
671.536804,        5.9512658119
671.880371,        5.9595046043
672.223816,        5.9469289780
672.567261,        5.9391970634
672.910645,        5.8962254524
673.254028,        5.8654308319
673.597290,        5.8681774139
673.940613,        5.8153610229
674.283875,        5.8349499702
674.626953,        5.8605680466
674.970093,        5.8823781013
675.313232,        5.9248251915
675.656250,        5.9999556541
675.999268,        6.0061082840
676.342224,        6.0392713547
676.685120,        6.0719046593
677.027893,        6.0149669647
677.370789,        5.9855380058
677.713562,        5.9833030701
678.056335,        6.0116386414
678.398987,        6.0409216881
678.741577,        6.0166158676
679.084167,        6.0522022247
679.426758,        6.0823287964
679.769287,        6.0899305344
680.111755,        6.1659216881
680.454163,        6.1911649704
680.796509,        6.2071399689
681.138794,        6.2203545570
681.481140,        6.2438139915
681.823364,        6.2304711342
682.165588,        6.2584161758
682.507751,        6.2007374763
682.849792,        6.1172804832
683.191833,        6.0794911385
683.533875,        6.0724649429
683.875854,        6.0141882896
684.217834,        6.0295691490
684.559692,        6.0449929237
684.901428,        6.2084088326
685.243286,        6.2647819519
685.585022,        6.2195343971
685.926819,        6.2514028549
686.268372,        6.1940479279
686.609985,        6.1992435455
686.951538,        6.2294864655
687.293091,        6.1688466072
687.634583,        6.1743154526
687.976013,        6.1673331261
688.317322,        6.1685566902
688.658630,        6.1618018150
689.000000,        6.1404781342
689.341248,        6.1268167496
689.682495,        6.1971821785
690.023682,        6.2260317802
690.364746,        6.2427616119
690.705811,        6.2850108147
691.046814,        6.3186006546
691.387817,        6.3700556755
691.728760,        6.3681149483
692.069702,        6.3304996490
692.410522,        6.3659868240
692.751282,        6.3872652054
693.092102,        6.3787288666
693.432800,        6.4767785072
693.773499,        6.4970912933
694.114075,        6.5127348900
694.454651,        6.5854592323
694.795105,        6.6308841705
695.135620,        6.7571291924
695.476135,        6.8462805748
695.816528,        6.9659180641
696.156799,        7.0985598564
696.497131,        7.2023811340
696.837402,        7.2557368279
697.177612,        7.4475789070
697.517822,        7.5478477478
697.857971,        7.6156296730
698.197937,        7.7806820869
698.538025,        7.8648366928
698.877991,        8.0631341934
699.217957,        8.1646976471
699.557922,        8.2413253784
699.897705,        8.3884983063
700.237549,        8.5820121765
700.577271,        8.7371072769
700.916992,        8.9329881668
701.256653,        9.1555032730
701.596313,        9.3120689392
701.935852,        9.5142145157
702.275391,        9.6581239700
702.614868,       10.0014152527
702.954346,       10.1663436890
703.293701,       10.3504858017
703.633118,       10.6212873459
703.972412,       10.8849163055
704.311646,       11.0495948792
704.650818,       11.2789764404
704.990051,       11.5342912674
705.329163,       11.7256135941
705.668274,       12.0962200165
706.007263,       12.2516403198
706.346252,       12.4819879532
706.685181,       12.6936407089
707.024109,       12.8991928101
707.362976,       13.1801662445
707.701721,       13.4426431656
708.040527,       13.6707048416
708.379211,       13.8878078461
708.717896,       14.1689748764
709.056519,       14.4496870041
709.395142,       14.7062749863
709.733582,       14.8579225540
710.072144,       15.1382284164
710.410522,       15.3951539993
710.748962,       15.5668144226
711.087341,       15.8119382858
711.425598,       16.1339454651
711.763855,       16.4849090576
712.102051,       16.9610271454
712.440247,       17.2956905365
712.778320,       17.4818935394
713.116455,       17.8299350739
713.454468,       18.1239776611
713.792419,       18.4665431976
714.130310,       18.8278617859
714.468262,       19.1087818146
714.806091,       19.3625030518
715.143921,       19.7150001526
715.481628,       20.0362110138
715.819397,       20.3913269043
716.156982,       20.7230186462
716.494629,       21.0750122070
716.832214,       21.3952922821
717.169739,       21.7647380829
717.507202,       22.1053733826
717.844543,       22.5575828552
718.182007,       22.8937129974
718.519348,       23.2308311462
718.856689,       23.5297718048
719.193970,       23.7070350647
719.531067,       24.1258926392
719.868164,       24.4772071838
720.205322,       24.7920742035
720.542419,       25.1498126984
720.879456,       25.4624271393
721.216431,       25.8295803070
721.553345,       26.1964893341
721.890198,       26.5800895691
722.227051,       26.9241027832
722.563782,       27.3641738892
722.900635,       27.7613525391
723.237244,       28.1743907928
723.573914,       28.5509967804
723.910461,       28.9655895233
724.247070,       29.2759532928
724.583557,       29.6747951508
724.920044,       29.9778156281
725.256409,       30.3840942383
725.592773,       30.7137050629
725.929077,       31.0521850586
726.265442,       31.4003257751
726.601685,       32.0054588318
726.937866,       32.4563026428
727.273987,       32.8568267822
727.609985,       33.2346649170
727.946045,       33.6593704224
728.282043,       34.0107841492
728.618042,       34.4471321106
728.953979,       34.8236083984
729.289795,       35.2377281189
729.625610,       35.5483322144
729.961426,       35.9445266724
730.297119,       36.3894920349
730.632813,       36.8028106689
730.968384,       37.1109504700
731.304016,       37.4621849060
731.639465,       37.7978668213
731.974976,       38.1662788391
732.310425,       38.5083198547
732.645874,       38.9142227173
732.981201,       39.3069496155
733.316467,       39.6664810181
733.651733,       39.6954154968
733.986938,       40.0102424622
734.322144,       40.3544502258
734.657288,       40.7094078064
734.992310,       41.0302543640
735.327271,       41.5031471252
735.662292,       41.8400306702
735.997253,       42.1599006653
736.332092,       42.5244102478
736.666931,       42.8302001953
737.001709,       43.1303176880
737.336426,       43.3209152222
737.671143,       43.5817260742
738.005798,       43.8890533447
738.340393,       44.1878013611
738.674988,       44.5493774414
739.009399,       44.8541450500
739.343933,       45.2086868286
739.678345,       45.4254341125
740.012756,       45.6955947876
740.347046,       45.9076385498
740.681274,       46.1789436340
741.015503,       46.3814277649
741.349731,       46.6016426086
741.683838,       46.8033294678
742.017944,       47.0540122986
742.351929,       47.2386436462
742.685974,       47.4321060181
743.019897,       47.6909523010
743.353821,       47.8648109436
743.687622,       48.0966377258
744.021484,       48.3081016541
744.355225,       48.4790649414
744.688965,       48.6297111511
745.022583,       48.8103332520
745.356201,       49.0386314392
745.689819,       49.1827468872
746.023376,       49.3598251343
746.356812,       49.4605941772
746.690186,       49.6419563293
747.023621,       49.8104324341
747.356934,       50.0223274231
747.690247,       50.2487297058
748.023499,       50.4590225220
748.356689,       50.6508750916
748.689758,       50.8020591736
749.022888,       50.9308471680
749.355957,       51.0286216736
749.688965,       51.0774497986
750.021912,       51.2069778442
750.354858,       51.3275222778
750.687683,       51.4732437134
751.020447,       51.5677986145
751.353271,       51.6975097656
751.686035,       51.7959671021
752.018677,       51.8810729980
752.351257,       51.9706954956
752.683838,       52.1213188171
753.016357,       52.2218475342
753.348877,       52.3000488281
753.681396,       52.4126472473
754.013672,       52.5785560608
754.346008,       52.7226638794
754.678345,       52.7073936462
755.010559,       52.7249450684
755.342834,       52.8027839661
755.674988,       52.9187011719
756.007080,       52.9757308960
756.339050,       53.0121154785
756.671082,       53.1528167725
757.003052,       53.1533775330
757.335022,       53.1700668335
757.666870,       53.3262786865
757.998657,       53.3793983459
758.330444,       53.5342636108
758.662170,       53.6547012329
758.993896,       53.7193412781
759.325562,       53.7374305725
759.657043,       53.7561416626
759.988586,       53.7432250977
760.320129,       53.7813491821
760.651489,       53.8598556519
760.982971,       53.8922805786
761.314331,       53.8980255127
761.645569,       53.9394721985
761.976807,       54.0248413086
762.308044,       54.0459403992
762.639160,       54.0948791504
762.970276,       54.1648674011
763.301331,       54.1918869019
763.632385,       54.2319602966
763.963257,       54.3534164429
764.294250,       54.3950271606
764.625122,       54.3305816650
764.955933,       54.5374221802
765.286743,       54.4103965759
765.617432,       54.4921417236
765.948120,       54.5027809143
766.278748,       54.5720520020
766.609314,       54.6677169800
766.939880,       54.6894149780
767.270325,       54.7241630554
767.600708,       54.6658859253
767.931152,       54.5701446533
768.261536,       54.5859336853
768.591858,       54.5796318054
768.922119,       54.5781669617
769.252258,       54.6106338501
769.582397,       54.6057395935
769.912537,       54.6598243713
770.242615,       54.7693481445
770.572632,       54.7262268066
770.902588,       54.6863670349
771.232483,       54.8648643494
771.562256,       54.8148345947
771.892151,       54.5834045410
772.221863,       54.6512184143
772.551697,       54.6204376221
772.881287,       54.6481437683
773.210938,       54.5910415649
773.540466,       54.5147666931
773.870056,       54.5880928040
774.199463,       54.6256675720
774.528992,       54.7805023193
774.858337,       54.8593330383
775.187622,       54.8489990234
775.516968,       54.9086036682
775.846191,       54.8725738525
776.175415,       54.8740806580
776.504578,       54.8530769348
776.833618,       54.8118247986
777.162598,       54.7205085754
777.491638,       54.7076835632
777.820618,       54.7239913940
778.149536,       54.4766120911
778.478394,       54.5088958740
778.807190,       54.5772857666
779.135864,       54.5971145630
779.464600,       54.5172462463
779.793335,       54.4887428284
780.121948,       54.5222396851
780.450439,       54.4964027405
780.778931,       54.5182151794
781.107422,       54.4649124146
781.435913,       54.3533210754
781.764282,       54.3136901855
782.092651,       54.2622032166
782.420837,       54.2025642395
782.749023,       54.2234001160
783.077209,       54.2459373474
783.405396,       54.2431640625
783.733521,       54.2177505493
784.061462,       54.1991157532
784.389465,       54.2189292908
784.717346,       54.2246055603
785.045288,       54.2787666321
785.373108,       54.1858978271
785.700928,       54.1302146912
786.028625,       54.0730552673
786.356384,       54.0996322632
786.683960,       54.2027969360
787.011536,       54.1737556458
787.339111,       54.1914825439
787.666687,       54.0728378296
787.994019,       54.0580749512
788.321411,       53.9835090637
788.648804,       53.9634399414
788.976135,       53.9045791626
789.303406,       54.0162010193
789.630615,       54.0233726501
789.957703,       53.9641494751
790.284851,       53.9952888489
790.611877,       54.0242614746
790.938904,       53.9699363708
791.265930,       54.0045242310
791.592773,       54.0191841125
791.919678,       54.0680160522
792.246460,       54.1462020874
792.573242,       54.1286277771
792.899963,       54.2150955200
793.226685,       54.2441596985
793.553284,       54.1282882690
793.879822,       54.1879310608
794.206299,       54.1850700378
794.532776,       54.2176666260
794.859253,       54.2953796387
795.185669,       54.3808059692
795.511902,       54.3261184692
795.838196,       54.4029006958
796.164490,       54.2275657654
796.490601,       54.1607131958
796.816833,       54.1521301270
797.142883,       54.1196212769
797.468933,       54.0657119751
797.794861,       54.1335411072
798.120789,       54.0992088318
798.446716,       54.1101760864
798.772583,       54.0613059998
799.098328,       54.0457916260
799.424072,       54.0838890076
799.749756,       54.0430679321
800.075439,       53.9723320007
800.401001,       53.9238052368
800.726624,       53.8919868469
801.052063,       54.0529670715
801.377441,       54.0609779358
801.702881,       54.0556907654
802.028198,       54.1424560547
802.353516,       54.3479690552
802.678833,       54.3856010437
803.004028,       54.5125350952
803.329102,       54.6224060059
803.654236,       54.6128692627
803.979248,       54.6904792786
804.304321,       54.7120170593
804.629272,       54.6768112183
804.954163,       54.6990699768
805.278931,       54.6303329468
805.603821,       54.6812362671
805.928589,       54.6966247559
806.253357,       54.6781196594
806.577942,       54.7358169556
806.902588,       54.8634948730
807.227112,       54.9424514771
807.551575,       54.9883499146
807.876099,       54.8850479126
808.200500,       54.9970932007
808.524841,       55.0506172180
808.849121,       54.9413452148
809.173401,       54.8562469482
809.497620,       54.8234214783
809.821838,       54.7561454773
810.145996,       54.6599578857
810.469971,       54.7606964111
810.793945,       54.6883697510
811.117981,       54.7061691284
811.441956,       54.7744102478
811.765808,       54.7503128052
812.089600,       54.7855567932
812.413391,       54.7793731689
812.737061,       54.8106842041
813.060730,       54.8059349060
813.384338,       54.7807350159
813.708008,       54.6734390259
814.031433,       54.6694259644
814.354919,       54.6668777466
814.678345,       54.6125411987
815.001709,       54.5748367310
815.325073,       54.4427261353
815.648376,       54.4091415405
815.971558,       54.3648185730
816.294678,       54.3924980164
816.617798,       54.4335441589
816.940918,       54.4068107605
817.263977,       54.3226356506
817.586853,       54.3826026917
817.909851,       54.3655738831
818.232727,       54.3377380371
818.555542,       54.3389396667
818.878296,       54.3785400391
819.201050,       54.4235572815
819.523682,       54.4220199585
819.846375,       54.4153823853
820.168884,       54.4264030457
820.491455,       54.4937591553
820.813904,       54.5528488159
821.136353,       54.5643615723
821.458740,       54.6236228943
821.781128,       54.5359420776
822.103333,       54.5875968933
822.425598,       54.7127532959
822.747803,       54.6492500305
823.069824,       54.6646957397
823.391968,       54.6374511719
823.713989,       54.7490234375
824.035950,       54.8627548218
824.357849,       54.7917594910
824.679810,       54.7391700745
825.001587,       54.7934875488
825.323425,       54.8385963440
825.645142,       54.8594589233
825.966736,       54.7695922852
826.288391,       54.7055244446
826.610046,       54.7132148743
826.931458,       54.6559867859
827.253052,       54.6397628784
827.574402,       54.6460151672
827.895813,       54.6197967529
828.217163,       54.6167068481
828.538391,       54.6774368286
828.859619,       54.7170829773
829.180786,       54.6489944458
829.501953,       54.7502975464
829.822998,       54.7302780151
830.144043,       54.7498359680
830.464966,       54.7400131226
830.785950,       54.6092987061
831.106812,       54.6496925354
831.427673,       54.7165870667
831.748474,       54.6006126404
832.069214,       54.5825729370
832.389771,       54.5393714905
832.710449,       54.5135917664
833.031067,       54.5254364014
833.351563,       54.5095977783
833.672058,       54.5289459229
833.992371,       54.4983787537
834.312805,       54.3889045715
834.633179,       54.3701896667
834.953369,       54.2643737793
835.273621,       54.2576026917
835.593811,       54.2017745972
835.913940,       54.2207717896
836.234009,       54.1470832825
836.554077,       54.1249465942
836.874023,       54.2456932068
837.193909,       54.2140617371
837.513794,       54.2583160400
837.833618,       54.2200088501
838.153381,       54.2012138367
838.473145,       54.2643547058
838.792786,       54.2371215820
839.112366,       54.2218208313
839.432007,       54.2748680115
839.751465,       54.2760009766
840.070984,       54.2256584167
840.390381,       54.2400474548
840.709656,       54.2548065186
841.028992,       54.4601516724
841.348267,       54.5260429382
841.667480,       54.6001625061
841.986633,       54.5277709961
842.305725,       54.5185508728
842.624817,       54.4482116699
842.943848,       54.5330390930
843.262756,       54.5838546753
843.581665,       54.4737396240
843.900574,       54.5087356567
844.219360,       54.4664306641
844.538147,       54.5142784119
844.856812,       54.5585556030
845.175415,       54.5447425842
845.494080,       54.5091857910
845.812683,       54.4938011169
846.131104,       54.6071929932
846.449585,       54.5933799744
846.768005,       54.7274818420
847.086304,       54.7932968140
847.404663,       54.7985839844
847.722839,       54.5908737183
848.041077,       54.5294113159
848.359192,       54.5785789490
848.677246,       54.6799964905
848.995361,       54.6777801514
849.313354,       54.6765251160
849.631226,       54.6344413757
849.949158,       54.6417884827
850.267029,       54.6960754395
850.584778,       54.7280426025
850.902527,       54.7180900574
851.220276,       54.6796264648
851.537842,       54.7234344482
851.855469,       54.7472419739
852.173035,       54.8452453613
852.490417,       54.9634513855
852.807861,       54.8650398254
853.125305,       54.9891166687
853.442627,       54.9042358398
853.759888,       54.7718391418
854.077087,       54.7510566711
854.394287,       54.8244018555
854.711426,       54.8753128052
855.028442,       54.7570724487
855.345459,       54.7686805725
855.662537,       54.8386917114
855.979370,       54.9063339233
856.296265,       54.9588928223
856.613098,       54.9146957397
856.929871,       54.8302116394
857.246582,       54.7825088501
857.563232,       54.8294715881
857.879822,       54.8772201538
858.196411,       54.7535285950
858.512939,       54.7409477234
858.829346,       54.6853675842
859.145813,       54.6211967468
859.462158,       54.5857315063
859.778442,       54.5667953491
860.094666,       54.5132865906
860.410889,       54.5471611023
860.726990,       54.5315399170
861.043152,       54.5322761536
861.359192,       54.4995841980
861.675232,       54.5439529419
861.991150,       54.5176162720
862.307007,       54.5259819031
862.622864,       54.5248870850
862.938660,       54.5333633423
863.254333,       54.5655670166
863.570068,       54.6070213318
863.885742,       54.6949806213
864.201233,       54.6096611023
864.516846,       54.5936393738
864.832336,       54.6032295227
865.147766,       54.6441192627
865.463135,       54.6728210449
865.778503,       54.6321144104
866.093750,       54.6373710632
866.408997,       54.6521492004
866.724182,       54.7743072510
867.039246,       54.7813606262
867.354309,       54.8080139160
867.669312,       54.8155555725
867.984314,       54.8043556213
868.299194,       54.7451133728
868.614075,       54.6885566711
868.928833,       54.6755561829
869.243652,       54.6060905457
869.558289,       54.5724639893
869.872986,       54.5599632263
870.187622,       54.5672302246
870.502136,       54.4589881897
870.816650,       54.5623664856
871.131165,       54.5824050903
871.445496,       54.6396484375
871.759827,       54.6098175049
872.074158,       54.6142044067
872.388367,       54.6243858337
872.702576,       54.6415786743
873.016785,       54.5792350769
873.330750,       54.5368270874
873.644897,       54.5343742371
873.958801,       54.5555534363
874.272705,       54.4075088501
874.586670,       54.3984642029
874.900452,       54.3774185181
875.214172,       54.3467102051
875.527954,       54.3415145874
875.841614,       54.2912368774
876.155273,       54.3158416748
876.468811,       54.2886199951
876.782288,       54.2612686157
877.095764,       54.2934722900
877.409241,       54.2667922974
877.722534,       54.2339324951
878.035889,       54.2141075134
878.349121,       54.2459259033
878.662292,       54.1952018738
878.975464,       54.1916313171
879.288574,       54.2992782593
879.601624,       54.3445701599
879.914612,       54.3290138245
880.227600,       54.3194046021
880.540405,       54.2954559326
880.853271,       54.3513298035
881.166016,       54.3236923218
881.478821,       54.3814849854
881.791504,       54.4265022278
882.104065,       54.4634628296
882.416626,       54.5172920227
882.729187,       54.4681549072
883.041626,       54.4782333374
883.354065,       54.5412178040
883.666443,       54.5054244995
883.978760,       54.4181289673
884.291016,       54.5170288086
884.603271,       54.4519729614
884.915344,       54.4228553772
885.227539,       54.5166740417
885.539551,       54.5011405945
885.851501,       54.4308433533
886.163513,       54.3537368774
886.475464,       54.3613357544
886.787231,       54.3670043945
887.099060,       54.3435974121
887.410767,       54.4160385132
887.722412,       54.4540214539
888.034119,       54.4974098206
888.345642,       54.4362258911
888.657227,       54.4068870544
888.968689,       54.4581718445
889.280090,       54.4687881470
889.591492,       54.4630050659
889.902832,       54.4030799866
890.213989,       54.4273986816
890.525269,       54.4425621033
890.836487,       54.2944145203
891.147522,       54.4762840271
891.458618,       59.6417846680
891.769653,       59.5480079651
892.080566,       59.5409812927
892.391479,       59.5128898621
892.702332,       59.5145225525
893.013123,       59.5343055725
893.323853,       59.5291481018
893.634521,       59.5455513000
893.945129,       59.6276359558
894.255798,       59.6849517822
894.566223,       59.6595344543
894.876770,       59.7060928345
895.187195,       59.7419929504
895.497498,       59.7493286133
895.807861,       59.7800064087
896.118164,       59.7787208557
896.428345,       59.8392562866
896.738525,       59.9582595825
897.048645,       60.0295829773
897.358643,       60.1041870117
897.668701,       60.1358184814
897.978638,       54.6721343994
898.288513,       54.6801147461
898.598389,       54.7322082520
898.908142,       54.7479858398
899.217896,       54.7788696289
899.527588,       54.9137344360
899.837219,       54.8638267517
900.146790,       55.0382423401
900.456360,       54.9630165100
900.765747,       54.9193572998
901.075195,       55.0045776367
901.384583,       55.1203804016
901.693848,       55.0302925110
902.003174,       54.9709625244
902.312378,       55.0427017212
902.621460,       55.0548629761
902.930603,       55.0234069824
903.239685,       54.9362602234
903.548645,       54.9327545166
903.857605,       54.9634590149
904.166504,       54.8150558472
904.475281,       54.7654685974
904.784058,       54.8356933594
905.092896,       54.8058853149
905.401489,       54.8249168396
905.710144,       54.8516273499
906.018738,       54.7393722534
906.327209,       54.8329963684
906.635681,       54.6825942993
906.944031,       54.6293563843
907.252441,       54.6912727356
907.560730,       54.6005439758
907.869019,       54.5021286011
908.177185,       54.6512260437
908.485352,       54.8210792542
908.793396,       54.8730316162
909.101501,       54.9069747925
909.409485,       54.9609680176
909.717407,       54.9324645996
910.025269,       54.9301910400
910.333130,       54.8712310791
910.640869,       54.8800582886
910.948608,       54.9349136353
911.256287,       54.9258956909
911.563843,       54.8959655762
911.871399,       54.8401336670
912.178955,       54.8453865051
912.486389,       54.8904533386
912.793823,       54.8788719177
913.101135,       54.8914031982
913.408386,       55.0239028931
913.715637,       55.0083274841
914.022827,       55.4063606262
914.329956,       55.4550819397
914.637085,       55.3724212646
914.944031,       55.3804092407
915.251038,       55.3162384033
915.557983,       55.3677330017
915.864807,       55.3053092957
916.171631,       55.3126640320
916.478455,       55.3296966553
916.785095,       55.4068450928
917.091736,       55.4475975037
917.398376,       55.4503326416
917.704834,       55.4406585693
918.011414,       55.4980812073
918.317810,       55.5768547058
918.624207,       55.5729217529
918.930542,       55.4234848022
919.236816,       55.3683395386
919.542969,       55.2885284424
919.849182,       55.1416320801
920.155273,       55.0332717896
920.461304,       54.7670478821
920.767334,       54.7267150879
921.073242,       54.7488441467
921.379211,       54.7320556641
921.685059,       54.6542472839
921.990784,       54.6136207581
922.296570,       54.5810699463
922.602295,       54.5433235168
922.907898,       54.8701705933
923.213440,       54.6982345581
923.518982,       54.6906127930
923.824463,       54.5779228210
924.129883,       54.5266876221
924.435242,       54.4495925903
924.740540,       54.3694000244
925.045776,       54.3871269226
925.351013,       54.5863037109
925.656128,       54.6698265076
925.961243,       54.8261337280
926.266235,       54.8405952454
926.571167,       55.0485916138
926.876160,       54.8704452515
927.181030,       54.9374923706
927.485840,       54.9090309143
927.790588,       54.7653541565
928.095276,       54.7017097473
928.399963,       54.8723526001
928.704590,       54.9600791931
929.009094,       55.0992546082
929.313599,       54.9428062439
929.618103,       55.1671257019
929.922424,       55.1826286316
930.226807,       55.2016067505
930.531067,       55.1269607544
930.835266,       55.3531455994
931.139465,       55.2757148743
931.443542,       55.2066574097
931.747620,       55.0929946899
932.051697,       55.1626625061
932.355652,       55.0613059998
932.659485,       55.0935440063
932.963379,       54.9948158264
933.267090,       55.1529884338
933.570801,       55.0800399780
933.874573,       55.0437164307
934.178162,       55.0440673828
934.481689,       55.2648735046
934.785278,       55.0976867676
935.088745,       55.0575256348
935.392151,       55.0054550171
935.695496,       54.8510437012
935.998779,       54.6859397888
936.302063,       54.7003440857
936.605225,       54.8494873047
936.908386,       55.0784530640
937.211426,       54.9247550964
937.514465,       55.0925598145
937.817444,       54.9945182800
938.120422,       55.2079925537
938.423279,       55.1429405212
938.726013,       55.4440307617
939.028809,       55.4535980225
939.331482,       55.4783210754
939.634155,       55.2929763794
939.936768,       55.3361244202
940.239258,       55.2582740784
940.541809,       55.2304573059
940.844238,       55.1647644043
941.146606,       55.1138153076
941.448914,       55.0847778320
941.751221,       55.1124458313
942.053345,       55.1322288513
942.355530,       55.1396369934
942.657654,       54.9375343323
942.959656,       54.9347763062
943.261658,       54.8597869873
943.563599,       54.7810668945
943.865479,       54.8195419312
944.167358,       54.9128837585
944.469177,       54.7328071594
944.770813,       54.7653503418
945.072510,       54.4057235718
945.374084,       54.3965454102
945.675659,       54.2690811157
945.977173,       54.3345870972
946.278564,       54.3401908875
946.580017,       54.5124778748
946.881348,       54.4995803833
947.182617,       54.4597396851
947.483826,       54.3494338989
947.785034,       54.3345031738
948.086060,       54.4119529724
948.387207,       54.4001884460
948.688232,       54.6071281433
948.989075,       54.8088493347
949.290039,       54.6351013184
949.590942,       54.5843200684
949.891663,       54.7096023560
950.192444,       54.6641120911
950.493164,       54.8436470032
950.793701,       54.9485549927
951.094299,       54.7792358398
951.394836,       54.8140220642
951.695251,       55.7738647461
951.995667,       55.8660049438
952.295959,       55.8016700745
952.596313,       55.8405113220
952.896545,       55.8422317505
953.196716,       55.8711242676
953.496826,       55.8752822876
953.796936,       56.0690536499
954.096863,       55.9664649963
954.396912,       55.7703094482
954.696777,       55.6557426453
954.996643,       55.5178298950
955.296448,       55.7000350952
955.596191,       55.7389755249
955.895813,       55.9111709595
956.195496,       55.8844871521
956.495117,       56.0078277588
956.794556,       55.8386802673
957.094055,       55.5667114258
957.393494,       55.9954338074
957.692810,       56.0127868652
957.992126,       54.9119529724
958.291321,       54.7044296265
958.590637,       54.6078262329
958.889709,       54.5354194641
959.188782,       54.5731773376
959.487793,       54.6187286377
959.786804,       54.5726127625
960.085693,       54.4203681946
960.384460,       54.7131614685
960.683472,       54.9410209656
960.982056,       54.9171676636
961.280823,       55.0628242493
961.579407,       54.9124107361
961.877930,       54.7597122192
962.176575,       54.6147842407
962.474915,       54.4672431946
962.773376,       54.3981132507
963.071777,       54.3935356140
963.370056,       54.5086936951
963.668335,       53.9567756653
963.966431,       54.0627288818
964.264709,       54.1025390625
964.562744,       54.3788452148
964.860718,       54.6588973999
965.158691,       54.8063812256
965.456543,       54.8219871521
965.754578,       54.9021606445
966.052307,       55.0241012573
966.350037,       55.1870651245
966.647705,       55.0897178650
966.945251,       55.2010421753
967.243042,       55.1612968445
967.540405,       54.8832244873
967.837952,       54.9431304932
968.135376,       55.0964012146
968.432739,       55.3568763733
968.730042,       55.5346984863
969.027222,       55.3219184875
969.324524,       55.1956367493
969.621521,       55.1226425171
969.918701,       55.4003639221
970.215698,       55.3531455994
970.512573,       55.3549995422
970.809631,       55.4391632080
971.106384,       55.2408027649
971.403198,       55.3273086548
971.700012,       55.4070777893
971.996521,       55.3557891846
972.293335,       55.2281913757
972.589783,       55.1984329224
972.886353,       54.9221496582
973.182861,       54.4501838684
973.479309,       54.5718421936
973.775635,       54.6839599609
974.071838,       54.8336868286
974.368225,       54.7072181702
974.664368,       54.4947319031
974.960449,       54.3277282715
975.256592,       54.3401794434
975.552490,       54.8556251526
975.848633,       54.9865913391
976.144409,       55.0566673279
976.440247,       55.0209274292
976.736023,       55.4098205566
977.031738,       55.3164901733
977.327515,       55.4295730591
977.623047,       55.4459877014
977.918640,       55.2489585876
978.214172,       55.2355232239
978.509644,       55.2128715515
978.805115,       55.2097549438
979.100281,       55.5157356262
979.395752,       55.7646331787
979.690857,       55.9329261780
979.986084,       56.0027999878
980.281250,       55.6749000549
980.576172,       55.7642517090
980.871338,       55.8124618530
981.166199,       55.8901481628
981.461121,       56.0593833923
981.755920,       55.5424804688
982.050781,       55.7844161987
982.345520,       55.6619834900
982.640076,       55.5560188293
982.934814,       55.1033248901
983.229309,       54.9284820557
983.523804,       55.1050910950
983.818298,       54.9583854675
984.112610,       54.8801536560
984.407043,       56.3311691284
984.701233,       56.4520759583
984.995483,       56.4978523254
985.289612,       56.4885368347
985.583618,       56.2143783569
985.877869,       56.1987037659
986.171753,       55.9351081848
986.465698,       56.1673660278
986.759583,       56.3656311035
987.053467,       56.8496894836
987.347290,       56.7633094788
987.640869,       56.6585845947
987.934631,       56.9099617004
988.228149,       56.6459846497
988.521667,       56.6253471375
988.815186,       56.6891746521
989.108582,       56.7741203308
989.402039,       56.6552352905
989.695313,       56.6443557739
989.988525,       56.6266250610
990.281738,       56.7709388733
990.574829,       55.2290077209
990.868042,       55.0760040283
991.161011,       55.2076416016
991.453979,       55.5359191895
991.746948,       56.2785987854
992.039795,       56.5994033813
992.332642,       57.3990592957
992.625305,       57.1943893433
992.918091,       57.0295333862
993.210632,       57.5508956909
993.503235,       57.9428329468
993.795837,       59.1124420166
994.088196,       58.9835243225
994.380676,       59.0411071777
994.672913,       59.1950950623
994.965271,       60.1567268372
995.257568,       60.3769531250
995.549622,       60.9841690063
995.841858,       61.4012413025
996.133850,       61.5212669373
996.425903,       61.8245658875
996.717834,       61.7074356079
997.009766,       61.5964279175
997.301636,       61.4313201904
997.593323,       61.0966987610
997.885193,       60.7050781250
998.176758,       60.1614456177
998.468384,       60.0829734802
998.760010,       59.9480094910
999.051392,       60.1655883789
999.342957,       59.1589698792
999.634277,       58.9954261780
999.925598,       57.7361106873
1000.216919,       58.2921676636
1000.508118,       58.6453437805
1000.799255,       58.4671669006
1001.090271,       57.6049346924
1001.381470,       57.5650558472
1001.672363,       57.3158721924
1001.963257,       56.5772933960
1002.254150,       56.3636970520
1002.544922,       56.1539306641
1002.835815,       56.0215950012
1003.126404,       56.1477050781
1003.417114,       56.4423217773
1003.707703,       56.3136711121
1003.998108,       56.3764495850
1004.288757,       56.6562461853
1004.579041,       56.0615844727
1004.869385,       56.4214515686
1005.159729,       56.4980087280
1005.450012,       56.1733055115
1005.740173,       56.0659408569
1006.030212,       55.9847106934
1006.320435,       55.5848731995
1006.610352,       55.2493324280
1006.900330,       55.4275932312
1007.190247,       56.0399589539
1007.479980,       55.6817169189
1007.769897,       55.2232284546
1008.059509,       55.7365188599
1008.349243,       56.0741882324
1008.638855,       55.8415603638
1008.928345,       56.3241767883
1009.217896,       56.6816520691
1009.507263,       56.3389015198
1009.796753,       56.2855949402
1010.086060,       56.1578636169
1010.375366,       55.7985763550
1010.664551,       55.6535377502
1010.953674,       55.5994224548
1011.242920,       56.0878448486
1011.531738,       56.2839393616
1011.820801,       56.4016761780
1012.109741,       56.6351394653
1012.398499,       57.0768966675
1012.687439,       57.4802055359
1012.976074,       57.6948814392
1013.264771,       57.3446464539
1013.553406,       57.4457473755
1013.842041,       57.8707466125
1014.130554,       57.1707916260
1014.418884,       56.9358634949
1014.707336,       57.2175216675
1014.995789,       56.9640159607
1015.284058,       56.6870765686
1015.572327,       56.7045097351
1015.860413,       56.7574310303
1016.148621,       56.7326622009
1016.436523,       57.0493049622
1016.724609,       57.0316619873
1017.012573,       57.2033576965
1017.300354,       56.2973442078
1017.588318,       56.0244979858
1017.875977,       57.0244064331
1018.163757,       57.0280303955
1018.451416,       56.7119483948
1018.739014,       57.5572738647
1019.026611,       57.6993179321
1019.313904,       57.3417739868
1019.601440,       57.6646881104
1019.888733,       57.3794174194
1020.176086,       58.1931953430
1020.463318,       58.8080291748
1020.750549,       59.0467147827
1021.037720,       59.9783287048
1021.324707,       61.4263229370
1021.611694,       61.7183074951
1021.898682,       62.5919570923
1022.185547,       62.7353477478
1022.472595,       62.6698493958
1022.759216,       63.4525489807
1023.045959,       63.3118133545
1023.332581,       64.8978195190
1023.619324,       65.4358825684
1023.905884,       65.0582046509
1024.192261,       65.1645584106
1024.478882,       64.9140930176
1024.765137,       63.6579704285
1025.051514,       63.8551254272
1025.337769,       63.7952690125
1025.623779,       63.4979591370
1025.910034,       64.5726089478
1026.196045,       80.1512374878
1026.482178,       63.3248748779
1026.768066,       66.2011108398
1027.053955,       57.5362205505
1027.339966,       51.6986732483
1027.625610,       60.0883712769
1027.911377,       67.8933944702
1028.197144,       56.7679519653
1028.482666,       51.0869636536
1028.768311,       73.2898864746
