339.817139,        0.0000000000
340.196106,        0.0000000000
340.575104,     1411.1158447266
340.954010,     1006.6666870117
341.332886,    -2860.0107421875
341.711761,     -488.0007629395
342.090576,       92.3857879639
342.469360,       96.0422134399
342.848114,       24.0223503113
343.226868,        0.0000000000
343.605560,       61.1076812744
343.984192,       59.6689147949
344.362854,       59.8894424438
344.741425,       62.7513275146
345.119995,       68.0644607544
345.498535,       70.6119003296
345.877014,       72.9754180908
346.255463,       74.1401519775
346.633881,       76.2750854492
347.012299,       77.0540084839
347.390625,       76.5215759277
347.768951,       75.5735321045
348.147278,       77.3088150024
348.525513,       79.8749771118
348.903748,       81.7292480469
349.281952,       81.8249282837
349.660126,       81.7673187256
350.038239,       80.1644973755
350.416321,       79.4513244629
350.794373,       78.6937637329
351.172394,       77.7875518799
351.550385,       77.4435958862
351.928375,       78.8532638550
352.306305,       82.2412109375
352.684174,       82.3274993896
353.062042,       80.6912765503
353.439880,       80.9241027832
353.817657,       81.0993041992
354.195404,       82.5468521118
354.573151,       79.4744796753
354.950836,       80.8190002441
355.328461,       81.9783325195
355.706116,       82.6760482788
356.083710,       98.7883834839
356.461243,       98.3813858032
356.838806,       97.6020355225
357.216248,       96.8987884521
357.593719,       97.4627380371
357.971161,       97.6942214966
358.348541,       97.5618743896
358.725891,       96.8430175781
359.103210,       96.9122619629
359.480530,       95.4066314697
359.857758,       94.6579895020
360.234955,       92.7062911987
360.612183,       92.8040924072
360.989319,       93.7252426147
361.366425,       94.3103027344
361.743530,       96.1990661621
362.120575,       93.9050521851
362.497559,       93.5382995605
362.874573,       93.6257553101
363.251526,       92.7468719482
363.628418,       92.7121124268
364.005310,       70.5001373291
364.382202,       69.3409347534
364.759003,       67.4182205200
365.135773,       67.6756057739
365.512482,       67.1557006836
365.889221,       69.0751113892
366.265900,       69.5271453857
366.642517,       70.1801681519
367.019165,       70.2728652954
367.395721,       72.2451629639
367.772278,       72.9714279175
368.148804,       71.5552291870
368.525269,       69.8781356812
368.901672,       68.5646896362
369.278107,       67.4459991455
369.654480,       62.0441131592
370.030823,       65.3932418823
370.407104,       65.4378890991
370.783386,       63.7816352844
371.159637,       64.2183074951
371.535828,       64.9999923706
371.912018,       65.5281066895
372.288116,       64.9776687622
372.664246,       66.1553649902
373.040283,       66.6202774048
373.416351,       66.0385284424
373.792328,       63.7278137207
374.168274,       63.0568084717
374.544250,       62.9376640320
374.920105,       64.1463623047
375.295959,       62.0504608154
375.671814,       62.5176925659
376.047607,       62.3742866516
376.423370,       62.9453048706
376.799103,       63.0023841858
377.174774,       63.6239891052
377.550415,       63.4314460754
377.926056,       60.4894027710
378.301636,       61.3694915771
378.677185,       62.4229850769
379.052673,       65.6771392822
379.428192,       66.8278961182
379.803650,       67.6675643921
380.179047,       66.4834594727
380.554443,       66.8436431885
380.929779,       66.2671432495
381.305084,       64.5189132690
381.680359,       65.2799072266
382.055634,       65.4624786377
382.430817,       65.0247955322
382.805969,       63.1339683533
383.181152,       66.6548995972
383.556244,       66.4994735718
383.931274,       66.8836669922
384.306366,       68.0041046143
384.681366,       68.4941024780
385.056305,       67.7180862427
385.431274,       69.2815933228
385.806152,       70.8018188477
386.181000,       69.6959609985
386.555817,       69.0503540039
386.930634,       65.0535659790
387.305389,       62.7837486267
387.680084,       61.6357803345
388.054810,       61.5969161987
388.429474,       60.0915718079
388.804047,       58.9421043396
389.178650,       60.1775093079
389.553192,       58.9706878662
389.927734,       58.6964721680
390.302185,       59.6849670410
390.676666,       59.4871101379
391.051086,       55.3684234619
391.425446,       54.7090759277
391.799805,       54.3572616577
392.174133,       53.7178230286
392.548370,       52.6704330444
392.922638,       51.5951156616
393.296844,       52.8695182800
393.670990,       50.2519416809
394.045135,       49.6593589783
394.419220,       48.0479888916
394.793304,       49.2631301880
395.167328,       50.3775253296
395.541321,       51.2291412354
395.915283,       51.5151329041
396.289185,       54.7774925232
396.663116,       55.5026893616
397.036957,       54.1808242798
397.410736,       53.7842025757
397.784546,       53.4797668457
398.158325,       51.6024284363
398.532013,       51.7262153625
398.905670,       52.6172523499
399.279358,       56.9074630737
399.652954,       57.1029853821
400.026520,       55.8263244629
400.400085,       57.4543533325
400.773560,       58.9743385315
401.147034,       56.6037788391
401.520508,       55.6560592651
401.893890,       56.4933166504
402.267242,       57.6216812134
402.640564,       57.4042434692
403.013855,       56.4771232605
403.387146,       54.4768562317
403.760345,       55.1751670837
404.133514,       56.6269950867
404.506683,       56.6442565918
404.879791,       58.5664405823
405.252869,       59.1432876587
405.625946,       57.9404106140
405.998962,       56.4797935486
406.371918,       57.8910179138
406.744873,       57.6111450195
407.117798,       52.9102745056
407.490631,       51.8875045776
407.863525,       51.8797988892
408.236298,       50.6052131653
408.609039,       54.8287811279
408.981842,       54.5144691467
409.354523,       56.2060966492
409.727173,       55.6140441895
410.099792,       54.4957351685
410.472382,       53.4242210388
410.844910,       53.7153587341
411.217438,       52.8283462524
411.589935,       51.4245033264
411.962402,       47.4241867065
412.334778,       50.2113037109
412.707153,       49.4335784912
413.079498,       48.0619888306
413.451813,       48.3908309937
413.824066,       49.7733688354
414.196350,       47.3951454163
414.568512,       46.9321327209
414.940674,       47.0125160217
415.312805,       46.9215850830
415.684906,       46.4814224243
416.056946,       53.1122550964
416.429016,       48.5859375000
416.800964,       48.1590003967
417.172913,       46.2616920471
417.544830,       46.3499832153
417.916718,       46.8203392029
418.288574,       47.9911918640
418.660370,       47.1122283936
419.032135,       46.9287872314
419.403870,       46.5708007813
419.775574,       46.2211265564
420.147247,       42.9598236084
420.518860,       43.2493629456
420.890472,       42.7608680725
421.262024,       42.9697952271
421.633545,       41.9423179626
422.005005,       42.6493606567
422.376495,       42.0642662048
422.747925,       41.0347671509
423.119293,       40.7645988464
423.490601,       41.2235679626
423.861938,       33.0675735474
424.233215,       33.6918678284
424.604462,       35.2298011780
424.975647,       34.3572273254
425.346832,       33.2334365845
425.717926,       32.1645050049
426.089050,       30.2925052643
426.460083,       29.4361057281
426.831085,       28.9122409821
427.202087,       28.7641849518
427.572998,       29.1787872314
427.943939,       30.2284774780
428.314819,       29.3262634277
428.685669,       28.9342193604
429.056458,       29.1506862640
429.427246,       29.1514968872
429.797943,       27.8821563721
430.168701,       27.8375682831
430.539337,       28.9101390839
430.909943,       29.0798492432
431.280548,       30.0391826630
431.651093,       31.2576732635
432.021606,       31.5909442902
432.392120,       29.4002799988
432.762543,       29.2767848969
433.132965,       29.2188606262
433.503326,       29.4721908569
433.873688,       29.6829071045
434.243958,       29.3957061768
434.614227,       28.4435043335
434.984467,       28.9841499329
435.354645,       27.9889316559
435.724792,       26.4170417786
436.094910,       25.0091648102
436.464996,       25.8146076202
436.835052,       28.3771877289
437.205048,       27.9587841034
437.575043,       29.4439144135
437.944977,       29.4173297882
438.314880,       29.3180770874
438.684753,       29.3726654053
439.054565,       28.1509838104
439.424377,       27.8785266876
439.794128,       26.9407119751
440.163849,       27.6769962311
440.533508,       30.2120170593
440.903198,       30.1762371063
441.272797,       31.0501823425
441.642334,       31.4931774139
442.011902,       31.9277191162
442.381409,       32.9103279114
442.750854,       32.8531188965
443.120300,       33.3333473206
443.489655,       33.4353179932
443.859039,       34.6239700317
444.228333,       34.2508430481
444.597626,       31.7663879395
444.966888,       32.2285346985
445.336060,       30.6319179535
445.705231,       29.6729984283
446.074402,       28.8475627899
446.443512,       28.3898410797
446.812531,       28.2543907166
447.181610,       27.3418331146
447.550568,       27.2783641815
447.919525,       26.9279708862
448.288483,       24.4433631897
448.657349,       24.4141559601
449.026154,       22.9292259216
449.394989,       22.5448818207
449.763763,       22.9280662537
450.132477,       22.1685886383
450.501190,       21.3073787689
450.869812,       20.6280231476
451.238464,       20.0808677673
451.607025,       19.1031970978
451.975586,       19.9801731110
452.344116,       20.1739063263
452.712585,       20.2204418182
453.081024,       20.4736194611
453.449463,       20.6030769348
453.817810,       20.6160373688
454.186127,       20.3104858398
454.554413,       42.8125190735
454.922668,       42.8947906494
455.290894,       42.2593345642
455.659088,       41.7386054993
456.027222,       41.1668739319
456.395325,       40.6526489258
456.763428,       40.7472763062
457.131439,       40.1843795776
457.499420,       39.1590805054
457.867371,       38.9174461365
458.235321,       38.6136245728
458.603210,       38.5037193298
458.971039,       38.6297340393
459.338867,       38.2877693176
459.706635,       37.1074829102
460.074371,       36.3598861694
460.442047,       35.7426185608
460.809753,       36.9578323364
461.177368,       36.6945381165
461.544952,       36.5649414063
461.912537,       36.2581939697
462.280029,       17.1125946045
462.647522,       16.3763427734
463.014984,       16.2379264832
463.382355,       16.6440258026
463.749725,       16.7274456024
464.117065,       16.4913520813
464.484344,       16.0989398956
464.851593,       15.8921899796
465.218842,       15.7602701187
465.586029,       15.9294795990
465.953156,       16.1087207794
466.320282,       15.7869396210
466.687317,       15.7153282166
467.054352,       15.6906280518
467.421356,       15.8987712860
467.788300,       15.8052902222
468.155243,       15.6380739212
468.522095,       13.7733440399
468.888947,       14.3202123642
469.255768,       14.4646358490
469.622559,       15.0716419220
469.989258,       15.1372356415
470.355988,       15.0572957993
470.722626,       15.0663375854
471.089233,       14.5531597137
471.455841,       14.7170810699
471.822388,       14.6081295013
472.188873,       14.4212169647
472.555389,       14.2898101807
472.921753,       14.3875703812
473.288208,       14.1796112061
473.654602,       13.8988389969
474.020874,       13.8814659119
474.387177,       13.3118343353
474.753387,       12.9681701660
475.119629,       12.6137647629
475.485809,       12.6930236816
475.851929,       12.5656204224
476.218018,       12.5693502426
476.584076,       12.2283020020
476.950104,       11.7104721069
477.316101,       11.1049776077
477.682037,       10.7657184601
478.047974,       10.5695772171
478.413818,       10.8527517319
478.779663,       11.2178039551
479.145477,       10.8837585449
479.511200,       10.8250827789
479.876953,       11.0009860992
480.242615,       11.1297931671
480.608276,       11.1289682388
480.973907,       11.0211563110
481.339417,       11.1625394821
481.704987,       11.1147232056
482.070465,       10.9400320053
482.435913,       10.9771957397
482.801331,       10.9408531189
483.166718,       10.8196773529
483.532043,       10.8968000412
483.897369,       11.1918315887
484.262634,       11.0960865021
484.627869,       11.1256141663
484.993073,       10.9531002045
485.358215,       11.0279636383
485.723297,       11.0114536285
486.088409,       10.8084087372
486.453461,       10.4786663055
486.818451,       10.3880004883
487.183411,       10.4695873260
487.548370,       10.3838682175
487.913239,       10.2358856201
488.278107,        9.9828691483
488.642883,        9.8323707581
489.007660,        9.7584810257
489.372437,        9.5673379898
489.737091,        9.5331840515
490.101746,        9.4301376343
490.466370,        9.3398332596
490.830963,        9.3421430588
491.195526,        9.1441106796
491.559998,        8.7024497986
491.924500,        8.5562944412
492.288940,        8.4604787827
492.653320,        8.5414400101
493.017670,        8.4013586044
493.382019,        8.3229999542
493.746277,        8.1316041946
494.110504,        8.0726966858
494.474731,        8.1856250763
494.838898,        8.1353502274
495.203033,        8.0898818970
495.567108,        8.0922651291
495.931122,        8.9871425629
496.295166,        8.9801435471
496.659149,        8.6933412552
497.023041,        8.7283630371
497.386963,        8.7446880341
497.750824,        8.7135744095
498.114624,        8.8695535660
498.478455,        8.9133195877
498.842163,        8.8797664642
499.205872,        8.9003381729
499.569580,        8.9082107544
499.933167,        9.0173416138
500.296753,        9.0011157990
500.660339,        9.0708417892
501.023834,        9.1049537659
501.387299,        9.0643653870
501.750763,        9.1097946167
502.114166,        8.9742469788
502.477509,        8.8904218674
502.840851,        8.9399194717
503.204102,        9.0755739212
503.567352,        8.3449649811
503.930573,        8.3939647675
504.293732,        8.4327135086
504.656860,        8.5402812958
505.019989,        8.7154197693
505.382996,        8.7542610168
505.746033,        8.7361383438
506.109009,        8.6602811813
506.471924,        8.6565132141
506.834839,        8.6425666809
507.197662,        8.6325082779
507.560486,        8.6416263580
507.923309,        8.6071100235
508.286041,        8.5820026398
508.648743,        8.7733802795
509.011414,        8.7838935852
509.373993,        8.7716493607
509.736633,        8.8765716553
510.099213,        8.9048366547
510.461731,        8.7957944870
510.824158,        8.7130451202
511.186615,        8.6945362091
511.548950,        8.7015857697
511.911346,        8.7549266815
512.273682,        8.6725788116
512.635925,        8.5839996338
512.998169,        8.5386552811
513.360352,        8.4529294968
513.722534,        8.6324720383
514.084717,        8.7596921921
514.446777,        8.7297105789
514.808777,        8.7825765610
515.170776,        8.7684297562
515.532776,        8.7996683121
515.894714,        8.7846803665
516.256592,        8.6918134689
516.618469,        9.5336704254
516.980286,        9.6675834656
517.342041,        9.6745891571
517.703735,        9.6706228256
518.065430,        9.8502244949
518.427185,        9.9194545746
518.788696,        9.9543933868
519.150330,        9.9068012238
519.511902,       10.0076513290
519.873291,       10.0444030762
520.234802,       10.1049337387
520.596252,       10.1957321167
520.957581,       10.2866153717
521.318970,       10.1308555603
521.680237,       10.0903291702
522.041565,       10.1965312958
522.402771,       10.2436218262
522.763977,       10.3476600647
523.125061,       10.4374675751
523.486206,       10.8347387314
523.847229,       10.8897533417
524.208252,       10.2650871277
524.569275,       10.1538629532
524.930237,       10.1574811935
525.291138,       10.2460536957
525.652100,       10.2319288254
526.012817,       10.1882886887
526.373657,       10.2094182968
526.734436,       10.2258596420
527.095093,       10.3211688995
527.455811,       10.3672952652
527.816528,       10.3526525497
528.177002,       10.3748254776
528.537598,       10.4484472275
528.898132,       10.5598068237
529.258606,       10.5502214432
529.619080,       10.5730609894
529.979431,       10.9259204865
530.339844,       10.8073282242
530.700134,       10.8088169098
531.060425,       10.5696916580
531.420654,       10.6015253067
531.780884,       10.8621616364
532.140991,       10.9005432129
532.501160,       10.8911523819
532.861267,       10.9486942291
533.221375,       10.9101448059
533.581299,       10.9162826538
533.941284,       11.0228261948
534.301208,       11.1036615372
534.661133,       11.0179872513
535.020996,       11.0903873444
535.380798,       11.1868457794
535.740540,       11.2635498047
536.100220,       11.2380590439
536.459900,       11.2354927063
536.819641,       11.2434196472
537.179260,       11.2543630600
537.538757,       10.9478187561
537.898376,       10.9667015076
538.257813,       10.9727849960
538.617249,       10.9263954163
538.976685,       10.9319505692
539.336121,       10.7637767792
539.695374,       10.7882556915
540.054688,       10.8785037994
540.413879,       10.8878173828
540.773132,       10.9030828476
541.132385,       10.9861154556
541.491516,       11.0172882080
541.850525,       11.1062488556
542.209595,       11.1189670563
542.568604,       11.1628332138
542.927612,       11.1473388672
543.286560,       11.0825519562
543.645386,       11.1216220856
544.004333,       11.1745033264
544.363098,       11.2245664597
544.721924,       11.2998714447
545.080688,       11.3497886658
545.439331,       11.5078277588
545.797974,       11.4913244247
546.156616,       11.7039871216
546.515137,       11.6505031586
546.873657,       11.6484603882
547.232239,       11.6757659912
547.590698,       11.6691856384
547.949097,       11.6908798218
548.307495,       11.6845722198
548.665833,       11.6302061081
549.024109,       11.5785713196
549.382385,       11.5201883316
549.740540,       11.6506128311
550.098755,       11.6310310364
550.456909,       11.6441164017
550.815002,       11.6525402069
551.173096,       11.6380538940
551.531128,       11.5845222473
551.888977,       11.5965251923
552.247009,       11.5170869827
552.604797,       11.6381921768
552.962708,       11.5944719315
553.320557,       11.6635074615
553.678345,       11.6586675644
554.036011,       11.6739702225
554.393738,       11.6792116165
554.751404,       11.6611194611
555.109009,       11.6965370178
555.466614,       11.6410808563
555.824158,       11.6379089355
556.181641,       11.7410612106
556.539063,       11.7406349182
556.896423,       11.7356100082
557.253845,       11.6322402954
557.611206,       11.7505846024
557.968445,       11.7573213577
558.325745,       11.7624235153
558.682922,       11.7704076767
559.040161,       11.8223447800
559.397278,       11.8151407242
559.754395,       11.9353723526
560.111389,       11.7981967926
560.468445,       11.7430114746
560.825378,       11.7579965591
561.182251,       11.6478252411
561.539185,       11.6673069000
561.896057,       11.6692504883
562.252869,       11.7116479874
562.609619,       11.6549625397
562.966309,       11.6935853958
563.323059,       11.6973514557
563.679688,       11.6483573914
564.036316,       11.6421136856
564.392822,       11.7458124161
564.749390,       11.7527475357
565.105835,       11.6334524155
565.462280,       11.6218175888
565.818726,       11.6641988754
566.175049,       11.6402692795
566.531372,       11.5815448761
566.887573,       11.5268926620
567.243896,       11.3857498169
567.600098,       11.4135551453
567.956299,       11.4441576004
568.312378,       11.3723430634
568.668457,       11.3419075012
569.024475,       11.2833480835
569.380493,       11.2352352142
569.736389,       11.2312898636
570.092346,       11.3057222366
570.448181,       11.3182373047
570.804077,       11.2913532257
571.159790,       11.2667150497
571.515564,       11.2644844055
571.871338,       11.1876935959
572.226929,       11.1740503311
572.582581,       11.1715621948
572.938171,       11.1377019882
573.293701,       11.0689182281
573.649231,       11.0446977615
574.004700,       11.0707578659
574.360107,       11.0789642334
574.715515,       11.0975437164
575.070801,       11.0801467896
575.426086,       10.9845666885
575.781433,       10.9318876266
576.136658,       10.8896169662
576.491821,       10.9074068069
576.846985,       10.8831949234
577.202026,       10.8438777924
577.557129,       10.7815589905
577.912109,       10.6828603745
578.267090,       10.6686811447
578.621948,       10.6572980881
578.976929,       10.6160659790
579.331726,       10.5296077728
579.686523,       10.6360263824
580.041321,       10.6446475983
580.396057,       10.6281766891
580.750732,       10.7519130707
581.105408,       10.7531480789
581.459961,       10.7195386887
581.814575,       10.7255668640
582.169067,       10.6850805283
582.523499,       10.6429386139
582.877991,       10.6967821121
583.232361,       10.7461090088
583.586731,       10.7851791382
583.941040,       10.7274246216
584.295349,       10.7074527740
584.649536,       10.7069950104
585.003784,       10.6846094131
585.357849,       10.8806524277
585.712036,       10.8712005615
586.066040,       10.8522996902
586.420166,       10.8618125916
586.774048,       10.8660755157
587.128052,       10.7257843018
587.481934,       10.6529493332
587.835815,       10.6096935272
588.189636,       10.5125627518
588.543396,       10.5020322800
588.897095,       10.4699230194
589.250732,       10.4730634689
589.604431,       10.4758176804
589.958069,       10.4536209106
590.311646,       10.4178991318
590.665161,       10.3920993805
591.018677,       10.3951587677
591.372070,       10.4599409103
591.725525,       10.5469961166
592.078857,       10.5008335114
592.432190,       10.4839172363
592.785461,       10.3733329773
593.138733,       10.3860139847
593.491821,       10.3827285767
593.845032,       10.3516216278
594.198181,       10.3944616318
594.551270,       10.4483556747
594.904236,       10.4132289886
595.257202,       10.4563503265
595.610168,       10.3960008621
595.963074,       10.3932332993
596.315979,       10.3809928894
596.668823,       10.3572521210
597.021606,       10.5123481750
597.374268,       10.4778099060
597.726990,       10.5289344788
598.079651,       10.5254259109
598.432312,       10.5145034790
598.784851,       10.4482975006
599.137390,       10.4170112610
599.489868,       10.5403633118
599.842285,       10.5168714523
600.194702,       10.4199333191
600.547119,       10.3629541397
600.899414,       10.3267717361
601.251648,       10.3365716934
601.603882,       10.2410516739
601.956116,       10.1706523895
602.308289,       10.1759996414
602.660400,       10.1363782883
603.012451,       10.1691226959
603.364441,       10.1109113693
603.716370,       10.1046257019
604.068359,       10.2100706100
604.420288,       10.1004381180
604.772156,       10.0971002579
605.123962,       10.0267477036
605.475708,        9.9793148041
605.827515,        9.9531869888
606.179138,        9.9761848450
606.530884,        9.9773998260
606.882385,        9.8541030884
607.233948,        9.9457960129
607.585449,        9.9571104050
607.936951,        9.9630804062
608.288452,       10.0119886398
608.639893,       10.0024547577
608.991150,       10.0407619476
609.342468,       10.0726299286
609.693726,       10.2069101334
610.044983,       10.1856555939
610.396240,       10.1771039963
610.747314,       10.1797065735
611.098389,       10.1639547348
611.449463,       10.0470352173
611.800476,        9.9966592789
612.151489,       10.0152397156
612.502441,        9.9974336624
612.853271,       10.0095386505
613.204102,        9.9880189896
613.554932,        9.9962902069
613.905701,       10.0163993835
614.256470,       10.0059165955
614.607178,        9.9192790985
614.957764,        9.9696397781
615.308350,        9.9720125198
615.658875,        9.8915128708
616.009399,        9.8482351303
616.359924,        9.8510923386
616.710327,        9.8047170639
617.060669,        9.6876878738
617.411011,        9.6931238174
617.761292,        9.6792812347
618.111572,        9.6967544556
618.461853,        9.6680698395
618.812012,        9.6735944748
619.162109,        9.6797609329
619.512146,        9.6562337875
619.862183,        9.6468772888
620.212219,        9.6742401123
620.562195,        9.6149988174
620.912048,        9.5633287430
621.261963,        9.5408535004
621.611755,        9.5620346069
621.961548,        9.5297250748
622.311340,        9.4475870132
622.661072,        9.4894113541
623.010681,        9.4718761444
623.360229,        9.5349292755
623.709839,        9.5210485458
624.059387,        9.5127143860
624.408936,        9.4801197052
624.758423,        9.8192186356
625.107727,        9.7717399597
625.457031,        9.7191858292
625.806458,        9.7435960770
626.155762,        9.7563323975
626.504944,        9.7223434448
626.854126,        9.7445793152
627.203308,        9.7428236008
627.552368,        9.6970138550
627.901428,        9.7524147034
628.250488,        9.7383728027
628.599487,        9.7178487778
628.948364,        9.7105751038
629.297241,        9.7118721008
629.646118,        9.7391967773
629.994934,        9.6888256073
630.343689,        9.6873912811
630.692444,        9.6154022217
631.041077,        9.5936756134
631.389648,        9.7023725510
631.738281,        9.6919784546
632.086853,        9.3725767136
632.435364,        9.4259662628
632.783875,        9.5763978958
633.132263,        9.5546979904
633.480591,        9.4656906128
633.828918,        9.4585990906
634.177246,        9.4716730118
634.525513,        9.4740781784
634.873657,        9.4664688110
635.221863,        9.4432182312
635.569946,        9.4320106506
635.918030,        9.3514394760
636.266052,        9.3017139435
636.614136,        9.4371805191
636.962036,        9.4194717407
637.309937,        9.3839931488
637.657776,        9.4012956619
638.005615,        9.4953813553
638.353394,        9.5098600388
638.701111,        9.3677682877
639.048767,        9.3143405914
639.396423,        9.2676477432
639.743958,        9.2196578979
640.091614,        9.0510778427
640.439087,        9.0551347733
640.786560,        9.0682621002
641.133972,        9.0379142761
641.481323,        9.0228471756
641.828735,        8.9906663895
642.176025,        8.9994211197
642.523315,        8.9490814209
642.870483,        8.9769802094
643.217651,        8.9824209213
643.564758,        9.0139713287
643.911804,        8.8246145248
644.258911,        9.0768222809
644.605896,        9.0848264694
644.952820,        9.0427093506
645.299683,        8.9493255615
645.646606,        8.9341859818
645.993469,        8.9293365479
646.340210,        8.9419307709
646.687012,        8.9128379822
647.033630,        8.9207267761
647.380249,        8.9191188812
647.726868,        8.8568572998
648.073425,        8.8238859177
648.419983,        8.8074274063
648.766418,        8.7155456543
649.112854,        8.6797285080
649.459229,        8.6534490585
649.805603,        8.6366806030
650.151855,        8.6138772964
650.498169,        8.5586309433
650.844360,        8.4662818909
651.190552,        8.4719676971
651.536621,        8.1483955383
651.882751,        8.1333656311
652.228760,        8.1067609787
652.574829,        8.0443067551
652.920715,        7.9831414223
653.266602,        7.9797387123
653.612488,        8.0327558517
653.958252,        8.0438261032
654.304077,        7.9761481285
654.649841,        7.9599986076
654.995483,        7.9652113914
655.341064,        7.9592695236
655.686707,        8.3689470291
656.032288,        8.4101982117
656.377808,        8.3736486435
656.723267,        8.3272743225
657.068726,        8.3408622742
657.414063,        8.2938432693
657.759399,        8.3656091690
658.104736,        8.4163293839
658.449951,        8.4332304001
658.795166,        8.4085683823
659.140381,        8.4143857956
659.485474,        8.4445972443
659.830505,        8.4553155899
660.175598,        8.4740362167
660.520569,        8.4522905350
660.865479,        8.3593502045
661.210327,        8.2883424759
661.555237,        8.2979421616
661.900085,        8.2823171616
662.244812,        8.2705383301
662.589539,        8.2491588593
662.934265,        7.8643360138
663.278809,        7.8155474663
663.623413,        7.8554573059
663.968018,        7.8913235664
664.312500,        7.8654232025
664.656921,        7.8506989479
665.001343,        7.7838039398
665.345703,        7.8040046692
665.690063,        7.7786431313
666.034302,        7.8042759895
666.378662,        7.7528901100
666.722778,        7.7228388786
667.066895,        7.6817126274
667.410950,        7.6170325279
667.755066,        7.5553231239
668.099121,        7.5196943283
668.443054,        7.5130119324
668.786987,        7.4939436913
669.130798,        7.4757070541
669.474731,        7.4500055313
669.818481,        7.4865536690
670.162292,        7.4656925201
670.506042,        7.4374222755
670.849670,        7.3888020515
671.193176,        7.3805556297
671.536804,        7.3722810745
671.880371,        7.3630957603
672.223816,        7.3344049454
672.567261,        7.2479987144
672.910645,        7.1949691772
673.254028,        7.1455121040
673.597290,        7.1217632294
673.940613,        7.0693044662
674.283875,        7.0842275620
674.626953,        7.0902571678
674.970093,        7.1128449440
675.313232,        7.1795225143
675.656250,        7.2546682358
675.999268,        7.2913856506
676.342224,        7.3371677399
676.685120,        7.3780431747
677.027893,        7.3200168610
677.370789,        7.2856097221
677.713562,        7.2833976746
678.056335,        7.3171734810
678.398987,        7.3545413017
678.741577,        7.3409261703
679.084167,        7.3773221970
679.426758,        7.3952207565
679.769287,        7.3779625893
680.111755,        7.4560685158
680.454163,        7.5093007088
680.796509,        7.5316934586
681.138794,        7.5547099113
681.481140,        7.5876278877
681.823364,        7.6111288071
682.165588,        7.6348223686
682.507751,        7.5784215927
682.849792,        7.5135788918
683.191833,        7.4898490906
683.533875,        7.4773750305
683.875854,        7.4330472946
684.217834,        7.4896111488
684.559692,        7.5316095352
684.901428,        7.7262215614
685.243286,        7.7539563179
685.585022,        7.7298297882
685.926819,        7.8193860054
686.268372,        7.8061566353
686.609985,        7.8805432320
686.951538,        7.9763793945
687.293091,        7.9707117081
687.634583,        8.0137586594
687.976013,        8.0625247955
688.317322,        8.1206493378
688.658630,        8.1750850677
689.000000,        8.2268323898
689.341248,        8.2874822617
689.682495,        8.4307479858
690.023682,        8.5512638092
690.364746,        8.6328620911
690.705811,        8.7681484222
691.046814,        8.9219226837
691.387817,        9.0298862457
691.728760,        9.1178407669
692.069702,        9.1555109024
692.410522,        9.3328495026
692.751282,        9.4575166702
693.092102,        9.5317735672
693.432800,        9.7377080917
693.773499,        9.8392267227
694.114075,        9.9612360001
694.454651,       10.1175346375
694.795105,       10.2692441940
695.135620,       10.5098638535
695.476135,       10.6971359253
695.816528,       10.9034852982
696.156799,       11.1161203384
696.497131,       11.3234214783
696.837402,       11.4584827423
697.177612,       11.7305765152
697.517822,       11.9382371902
697.857971,       12.1037931442
698.197937,       12.3322505951
698.538025,       12.5340518951
698.877991,       12.7982797623
699.217957,       12.9884157181
699.557922,       13.1420001984
699.897705,       13.3681774139
700.237549,       13.6355762482
700.577271,       13.8632907867
700.916992,       14.1468410492
701.256653,       14.4494028091
701.596313,       14.6723222733
701.935852,       14.9039459229
702.275391,       15.0843648911
702.614868,       15.5005092621
702.954346,       15.7130107880
703.293701,       15.9536819458
703.633118,       16.2932090759
703.972412,       16.5718460083
704.311646,       16.7889900208
704.650818,       17.0368785858
704.990051,       17.3233718872
705.329163,       17.5338535309
705.668274,       17.9298324585
706.007263,       18.1302814484
706.346252,       18.3846988678
706.685181,       18.6361217499
707.024109,       18.8838768005
707.362976,       19.1563110352
707.701721,       19.4067592621
708.040527,       19.6182994843
708.379211,       19.8097820282
708.717896,       20.0869579315
709.056519,       20.3908004761
709.395142,       20.6366310120
709.733582,       20.7322330475
710.072144,       20.9562549591
710.410522,       21.1822357178
710.748962,       21.3114910126
711.087341,       21.5605964661
711.425598,       21.8161563873
711.763855,       22.1462612152
712.102051,       22.4945430756
712.440247,       22.7546463013
712.778320,       22.8523311615
713.116455,       23.1147804260
713.454468,       23.3470439911
713.792419,       23.6323890686
714.130310,       23.8763904572
714.468262,       24.1157035828
714.806091,       24.3485012054
715.143921,       24.5986328125
715.481628,       24.8632049561
715.819397,       25.1108551025
716.156982,       25.3398742676
716.494629,       25.6124019623
716.832214,       25.8679389954
717.169739,       26.1860427856
717.507202,       26.4348754883
717.844543,       26.7369232178
718.182007,       26.9587898254
718.519348,       27.1330986023
718.856689,       27.2722358704
719.193970,       27.3725738525
719.531067,       27.6548290253
719.868164,       27.8728923798
720.205322,       28.0344333649
720.542419,       28.1943168640
720.879456,       28.3613471985
721.216431,       28.5408458710
721.553345,       28.6765785217
721.890198,       28.8357696533
722.227051,       29.0063762665
722.563782,       29.2133846283
722.900635,       29.4516658783
723.237244,       29.6603946686
723.573914,       29.8065280914
723.910461,       30.0078716278
724.247070,       30.0773353577
724.583557,       30.2458324432
724.920044,       30.3702201843
725.256409,       30.5798530579
725.592773,       30.7548160553
725.929077,       30.9218177795
726.265442,       31.0672187805
726.601685,       31.5263366699
726.937866,       31.7540740967
727.273987,       31.9795913696
727.609985,       32.1957664490
727.946045,       32.3661804199
728.282043,       32.5503616333
728.618042,       32.7675743103
728.953979,       32.9075508118
729.289795,       33.0728683472
729.625610,       33.1793785095
729.961426,       33.3334121704
730.297119,       33.5362243652
730.632813,       33.7180366516
730.968384,       33.8136596680
731.304016,       33.9627456665
731.639465,       34.1362648010
731.974976,       34.2641639709
732.310425,       34.3942260742
732.645874,       34.5352516174
732.981201,       34.6879348755
733.316467,       34.8130836487
733.651733,       34.5996513367
733.986938,       34.6982650757
734.322144,       34.8125457764
734.657288,       34.9600830078
734.992310,       35.0632209778
735.327271,       35.3446731567
735.662292,       35.5182685852
735.997253,       35.6378669739
736.332092,       35.8701210022
736.666931,       36.0021171570
737.001709,       36.1263732910
737.336426,       36.1737861633
737.671143,       36.2439384460
738.005798,       36.3461494446
738.340393,       36.4784317017
738.674988,       36.6344528198
739.009399,       36.7885551453
739.343933,       36.9306907654
739.678345,       37.0266265869
740.012756,       37.1217765808
740.347046,       37.2103080750
740.681274,       37.3279533386
741.015503,       37.3942489624
741.349731,       37.4528427124
741.683838,       37.4836502075
742.017944,       37.5691223145
742.351929,       37.5417442322
742.685974,       37.5917243958
743.019897,       37.7405586243
743.353821,       37.7196006775
743.687622,       37.8255996704
744.021484,       37.9147338867
744.355225,       37.9797058105
744.688965,       38.0676498413
745.022583,       38.1701011658
745.356201,       38.2843971252
745.689819,       38.3376121521
746.023376,       38.3757705688
746.356812,       38.4399642944
746.690186,       38.5470657349
747.023621,       38.6450500488
747.356934,       38.7487182617
747.690247,       38.9319572449
748.023499,       39.0746421814
748.356689,       39.2477836609
748.689758,       39.2951354980
749.022888,       39.4174232483
749.355957,       39.4518165588
749.688965,       39.4680709839
750.021912,       39.5158576965
750.354858,       39.6036758423
750.687683,       39.6784477234
751.020447,       39.7312355042
751.353271,       39.7607040405
751.686035,       39.8244895935
752.018677,       39.8773345947
752.351257,       39.9178237915
752.683838,       39.9789886475
753.016357,       40.0289573669
753.348877,       40.0113868713
753.681396,       40.0439338684
754.013672,       40.1300239563
754.346008,       40.2300643921
754.678345,       40.1522979736
755.010559,       40.1610908508
755.342834,       40.1714630127
755.674988,       40.2793235779
756.007080,       40.3170280457
756.339050,       40.3957481384
756.671082,       40.4366722107
757.003052,       40.4397315979
757.335022,       40.4820747375
757.666870,       40.6957969666
757.998657,       40.7874832153
758.330444,       40.9437294006
758.662170,       41.0193557739
758.993896,       41.0644683838
759.325562,       41.0733680725
759.657043,       41.1772537231
759.988586,       41.2523994446
760.320129,       41.2834701538
760.651489,       41.3678131104
760.982971,       41.4542465210
761.314331,       41.4916687012
761.645569,       41.5459556580
761.976807,       41.5922775269
762.308044,       41.6020126343
762.639160,       41.6166915894
762.970276,       41.6368141174
763.301331,       41.6831893921
763.632385,       41.8166618347
763.963257,       41.9706573486
764.294250,       42.0235671997
764.625122,       41.8883399963
764.955933,       42.1358566284
765.286743,       42.0542831421
765.617432,       42.1371307373
765.948120,       42.1556968689
766.278748,       42.2499313354
766.609314,       42.2754974365
766.939880,       42.2645874023
767.270325,       42.3506546021
767.600708,       42.3123664856
767.931152,       42.2362823486
768.261536,       42.2366638184
768.591858,       42.2428741455
768.922119,       42.2496871948
769.252258,       42.3725624084
769.582397,       42.4475860596
769.912537,       42.5122528076
770.242615,       42.5634994507
770.572632,       42.5210838318
770.902588,       42.4813842773
771.232483,       42.6452636719
771.562256,       42.6253433228
771.892151,       42.3202209473
772.221863,       42.3547058105
772.551697,       42.3347587585
772.881287,       42.4558029175
773.210938,       42.4481506348
773.540466,       42.3945541382
773.870056,       42.4768943787
774.199463,       42.5144462585
774.528992,       42.6999435425
774.858337,       42.7477378845
775.187622,       42.8116416931
775.516968,       42.8746566772
775.846191,       42.9234428406
776.175415,       42.8849945068
776.504578,       42.9291648865
776.833618,       43.0086593628
777.162598,       43.0498275757
777.491638,       43.0146636963
777.820618,       43.0295753479
778.149536,       42.8654479980
778.478394,       42.9093971252
778.807190,       42.9637718201
779.135864,       43.0748672485
779.464600,       43.0340576172
779.793335,       42.9458885193
780.121948,       43.0006370544
780.450439,       43.0313186646
780.778931,       43.1213188171
781.107422,       43.1137008667
781.435913,       43.1083221436
781.764282,       43.1322593689
782.092651,       43.1171340942
782.420837,       43.1488380432
782.749023,       43.1598625183
783.077209,       43.2163658142
783.405396,       43.2058258057
783.733521,       43.1672592163
784.061462,       43.1095504761
784.389465,       43.2046928406
784.717346,       43.2675781250
785.045288,       43.3088302612
785.373108,       43.2971420288
785.700928,       43.2578849792
786.028625,       43.1760025024
786.356384,       43.2638626099
786.683960,       43.3712844849
787.011536,       43.4008522034
787.339111,       43.4803504944
787.666687,       43.4078140259
787.994019,       43.3929176331
788.321411,       43.3059692383
788.648804,       43.3221054077
788.976135,       43.3552818298
789.303406,       43.4278068542
789.630615,       43.4726257324
789.957703,       43.4315643311
790.284851,       43.4429168701
790.611877,       43.4754791260
790.938904,       43.4745979309
791.265930,       43.5376663208
791.592773,       43.5643196106
791.919678,       43.6535186768
792.246460,       43.7348747253
792.573242,       43.8163871765
792.899963,       43.9499511719
793.226685,       43.9824180603
793.553284,       43.9703865051
793.879822,       44.0034065247
794.206299,       43.9616851807
794.532776,       43.9851684570
794.859253,       44.1491050720
795.185669,       44.2413940430
795.511902,       44.2785339355
795.838196,       44.3015594482
796.164490,       44.2468833923
796.490601,       44.2544136047
796.816833,       44.2782936096
797.142883,       44.3490753174
797.468933,       44.3584899902
797.794861,       44.4270133972
798.120789,       44.4372634888
798.446716,       44.4960517883
798.772583,       44.5067214966
799.098328,       44.5659446716
799.424072,       44.6420135498
799.749756,       44.6525497437
800.075439,       44.6787261963
800.401001,       44.7187843323
800.726624,       44.7320175171
801.052063,       44.9553146362
801.377441,       45.0206108093
801.702881,       44.9548072815
802.028198,       45.0249366760
802.353516,       45.1929244995
802.678833,       45.2106513977
803.004028,       45.2708244324
803.329102,       45.3951950073
803.654236,       45.4639739990
803.979248,       45.5855789185
804.304321,       45.6653480530
804.629272,       45.6710205078
804.954163,       45.6992874146
805.278931,       45.6753234863
805.603821,       45.7094726563
805.928589,       45.7096099854
806.253357,       45.7196121216
806.577942,       45.7721557617
806.902588,       45.8502426147
807.227112,       45.8767089844
807.551575,       45.9935989380
807.876099,       45.8785247803
808.200500,       46.0081558228
808.524841,       46.0847778320
808.849121,       46.0303497314
809.173401,       45.9365348816
809.497620,       45.9312896729
809.821838,       45.9314575195
810.145996,       45.8623275757
810.469971,       45.9900627136
810.793945,       45.8627395630
811.117981,       45.8546791077
811.441956,       45.9348907471
811.765808,       46.0237922668
812.089600,       46.0489883423
812.413391,       46.0609893799
812.737061,       46.1099967957
813.060730,       46.1434173584
813.384338,       46.1617889404
813.708008,       46.1426696777
814.031433,       46.2162361145
814.354919,       46.1621780396
814.678345,       46.1594161987
815.001709,       46.1217689514
815.325073,       46.1378898621
815.648376,       46.1386604309
815.971558,       46.1585731506
816.294678,       46.2820129395
816.617798,       46.3541297913
816.940918,       46.3732795715
817.263977,       46.3615264893
817.586853,       46.4724082947
817.909851,       46.5396080017
818.232727,       46.5238723755
818.555542,       46.5093803406
818.878296,       46.5307884216
819.201050,       46.6068878174
819.523682,       46.6547012329
819.846375,       46.7316131592
820.168884,       46.8469238281
820.491455,       46.9319458008
820.813904,       47.0105400085
821.136353,       47.0712203979
821.458740,       47.1896667480
821.781128,       47.1594390869
822.103333,       47.2423896790
822.425598,       47.4038352966
822.747803,       47.4241333008
823.069824,       47.3653335571
823.391968,       47.3387794495
823.713989,       47.4559707642
824.035950,       47.5438613892
824.357849,       47.4953155518
824.679810,       47.4596710205
825.001587,       47.5284919739
825.323425,       47.5812988281
825.645142,       47.6836204529
825.966736,       47.6661758423
826.288391,       47.6357803345
826.610046,       47.5883941650
826.931458,       47.5380134583
827.253052,       47.5395584106
827.574402,       47.5232048035
827.895813,       47.6289329529
828.217163,       47.6275749207
828.538391,       47.6909408569
828.859619,       47.6406860352
829.180786,       47.5894775391
829.501953,       47.7417907715
829.822998,       47.7763442993
830.144043,       47.8853416443
830.464966,       47.9274559021
830.785950,       47.8314590454
831.106812,       47.8979301453
831.427673,       47.9309425354
831.748474,       47.8708610535
832.069214,       47.8976860046
832.389771,       47.8805122375
832.710449,       47.8991813660
833.031067,       47.9358596802
833.351563,       47.9663200378
833.672058,       47.9397735596
833.992371,       47.9194564819
834.312805,       47.8835334778
834.633179,       47.8480415344
834.953369,       47.8476524353
835.273621,       47.9168624878
835.593811,       47.9249382019
835.913940,       47.9414100647
836.234009,       47.8699607849
836.554077,       47.9655876160
836.874023,       48.1404228210
837.193909,       48.1344261169
837.513794,       48.2044258118
837.833618,       48.2054481506
838.153381,       48.2343215942
838.473145,       48.3309326172
838.792786,       48.3210983276
839.112366,       48.3219757080
839.432007,       48.3738632202
839.751465,       48.4213943481
840.070984,       48.4146118164
840.390381,       48.5187072754
840.709656,       48.6079902649
841.028992,       48.7771148682
841.348267,       48.8065834045
841.667480,       48.7974891663
841.986633,       48.7563743591
842.305725,       48.8069076538
842.624817,       48.8426818848
842.943848,       48.9279747009
843.262756,       48.9858818054
843.581665,       48.8146400452
843.900574,       48.8356132507
844.219360,       48.8585853577
844.538147,       48.9265136719
844.856812,       49.0295295715
845.175415,       49.0540084839
845.494080,       49.0875320435
845.812683,       49.1203155518
846.131104,       49.2265815735
846.449585,       49.1698455811
846.768005,       49.2948188782
847.086304,       49.3226356506
847.404663,       49.3174552917
847.722839,       49.1917076111
848.041077,       49.2073936462
848.359192,       49.2924232483
848.677246,       49.3603897095
848.995361,       49.3962097168
849.313354,       49.4086875916
849.631226,       49.3734817505
849.949158,       49.4034690857
850.267029,       49.4649314880
850.584778,       49.5209579468
850.902527,       49.5167427063
851.220276,       49.4890556335
851.537842,       49.4795875549
851.855469,       49.5665016174
852.173035,       49.6361808777
852.490417,       49.7621421814
852.807861,       49.7172966003
853.125305,       49.9633369446
853.442627,       49.9404716492
853.759888,       49.8469848633
854.077087,       49.8280487061
854.394287,       49.9165916443
854.711426,       49.9396133423
855.028442,       49.8628959656
855.345459,       49.9522323608
855.662537,       50.0509147644
855.979370,       50.0520477295
856.296265,       50.0685768127
856.613098,       49.9651832581
856.929871,       49.9659309387
857.246582,       49.9332771301
857.563232,       49.9588165283
857.879822,       50.1333312988
858.196411,       50.1037521362
858.512939,       50.0155448914
858.829346,       49.9860687256
859.145813,       50.0059471130
859.462158,       50.0257148743
859.778442,       49.9185371399
860.094666,       49.9044609070
860.410889,       49.9962730408
860.726990,       50.0286941528
861.043152,       49.9783134460
861.359192,       49.9516181946
861.675232,       49.9682388306
861.991150,       49.8898887634
862.307007,       49.9908790588
862.622864,       50.1516113281
862.938660,       50.1637268066
863.254333,       50.2397537231
863.570068,       50.2747879028
863.885742,       50.3827018738
864.201233,       50.4072799683
864.516846,       50.2999496460
864.832336,       50.2912178040
865.147766,       50.3532066345
865.463135,       50.3954963684
865.778503,       50.3490791321
866.093750,       50.3519897461
866.408997,       50.4247550964
866.724182,       50.4778442383
867.039246,       50.4610176086
867.354309,       50.4473152161
867.669312,       50.4915237427
867.984314,       50.4590110779
868.299194,       50.5314064026
868.614075,       50.5062713623
868.928833,       50.4574546814
869.243652,       50.3213653564
869.558289,       50.4129333496
869.872986,       50.4441070557
870.187622,       50.4438591003
870.502136,       50.3709716797
870.816650,       50.4025802612
871.131165,       50.4498176575
871.445496,       50.5064239502
871.759827,       50.5655632019
872.074158,       50.5399894714
872.388367,       50.4947776794
872.702576,       50.5365371704
873.016785,       50.4998855591
873.330750,       50.5347557068
873.644897,       50.6035614014
873.958801,       50.6328239441
874.272705,       50.5742416382
874.586670,       50.6702308655
874.900452,       50.6410293579
875.214172,       50.6728477478
875.527954,       50.6143226624
875.841614,       50.5986328125
876.155273,       50.5309448242
876.468811,       50.4743652344
876.782288,       50.4508666992
877.095764,       50.4349212646
877.409241,       50.4068984985
877.722534,       50.4994087219
878.035889,       50.5442619324
878.349121,       50.5868988037
878.662292,       50.5406036377
878.975464,       50.6214561462
879.288574,       50.7136840820
879.601624,       50.7868270874
879.914612,       50.7862205505
880.227600,       50.7966690063
880.540405,       50.8653564453
880.853271,       50.8503494263
881.166016,       50.8673324585
881.478821,       50.9084053040
881.791504,       50.9249877930
882.104065,       50.9238548279
882.416626,       50.9507942200
882.729187,       51.0089225769
883.041626,       51.1041336060
883.354065,       51.2084007263
883.666443,       51.2528915405
883.978760,       51.2333984375
884.291016,       51.2599525452
884.603271,       51.2721672058
884.915344,       51.2832031250
885.227539,       51.4130897522
885.539551,       51.3911590576
885.851501,       51.3412361145
886.163513,       51.2724761963
886.475464,       51.2495651245
886.787231,       51.2112693787
887.099060,       51.1591491699
887.410767,       51.2655677795
887.722412,       51.2598495483
888.034119,       51.2978744507
888.345642,       51.3130950928
888.657227,       51.3817024231
888.968689,       51.4330253601
889.280090,       51.4473037720
889.591492,       51.4533882141
889.902832,       51.3985748291
890.213989,       51.3987770081
890.525269,       51.4369125366
890.836487,       51.3923187256
891.147522,       51.5560455322
891.458618,       52.8465385437
891.769653,       52.7795677185
892.080566,       52.8078956604
892.391479,       52.7843933105
892.702332,       52.8576011658
893.013123,       52.8599548340
893.323853,       52.9697303772
893.634521,       53.0125617981
893.945129,       53.0772132874
894.255798,       53.1411399841
894.566223,       53.1093711853
894.876770,       53.1817932129
895.187195,       53.1726074219
895.497498,       53.1759376526
895.807861,       53.1585922241
896.118164,       53.1491699219
896.428345,       53.2036170959
896.738525,       53.3166542053
897.048645,       53.3052215576
897.358643,       53.2985076904
897.668701,       53.2752685547
897.978638,       51.8425064087
898.288513,       51.8114929199
898.598389,       51.8968467712
898.908142,       51.8963317871
899.217896,       51.8188247681
899.527588,       51.9688949585
899.837219,       51.9324531555
900.146790,       52.0715370178
900.456360,       52.0599021912
900.765747,       52.0453224182
901.075195,       52.1284980774
901.384583,       52.0977249146
901.693848,       52.0412216187
902.003174,       52.0839767456
902.312378,       52.1537437439
902.621460,       52.1297874451
902.930603,       52.1098022461
903.239685,       51.9672927856
903.548645,       52.0569305420
903.857605,       52.1215095520
904.166504,       51.9675025940
904.475281,       52.0000572205
904.784058,       52.0896301270
905.092896,       52.0525283813
905.401489,       52.0354690552
905.710144,       52.0297279358
906.018738,       51.9639854431
906.327209,       51.9541130066
906.635681,       51.8518333435
906.944031,       51.8266334534
907.252441,       51.8204460144
907.560730,       51.7440261841
907.869019,       51.7028694153
908.177185,       51.8718185425
908.485352,       51.9185371399
908.793396,       52.0171241760
909.101501,       52.1041450500
909.409485,       52.1668319702
909.717407,       52.2864456177
910.025269,       52.2252731323
910.333130,       52.1563949585
910.640869,       52.2200927734
910.948608,       52.3398895264
911.256287,       52.3988533020
911.563843,       52.3853645325
911.871399,       52.3488159180
912.178955,       52.4784278870
912.486389,       52.5696258545
912.793823,       52.5364761353
913.101135,       52.5126113892
913.408386,       52.4991149902
913.715637,       52.5210494995
914.022827,       52.6888313293
914.329956,       52.7904624939
914.637085,       52.7080345154
914.944031,       52.7233848572
915.251038,       52.6035766602
915.557983,       52.5854187012
915.864807,       52.4568252563
916.171631,       52.4172439575
916.478455,       52.4580421448
916.785095,       52.6317253113
917.091736,       52.6949577332
917.398376,       52.7021293640
917.704834,       52.6344070435
918.011414,       52.5541610718
918.317810,       52.6306037903
918.624207,       52.6309509277
918.930542,       52.5322799683
919.236816,       52.5173721313
919.542969,       52.5316238403
919.849182,       52.5208549500
920.155273,       52.4353370667
920.461304,       52.3620185852
920.767334,       52.3551292419
921.073242,       52.3847694397
921.379211,       52.4536056519
921.685059,       52.4850654602
921.990784,       52.4013633728
922.296570,       52.4279670715
922.602295,       52.3974075317
922.907898,       52.7627105713
923.213440,       52.5325241089
923.518982,       52.4715881348
923.824463,       52.3847389221
924.129883,       52.4043617249
924.435242,       52.4945144653
924.740540,       52.4870033264
925.045776,       52.3994865417
925.351013,       52.5111007690
925.656128,       52.6057586670
925.961243,       52.7494544983
926.266235,       52.7843551636
926.571167,       53.0452613831
926.876160,       53.0148162842
927.181030,       53.1622276306
927.485840,       53.1104621887
927.790588,       53.0269317627
928.095276,       52.9898338318
928.399963,       53.3006019592
928.704590,       53.4631500244
929.009094,       53.6258888245
929.313599,       53.4528121948
929.618103,       53.5786743164
929.922424,       53.5443496704
930.226807,       53.5328330994
930.531067,       53.4331970215
930.835266,       53.5092544556
931.139465,       53.5621719360
931.443542,       53.5946502686
931.747620,       53.5063438416
932.051697,       53.5014648438
932.355652,       53.3487434387
932.659485,       53.5040779114
932.963379,       53.4081687927
933.267090,       53.5171737671
933.570801,       53.3048706055
933.874573,       53.3286094666
934.178162,       53.3310050964
934.481689,       53.4870986938
934.785278,       53.3075752258
935.088745,       53.1398429871
935.392151,       53.1055107117
935.695496,       52.8756980896
935.998779,       52.7599143982
936.302063,       52.8113899231
936.605225,       53.0503616333
936.908386,       53.2930450439
937.211426,       53.2360382080
937.514465,       53.3148422241
937.817444,       53.3171463013
938.120422,       53.4749908447
938.423279,       53.5586662292
938.726013,       53.9744148254
939.028809,       53.8952751160
939.331482,       53.8228149414
939.634155,       53.7841873169
939.936768,       53.8698081970
940.239258,       53.8379249573
940.541809,       53.8090476990
940.844238,       53.6663284302
941.146606,       53.7296409607
941.448914,       53.7451744080
941.751221,       53.7405319214
942.053345,       53.7523880005
942.355530,       53.7128219604
942.657654,       53.6245422363
942.959656,       53.5443191528
943.261658,       53.3877792358
943.563599,       53.4436225891
943.865479,       53.4128913879
944.167358,       53.3367385864
944.469177,       53.3661499023
944.770813,       53.2891082764
945.072510,       52.8788642883
945.374084,       52.8804054260
945.675659,       52.7599258423
945.977173,       52.7752685547
946.278564,       52.8334922791
946.580017,       52.8359336853
946.881348,       52.6702270508
947.182617,       52.7621879578
947.483826,       52.5622558594
947.785034,       52.6163558960
948.086060,       52.6699142456
948.387207,       52.6755752563
948.688232,       52.9655876160
948.989075,       53.0564193726
949.290039,       52.9207420349
949.590942,       52.8989067078
949.891663,       52.9166755676
950.192444,       52.8561477661
950.493164,       53.0162086487
950.793701,       52.8230552673
951.094299,       52.6803436279
951.394836,       52.8698997498
951.695251,       53.8605155945
951.995667,       54.0000381470
952.295959,       53.9476737976
952.596313,       53.9129028320
952.896545,       54.1072502136
953.196716,       54.2270851135
953.496826,       54.1331787109
953.796936,       54.1662864685
954.096863,       54.1699333191
954.396912,       54.1200523376
954.696777,       54.1656608582
954.996643,       54.0926437378
955.296448,       54.2687110901
955.596191,       54.2810134888
955.895813,       54.4710388184
956.195496,       54.4893493652
956.495117,       54.7379798889
956.794556,       54.7044639587
957.094055,       54.5645904541
957.393494,       55.0227775574
957.692810,       54.9698066711
957.992126,       53.9648361206
958.291321,       53.9657173157
958.590637,       53.8757743835
958.889709,       53.7983551025
959.188782,       53.5654144287
959.487793,       53.5139007568
959.786804,       53.5384063721
960.085693,       53.5775299072
960.384460,       53.6908912659
960.683472,       53.6110229492
960.982056,       53.5462913513
961.280823,       53.7579841614
961.579407,       53.7175292969
961.877930,       53.6114501953
962.176575,       53.5578842163
962.474915,       53.3842620850
962.773376,       53.1488876343
963.071777,       53.1311492920
963.370056,       53.1049423218
963.668335,       52.5399742126
963.966431,       52.4370079041
964.264709,       52.2700805664
964.562744,       52.4551811218
964.860718,       52.5907058716
965.158691,       52.8090171814
965.456543,       52.9760704041
965.754578,       53.2722587585
966.052307,       53.4354133606
966.350037,       53.4444160461
966.647705,       53.3364219666
966.945251,       53.6110534668
967.243042,       53.6184082031
967.540405,       53.2641716003
967.837952,       53.2284126282
968.135376,       53.3372268677
968.432739,       53.5820884705
968.730042,       53.8012008667
969.027222,       53.7006149292
969.324524,       53.6593627930
969.621521,       53.8132667542
969.918701,       53.9862136841
970.215698,       54.0613517761
970.512573,       54.0478057861
970.809631,       53.9951629639
971.106384,       54.0575637817
971.403198,       54.2425155640
971.700012,       54.2594909668
971.996521,       54.0654296875
972.293335,       54.0726242065
972.589783,       54.2054519653
972.886353,       54.2361145020
973.182861,       53.8238525391
973.479309,       54.0257682800
973.775635,       54.1201477051
974.071838,       54.2598915100
974.368225,       54.2213249207
974.664368,       54.0088195801
974.960449,       53.8887634277
975.256592,       53.9463920593
975.552490,       54.3333702087
975.848633,       54.3789138794
976.144409,       54.6948509216
976.440247,       54.5827560425
976.736023,       54.9961166382
977.031738,       54.9577941895
977.327515,       54.8603401184
977.623047,       54.7555694580
977.918640,       54.8711242676
978.214172,       54.8945198059
978.509644,       54.7114067078
978.805115,       54.6382064819
979.100281,       54.7800674438
979.395752,       55.0869102478
979.690857,       55.1750068665
979.986084,       55.0631523132
980.281250,       54.8890724182
980.576172,       55.0807113647
980.871338,       55.1466445923
981.166199,       55.2669715881
981.461121,       55.6350288391
981.755920,       55.2870864868
982.050781,       55.4201850891
982.345520,       55.2944488525
982.640076,       55.3169975281
982.934814,       55.0377120972
983.229309,       54.9061012268
983.523804,       55.2267951965
983.818298,       55.0405616760
984.112610,       54.6961593628
984.407043,       56.1855239868
984.701233,       56.5621376038
984.995483,       56.6495895386
985.289612,       56.5322418213
985.583618,       56.3246841431
985.877869,       56.1996765137
986.171753,       56.2959861755
986.465698,       56.2584457397
986.759583,       56.2151031494
987.053467,       56.6989288330
987.347290,       56.5819931030
987.640869,       56.2714271545
987.934631,       56.3121070862
988.228149,       56.1530761719
988.521667,       56.1654739380
988.815186,       56.3679618835
989.108582,       56.4031410217
989.402039,       56.3793525696
989.695313,       56.2099342346
989.988525,       56.4014854431
990.281738,       56.6419181824
990.574829,       54.8723449707
990.868042,       54.5639572144
991.161011,       54.9927597046
991.453979,       55.4179687500
991.746948,       55.9572410583
992.039795,       56.4292678833
992.332642,       57.1562690735
992.625305,       57.1235733032
992.918091,       56.9274177551
993.210632,       57.3622512817
993.503235,       57.7093009949
993.795837,       58.9570770264
994.088196,       58.9645385742
994.380676,       59.2813186646
994.672913,       59.4391899109
994.965271,       60.3996162415
995.257568,       60.3927726746
995.549622,       60.8389625549
995.841858,       61.2257423401
996.133850,       60.9399185181
996.425903,       61.3980484009
996.717834,       61.6849899292
997.009766,       61.4094810486
997.301636,       60.8274459839
997.593323,       60.7585906982
997.885193,       60.3541183472
998.176758,       59.7517242432
998.468384,       59.6415824890
998.760010,       59.6397705078
999.051392,       60.1512680054
999.342957,       59.1886634827
999.634277,       59.0545310974
999.925598,       57.6107139587
1000.216919,       57.8775520325
1000.508118,       58.1602020264
1000.799255,       58.0336570740
1001.090271,       56.9238853455
1001.381470,       56.8351821899
1001.672363,       56.8293991089
1001.963257,       56.0993309021
1002.254150,       56.3014984131
1002.544922,       55.8263168335
1002.835815,       55.7952537537
1003.126404,       56.0595855713
1003.417114,       56.5354270935
1003.707703,       56.2291221619
1003.998108,       56.6623382568
1004.288757,       56.9874114990
1004.579041,       56.5183830261
1004.869385,       56.6438331604
1005.159729,       56.5810852051
1005.450012,       56.3079719543
1005.740173,       56.2657012939
1006.030212,       56.1577720642
1006.320435,       56.2749938965
1006.610352,       55.9859466553
1006.900330,       55.7284011841
1007.190247,       56.4828643799
1007.479980,       56.5019073486
1007.769897,       56.0128326416
1008.059509,       56.5024185181
1008.349243,       56.6335258484
1008.638855,       56.6932487488
1008.928345,       56.8913879395
1009.217896,       57.0577201843
1009.507263,       56.9908485413
1009.796753,       56.7792663574
1010.086060,       56.0686416626
1010.375366,       55.8324928284
1010.664551,       55.3821029663
1010.953674,       55.0725822449
1011.242920,       55.3459892273
1011.531738,       55.7229232788
1011.820801,       55.5869293213
1012.109741,       55.8362617493
1012.398499,       56.1157875061
1012.687439,       57.0425338745
1012.976074,       57.5719490051
1013.264771,       57.2187652588
1013.553406,       57.3385963440
1013.842041,       57.5371322632
1014.130554,       57.1941146851
1014.418884,       57.0852890015
1014.707336,       57.2887878418
1014.995789,       57.1123046875
1015.284058,       57.1749801636
1015.572327,       57.1670417786
1015.860413,       57.1861038208
1016.148621,       57.3066902161
1016.436523,       57.8469696045
1016.724609,       57.9562835693
1017.012573,       58.8362350464
1017.300354,       58.5064353943
1017.588318,       58.2280998230
1017.875977,       59.5589408875
1018.163757,       59.9631309509
1018.451416,       59.9565429688
1018.739014,       60.0364494324
1019.026611,       60.0805702209
1019.313904,       59.6331672668
1019.601440,       59.7393569946
1019.888733,       59.6778335571
1020.176086,       60.6421890259
1020.463318,       61.4190444946
1020.750549,       61.4014739990
1021.037720,       62.5988960266
1021.324707,       63.9498519897
1021.611694,       64.2393188477
1021.898682,       64.7447586060
1022.185547,       65.1959228516
1022.472595,       64.3934707642
1022.759216,       64.8616943359
1023.045959,       64.8613739014
1023.332581,       65.9268035889
1023.619324,       66.4836959839
1023.905884,       65.5367050171
1024.192261,       65.9416351318
1024.478882,       65.5690917969
1024.765137,       64.3037948608
1025.051514,       64.4359817505
1025.337769,       64.4574737549
1025.623779,       64.5155868530
1025.910034,       66.2290725708
1026.196045,       79.8592834473
1026.482178,       68.3374099731
1026.768066,       60.2941169739
1027.053955,       68.0555648804
1027.339966,       52.9133911133
1027.625610,       59.2245941162
1027.911377,       65.3983383179
1028.197144,       56.9371833801
1028.482666,       56.9444427490
1028.768311,       86.6071395874
