339.817139,        0.0000000000
340.196106,        0.0000000000
340.575104,      756.2501220703
340.954010,    -1124.9964599609
341.332886,      909.0938720703
341.711761,      242.0000762939
342.090576,       52.1052551270
342.469360,      104.7169799805
342.848114,       34.5070228577
343.226868,        0.0000000000
343.605560,       63.4498252869
343.984192,       63.0458221436
344.362854,       62.7710990906
344.741425,       64.6381072998
345.119995,       69.5355377197
345.498535,       70.9676895142
345.877014,       73.1905212402
346.255463,       76.7606201172
346.633881,       78.2474288940
347.012299,       78.9271697998
347.390625,       77.4781875610
347.768951,       76.1806488037
348.147278,       74.5373611450
348.525513,       75.6587905884
348.903748,       76.9586410522
349.281952,       77.7222366333
349.660126,       76.8733749390
350.038239,       75.3825988770
350.416321,       76.9824523926
350.794373,       77.4347991943
351.172394,       77.2680435181
351.550385,       76.6610336304
351.928375,       76.4179916382
352.306305,       78.6828384399
352.684174,       78.8967590332
353.062042,       78.0830154419
353.439880,       77.3101501465
353.817657,       77.6926040649
354.195404,       77.4401397705
354.573151,       73.6646728516
354.950836,       75.2307434082
355.328461,       76.4565582275
355.706116,       76.9258651733
356.083710,       93.3786010742
356.461243,       94.0356674194
356.838806,       93.4518127441
357.216248,       92.7582168579
357.593719,       92.8047637939
357.971161,       93.2937469482
358.348541,       92.2750473022
358.725891,       91.2314224243
359.103210,       91.6020660400
359.480530,       89.3515396118
359.857758,       89.4935989380
360.234955,       88.4498291016
360.612183,       87.7515640259
360.989319,       86.6704177856
361.366425,       86.7011642456
361.743530,       87.8353958130
362.120575,       87.1299209595
362.497559,       87.5480804443
362.874573,       87.7314834595
363.251526,       86.8899002075
363.628418,       85.5441665649
364.005310,       63.0467758179
364.382202,       60.8235893250
364.759003,       58.0907211304
365.135773,       58.6152191162
365.512482,       58.7779884338
365.889221,       60.2835655212
366.265900,       60.6778678894
366.642517,       61.5020942688
367.019165,       60.8047027588
367.395721,       63.9613075256
367.772278,       63.4084396362
368.148804,       61.2492370605
368.525269,       61.8085403442
368.901672,       62.4521484375
369.278107,       62.8211250305
369.654480,       57.2410278320
370.030823,       58.8064956665
370.407104,       57.4288787842
370.783386,       53.4155654907
371.159637,       54.4583663940
371.535828,       58.2570686340
371.912018,       58.5788536072
372.288116,       57.8282127380
372.664246,       59.8753852844
373.040283,       60.3542137146
373.416351,       59.0994110107
373.792328,       56.6754150391
374.168274,       57.8997192383
374.544250,       58.7881317139
374.920105,       60.9465713501
375.295959,       59.4899787903
375.671814,       60.8805847168
376.047607,       61.7385253906
376.423370,       61.9358825684
376.799103,       63.0625000000
377.174774,       65.1118011475
377.550415,       65.5657272339
377.926056,       62.6514015198
378.301636,       63.7419624329
378.677185,       65.4287567139
379.052673,       67.7039031982
379.428192,       67.7087402344
379.803650,       67.8312377930
380.179047,       67.7272796631
380.554443,       67.9256439209
380.929779,       66.8114318848
381.305084,       66.7594528198
381.680359,       67.0823059082
382.055634,       66.5347900391
382.430817,       65.2293930054
382.805969,       62.6019248962
383.181152,       64.3851623535
383.556244,       62.7341384888
383.931274,       63.3177223206
384.306366,       64.2829666138
384.681366,       62.4670028687
385.056305,       61.3091812134
385.431274,       62.2887611389
385.806152,       65.2968444824
386.181000,       65.4225845337
386.555817,       64.5818023682
386.930634,       60.2571563721
387.305389,       57.7574424744
387.680084,       56.8962173462
388.054810,       57.1400527954
388.429474,       55.4687614441
388.804047,       54.8968124390
389.178650,       55.3669319153
389.553192,       53.7593841553
389.927734,       53.7374801636
390.302185,       54.6441383362
390.676666,       54.2575416565
391.051086,       51.7043762207
391.425446,       51.7328567505
391.799805,       50.9291877747
392.174133,       49.9796905518
392.548370,       50.2109832764
392.922638,       48.4818267822
393.296844,       49.6205596924
393.670990,       44.9867706299
394.045135,       45.1394615173
394.419220,       44.1536979675
394.793304,       45.8604049683
395.167328,       46.9204826355
395.541321,       49.2984771729
395.915283,       49.4617385864
396.289185,       51.9687538147
396.663116,       52.5503578186
397.036957,       51.0178260803
397.410736,       50.8724136353
397.784546,       50.4983901978
398.158325,       49.9641952515
398.532013,       50.8516540527
398.905670,       51.1595191956
399.279358,       55.3089981079
399.652954,       55.6568069458
400.026520,       55.2400894165
400.400085,       56.7631607056
400.773560,       57.4953308105
401.147034,       54.9625511169
401.520508,       54.1065139771
401.893890,       53.3396301270
402.267242,       53.3447036743
402.640564,       53.0176277161
403.013855,       52.7051811218
403.387146,       50.1802787781
403.760345,       49.5470390320
404.133514,       51.9957847595
404.506683,       52.1108093262
404.879791,       52.9244766235
405.252869,       53.9753265381
405.625946,       52.9811019897
405.998962,       51.0730094910
406.371918,       52.4660110474
406.744873,       51.8689041138
407.117798,       46.4352378845
407.490631,       45.6135444641
407.863525,       44.5267295837
408.236298,       43.4844093323
408.609039,       48.2985839844
408.981842,       47.7425079346
409.354523,       51.1259155273
409.727173,       50.4262390137
410.099792,       49.8557167053
410.472382,       48.6179542542
410.844910,       48.2898635864
411.217438,       46.6845893860
411.589935,       46.1095809937
411.962402,       41.8234481812
412.334778,       44.7507934570
412.707153,       44.9122314453
413.079498,       43.0668640137
413.451813,       42.8502883911
413.824066,       43.5374946594
414.196350,       40.8029518127
414.568512,       40.6566162109
414.940674,       41.9347763062
415.312805,       41.7370452881
415.684906,       41.5610961914
416.056946,       48.2266731262
416.429016,       44.0249710083
416.800964,       43.7873115540
417.172913,       41.2919120789
417.544830,       41.5998458862
417.916718,       41.9895973206
418.288574,       41.7704353333
418.660370,       40.9537734985
419.032135,       41.5897178650
419.403870,       41.4219512939
419.775574,       40.8491210938
420.147247,       37.0076980591
420.518860,       37.1532592773
420.890472,       37.0397109985
421.262024,       37.2250137329
421.633545,       36.7268905640
422.005005,       37.4070587158
422.376495,       36.6120529175
422.747925,       36.2604064941
423.119293,       35.3977432251
423.490601,       36.2370643616
423.861938,       27.7680225372
424.233215,       28.7924613953
424.604462,       30.7497768402
424.975647,       30.2517299652
425.346832,       29.3675594330
425.717926,       28.1716117859
426.089050,       27.6880416870
426.460083,       26.8346366882
426.831085,       25.8669681549
427.202087,       25.3674602509
427.572998,       25.8486785889
427.943939,       27.0142669678
428.314819,       26.3023147583
428.685669,       26.4657077789
429.056458,       26.8082942963
429.427246,       26.5081844330
429.797943,       25.6150455475
430.168701,       25.8566818237
430.539337,       25.4359683990
430.909943,       25.7221317291
431.280548,       26.5704307556
431.651093,       27.8857460022
432.021606,       27.7736873627
432.392120,       25.6781635284
432.762543,       25.3820514679
433.132965,       25.0036067963
433.503326,       25.5417232513
433.873688,       25.3063507080
434.243958,       25.2202873230
434.614227,       24.5124893188
434.984467,       25.5587730408
435.354645,       24.9016990662
435.724792,       23.4492073059
436.094910,       21.9131431580
436.464996,       21.8702545166
436.835052,       24.3482685089
437.205048,       24.1097354889
437.575043,       25.4880065918
437.944977,       25.2971973419
438.314880,       25.6380500793
438.684753,       25.5798549652
439.054565,       24.2541618347
439.424377,       24.1070919037
439.794128,       23.4610843658
440.163849,       24.0178833008
440.533508,       26.0685443878
440.903198,       26.1622390747
441.272797,       26.7417182922
441.642334,       27.7912349701
442.011902,       28.1141338348
442.381409,       29.4612674713
442.750854,       29.1155338287
443.120300,       29.1855697632
443.489655,       29.3598136902
443.859039,       30.3266372681
444.228333,       30.2760505676
444.597626,       27.6001358032
444.966888,       27.9200344086
445.336060,       26.3993492126
445.705231,       25.5330200195
446.074402,       24.9271965027
446.443512,       24.9733963013
446.812531,       24.6868038177
447.181610,       23.8212623596
447.550568,       23.7957248688
447.919525,       23.6821212769
448.288483,       21.6874084473
448.657349,       21.4433364868
449.026154,       20.4480552673
449.394989,       19.8637218475
449.763763,       20.3435802460
450.132477,       19.4749011993
450.501190,       18.7159900665
450.869812,       18.2879371643
451.238464,       17.9110698700
451.607025,       17.2365283966
451.975586,       17.9947471619
452.344116,       18.3083267212
452.712585,       18.5227832794
453.081024,       18.7745246887
453.449463,       19.1385250092
453.817810,       18.9091758728
454.186127,       18.4898948669
454.554413,       40.4686889648
454.922668,       40.6239814758
455.290894,       39.9138412476
455.659088,       39.1350479126
456.027222,       38.6321601868
456.395325,       38.3161964417
456.763428,       38.0976066589
457.131439,       37.4555931091
457.499420,       36.5642585754
457.867371,       36.2028312683
458.235321,       36.0191421509
458.603210,       35.7865142822
458.971039,       35.5582084656
459.338867,       35.1415977478
459.706635,       34.0054435730
460.074371,       33.4256057739
460.442047,       32.8073272705
460.809753,       33.9688491821
461.177368,       33.5287437439
461.544952,       33.6190185547
461.912537,       33.1485900879
462.280029,       14.4355955124
462.647522,       13.6079053879
463.014984,       13.4085369110
463.382355,       13.7301158905
463.749725,       13.7073841095
464.117065,       13.4850320816
464.484344,       13.1361503601
464.851593,       12.9011449814
465.218842,       12.8342151642
465.586029,       12.9951210022
465.953156,       12.9694757462
466.320282,       12.7681732178
466.687317,       13.2314319611
467.054352,       13.4378995895
467.421356,       13.8260869980
467.788300,       13.7317848206
468.155243,       13.7847843170
468.522095,       12.1013317108
468.888947,       12.5828208923
469.255768,       12.6275625229
469.622559,       13.2058877945
469.989258,       13.3475036621
470.355988,       13.3029775620
470.722626,       13.5591926575
471.089233,       13.2904577255
471.455841,       13.2864427567
471.822388,       13.2186670303
472.188873,       13.1353702545
472.555389,       13.1132755280
472.921753,       13.1785812378
473.288208,       12.9829673767
473.654602,       12.6594276428
474.020874,       12.9194755554
474.387177,       12.1861343384
474.753387,       11.7438526154
475.119629,       11.3327827454
475.485809,       11.3063077927
475.851929,       11.0877361298
476.218018,       11.0522079468
476.584076,       10.7982082367
476.950104,       10.1626281738
477.316101,        9.6958303452
477.682037,        9.4333257675
478.047974,        9.2501220703
478.413818,        9.4150733948
478.779663,        9.4985857010
479.145477,        9.1753845215
479.511200,        9.1076431274
479.876953,        9.3008308411
480.242615,        9.3772296906
480.608276,        9.2538280487
480.973907,        9.0497722626
481.339417,        9.4233484268
481.704987,        9.1723327637
482.070465,        9.0536699295
482.435913,        9.0577239990
482.801331,        9.0163936615
483.166718,        9.0425386429
483.532043,        9.1167201996
483.897369,        9.4462242126
484.262634,        9.3536062241
484.627869,        9.5207614899
484.993073,        9.3768081665
485.358215,        9.3897600174
485.723297,        9.3953895569
486.088409,        9.2017564774
486.453461,        9.0219860077
486.818451,        9.0779600143
487.183411,        9.1701698303
487.548370,        9.0724315643
487.913239,        8.9933567047
488.278107,        8.8512582779
488.642883,        8.8232212067
489.007660,        8.5466432571
489.372437,        8.4549322128
489.737091,        8.4174070358
490.101746,        8.3145942688
490.466370,        8.2848091125
490.830963,        8.2048597336
491.195526,        7.9870901108
491.559998,        7.6067671776
491.924500,        7.4869503975
492.288940,        7.3738231659
492.653320,        7.4182076454
493.017670,        7.2713637352
493.382019,        7.1806011200
493.746277,        7.0084981918
494.110504,        6.9865503311
494.474731,        7.0896396637
494.838898,        7.0356564522
495.203033,        6.9560232162
495.567108,        6.9094805717
495.931122,        7.6545691490
496.295166,        7.5833549500
496.659149,        7.4196181297
497.023041,        7.3765368462
497.386963,        7.3532118797
497.750824,        7.3544292450
498.114624,        7.4828305244
498.478455,        7.4953989983
498.842163,        7.4840440750
499.205872,        7.4925503731
499.569580,        7.5058894157
499.933167,        7.5107431412
500.296753,        7.5148067474
500.660339,        7.5825290680
501.023834,        7.6374688148
501.387299,        7.5850920677
501.750763,        7.6054940224
502.114166,        7.5129241943
502.477509,        7.4245414734
502.840851,        7.4576468468
503.204102,        7.6457633972
503.567352,        6.9989137650
503.930573,        7.0988645554
504.293732,        7.1725139618
504.656860,        7.2564759254
505.019989,        7.4760618210
505.382996,        7.5406699181
505.746033,        7.5354495049
506.109009,        7.4966149330
506.471924,        7.4685087204
506.834839,        7.4303650856
507.197662,        7.4029722214
507.560486,        7.5251140594
507.923309,        7.5027561188
508.286041,        7.5023732185
508.648743,        7.4483380318
509.011414,        7.4600925446
509.373993,        7.4287414551
509.736633,        7.4663906097
510.099213,        7.4775791168
510.461731,        7.4475736618
510.824158,        7.3463006020
511.186615,        7.3339643478
511.548950,        7.3148145676
511.911346,        7.3210792542
512.273682,        7.2732014656
512.635925,        7.1080012321
512.998169,        7.0163607597
513.360352,        6.9010744095
513.722534,        6.9969110489
514.084717,        7.1429533958
514.446777,        7.1524963379
514.808777,        7.2225151062
515.170776,        7.1482405663
515.532776,        7.2242193222
515.894714,        7.2164640427
516.256592,        7.2643837929
516.618469,        8.1368846893
516.980286,        8.3259687424
517.342041,        8.3212900162
517.703735,        8.3143043518
518.065430,        8.5100841522
518.427185,        8.5599613190
518.788696,        8.6054983139
519.150330,        8.5774374008
519.511902,        8.7351036072
519.873291,        8.7578525543
520.234802,        8.9001808167
520.596252,        9.0141315460
520.957581,        9.1149511337
521.318970,        9.0514526367
521.680237,        8.9946765900
522.041565,        9.0218992233
522.402771,        9.0532732010
522.763977,        9.2053642273
523.125061,        9.2412557602
523.486206,        9.6499185562
523.847229,        9.7957868576
524.208252,        9.1227893829
524.569275,        9.0471029282
524.930237,        9.0942544937
525.291138,        9.2018070221
525.652100,        9.1714735031
526.012817,        9.1938762665
526.373657,        9.2610845566
526.734436,        9.3154001236
527.095093,        9.3741121292
527.455811,        9.4713678360
527.816528,        9.4616127014
528.177002,        9.5078182220
528.537598,        9.5528316498
528.898132,        9.6434984207
529.258606,        9.6783561707
529.619080,        9.7815971375
529.979431,       10.1229343414
530.339844,       10.0145502090
530.700134,       10.0365762711
531.060425,        9.7952556610
531.420654,        9.7835454941
531.780884,       10.0470037460
532.140991,       10.0626420975
532.501160,       10.0704450607
532.861267,       10.1596879959
533.221375,       10.1217117310
533.581299,       10.1219854355
533.941284,       10.2504749298
534.301208,       10.3476743698
534.661133,       10.2604179382
535.020996,       10.2847661972
535.380798,       10.3512592316
535.740540,       10.4084844589
536.100220,       10.4442853928
536.459900,       10.4595012665
536.819641,       10.4732713699
537.179260,       10.4409427643
537.538757,       10.1889772415
537.898376,       10.2114124298
538.257813,       10.1808805466
538.617249,       10.1416835785
538.976685,       10.1510200500
539.336121,       10.0081758499
539.695374,       10.0412540436
540.054688,       10.1231241226
540.413879,       10.1416635513
540.773132,       10.1371240616
541.132385,       10.1523885727
541.491516,       10.1552448273
541.850525,       10.1914682388
542.209595,       10.2010898590
542.568604,       10.2761182785
542.927612,       10.2489910126
543.286560,       10.2108154297
543.645386,       10.1961936951
544.004333,       10.2095489502
544.363098,       10.1882505417
544.721924,       10.2676382065
545.080688,       10.3016490936
545.439331,       10.4557142258
545.797974,       10.4802322388
546.156616,       10.7186117172
546.515137,       10.6682863235
546.873657,       10.6276264191
547.232239,       10.6356735229
547.590698,       10.5700883865
547.949097,       10.5512409210
548.307495,       10.5607976913
548.665833,       10.5348224640
549.024109,       10.4816637039
549.382385,       10.4379787445
549.740540,       10.5997323990
550.098755,       10.5432901382
550.456909,       10.5509672165
550.815002,       10.5338592529
551.173096,       10.5130949020
551.531128,       10.4867906570
551.888977,       10.5484123230
552.247009,       10.4812641144
552.604797,       10.5730676651
552.962708,       10.5329141617
553.320557,       10.5706777573
553.678345,       10.4902667999
554.036011,       10.5058565140
554.393738,       10.5102214813
554.751404,       10.4625024796
555.109009,       10.4931716919
555.466614,       10.4382257462
555.824158,       10.4023380280
556.181641,       10.4912261963
556.539063,       10.4181079865
556.896423,       10.3870801926
557.253845,       10.2032766342
557.611206,       10.3306484222
557.968445,       10.3212547302
558.325745,       10.3352966309
558.682922,       10.3473997116
559.040161,       10.3584995270
559.397278,       10.3434686661
559.754395,       10.3845748901
560.111389,       10.2208909988
560.468445,       10.1066446304
560.825378,       10.0793218613
561.182251,        9.9585618973
561.539185,        9.9178028107
561.896057,        9.8973016739
562.252869,        9.9034910202
562.609619,        9.8490953445
562.966309,        9.8874759674
563.323059,        9.8523502350
563.679688,        9.7672109604
564.036316,        9.7605791092
564.392822,        9.8133487701
564.749390,        9.8003740311
565.105835,        9.6091861725
565.462280,        9.5758047104
565.818726,        9.5628366470
566.175049,        9.4998168945
566.531372,        9.4186744690
566.887573,        9.3270959854
567.243896,        9.1929311752
567.600098,        9.1969509125
567.956299,        9.2197399139
568.312378,        9.1485033035
568.668457,        9.1352624893
569.024475,        9.0874643326
569.380493,        9.0118112564
569.736389,        8.9773483276
570.092346,        8.9964733124
570.448181,        8.9440631866
570.804077,        8.9033775330
571.159790,        8.8996248245
571.515564,        8.8530826569
571.871338,        8.7804851532
572.226929,        8.7755184174
572.582581,        8.7674303055
572.938171,        8.7254600525
573.293701,        8.6682682037
573.649231,        8.6496067047
574.004700,        8.6577882767
574.360107,        8.6582269669
574.715515,        8.6579627991
575.070801,        8.6647462845
575.426086,        8.5741605759
575.781433,        8.5245609283
576.136658,        8.4390306473
576.491821,        8.4170103073
576.846985,        8.4045391083
577.202026,        8.3831329346
577.557129,        8.3334112167
577.912109,        8.2678222656
578.267090,        8.2474126816
578.621948,        8.1829710007
578.976929,        8.1554861069
579.331726,        8.0640249252
579.686523,        8.1540184021
580.041321,        8.0984439850
580.396057,        8.0884914398
580.750732,        8.1745567322
581.105408,        8.1540889740
581.459961,        8.1172456741
581.814575,        8.1049642563
582.169067,        8.0776739120
582.523499,        7.9900465012
582.877991,        8.0137624741
583.232361,        8.0348100662
583.586731,        8.0546693802
583.941040,        8.0236320496
584.295349,        7.9895300865
584.649536,        7.9795584679
585.003784,        7.9611830711
585.357849,        8.1018400192
585.712036,        8.1002664566
586.066040,        8.0931921005
586.420166,        8.0987224579
586.774048,        8.0912981033
587.128052,        7.9320893288
587.481934,        7.9191641808
587.835815,        7.8775763512
588.189636,        7.7702493668
588.543396,        7.7532234192
588.897095,        7.7396473885
589.250732,        7.7162885666
589.604431,        7.7101550102
589.958069,        7.6795430183
590.311646,        7.6421151161
590.665161,        7.6257867813
591.018677,        7.6668491364
591.372070,        7.7156553268
591.725525,        7.7740116119
592.078857,        7.7211236954
592.432190,        7.6872816086
592.785461,        7.5883808136
593.138733,        7.5864658356
593.491821,        7.5826635361
593.845032,        7.5616626740
594.198181,        7.6168189049
594.551270,        7.6498389244
594.904236,        7.6395683289
595.257202,        7.6731877327
595.610168,        7.6364116669
595.963074,        7.6549386978
596.315979,        7.6480731964
596.668823,        7.6276025772
597.021606,        7.7628216743
597.374268,        7.7448620796
597.726990,        7.8023715019
598.079651,        7.7901525497
598.432312,        7.7575893402
598.784851,        7.6815657616
599.137390,        7.6689333916
599.489868,        7.7756605148
599.842285,        7.7698574066
600.194702,        7.6806044579
600.547119,        7.6351428032
600.899414,        7.5862145424
601.251648,        7.5577368736
601.603882,        7.4805750847
601.956116,        7.4627027512
602.308289,        7.4605474472
602.660400,        7.4154005051
603.012451,        7.4313669205
603.364441,        7.3696241379
603.716370,        7.3542065620
604.068359,        7.4711203575
604.420288,        7.3558964729
604.772156,        7.3493056297
605.123962,        7.2803945541
605.475708,        7.2613067627
605.827515,        7.2413177490
606.179138,        7.2534894943
606.530884,        7.2445645332
606.882385,        7.1233668327
607.233948,        7.1948862076
607.585449,        7.1997256279
607.936951,        7.2208881378
608.288452,        7.2565717697
608.639893,        7.2654566765
608.991150,        7.2832040787
609.342468,        7.2833633423
609.693726,        7.3884582520
610.044983,        7.3736271858
610.396240,        7.3435945511
610.747314,        7.3475866318
611.098389,        7.3245139122
611.449463,        7.1868238449
611.800476,        7.1509914398
612.151489,        7.1713247299
612.502441,        7.1515502930
612.853271,        7.1334438324
613.204102,        7.1099920273
613.554932,        7.1229348183
613.905701,        7.1464195251
614.256470,        7.1402020454
614.607178,        7.0591015816
614.957764,        7.0733690262
615.308350,        7.0780248642
615.658875,        7.0116391182
616.009399,        6.9818587303
616.359924,        6.9793009758
616.710327,        6.9616527557
617.060669,        6.8512492180
617.411011,        6.8480672836
617.761292,        6.8589367867
618.111572,        6.8676838875
618.461853,        6.8462634087
618.812012,        6.8847699165
619.162109,        6.9077582359
619.512146,        6.8777279854
619.862183,        6.8718276024
620.212219,        6.9021744728
620.562195,        6.8567700386
620.912048,        6.8144378662
621.261963,        6.7959280014
621.611755,        6.8246431351
621.961548,        6.8207068443
622.311340,        6.7999234200
622.661072,        6.8193569183
623.010681,        6.8403706551
623.360229,        6.8932981491
623.709839,        6.8826274872
624.059387,        6.8525357246
624.408936,        6.8395748138
624.758423,        6.8140192032
625.107727,        6.7552661896
625.457031,        6.7222199440
625.806458,        6.7375607491
626.155762,        6.7341337204
626.504944,        6.7031116486
626.854126,        6.7252779007
627.203308,        6.7220067978
627.552368,        6.6990809441
627.901428,        6.7615218163
628.250488,        6.7692918777
628.599487,        6.7348217964
628.948364,        6.7364954948
629.297241,        6.7155709267
629.646118,        6.7129383087
629.994934,        6.6749038696
630.343689,        6.6610417366
630.692444,        6.6026115417
631.041077,        6.5879845619
631.389648,        6.6890640259
631.738281,        6.6941218376
632.086853,        6.7297654152
632.435364,        6.7849984169
632.783875,        6.9081568718
633.132263,        6.8936290741
633.480591,        6.8380079269
633.828918,        6.8221850395
634.177246,        6.8413734436
634.525513,        6.8340883255
634.873657,        6.8103551865
635.221863,        6.7638454437
635.569946,        6.7358546257
635.918030,        6.6838817596
636.266052,        6.6317343712
636.614136,        6.7726984024
636.962036,        6.7657070160
637.309937,        6.7322111130
637.657776,        6.7625246048
638.005615,        6.8525595665
638.353394,        6.8736152649
638.701111,        6.7554802895
639.048767,        6.7040452957
639.396423,        6.6808185577
639.743958,        6.6483249664
640.091614,        6.5005483627
640.439087,        6.5082235336
640.786560,        6.5048704147
641.133972,        6.4995899200
641.481323,        6.4903202057
641.828735,        6.4725122452
642.176025,        6.5060625076
642.523315,        6.4817929268
642.870483,        6.5313563347
643.217651,        6.5390930176
643.564758,        6.5808839798
643.911804,        6.4098410606
644.258911,        6.6477351189
644.605896,        6.6787981987
644.952820,        6.6170215607
645.299683,        6.5598750114
645.646606,        6.5328822136
645.993469,        6.5590476990
646.340210,        6.5933046341
646.687012,        6.5485620499
647.033630,        6.5840167999
647.380249,        6.5998106003
647.726868,        6.5738806725
648.073425,        6.5505971909
648.419983,        6.5324506760
648.766418,        6.4730210304
649.112854,        6.4641184807
649.459229,        6.4413428307
649.805603,        6.4385404587
650.151855,        6.4140610695
650.498169,        6.3922667503
650.844360,        6.3095359802
651.190552,        6.3139705658
651.536621,        6.0363612175
651.882751,        5.9923624992
652.228760,        6.0066657066
652.574829,        5.9542684555
652.920715,        5.9390397072
653.266602,        5.9477391243
653.612488,        5.9761037827
653.958252,        6.0243530273
654.304077,        5.9593415260
654.649841,        5.9462938309
654.995483,        5.9596061707
655.341064,        5.9882545471
655.686707,        6.3545355797
656.032288,        6.3780293465
656.377808,        6.3789477348
656.723267,        6.3493227959
657.068726,        6.3767471313
657.414063,        6.3593559265
657.759399,        6.4484281540
658.104736,        6.5204434395
658.449951,        6.5644578934
658.795166,        6.5775632858
659.140381,        6.6134901047
659.485474,        6.6309270859
659.830505,        6.6395120621
660.175598,        6.6306829453
660.520569,        6.6172213554
660.865479,        6.5516247749
661.210327,        6.5251088142
661.555237,        6.5479660034
661.900085,        6.5582795143
662.244812,        6.5529508591
662.589539,        6.5116300583
662.934265,        6.1902003288
663.278809,        6.1622934341
663.623413,        6.1704349518
663.968018,        6.2259531021
664.312500,        6.2008085251
664.656921,        6.2157311440
665.001343,        6.1427688599
665.345703,        6.1218280792
665.690063,        6.0801625252
666.034302,        6.0931773186
666.378662,        6.0753664970
666.722778,        6.0799670219
667.066895,        6.0540986061
667.410950,        6.0530252457
667.755066,        6.0021324158
668.099121,        6.0026140213
668.443054,        5.9695043564
668.786987,        5.9887399673
669.130798,        5.9609599113
669.474731,        5.9552502632
669.818481,        6.0285210609
670.162292,        6.0216860771
670.506042,        6.0226297379
670.849670,        6.0062623024
671.193176,        6.0021839142
671.536804,        6.0209832191
671.880371,        6.0098123550
672.223816,        6.0097804070
672.567261,        5.9874053001
672.910645,        5.9750761986
673.254028,        5.9483995438
673.597290,        5.9165143967
673.940613,        5.8761849403
674.283875,        5.9083943367
674.626953,        5.9049463272
674.970093,        5.9396204948
675.313232,        5.9868288040
675.656250,        6.0738348961
675.999268,        6.0684547424
676.342224,        6.1031961441
676.685120,        6.1290850639
677.027893,        6.0739245415
677.370789,        6.0568132401
677.713562,        6.0489964485
678.056335,        6.0876350403
678.398987,        6.1014804840
678.741577,        6.0794086456
679.084167,        6.0948400497
679.426758,        6.1129288673
679.769287,        6.1044855118
680.111755,        6.1673345566
680.454163,        6.1539926529
680.796509,        6.1638588905
681.138794,        6.1664371490
681.481140,        6.1712851524
681.823364,        6.1717295647
682.165588,        6.1745080948
682.507751,        6.1208505630
682.849792,        6.0519394875
683.191833,        6.0313715935
683.533875,        6.0282211304
683.875854,        5.9888858795
684.217834,        6.0127449036
684.559692,        6.0288033485
684.901428,        6.1804542542
685.243286,        6.1752057076
685.585022,        6.1342945099
685.926819,        6.1718869209
686.268372,        6.1458239555
686.609985,        6.1533722878
686.951538,        6.2156105042
687.293091,        6.1687445641
687.634583,        6.2102379799
687.976013,        6.2582244873
688.317322,        6.2926745415
688.658630,        6.3059887886
689.000000,        6.3388638496
689.341248,        6.3561148643
689.682495,        6.4250802994
690.023682,        6.4688367844
690.364746,        6.5011382103
690.705811,        6.5816311836
691.046814,        6.6640062332
691.387817,        6.7294912338
691.728760,        6.7565255165
692.069702,        6.7386136055
692.410522,        6.8451156616
692.751282,        6.9208159447
693.092102,        6.9557986259
693.432800,        7.0679173470
693.773499,        7.1220607758
694.114075,        7.1792945862
694.454651,        7.2878017426
694.795105,        7.3741235733
695.135620,        7.4970455170
695.476135,        7.5827188492
695.816528,        7.7301254272
696.156799,        7.8631930351
696.497131,        7.9967885017
696.837402,        8.1008653641
697.177612,        8.3111543655
697.517822,        8.4639911652
697.857971,        8.5712623596
698.197937,        8.7307538986
698.538025,        8.8672466278
698.877991,        9.0845880508
699.217957,        9.2332305908
699.557922,        9.3654413223
699.897705,        9.5404710770
700.237549,        9.7650766373
700.577271,        9.9496307373
700.916992,       10.1954030991
701.256653,       10.4271278381
701.596313,       10.6448736191
701.935852,       10.9001379013
702.275391,       11.1041650772
702.614868,       11.5039272308
702.954346,       11.7013483047
703.293701,       11.9420890808
703.633118,       12.2477159500
703.972412,       12.5319032669
704.311646,       12.7409067154
704.650818,       12.9772558212
704.990051,       13.2543954849
705.329163,       13.4993286133
705.668274,       13.8765077591
706.007263,       14.0754070282
706.346252,       14.3717746735
706.685181,       14.6180477142
707.024109,       14.8792009354
707.362976,       15.1695442200
707.701721,       15.4771347046
708.040527,       15.7188234329
708.379211,       15.9658908844
708.717896,       16.2419166565
709.056519,       16.5214710236
709.395142,       16.7687244415
709.733582,       16.9111843109
710.072144,       17.2225418091
710.410522,       17.4697780609
710.748962,       17.6867084503
711.087341,       17.9759407043
711.425598,       18.2802581787
711.763855,       18.6285877228
712.102051,       19.0907402039
712.440247,       19.3866977692
712.778320,       19.5892295837
713.116455,       19.8980522156
713.454468,       20.1398029327
713.792419,       20.4847774506
714.130310,       20.7950992584
714.468262,       21.0672340393
714.806091,       21.3439083099
715.143921,       21.6437740326
715.481628,       21.9677257538
715.819397,       22.2856330872
716.156982,       22.6183929443
716.494629,       22.9915790558
716.832214,       23.3202571869
717.169739,       23.6716117859
717.507202,       24.0213298798
717.844543,       24.4288578033
718.182007,       24.7060127258
718.519348,       25.0098590851
718.856689,       25.2945423126
719.193970,       25.4825687408
719.531067,       25.8276214600
719.868164,       26.1411666870
720.205322,       26.4450492859
720.542419,       26.7816581726
720.879456,       27.0613784790
721.216431,       27.3890647888
721.553345,       27.6959648132
721.890198,       27.9891338348
722.227051,       28.3146266937
722.563782,       28.6691493988
722.900635,       29.0100479126
723.237244,       29.3130435944
723.573914,       29.6298866272
723.910461,       29.9616298676
724.247070,       30.1868324280
724.583557,       30.4761257172
724.920044,       30.6924934387
725.256409,       31.0460681915
725.592773,       31.3191184998
725.929077,       31.5876331329
726.265442,       31.8245830536
726.601685,       32.4040641785
726.937866,       32.7419242859
727.273987,       33.0550346375
727.609985,       33.3319396973
727.946045,       33.6484489441
728.282043,       33.9378013611
728.618042,       34.2074508667
728.953979,       34.5048522949
729.289795,       34.7812728882
729.625610,       34.9825592041
729.961426,       35.2517585754
730.297119,       35.5548133850
730.632813,       35.7707443237
730.968384,       35.9825019836
731.304016,       36.2572555542
731.639465,       36.5101737976
731.974976,       36.7512092590
732.310425,       36.9904861450
732.645874,       37.2349014282
732.981201,       37.5048866272
733.316467,       37.7445144653
733.651733,       37.6566276550
733.986938,       37.8389587402
734.322144,       38.0722999573
734.657288,       38.3350219727
734.992310,       38.5556907654
735.327271,       38.9015655518
735.662292,       39.1730918884
735.997253,       39.3741188049
736.332092,       39.6611824036
736.666931,       39.8731498718
737.001709,       40.0578689575
737.336426,       40.2034492493
737.671143,       40.3901443481
738.005798,       40.5921707153
738.340393,       40.7554512024
738.674988,       41.0429763794
739.009399,       41.2482604980
739.343933,       41.4911422729
739.678345,       41.6667976379
740.012756,       41.8711395264
740.347046,       42.0253448486
740.681274,       42.2028045654
741.015503,       42.3716621399
741.349731,       42.5095138550
741.683838,       42.6778030396
742.017944,       42.7687683105
742.351929,       42.8018302917
742.685974,       42.9410018921
743.019897,       43.1310348511
743.353821,       43.2547225952
743.687622,       43.4341506958
744.021484,       43.6027488708
744.355225,       43.7231864929
744.688965,       43.8371276855
745.022583,       43.9996376038
745.356201,       44.1401786804
745.689819,       44.2068023682
746.023376,       44.2930679321
746.356812,       44.3304443359
746.690186,       44.4420051575
747.023621,       44.5197830200
747.356934,       44.6221008301
747.690247,       44.7996368408
748.023499,       44.8925895691
748.356689,       45.0416488647
748.689758,       45.0826187134
749.022888,       45.2398872375
749.355957,       45.3006401062
749.688965,       45.3374519348
750.021912,       45.4251480103
750.354858,       45.4301757813
750.687683,       45.4998054504
751.020447,       45.5724563599
751.353271,       45.6277046204
751.686035,       45.7256889343
752.018677,       45.7445678711
752.351257,       45.8002777100
752.683838,       45.8591842651
753.016357,       45.9496879578
753.348877,       45.9698944092
753.681396,       46.0492858887
754.013672,       46.1198196411
754.346008,       46.2109069824
754.678345,       46.1594161987
755.010559,       46.2098884583
755.342834,       46.2194633484
755.674988,       46.2171440125
756.007080,       46.1946144104
756.339050,       46.2352523804
756.671082,       46.2845191956
757.003052,       46.2885780334
757.335022,       46.3237228394
757.666870,       46.5074348450
757.998657,       46.5679435730
758.330444,       46.6825294495
758.662170,       46.7155685425
758.993896,       46.7289047241
759.325562,       46.7596244812
759.657043,       46.8001098633
759.988586,       46.8173370361
760.320129,       46.8209915161
760.651489,       46.8552818298
760.982971,       46.8678245544
761.314331,       46.8960838318
761.645569,       46.9318199158
761.976807,       46.9366226196
762.308044,       46.9331130981
762.639160,       47.0400772095
762.970276,       47.0921173096
763.301331,       47.1264419556
763.632385,       47.1789703369
763.963257,       47.2525405884
764.294250,       47.2614097595
764.625122,       47.1163940430
764.955933,       47.3045387268
765.286743,       47.2077751160
765.617432,       47.2525749207
765.948120,       47.2422485352
766.278748,       47.3320045471
766.609314,       47.4453811646
766.939880,       47.4671554565
767.270325,       47.4974517822
767.600708,       47.4995536804
767.931152,       47.4544868469
768.261536,       47.4371109009
768.591858,       47.4302062988
768.922119,       47.4971580505
769.252258,       47.5892944336
769.582397,       47.5700759888
769.912537,       47.6006469727
770.242615,       47.6586532593
770.572632,       47.6557312012
770.902588,       47.5788116455
771.232483,       47.7657890320
771.562256,       47.7786979675
771.892151,       47.5264625549
772.221863,       47.5306472778
772.551697,       47.5579872131
772.881287,       47.6446685791
773.210938,       47.5359878540
773.540466,       47.4104118347
773.870056,       47.4167785645
774.199463,       47.4959907532
774.528992,       47.6570053101
774.858337,       47.7100563049
775.187622,       47.7460517883
775.516968,       47.7716293335
775.846191,       47.7554702759
776.175415,       47.7200202942
776.504578,       47.7233276367
776.833618,       47.7405815125
777.162598,       47.7111396790
777.491638,       47.6341438293
777.820618,       47.6371383667
778.149536,       47.4570732117
778.478394,       47.4723663330
778.807190,       47.4422912598
779.135864,       47.5706367493
779.464600,       47.5289688110
779.793335,       47.4559440613
780.121948,       47.5065307617
780.450439,       47.4697380066
780.778931,       47.4939613342
781.107422,       47.4239349365
781.435913,       47.3118705750
781.764282,       47.3478775024
782.092651,       47.2999534607
782.420837,       47.2915802002
782.749023,       47.2691612244
783.077209,       47.2846031189
783.405396,       47.2474861145
783.733521,       47.2197875977
784.061462,       47.1880798340
784.389465,       47.2590980530
784.717346,       47.2903862000
785.045288,       47.2946319580
785.373108,       47.2149124146
785.700928,       47.2534217834
786.028625,       47.1811332703
786.356384,       47.1768875122
786.683960,       47.2460975647
787.011536,       47.2896614075
787.339111,       47.3346519470
787.666687,       47.2514419556
787.994019,       47.2707252502
788.321411,       47.2317237854
788.648804,       47.2219810486
788.976135,       47.2037849426
789.303406,       47.2617149353
789.630615,       47.2784118652
789.957703,       47.2876968384
790.284851,       47.3063468933
790.611877,       47.3635520935
790.938904,       47.3305816650
791.265930,       47.3442840576
791.592773,       47.3626594543
791.919678,       47.3702926636
792.246460,       47.4100303650
792.573242,       47.3810119629
792.899963,       47.4062423706
793.226685,       47.4150543213
793.553284,       47.3526725769
793.879822,       47.3100318909
794.206299,       47.3240661621
794.532776,       47.3588447571
794.859253,       47.4074020386
795.185669,       47.4408607483
795.511902,       47.4096145630
795.838196,       47.4789962769
796.164490,       47.3966979980
796.490601,       47.3681449890
796.816833,       47.3291130066
797.142883,       47.3072624207
797.468933,       47.2026367188
797.794861,       47.2518959045
798.120789,       47.2512512207
798.446716,       47.2791213989
798.772583,       47.2856330872
799.098328,       47.3282890320
799.424072,       47.3603668213
799.749756,       47.3076591492
800.075439,       47.3300018311
800.401001,       47.3424301147
800.726624,       47.3080978394
801.052063,       47.3862266541
801.377441,       47.4063301086
801.702881,       47.3688163757
802.028198,       47.3654518127
802.353516,       47.5020408630
802.678833,       47.4670944214
803.004028,       47.5589294434
803.329102,       47.5969963074
803.654236,       47.6031150818
803.979248,       47.7811431885
804.304321,       47.8627243042
804.629272,       47.8177337646
804.954163,       47.8159408569
805.278931,       47.7576370239
805.603821,       47.7634315491
805.928589,       47.7165946960
806.253357,       47.7558326721
806.577942,       47.8599586487
806.902588,       47.8929595947
807.227112,       47.9046936035
807.551575,       48.0299072266
807.876099,       47.9791221619
808.200500,       48.0499420166
808.524841,       48.0977897644
808.849121,       48.0857162476
809.173401,       48.0271263123
809.497620,       47.9827651978
809.821838,       47.9124641418
810.145996,       47.8455314636
810.469971,       47.8974838257
810.793945,       47.7595672607
811.117981,       47.7508201599
811.441956,       47.7482147217
811.765808,       47.8213386536
812.089600,       47.8738250732
812.413391,       47.8918876648
812.737061,       47.9047012329
813.060730,       47.8866233826
813.384338,       47.8517112732
813.708008,       47.7693481445
814.031433,       47.7621383667
814.354919,       47.6671028137
814.678345,       47.6262321472
815.001709,       47.6057243347
815.325073,       47.5695533752
815.648376,       47.5461616516
815.971558,       47.4778823853
816.294678,       47.5016670227
816.617798,       47.5434341431
816.940918,       47.5763320923
817.263977,       47.5372428894
817.586853,       47.5587654114
817.909851,       47.5453071594
818.232727,       47.5646209717
818.555542,       47.5077934265
818.878296,       47.4600982666
819.201050,       47.4838600159
819.523682,       47.5290527344
819.846375,       47.5531158447
820.168884,       47.6186561584
820.491455,       47.6561088562
820.813904,       47.7425079346
821.136353,       47.8286285400
821.458740,       47.9422492981
821.781128,       47.8688392639
822.103333,       47.9484062195
822.425598,       48.0157546997
822.747803,       48.0254821777
823.069824,       48.0485572815
823.391968,       48.0741691589
823.713989,       48.2004089355
824.035950,       48.2789268494
824.357849,       48.2233238220
824.679810,       48.1904029846
825.001587,       48.2687225342
825.323425,       48.2868919373
825.645142,       48.3324508667
825.966736,       48.3198928833
826.288391,       48.2628593445
826.610046,       48.2874679565
826.931458,       48.2301483154
827.253052,       48.2403182983
827.574402,       48.1987838745
827.895813,       48.2210769653
828.217163,       48.1095771790
828.538391,       48.1224212646
828.859619,       48.0553779602
829.180786,       47.9965057373
829.501953,       48.0398674011
829.822998,       48.0429115295
830.144043,       48.0630798340
830.464966,       48.0417251587
830.785950,       47.9058532715
831.106812,       47.9679603577
831.427673,       47.9733924866
831.748474,       47.9392776489
832.069214,       47.9817886353
832.389771,       47.9560165405
832.710449,       47.9107017517
833.031067,       47.9272537231
833.351563,       47.8704719543
833.672058,       47.8317413330
833.992371,       47.8028182983
834.312805,       47.8034286499
834.633179,       47.7450828552
834.953369,       47.7300987244
835.273621,       47.7976837158
835.593811,       47.7754669189
835.913940,       47.7629051208
836.234009,       47.7424812317
836.554077,       47.7740631104
836.874023,       47.8682823181
837.193909,       47.8116111755
837.513794,       47.8322906494
837.833618,       47.8176651001
838.153381,       47.8562736511
838.473145,       47.8561782837
838.792786,       47.7802619934
839.112366,       47.8148574829
839.432007,       47.8769836426
839.751465,       47.8495979309
840.070984,       47.8337135315
840.390381,       47.9254798889
840.709656,       47.9593887329
841.028992,       48.1006011963
841.348267,       48.1466979980
841.667480,       48.1255607605
841.986633,       48.0491485596
842.305725,       48.0342941284
842.624817,       48.0397186279
842.943848,       48.1099510193
843.262756,       48.1266288757
843.581665,       47.9750099182
843.900574,       48.0256538391
844.219360,       48.0806808472
844.538147,       48.1010131836
844.856812,       48.1396064758
845.175415,       48.1225776672
845.494080,       48.1308822632
845.812683,       48.0967712402
846.131104,       48.0879974365
846.449585,       48.1229476929
846.768005,       48.2153816223
847.086304,       48.1579818726
847.404663,       48.1029167175
847.722839,       47.9569625854
848.041077,       47.8981323242
848.359192,       47.9478225708
848.677246,       47.9997100830
848.995361,       48.0814628601
849.313354,       48.0784759521
849.631226,       48.0395698547
849.949158,       48.0367126465
850.267029,       48.0666160583
850.584778,       48.0471191406
850.902527,       48.0186271667
851.220276,       48.0129280090
851.537842,       48.0070037842
851.855469,       47.9916229248
852.173035,       47.9814949036
852.490417,       48.1169128418
852.807861,       48.1430969238
853.125305,       48.1811294556
853.442627,       48.1158332825
853.759888,       48.0843887329
854.077087,       48.0917396545
854.394287,       48.1027946472
854.711426,       48.1562538147
855.028442,       48.1382179260
855.345459,       48.2564315796
855.662537,       48.2026176453
855.979370,       48.2555389404
856.296265,       48.2645835876
856.613098,       48.2242393494
856.929871,       48.1888275146
857.246582,       48.1301765442
857.563232,       48.2263679504
857.879822,       48.3450698853
858.196411,       48.2853012085
858.512939,       48.3539466858
858.829346,       48.3875808716
859.145813,       48.3223762512
859.462158,       48.2677803040
859.778442,       48.2334823608
860.094666,       48.1732788086
860.410889,       48.1253089905
860.726990,       48.1699485779
861.043152,       48.1663093567
861.359192,       48.1176986694
861.675232,       48.0775794983
861.991150,       47.9364471436
862.307007,       47.9999618530
862.622864,       48.0819740295
862.938660,       48.0324249268
863.254333,       48.1141242981
863.570068,       48.1284637451
863.885742,       48.1859397888
864.201233,       48.1332855225
864.516846,       48.0210647583
864.832336,       48.0693321228
865.147766,       48.0131950378
865.463135,       48.0394897461
865.778503,       48.0296630859
866.093750,       48.0425300598
866.408997,       48.1504669189
866.724182,       48.2697296143
867.039246,       48.3568649292
867.354309,       48.3049316406
867.669312,       48.3371429443
867.984314,       48.3078155518
868.299194,       48.3403205872
868.614075,       48.3463592529
868.928833,       48.3376617432
869.243652,       48.1973762512
869.558289,       48.2513885498
869.872986,       48.2444229126
870.187622,       48.2905311584
870.502136,       48.2554512024
870.816650,       48.2793502808
871.131165,       48.2878723145
871.445496,       48.1867141724
871.759827,       48.2510986328
872.074158,       48.2305679321
872.388367,       48.1928329468
872.702576,       48.2324790955
873.016785,       48.2009277344
873.330750,       48.1713981628
873.644897,       48.2430038452
873.958801,       48.3250427246
874.272705,       48.1743736267
874.586670,       48.2200050354
874.900452,       48.2109184265
875.214172,       48.1756668091
875.527954,       48.1272506714
875.841614,       48.1341552734
876.155273,       48.0879859924
876.468811,       47.9887313843
876.782288,       47.9435386658
877.095764,       47.8898887634
877.409241,       47.7554473877
877.722534,       47.7917785645
878.035889,       47.9139060974
878.349121,       47.9412727356
878.662292,       47.8965950012
878.975464,       47.8409004211
879.288574,       47.8834228516
879.601624,       47.8321151733
879.914612,       47.7893180847
880.227600,       47.7412490845
880.540405,       47.7199935913
880.853271,       47.7932052612
881.166016,       47.7763252258
881.478821,       47.7630805969
881.791504,       47.7981758118
882.104065,       47.8550987244
882.416626,       47.8159294128
882.729187,       47.8351783752
883.041626,       47.8762664795
883.354065,       47.9725341797
883.666443,       48.0039520264
883.978760,       48.0392646790
884.291016,       48.1074333191
884.603271,       48.0166053772
884.915344,       47.9713554382
885.227539,       48.0872192383
885.539551,       48.0892524719
885.851501,       48.0483245850
886.163513,       47.9914855957
886.475464,       47.9830818176
886.787231,       47.9557800293
887.099060,       47.9651679993
887.410767,       47.9237213135
887.722412,       47.9733581543
888.034119,       48.0152511597
888.345642,       48.0114402771
888.657227,       47.9502220154
888.968689,       48.0453109741
889.280090,       48.0136947632
889.591492,       48.0348434448
889.902832,       47.9425392151
890.213989,       47.9755783081
890.525269,       47.9680824280
890.836487,       47.8593482971
891.147522,       48.0535163879
891.458618,       47.8122558594
891.769653,       47.6701889038
892.080566,       47.7392387390
892.391479,       47.7026176453
892.702332,       47.6993026733
893.013123,       47.7423171997
893.323853,       47.7755699158
893.634521,       47.7154960632
893.945129,       47.8127975464
894.255798,       47.7998275757
894.566223,       47.7685279846
894.876770,       47.7520637512
895.187195,       47.7845382690
895.497498,       47.7831153870
895.807861,       47.8295516968
896.118164,       47.8397941589
896.428345,       47.8820343018
896.738525,       47.8914070129
897.048645,       47.9382591248
897.358643,       47.9868583679
897.668701,       47.9232559204
897.978638,       48.2231025696
898.288513,       48.2750205994
898.598389,       48.2830505371
898.908142,       48.3151054382
899.217896,       48.3734245300
899.527588,       48.5169906616
899.837219,       48.5310897827
900.146790,       48.6878623962
900.456360,       48.6381416321
900.765747,       48.5749053955
901.075195,       48.6187438965
901.384583,       48.7214279175
901.693848,       48.7142715454
902.003174,       48.6492347717
902.312378,       48.6111259460
902.621460,       48.5403442383
902.930603,       48.5598640442
903.239685,       48.5594787598
903.548645,       48.5621948242
903.857605,       48.5123023987
904.166504,       48.4370918274
904.475281,       48.3856964111
904.784058,       48.4124526978
905.092896,       48.4093589783
905.401489,       48.4451293945
905.710144,       48.4734115601
906.018738,       48.3341293335
906.327209,       48.3238372803
906.635681,       48.2164993286
906.944031,       48.2845916748
907.252441,       48.3031349182
907.560730,       48.2947959900
907.869019,       48.2185516357
908.177185,       48.2499275208
908.485352,       48.3123168945
908.793396,       48.4779014587
909.101501,       48.5330123901
909.409485,       48.5208778381
909.717407,       48.4897422791
910.025269,       48.4766044617
910.333130,       48.4880676270
910.640869,       48.4902992249
910.948608,       48.5266914368
911.256287,       48.5457801819
911.563843,       48.4823074341
911.871399,       48.3889427185
912.178955,       48.3839225769
912.486389,       48.4257087708
912.793823,       48.3413543701
913.101135,       48.3231010437
913.408386,       48.3011207581
913.715637,       48.3214416504
914.022827,       48.3090171814
914.329956,       48.2844467163
914.637085,       48.2188415527
914.944031,       48.2253875732
915.251038,       48.0919876099
915.557983,       48.0783996582
915.864807,       48.0194702148
916.171631,       48.0434226990
916.478455,       48.0579719543
916.785095,       48.1360473633
917.091736,       48.1087760925
917.398376,       48.1670570374
917.704834,       48.0759582520
918.011414,       48.0691604614
918.317810,       48.1160850525
918.624207,       48.1604003906
918.930542,       48.0507316589
919.236816,       48.0796165466
919.542969,       48.0524406433
919.849182,       47.9675102234
920.155273,       47.9267311096
920.461304,       47.9785385132
920.767334,       48.0519027710
921.073242,       48.0464172363
921.379211,       48.1622238159
921.685059,       48.1895027161
921.990784,       48.1606559753
922.296570,       48.1870269775
922.602295,       48.1150321960
922.907898,       48.3294525146
923.213440,       48.2256431580
923.518982,       48.2384948730
923.824463,       48.0856819153
924.129883,       48.0492095947
924.435242,       48.1138496399
924.740540,       48.0752601624
925.045776,       47.9925155640
925.351013,       48.1061782837
925.656128,       48.0877265930
925.961243,       48.2388648987
926.266235,       48.2845497131
926.571167,       48.4613914490
926.876160,       48.4040412903
927.181030,       48.3759994507
927.485840,       48.4811592102
927.790588,       48.2875366211
928.095276,       48.2697944641
928.399963,       48.5630912781
928.704590,       48.6357917786
929.009094,       48.7228317261
929.313599,       48.5560226440
929.618103,       48.6224594116
929.922424,       48.6354789734
930.226807,       48.6756782532
930.531067,       48.7135620117
930.835266,       48.7816543579
931.139465,       48.8285484314
931.443542,       48.7951698303
931.747620,       48.7956809998
932.051697,       48.8530502319
932.355652,       48.7861557007
932.659485,       48.8283996582
932.963379,       48.6220436096
933.267090,       48.7352561951
933.570801,       48.7227745056
933.874573,       48.6552047729
934.178162,       48.5849189758
934.481689,       48.7481079102
934.785278,       48.5232467651
935.088745,       48.3911056519
935.392151,       48.4137344360
935.695496,       48.3464241028
935.998779,       48.2677841187
936.302063,       48.2519836426
936.605225,       48.4727058411
936.908386,       48.7328720093
937.211426,       48.6330871582
937.514465,       48.6954231262
937.817444,       48.6235656738
938.120422,       48.6822586060
938.423279,       48.6701354980
938.726013,       48.6975097656
939.028809,       48.5336112976
939.331482,       48.6191024780
939.634155,       48.5258827209
939.936768,       48.4123954773
940.239258,       48.3716430664
940.541809,       48.4179725647
940.844238,       48.1462783813
941.146606,       48.0276870728
941.448914,       48.0780677795
941.751221,       48.0931510925
942.053345,       48.1374130249
942.355530,       48.0541763306
942.657654,       48.0082092285
942.959656,       47.9892807007
943.261658,       47.7572021484
943.563599,       47.7564811707
943.865479,       47.7787094116
944.167358,       48.0113220215
944.469177,       47.8903846741
944.770813,       47.8797683716
945.072510,       47.7582626343
945.374084,       47.9162025452
945.675659,       47.7842025757
945.977173,       47.7543792725
946.278564,       47.9266166687
946.580017,       47.9506340027
946.881348,       47.9446525574
947.182617,       48.0463676453
947.483826,       48.0845642090
947.785034,       48.0697212219
948.086060,       48.1747703552
948.387207,       48.0649299622
948.688232,       48.2976074219
948.989075,       48.3410224915
949.290039,       48.1041145325
949.590942,       48.0196037292
949.891663,       48.1594276428
950.192444,       48.0698585510
950.493164,       47.9752922058
950.793701,       47.9947471619
951.094299,       47.9413108826
951.394836,       47.9742317200
951.695251,       48.9565963745
951.995667,       49.0910720825
952.295959,       49.0498924255
952.596313,       48.9879684448
952.896545,       49.1060905457
953.196716,       49.0721130371
953.496826,       49.0855445862
953.796936,       49.2107810974
954.096863,       49.1985931396
954.396912,       49.0463638306
954.696777,       49.1455955505
954.996643,       49.1035270691
955.296448,       49.3571014404
955.596191,       49.3633766174
955.895813,       49.5001983643
956.195496,       49.4077758789
956.495117,       49.6360702515
956.794556,       49.5820541382
957.094055,       49.4212226868
957.393494,       49.8463363647
957.692810,       49.9126243591
957.992126,       48.8182983398
958.291321,       48.8027954102
958.590637,       48.8037185669
958.889709,       48.8650169373
959.188782,       48.7925987244
959.487793,       48.7251930237
959.786804,       48.6489906311
960.085693,       48.5762405396
960.384460,       48.6460647583
960.683472,       48.7406730652
960.982056,       48.6867523193
961.280823,       48.7637557983
961.579407,       48.6770362854
961.877930,       48.6629104614
962.176575,       48.6440811157
962.474915,       48.5863456726
962.773376,       48.4216079712
963.071777,       48.5083084106
963.370056,       48.4670295715
963.668335,       47.8826332092
963.966431,       47.9574089050
964.264709,       47.9060707092
964.562744,       48.1045722961
964.860718,       48.2272872925
965.158691,       48.2515678406
965.456543,       48.3034629822
965.754578,       48.6667976379
966.052307,       48.8895797729
966.350037,       48.9032859802
966.647705,       48.7969017029
966.945251,       48.7032356262
967.243042,       48.6755180359
967.540405,       48.4905853271
967.837952,       48.4692001343
968.135376,       48.6087570190
968.432739,       48.9841423035
968.730042,       49.0191040039
969.027222,       48.8352203369
969.324524,       48.6300811768
969.621521,       48.7254333496
969.918701,       48.9426536560
970.215698,       48.9787101746
970.512573,       48.9610328674
970.809631,       49.0019645691
971.106384,       49.0521278381
971.403198,       49.2856369019
971.700012,       49.4073677063
971.996521,       49.1686973572
972.293335,       49.2091178894
972.589783,       49.3020553589
972.886353,       49.3287429810
973.182861,       49.1506118774
973.479309,       49.2965469360
973.775635,       49.3510742188
974.071838,       49.4582290649
974.368225,       49.3098869324
974.664368,       48.9312057495
974.960449,       48.8296165466
975.256592,       48.9507751465
975.552490,       49.4693450928
975.848633,       49.6108322144
976.144409,       49.7738151550
976.440247,       49.7150611877
976.736023,       50.2127342224
977.031738,       50.1171340942
977.327515,       50.0092697144
977.623047,       49.8853797913
977.918640,       49.8212471008
978.214172,       49.8902091980
978.509644,       49.4664268494
978.805115,       49.3976936340
979.100281,       49.4121665955
979.395752,       49.7062606812
979.690857,       49.8188552856
979.986084,       49.7561874390
980.281250,       49.6182098389
980.576172,       49.8027000427
980.871338,       49.8861579895
981.166199,       49.9359664917
981.461121,       50.0022544861
981.755920,       49.6827163696
982.050781,       49.9280242920
982.345520,       49.8506050110
982.640076,       49.7298622131
982.934814,       49.4376258850
983.229309,       49.2311401367
983.523804,       49.5610580444
983.818298,       49.5482978821
984.112610,       49.3217391968
984.407043,       50.8641777039
984.701233,       51.3311614990
984.995483,       51.2238578796
985.289612,       51.2795143127
985.583618,       51.0689315796
985.877869,       51.1008872986
986.171753,       51.0465850830
986.465698,       51.0817451477
986.759583,       51.0661354065
987.053467,       51.5811691284
987.347290,       51.6069412231
987.640869,       51.5014419556
987.934631,       51.4122619629
988.228149,       51.1045150757
988.521667,       50.8625373840
988.815186,       51.0493202209
989.108582,       51.1295318604
989.402039,       51.2287139893
989.695313,       51.2784767151
989.988525,       51.2642860413
990.281738,       51.4713516235
990.574829,       49.6768646240
990.868042,       49.4848861694
991.161011,       49.8018035889
991.453979,       49.8918800354
991.746948,       50.6322669983
992.039795,       50.8376998901
992.332642,       51.5038833618
992.625305,       51.2698097229
992.918091,       51.2642250061
993.210632,       51.5769767761
993.503235,       51.8917007446
993.795837,       53.1781196594
994.088196,       53.2532081604
994.380676,       53.4050445557
994.672913,       53.8502273560
994.965271,       54.6943893433
995.257568,       54.7755546570
995.549622,       55.2272377014
995.841858,       55.2437057495
996.133850,       55.5009651184
996.425903,       55.8567771912
996.717834,       55.9249687195
997.009766,       55.5579299927
997.301636,       55.1040039063
997.593323,       55.0916976929
997.885193,       54.2914085388
998.176758,       53.9010581970
998.468384,       54.1425361633
998.760010,       54.2689666748
999.051392,       54.4537544250
999.342957,       53.9028778076
999.634277,       53.6362113953
999.925598,       52.3440704346
1000.216919,       52.7169303894
1000.508118,       53.1364440918
1000.799255,       52.9600677490
1001.090271,       52.0792655945
1001.381470,       51.7916183472
1001.672363,       51.6315231323
1001.963257,       51.1245841980
1002.254150,       50.7180557251
1002.544922,       50.2289657593
1002.835815,       50.1982879639
1003.126404,       50.6051406860
1003.417114,       51.1566352844
1003.707703,       51.3777923584
1003.998108,       51.8943901062
1004.288757,       52.0260276794
1004.579041,       51.3523292542
1004.869385,       51.3863449097
1005.159729,       51.4477844238
1005.450012,       50.9775505066
1005.740173,       51.2696685791
1006.030212,       51.0494422913
1006.320435,       50.8831367493
1006.610352,       50.6342544556
1006.900330,       50.2789421082
1007.190247,       50.5609588623
1007.479980,       50.5985717773
1007.769897,       50.0572738647
1008.059509,       50.4775695801
1008.349243,       50.6043777466
1008.638855,       50.6726264954
1008.928345,       50.9090003967
1009.217896,       50.9879035950
1009.507263,       50.8305740356
1009.796753,       50.4405364990
1010.086060,       49.9444541931
1010.375366,       49.6942596436
1010.664551,       49.3213996887
1010.953674,       49.3821983337
1011.242920,       49.7817916870
1011.531738,       50.1568145752
1011.820801,       49.7172584534
1012.109741,       49.8159065247
1012.398499,       50.2466430664
1012.687439,       50.7934799194
1012.976074,       51.2782402039
1013.264771,       51.2689247131
1013.553406,       51.4230728149
1013.842041,       51.6692085266
1014.130554,       51.3597488403
1014.418884,       51.4583473206
1014.707336,       51.5264816284
1014.995789,       51.4827308655
1015.284058,       51.3090019226
1015.572327,       51.6565208435
1015.860413,       51.8419723511
1016.148621,       51.8933601379
1016.436523,       52.1172714233
1016.724609,       52.2396202087
1017.012573,       52.4935073853
1017.300354,       51.9372406006
1017.588318,       51.2618370056
1017.875977,       52.5368995667
1018.163757,       52.9802932739
1018.451416,       52.5184631348
1018.739014,       53.1131973267
1019.026611,       53.1219482422
1019.313904,       52.7810096741
1019.601440,       52.3440780640
1019.888733,       52.2232933044
1020.176086,       53.2102508545
1020.463318,       53.4732704163
1020.750549,       53.7696304321
1021.037720,       54.3386535645
1021.324707,       55.0544509888
1021.611694,       54.7443084717
1021.898682,       55.1175842285
1022.185547,       55.7611007690
1022.472595,       55.5582771301
1022.759216,       55.8049507141
1023.045959,       55.6406898499
1023.332581,       56.7064208984
1023.619324,       57.6711311340
1023.905884,       56.8318061829
1024.192261,       57.1067581177
1024.478882,       57.0668449402
1024.765137,       55.4486083984
1025.051514,       55.9580078125
1025.337769,       55.8612899780
1025.623779,       56.5486373901
1025.910034,       58.0260391235
1026.196045,       70.8333282471
1026.482178,       62.6288719177
1026.768066,       52.5525588989
1027.053955,       59.8116226196
1027.339966,       44.5595932007
1027.625610,       52.6618614197
1027.911377,       61.3573379517
1028.197144,       48.9932785034
1028.482666,       55.7120513916
1028.768311,       75.0566864014
