339.817139,        0.0000000000
340.196106,        0.0000000000
340.575104,      231.2500762939
340.954010,      191.8917846680
341.332886,      885.7174072266
341.711761,      121.9511413574
342.090576,      106.6666717529
342.469360,      113.9455795288
342.848114,       81.9672317505
343.226868,        0.0000000000
343.605560,       88.8557128906
343.984192,       90.0216369629
344.362854,       89.5783157349
344.741425,       89.6773986816
345.119995,       90.6586532593
345.498535,       90.8330230713
345.877014,       91.1571350098
346.255463,       89.3999633789
346.633881,       88.7096252441
347.012299,       88.6908416748
347.390625,       87.9318618774
347.768951,       88.4506454468
348.147278,       87.5938262939
348.525513,       88.1267471313
348.903748,       89.2996978760
349.281952,       89.3002777100
349.660126,       88.1190414429
350.038239,       87.0173110962
350.416321,       87.1587600708
350.794373,       87.8605270386
351.172394,       87.3083496094
351.550385,       86.5302505493
351.928375,       85.8123474121
352.306305,       86.6177444458
352.684174,       86.9573440552
353.062042,       86.9936599731
353.439880,       87.7345886230
353.817657,       88.3863525391
354.195404,       89.3277969360
354.573151,       88.7888565063
354.950836,       88.5798110962
355.328461,       88.8846817017
355.706116,       88.0599899292
356.083710,       93.7849807739
356.461243,       94.4207687378
356.838806,       95.0508422852
357.216248,       95.4619827271
357.593719,       95.1180114746
357.971161,       95.2246246338
358.348541,       94.6421203613
358.725891,       94.0764160156
359.103210,       94.1418380737
359.480530,       93.1700286865
359.857758,       93.0157928467
360.234955,       92.3959350586
360.612183,       92.2324142456
360.989319,       91.8208923340
361.366425,       91.5588989258
361.743530,       90.8641967773
362.120575,       90.3659973145
362.497559,       89.6173095703
362.874573,       89.8425903320
363.251526,       88.9504318237
363.628418,       89.1163177490
364.005310,       80.5396652222
364.382202,       78.5363998413
364.759003,       77.2563705444
365.135773,       76.1416549683
365.512482,       77.1524429321
365.889221,       78.0676269531
366.265900,       78.9039230347
366.642517,       78.2695083618
367.019165,       78.2082748413
367.395721,       80.2434539795
367.772278,       79.7104644775
368.148804,       79.8081130981
368.525269,       80.1246795654
368.901672,       79.7508697510
369.278107,       79.4977035522
369.654480,       78.4347686768
370.030823,       79.2520828247
370.407104,       79.3388900757
370.783386,       78.6693420410
371.159637,       80.2907409668
371.535828,       81.0636520386
371.912018,       81.7755966187
372.288116,       81.3477554321
372.664246,       81.6267852783
373.040283,       81.6690597534
373.416351,       80.2217102051
373.792328,       78.9972839355
374.168274,       77.4493179321
374.544250,       78.4411392212
374.920105,       78.6749877930
375.295959,       77.2584457397
375.671814,       78.0934677124
376.047607,       77.2011260986
376.423370,       77.8660049438
376.799103,       77.4726562500
377.174774,       78.8656234741
377.550415,       78.3783874512
377.926056,       78.0344619751
378.301636,       78.3167343140
378.677185,       78.2877273560
379.052673,       78.9374618530
379.428192,       79.1899642944
379.803650,       78.3622131348
380.179047,       79.2106323242
380.554443,       78.3333435059
380.929779,       78.5700531006
381.305084,       78.1698074341
381.680359,       77.7531356812
382.055634,       77.1125106812
382.430817,       76.4529266357
382.805969,       75.8210144043
383.181152,       76.0742492676
383.556244,       76.0041809082
383.931274,       77.4671707153
384.306366,       76.5045318604
384.681366,       76.1502914429
385.056305,       73.2161636353
385.431274,       73.2848434448
385.806152,       73.3874511719
386.181000,       72.3242721558
386.555817,       71.5280609131
386.930634,       68.6121139526
387.305389,       67.1416549683
387.680084,       67.3671340942
388.054810,       67.1623382568
388.429474,       66.8310317993
388.804047,       65.2155609131
389.178650,       65.9946975708
389.553192,       65.9490737915
389.927734,       65.7125091553
390.302185,       67.4243240356
390.676666,       66.7683715820
391.051086,       65.5585021973
391.425446,       64.7422409058
391.799805,       63.4572639465
392.174133,       63.3925247192
392.548370,       63.5483398438
392.922638,       64.3092422485
393.296844,       65.3830871582
393.670990,       63.4690895081
394.045135,       63.6677856445
394.419220,       63.0788192749
394.793304,       64.0678253174
395.167328,       64.8227005005
395.541321,       66.3030548096
395.915283,       67.1723403931
396.289185,       68.6870727539
396.663116,       69.0437622070
397.036957,       67.2540512085
397.410736,       66.4604110718
397.784546,       66.9305496216
398.158325,       64.4161682129
398.532013,       64.4487457275
398.905670,       63.9400711060
399.279358,       65.0468444824
399.652954,       64.9281158447
400.026520,       63.7571449280
400.400085,       64.0000076294
400.773560,       64.4736709595
401.147034,       63.6335067749
401.520508,       62.8072433472
401.893890,       62.4115600586
402.267242,       63.0656547546
402.640564,       62.1385574341
403.013855,       61.7461547852
403.387146,       59.8279190063
403.760345,       59.5534400940
404.133514,       60.5350151062
404.506683,       60.3316612244
404.879791,       62.4097099304
405.252869,       63.0957412720
405.625946,       62.4185028076
405.998962,       61.5394821167
406.371918,       62.5731658936
406.744873,       62.9644088745
407.117798,       60.5248336792
407.490631,       59.8960533142
407.863525,       59.7398986816
408.236298,       59.5115852356
408.609039,       61.7623825073
408.981842,       60.7142677307
409.354523,       62.3481979370
409.727173,       62.1516571045
410.099792,       60.9236717224
410.472382,       60.2710800171
410.844910,       59.4857101440
411.217438,       57.7344665527
411.589935,       56.1861114502
411.962402,       53.5472106934
412.334778,       55.1044998169
412.707153,       54.0202903748
413.079498,       52.7120399475
413.451813,       52.0283699036
413.824066,       52.8865165710
414.196350,       51.2235946655
414.568512,       50.9717864990
414.940674,       51.2018737793
415.312805,       50.3093414307
415.684906,       49.7751693726
416.056946,       52.8565406799
416.429016,       49.5637245178
416.800964,       49.4075584412
417.172913,       46.9990653992
417.544830,       47.1194458008
417.916718,       47.2971572876
418.288574,       47.6039772034
418.660370,       46.9916343689
419.032135,       47.3519172668
419.403870,       47.0653076172
419.775574,       46.1994667053
420.147247,       43.8041763306
420.518860,       43.8184165955
420.890472,       43.1673202515
421.262024,       43.6716423035
421.633545,       42.5595626831
422.005005,       42.2177505493
422.376495,       41.0569534302
422.747925,       40.8902015686
423.119293,       40.8932113647
423.490601,       41.3075942993
423.861938,       36.3645629883
424.233215,       36.6324043274
424.604462,       37.5924911499
424.975647,       37.6566314697
425.346832,       36.5465011597
425.717926,       35.6378517151
426.089050,       34.4175529480
426.460083,       33.9277267456
426.831085,       33.7089080811
427.202087,       33.4679336548
427.572998,       33.8709564209
427.943939,       33.7811393738
428.314819,       32.9037284851
428.685669,       32.7233161926
429.056458,       32.6879158020
429.427246,       32.5294303894
429.797943,       31.9781131744
430.168701,       32.0156211853
430.539337,       31.8025474548
430.909943,       32.4002189636
431.280548,       32.7888908386
431.651093,       33.3679122925
432.021606,       33.5950508118
432.392120,       32.0495986938
432.762543,       31.6855373383
433.132965,       31.2845439911
433.503326,       31.4064140320
433.873688,       31.6144618988
434.243958,       31.1296081543
434.614227,       30.1932125092
434.984467,       30.7186489105
435.354645,       29.6796951294
435.724792,       28.7537517548
436.094910,       27.6826591492
436.464996,       28.0635452271
436.835052,       29.2275600433
437.205048,       29.0647926331
437.575043,       29.6657466888
437.944977,       29.2260971069
438.314880,       29.0600357056
438.684753,       28.3531246185
439.054565,       27.4257278442
439.424377,       27.3842029572
439.794128,       26.5753383636
440.163849,       26.7624626160
440.533508,       28.6656856537
440.903198,       28.8416385651
441.272797,       29.6328983307
441.642334,       30.1999664307
442.011902,       30.4483680725
442.381409,       31.4094600677
442.750854,       30.8991107941
443.120300,       31.3165607452
443.489655,       31.5069236755
443.859039,       32.2163848877
444.228333,       31.8795585632
444.597626,       30.1754093170
444.966888,       30.1336765289
445.336060,       29.2849216461
445.705231,       29.1049728394
446.074402,       28.5817184448
446.443512,       28.4985866547
446.812531,       28.6140556335
447.181610,       27.6996994019
447.550568,       27.7089061737
447.919525,       27.4686813354
448.288483,       25.3923645020
448.657349,       24.9726295471
449.026154,       23.7036666870
449.394989,       23.1849899292
449.763763,       23.3737373352
450.132477,       22.4064235687
450.501190,       21.7759971619
450.869812,       21.2184181213
451.238464,       20.7748489380
451.607025,       20.0380344391
451.975586,       20.5925197601
452.344116,       20.8000411987
452.712585,       21.0856246948
453.081024,       20.8128986359
453.449463,       20.6895179749
453.817810,       20.6467189789
454.186127,       20.3000946045
454.554413,       36.7909698486
454.922668,       37.0637969971
455.290894,       36.4630508423
455.659088,       36.1382446289
456.027222,       35.8264884949
456.395325,       35.4341659546
456.763428,       35.4417114258
457.131439,       34.9859848022
457.499420,       34.3070907593
457.867371,       34.1753883362
458.235321,       33.9333343506
458.603210,       33.6411972046
458.971039,       33.5384979248
459.338867,       33.1813888550
459.706635,       32.3561058044
460.074371,       31.8528442383
460.442047,       31.2349967957
460.809753,       32.1236381531
461.177368,       31.8693389893
461.544952,       31.7336521149
461.912537,       31.3869800568
462.280029,       17.0460662842
462.647522,       16.2396240234
463.014984,       16.0886211395
463.382355,       16.1381759644
463.749725,       16.1530265808
464.117065,       16.0057640076
464.484344,       15.4650030136
464.851593,       15.0974531174
465.218842,       14.9474620819
465.586029,       14.9652137756
465.953156,       15.0688438416
466.320282,       14.8759250641
466.687317,       14.8168430328
467.054352,       14.9774265289
467.421356,       15.0866460800
467.788300,       14.8421449661
468.155243,       14.7936000824
468.522095,       13.5800838470
468.888947,       13.9162321091
469.255768,       13.9526586533
469.622559,       14.4206285477
469.989258,       14.5713214874
470.355988,       14.5275382996
470.722626,       14.7147655487
471.089233,       14.5874471664
471.455841,       14.7453289032
471.822388,       14.7358579636
472.188873,       14.7110643387
472.555389,       14.7047786713
472.921753,       14.6600875854
473.288208,       14.4849519730
473.654602,       14.2092618942
474.020874,       14.3259067535
474.387177,       14.0216455460
474.753387,       13.6567516327
475.119629,       13.2373914719
475.485809,       13.2063522339
475.851929,       12.9847316742
476.218018,       12.8474178314
476.584076,       12.6068744659
476.950104,       12.1348323822
477.316101,       11.6566724777
477.682037,       11.3902320862
478.047974,       11.1577310562
478.413818,       11.2240571976
478.779663,       11.1771497726
479.145477,       10.7350931168
479.511200,       10.6427249908
479.876953,       10.8078002930
480.242615,       10.8634967804
480.608276,       10.8186092377
480.973907,       10.5832386017
481.339417,       10.8013458252
481.704987,       10.6504192352
482.070465,       10.4782705307
482.435913,       10.3774738312
482.801331,       10.3510141373
483.166718,       10.2949399948
483.532043,       10.3347606659
483.897369,       10.4961919785
484.262634,       10.3930253983
484.627869,       10.3625402451
484.993073,       10.2096757889
485.358215,       10.1485681534
485.723297,       10.1611394882
486.088409,        9.9425506592
486.453461,        9.6839351654
486.818451,        9.6834030151
487.183411,        9.6562871933
487.548370,        9.5528793335
487.913239,        9.3923549652
488.278107,        9.2706661224
488.642883,        9.1707448959
489.007660,        9.0245523453
489.372437,        8.8790702820
489.737091,        8.7384090424
490.101746,        8.7018365860
490.466370,        8.6378335953
490.830963,        8.6199703217
491.195526,        8.4783697128
491.559998,        8.1587772369
491.924500,        8.0344390869
492.288940,        7.9911828041
492.653320,        8.0685548782
493.017670,        7.9709649086
493.382019,        7.8750810623
493.746277,        7.7511153221
494.110504,        7.7307791710
494.474731,        7.8200707436
494.838898,        7.7645854950
495.203033,        7.7134938240
495.567108,        7.7125368118
495.931122,        8.2746849060
496.295166,        8.3056573868
496.659149,        8.0943059921
497.023041,        8.0984210968
497.386963,        8.1631507874
497.750824,        8.1306447983
498.114624,        8.2454891205
498.478455,        8.2554388046
498.842163,        8.2097949982
499.205872,        8.1766948700
499.569580,        8.1352844238
499.933167,        8.2152061462
500.296753,        8.1158771515
500.660339,        8.1473684311
501.023834,        8.1637401581
501.387299,        8.1748085022
501.750763,        8.2051467896
502.114166,        8.1123428345
502.477509,        8.0813770294
502.840851,        8.1411447525
503.204102,        8.2198696136
503.567352,        7.7573151588
503.930573,        7.7905406952
504.293732,        7.8032798767
504.656860,        7.8520021439
505.019989,        7.9849414825
505.382996,        8.0393638611
505.746033,        8.0019531250
506.109009,        7.9463324547
506.471924,        7.9789509773
506.834839,        8.0204305649
507.197662,        7.9776248932
507.560486,        7.9717183113
507.923309,        8.0134649277
508.286041,        8.0204439163
508.648743,        8.0429029465
509.011414,        8.0376214981
509.373993,        8.0224103928
509.736633,        8.0414733887
510.099213,        8.0461845398
510.461731,        7.9502120018
510.824158,        7.9153680801
511.186615,        7.8860774040
511.548950,        7.8934779167
511.911346,        7.9565858841
512.273682,        7.9194254875
512.635925,        7.8212962151
512.998169,        7.7471790314
513.360352,        7.7018976212
513.722534,        7.8377289772
514.084717,        7.9102387428
514.446777,        7.8852496147
514.808777,        7.9750580788
515.170776,        7.9450449944
515.532776,        8.0061855316
515.894714,        8.0141735077
516.256592,        8.0221939087
516.618469,        8.5717115402
516.980286,        8.7471399307
517.342041,        8.7573204041
517.703735,        8.7961502075
518.065430,        8.8750925064
518.427185,        8.9149713516
518.788696,        8.9574527740
519.150330,        8.9636020660
519.511902,        9.0504608154
519.873291,        9.0987186432
520.234802,        9.1994733810
520.596252,        9.2966346741
520.957581,        9.3868541718
521.318970,        9.3214292526
521.680237,        9.3061122894
522.041565,        9.4015579224
522.402771,        9.4778728485
522.763977,        9.5913267136
523.125061,        9.6371173859
523.486206,        9.9003705978
523.847229,        9.9883470535
524.208252,        9.5864276886
524.569275,        9.5006256104
524.930237,        9.5288248062
525.291138,        9.5913906097
525.652100,        9.6494312286
526.012817,        9.6866712570
526.373657,        9.7199687958
526.734436,        9.7569017410
527.095093,        9.8705759048
527.455811,        9.9063377380
527.816528,        9.9105691910
528.177002,        9.9567699432
528.537598,       10.0167112350
528.898132,       10.0562915802
529.258606,       10.0966520309
529.619080,       10.1102876663
529.979431,       10.3453893661
530.339844,       10.2628135681
530.700134,       10.2943153381
531.060425,       10.1948843002
531.420654,       10.2611989975
531.780884,       10.4703588486
532.140991,       10.4809427261
532.501160,       10.4893007278
532.861267,       10.5782356262
533.221375,       10.5532293320
533.581299,       10.5380573273
533.941284,       10.6224327087
534.301208,       10.6719760895
534.661133,       10.5921506882
535.020996,       10.6409320831
535.380798,       10.6924133301
535.740540,       10.7550296783
536.100220,       10.7705373764
536.459900,       10.8125638962
536.819641,       10.7905292511
537.179260,       10.8288946152
537.538757,       10.6635379791
537.898376,       10.7345161438
538.257813,       10.7379617691
538.617249,       10.6805105209
538.976685,       10.6466865540
539.336121,       10.5240964890
539.695374,       10.5440340042
540.054688,       10.6011114120
540.413879,       10.6186199188
540.773132,       10.6251020432
541.132385,       10.6457538605
541.491516,       10.6441669464
541.850525,       10.6804656982
542.209595,       10.6954250336
542.568604,       10.7384719849
542.927612,       10.7120943069
543.286560,       10.6352167130
543.645386,       10.5953111649
544.004333,       10.6013183594
544.363098,       10.6188211441
544.721924,       10.6805372238
545.080688,       10.7228727341
545.439331,       10.7963171005
545.797974,       10.7918291092
546.156616,       10.9982719421
546.515137,       10.9678878784
546.873657,       10.9471950531
547.232239,       11.0018968582
547.590698,       10.9834394455
547.949097,       10.9501113892
548.307495,       10.9353351593
548.665833,       10.9084434509
549.024109,       10.9027290344
549.382385,       10.8963880539
549.740540,       11.0106620789
550.098755,       10.9760522842
550.456909,       10.9875841141
550.815002,       11.0801382065
551.173096,       11.1120748520
551.531128,       11.1044359207
551.888977,       11.1373224258
552.247009,       11.0455369949
552.604797,       11.1204366684
552.962708,       11.1208515167
553.320557,       11.1795749664
553.678345,       11.0923080444
554.036011,       11.1041975021
554.393738,       11.1100606918
554.751404,       11.0615816116
555.109009,       11.0759840012
555.466614,       11.0112562180
555.824158,       11.0189342499
556.181641,       11.0954475403
556.539063,       11.0629482269
556.896423,       11.0188293457
557.253845,       10.8725357056
557.611206,       10.9608659744
557.968445,       10.9472532272
558.325745,       10.8715620041
558.682922,       10.8637008667
559.040161,       10.8548221588
559.397278,       10.8603324890
559.754395,       10.9319877625
560.111389,       10.7774009705
560.468445,       10.6866426468
560.825378,       10.6482505798
561.182251,       10.5851325989
561.539185,       10.5752410889
561.896057,       10.5614871979
562.252869,       10.5896224976
562.609619,       10.5364608765
562.966309,       10.5937700272
563.323059,       10.5588350296
563.679688,       10.5156269073
564.036316,       10.4847507477
564.392822,       10.5432691574
564.749390,       10.5108175278
565.105835,       10.3884506226
565.462280,       10.3844337463
565.818726,       10.3862962723
566.175049,       10.3567419052
566.531372,       10.3164529800
566.887573,       10.2283582687
567.243896,       10.0991268158
567.600098,       10.0818138123
567.956299,       10.0646486282
568.312378,        9.9905195236
568.668457,        9.9202356339
569.024475,        9.8457431793
569.380493,        9.7589998245
569.736389,        9.7285728455
570.092346,        9.7416467667
570.448181,        9.6802082062
570.804077,        9.6218843460
571.159790,        9.5944480896
571.515564,        9.5577535629
571.871338,        9.4817180634
572.226929,        9.4785232544
572.582581,        9.4476041794
572.938171,        9.3823862076
573.293701,        9.3247613907
573.649231,        9.2597436905
574.004700,        9.2232122421
574.360107,        9.2148170471
574.715515,        9.2239408493
575.070801,        9.2679691315
575.426086,        9.1904449463
575.781433,        9.1445293427
576.136658,        9.1206436157
576.491821,        9.1204299927
576.846985,        9.1010656357
577.202026,        9.0471515656
577.557129,        9.0132551193
577.912109,        8.9623718262
578.267090,        8.9478130341
578.621948,        8.8881988525
578.976929,        8.8526306152
579.331726,        8.7841987610
579.686523,        8.8789358139
580.041321,        8.8465433121
580.396057,        8.8294944763
580.750732,        8.8987236023
581.105408,        8.8615398407
581.459961,        8.8528118134
581.814575,        8.8253965378
582.169067,        8.7802648544
582.523499,        8.6789245605
582.877991,        8.7174377441
583.232361,        8.7180786133
583.586731,        8.7215185165
583.941040,        8.6824321747
584.295349,        8.6682834625
584.649536,        8.6441507339
585.003784,        8.5915899277
585.357849,        8.7016324997
585.712036,        8.7081556320
586.066040,        8.7091493607
586.420166,        8.7220706940
586.774048,        8.7029199600
587.128052,        8.5777769089
587.481934,        8.5390529633
587.835815,        8.4999561310
588.189636,        8.4328050613
588.543396,        8.4482460022
588.897095,        8.4184837341
589.250732,        8.4037761688
589.604431,        8.3829727173
589.958069,        8.3576011658
590.311646,        8.3089704514
590.665161,        8.3113174438
591.018677,        8.2973976135
591.372070,        8.3436899185
591.725525,        8.3617954254
592.078857,        8.3310451508
592.432190,        8.3414630890
592.785461,        8.2674179077
593.138733,        8.2466754913
593.491821,        8.2236385345
593.845032,        8.2046184540
594.198181,        8.2451410294
594.551270,        8.2526941299
594.904236,        8.2489309311
595.257202,        8.2688121796
595.610168,        8.2075815201
595.963074,        8.2284164429
596.315979,        8.2233581543
596.668823,        8.2303438187
597.021606,        8.3504009247
597.374268,        8.3507385254
597.726990,        8.3779220581
598.079651,        8.3556766510
598.432312,        8.3625335693
598.784851,        8.2874660492
599.137390,        8.3133172989
599.489868,        8.3932075500
599.842285,        8.3658390045
600.194702,        8.2976446152
600.547119,        8.2552757263
600.899414,        8.2174415588
601.251648,        8.1826419830
601.603882,        8.1172943115
601.956116,        8.0881423950
602.308289,        8.0882434845
602.660400,        8.0698060989
603.012451,        8.0807714462
603.364441,        8.0233469009
603.716370,        8.0061864853
604.068359,        8.0560493469
604.420288,        7.9800829887
604.772156,        7.9501056671
605.123962,        7.9092025757
605.475708,        7.8828587532
605.827515,        7.8611292839
606.179138,        7.8805937767
606.530884,        7.8624129295
606.882385,        7.7540235519
607.233948,        7.8126764297
607.585449,        7.8107132912
607.936951,        7.8338050842
608.288452,        7.8627452850
608.639893,        7.8822245598
608.991150,        7.8982725143
609.342468,        7.9007229805
609.693726,        7.9845099449
610.044983,        7.9555363655
610.396240,        7.9383859634
610.747314,        7.9365067482
611.098389,        7.9283552170
611.449463,        7.8557519913
611.800476,        7.8120260239
612.151489,        7.8177413940
612.502441,        7.8069949150
612.853271,        7.8005404472
613.204102,        7.7697081566
613.554932,        7.7597355843
613.905701,        7.7811188698
614.256470,        7.7937550545
614.607178,        7.7457332611
614.957764,        7.7260417938
615.308350,        7.7046737671
615.658875,        7.6386094093
616.009399,        7.5816378593
616.359924,        7.5647277832
616.710327,        7.5545845032
617.060669,        7.4554314613
617.411011,        7.4687228203
617.761292,        7.4828758240
618.111572,        7.4939193726
618.461853,        7.4516243935
618.812012,        7.4623270035
619.162109,        7.4697942734
619.512146,        7.4498019218
619.862183,        7.4485616684
620.212219,        7.4652128220
620.562195,        7.4282317162
620.912048,        7.3980407715
621.261963,        7.3763360977
621.611755,        7.3912992477
621.961548,        7.3649139404
622.311340,        7.3492856026
622.661072,        7.3881878853
623.010681,        7.3979153633
623.360229,        7.4510202408
623.709839,        7.4468903542
624.059387,        7.4127397537
624.408936,        7.3922410011
624.758423,        7.3688893318
625.107727,        7.3250799179
625.457031,        7.2726325989
625.806458,        7.2954072952
626.155762,        7.3092451096
626.504944,        7.2757997513
626.854126,        7.2992110252
627.203308,        7.2748618126
627.552368,        7.2367630005
627.901428,        7.2765312195
628.250488,        7.2798447609
628.599487,        7.2297587395
628.948364,        7.2100133896
629.297241,        7.2197036743
629.646118,        7.2284088135
629.994934,        7.2073750496
630.343689,        7.1981468201
630.692444,        7.1570410728
631.041077,        7.1438417435
631.389648,        7.2264895439
631.738281,        7.2330608368
632.086853,        7.2620248795
632.435364,        7.2912034988
632.783875,        7.4132137299
633.132263,        7.4247984886
633.480591,        7.3533573151
633.828918,        7.3384127617
634.177246,        7.3156638145
634.525513,        7.3056111336
634.873657,        7.2955040932
635.221863,        7.2749795914
635.569946,        7.2470808029
635.918030,        7.2219223976
636.266052,        7.1904497147
636.614136,        7.2497620583
636.962036,        7.2367653847
637.309937,        7.1828613281
637.657776,        7.2073378563
638.005615,        7.2620573044
638.353394,        7.2745189667
638.701111,        7.1813845634
639.048767,        7.1486911774
639.396423,        7.0976233482
639.743958,        7.0547437668
640.091614,        6.9201202393
640.439087,        6.9024853706
640.786560,        6.9097132683
641.133972,        6.9058074951
641.481323,        6.9251627922
641.828735,        6.9150948524
642.176025,        6.9350423813
642.523315,        6.8798599243
642.870483,        6.9253616333
643.217651,        6.9132728577
643.564758,        6.9548025131
643.911804,        6.8442611694
644.258911,        7.0266289711
644.605896,        7.0555849075
644.952820,        7.0044727325
645.299683,        6.9499821663
645.646606,        6.9299683571
645.993469,        6.9276275635
646.340210,        6.9388961792
646.687012,        6.9388813972
647.033630,        6.9855651855
647.380249,        6.9919028282
647.726868,        6.9464826584
648.073425,        6.9378175735
648.419983,        6.9330701828
648.766418,        6.8603248596
649.112854,        6.8252973557
649.459229,        6.7964067459
649.805603,        6.8005585670
650.151855,        6.7612180710
650.498169,        6.7373008728
650.844360,        6.6627459526
651.190552,        6.6731138229
651.536621,        6.4588284492
651.882751,        6.4231476784
652.228760,        6.4349107742
652.574829,        6.4012503624
652.920715,        6.3742794991
653.266602,        6.3901467323
653.612488,        6.4064393044
653.958252,        6.4072332382
654.304077,        6.3348188400
654.649841,        6.3482761383
654.995483,        6.3589067459
655.341064,        6.3394055367
655.686707,        6.6290698051
656.032288,        6.6740932465
656.377808,        6.6865825653
656.723267,        6.6670203209
657.068726,        6.6836962700
657.414063,        6.6892080307
657.759399,        6.7769875526
658.104736,        6.8182282448
658.449951,        6.8338871002
658.795166,        6.8306102753
659.140381,        6.8441758156
659.485474,        6.8505897522
659.830505,        6.8474082947
660.175598,        6.8711519241
660.520569,        6.8567571640
660.865479,        6.8187332153
661.210327,        6.7981591225
661.555237,        6.8187804222
661.900085,        6.7959003448
662.244812,        6.7874684334
662.589539,        6.7712864876
662.934265,        6.5167822838
663.278809,        6.4827060699
663.623413,        6.4923019409
663.968018,        6.5308661461
664.312500,        6.5214848518
664.656921,        6.5077810287
665.001343,        6.4312911034
665.345703,        6.4100823402
665.690063,        6.3877849579
666.034302,        6.4082159996
666.378662,        6.3841924667
666.722778,        6.3759884834
667.066895,        6.3598790169
667.410950,        6.3198833466
667.755066,        6.2678375244
668.099121,        6.2592744827
668.443054,        6.2385568619
668.786987,        6.2380480766
669.130798,        6.2152147293
669.474731,        6.2185878754
669.818481,        6.2488136292
670.162292,        6.2375183105
670.506042,        6.2133975029
670.849670,        6.1856136322
671.193176,        6.1947765350
671.536804,        6.2013626099
671.880371,        6.2119526863
672.223816,        6.2157092094
672.567261,        6.1992530823
672.910645,        6.1701169014
673.254028,        6.1416292191
673.597290,        6.1100320816
673.940613,        6.0727090836
674.283875,        6.0755081177
674.626953,        6.1010456085
674.970093,        6.1229562759
675.313232,        6.1578025818
675.656250,        6.2230267525
675.999268,        6.2348828316
676.342224,        6.2763919830
676.685120,        6.2923974991
677.027893,        6.2721462250
677.370789,        6.2278423309
677.713562,        6.2399849892
678.056335,        6.2769889832
678.398987,        6.3009681702
678.741577,        6.2916808128
679.084167,        6.3048558235
679.426758,        6.3101544380
679.769287,        6.2951908112
680.111755,        6.3454904556
680.454163,        6.3668909073
680.796509,        6.4138116837
681.138794,        6.4300580025
681.481140,        6.4667000771
681.823364,        6.4423313141
682.165588,        6.4662961960
682.507751,        6.4285979271
682.849792,        6.3821101189
683.191833,        6.3617267609
683.533875,        6.3563547134
683.875854,        6.3368835449
684.217834,        6.3659520149
684.559692,        6.4133005142
684.901428,        6.5461955070
685.243286,        6.5550336838
685.585022,        6.5159926414
685.926819,        6.5503902435
686.268372,        6.5240035057
686.609985,        6.5732812881
686.951538,        6.6419386864
687.293091,        6.6249027252
687.634583,        6.6385083199
687.976013,        6.6615486145
688.317322,        6.6930227280
688.658630,        6.7210855484
689.000000,        6.7659735680
689.341248,        6.8112783432
689.682495,        6.9024338722
690.023682,        6.9643936157
690.364746,        7.0107722282
690.705811,        7.1065878868
691.046814,        7.1769180298
691.387817,        7.2518439293
691.728760,        7.3002433777
692.069702,        7.3140954971
692.410522,        7.4671707153
692.751282,        7.5631885529
693.092102,        7.6364336014
693.432800,        7.7754483223
693.773499,        7.8468270302
694.114075,        7.9493260384
694.454651,        8.0802478790
694.795105,        8.2346029282
695.135620,        8.4287757874
695.476135,        8.5767812729
695.816528,        8.7522525787
696.156799,        8.9224758148
696.497131,        9.0714521408
696.837402,        9.2013168335
697.177612,        9.4351415634
697.517822,        9.6257028580
697.857971,        9.7783889771
698.197937,        9.9991302490
698.538025,       10.1717491150
698.877991,       10.4293622971
699.217957,       10.6448383331
699.557922,       10.7957220078
699.897705,       11.0233507156
700.237549,       11.2585182190
700.577271,       11.4681167603
700.916992,       11.7147397995
701.256653,       11.9907817841
701.596313,       12.2233505249
701.935852,       12.4664592743
702.275391,       12.6424579620
702.614868,       12.9804697037
702.954346,       13.2031250000
703.293701,       13.4660224915
703.633118,       13.7913522720
703.972412,       14.0607175827
704.311646,       14.3011064529
704.650818,       14.5738792419
704.990051,       14.8351726532
705.329163,       15.0901947021
705.668274,       15.4450435638
706.007263,       15.6463260651
706.346252,       15.9009084702
706.685181,       16.1341285706
707.024109,       16.3748989105
707.362976,       16.6611442566
707.701721,       16.9644260406
708.040527,       17.2253875732
708.379211,       17.4596481323
708.717896,       17.7577533722
709.056519,       18.0389022827
709.395142,       18.3222274780
709.733582,       18.5138778687
710.072144,       18.7855339050
710.410522,       19.0451965332
710.748962,       19.2491188049
711.087341,       19.5549736023
711.425598,       19.8488731384
711.763855,       20.1696243286
712.102051,       20.5598678589
712.440247,       20.8526515961
712.778320,       21.0845279694
713.116455,       21.4183521271
713.454468,       21.6980705261
713.792419,       22.0479450226
714.130310,       22.3560714722
714.468262,       22.6414852142
714.806091,       22.9117794037
715.143921,       23.2385921478
715.481628,       23.5689735413
715.819397,       23.8979873657
716.156982,       24.1930961609
716.494629,       24.5352935791
716.832214,       24.8703804016
717.169739,       25.2261009216
717.507202,       25.5369720459
717.844543,       25.9024524689
718.182007,       26.1886119843
718.519348,       26.4823379517
718.856689,       26.7781620026
719.193970,       26.9893016815
719.531067,       27.3291358948
719.868164,       27.6209678650
720.205322,       27.8916091919
720.542419,       28.1690750122
720.879456,       28.4222488403
721.216431,       28.7515163422
721.553345,       29.0258369446
721.890198,       29.3319549561
722.227051,       29.5946426392
722.563782,       29.8843555450
722.900635,       30.1640605927
723.237244,       30.4659309387
723.573914,       30.7556629181
723.910461,       31.0507450104
724.247070,       31.2614879608
724.583557,       31.5300636292
724.920044,       31.7578582764
725.256409,       32.0618705750
725.592773,       32.3125000000
725.929077,       32.5719680786
726.265442,       32.8257560730
726.601685,       33.2778511047
726.937866,       33.5750465393
727.273987,       33.8543472290
727.609985,       34.1542358398
727.946045,       34.4603004456
728.282043,       34.6620864868
728.618042,       34.9551200867
728.953979,       35.1820983887
729.289795,       35.4401817322
729.625610,       35.6250076294
729.961426,       35.9013214111
730.297119,       36.2010879517
730.632813,       36.4172592163
730.968384,       36.5961418152
731.304016,       36.7984008789
731.639465,       37.0726509094
731.974976,       37.3133468628
732.310425,       37.5063400269
732.645874,       37.7420883179
732.981201,       37.9314575195
733.316467,       38.1630096436
733.651733,       38.1234970093
733.986938,       38.3224716187
734.322144,       38.4926834106
734.657288,       38.6848793030
734.992310,       38.8708877563
735.327271,       39.1846733093
735.662292,       39.3994255066
735.997253,       39.6102256775
736.332092,       39.8276519775
736.666931,       40.0120544434
737.001709,       40.1712226868
737.336426,       40.3049240112
737.671143,       40.4546699524
738.005798,       40.6931610107
738.340393,       40.8896522522
738.674988,       41.0980148315
739.009399,       41.2572135925
739.343933,       41.4502525330
739.678345,       41.6120681763
740.012756,       41.7462158203
740.347046,       41.8592491150
740.681274,       42.0417404175
741.015503,       42.1641159058
741.349731,       42.3408737183
741.683838,       42.4637031555
742.017944,       42.5614585876
742.351929,       42.6567344666
742.685974,       42.7742462158
743.019897,       42.9208946228
743.353821,       43.0356292725
743.687622,       43.2076683044
744.021484,       43.3396911621
744.355225,       43.4321746826
744.688965,       43.5558204651
745.022583,       43.6602630615
745.356201,       43.7950325012
745.689819,       43.8510856628
746.023376,       43.9370079041
746.356812,       44.0410346985
746.690186,       44.1446189880
747.023621,       44.2822265625
747.356934,       44.4090728760
747.690247,       44.5548820496
748.023499,       44.6882286072
748.356689,       44.8225059509
748.689758,       44.8762397766
749.022888,       44.9565391541
749.355957,       45.0165214539
749.688965,       45.0342864990
750.021912,       45.0636062622
750.354858,       45.1564025879
750.687683,       45.2552566528
751.020447,       45.3431205750
751.353271,       45.4347686768
751.686035,       45.4812698364
752.018677,       45.4884834290
752.351257,       45.5375709534
752.683838,       45.5697479248
753.016357,       45.6437568665
753.348877,       45.6393127441
753.681396,       45.6859436035
754.013672,       45.7685928345
754.346008,       45.8620147705
754.678345,       45.8204956055
755.010559,       45.8150291443
755.342834,       45.8301010132
755.674988,       45.9135971069
756.007080,       46.0062332153
756.339050,       46.0205268860
756.671082,       46.0961990356
757.003052,       46.1175155640
757.335022,       46.1478576660
757.666870,       46.2471084595
757.998657,       46.2639465332
758.330444,       46.3409233093
758.662170,       46.4360847473
758.993896,       46.4904594421
759.325562,       46.5382385254
759.657043,       46.6180191040
759.988586,       46.6323661804
760.320129,       46.6739730835
760.651489,       46.7350616455
760.982971,       46.7268066406
761.314331,       46.6949195862
761.645569,       46.7259254456
761.976807,       46.7592163086
762.308044,       46.7648925781
762.639160,       46.7977867126
762.970276,       46.7880821228
763.301331,       46.8517227173
763.632385,       46.9198837280
763.963257,       47.0990257263
764.294250,       47.1090126038
764.625122,       47.0264358521
764.955933,       47.1788864136
765.286743,       47.1166419983
765.617432,       47.1096801758
765.948120,       47.1196708679
766.278748,       47.1985626221
766.609314,       47.2760276794
766.939880,       47.3094100952
767.270325,       47.3246040344
767.600708,       47.2809562683
767.931152,       47.2662086487
768.261536,       47.3142547607
768.591858,       47.3451995850
768.922119,       47.3798637390
769.252258,       47.4113502502
769.582397,       47.4164123535
769.912537,       47.4547920227
770.242615,       47.4946517944
770.572632,       47.4936294556
770.902588,       47.3920059204
771.232483,       47.5039176941
771.562256,       47.4947776794
771.892151,       47.3277969360
772.221863,       47.3293952942
772.551697,       47.4014892578
772.881287,       47.4397315979
773.210938,       47.3745422363
773.540466,       47.2771148682
773.870056,       47.2906455994
774.199463,       47.3059730530
774.528992,       47.4721412659
774.858337,       47.5228919983
775.187622,       47.5294570923
775.516968,       47.5234756470
775.846191,       47.5332603455
776.175415,       47.4979171753
776.504578,       47.5090370178
776.833618,       47.5437850952
777.162598,       47.5017738342
777.491638,       47.5007514954
777.820618,       47.5231323242
778.149536,       47.3724899292
778.478394,       47.3981857300
778.807190,       47.3884239197
779.135864,       47.4810409546
779.464600,       47.3782234192
779.793335,       47.3503799438
780.121948,       47.3469810486
780.450439,       47.3035087585
780.778931,       47.3197860718
781.107422,       47.3669738770
781.435913,       47.2640304565
781.764282,       47.3057327271
782.092651,       47.2814750671
782.420837,       47.3085899353
782.749023,       47.2710151672
783.077209,       47.2828292847
783.405396,       47.3120765686
783.733521,       47.2386627197
784.061462,       47.2479667664
784.389465,       47.1955032349
784.717346,       47.1778678894
785.045288,       47.2008209229
785.373108,       47.1699180603
785.700928,       47.1783714294
786.028625,       47.0933837891
786.356384,       47.1178665161
786.683960,       47.1539688110
787.011536,       47.2166938782
787.339111,       47.3136215210
787.666687,       47.2873954773
787.994019,       47.2310142517
788.321411,       47.1804275513
788.648804,       47.1386871338
788.976135,       47.1286773682
789.303406,       47.1509399414
789.630615,       47.2226676941
789.957703,       47.1789550781
790.284851,       47.1911773682
790.611877,       47.2883567810
790.938904,       47.2990112305
791.265930,       47.3616218567
791.592773,       47.3682746887
791.919678,       47.3999824524
792.246460,       47.3881759644
792.573242,       47.4309463501
792.899963,       47.5045700073
793.226685,       47.5234909058
793.553284,       47.4665985107
793.879822,       47.4236869812
794.206299,       47.3859405518
794.532776,       47.4206047058
794.859253,       47.5077133179
795.185669,       47.6119956970
795.511902,       47.6071243286
795.838196,       47.6609153748
796.164490,       47.6617965698
796.490601,       47.6189422607
796.816833,       47.6914749146
797.142883,       47.6574096680
797.468933,       47.5928382874
797.794861,       47.5698165894
798.120789,       47.5507812500
798.446716,       47.5750885010
798.772583,       47.5873985291
799.098328,       47.6126785278
799.424072,       47.6183929443
799.749756,       47.5742111206
800.075439,       47.6040611267
800.401001,       47.6821060181
800.726624,       47.6274261475
801.052063,       47.7370376587
801.377441,       47.6601638794
801.702881,       47.6678504944
802.028198,       47.6766738892
802.353516,       47.7885475159
802.678833,       47.8078460693
803.004028,       47.8255805969
803.329102,       47.8274765015
803.654236,       47.7907447815
803.979248,       47.9073257446
804.304321,       47.9733276367
804.629272,       47.9562568665
804.954163,       47.9359588623
805.278931,       47.9049758911
805.603821,       47.9208221436
805.928589,       47.9499816895
806.253357,       47.9409141541
806.577942,       47.9499053955
806.902588,       48.0151481628
807.227112,       48.0149230957
807.551575,       48.1380424500
807.876099,       48.1031150818
808.200500,       48.2393341064
808.524841,       48.2017707825
808.849121,       48.1103019714
809.173401,       48.0806045532
809.497620,       48.0297584534
809.821838,       47.9784889221
810.145996,       47.9816246033
810.469971,       48.0518989563
810.793945,       47.9544754028
811.117981,       47.9592132568
811.441956,       47.9549484253
811.765808,       48.0356407166
812.089600,       48.0692176819
812.413391,       47.9908065796
812.737061,       48.0561332703
813.060730,       48.0876998901
813.384338,       48.1164779663
813.708008,       48.0013504028
814.031433,       47.9314002991
814.354919,       47.8472328186
814.678345,       47.7681465149
815.001709,       47.7384681702
815.325073,       47.7179183960
815.648376,       47.7033958435
815.971558,       47.6623573303
816.294678,       47.7196731567
816.617798,       47.7591209412
816.940918,       47.7613754272
817.263977,       47.7475776672
817.586853,       47.7479743958
817.909851,       47.7437705994
818.232727,       47.8079185486
818.555542,       47.7795829773
818.878296,       47.7451095581
819.201050,       47.8615722656
819.523682,       47.8580970764
819.846375,       47.8823928833
820.168884,       47.9360618591
820.491455,       48.0048751831
820.813904,       48.1096992493
821.136353,       48.1899871826
821.458740,       48.2825202942
821.781128,       48.2169494629
822.103333,       48.2797660828
822.425598,       48.4383697510
822.747803,       48.3935432434
823.069824,       48.3716125488
823.391968,       48.4247894287
823.713989,       48.4876174927
824.035950,       48.5412025452
824.357849,       48.5107917786
824.679810,       48.4943046570
825.001587,       48.4467697144
825.323425,       48.4725494385
825.645142,       48.5754432678
825.966736,       48.5420417786
826.288391,       48.4970588684
826.610046,       48.4716682434
826.931458,       48.4134063721
827.253052,       48.3516426086
827.574402,       48.3682022095
827.895813,       48.3914108276
828.217163,       48.3695983887
828.538391,       48.3554687500
828.859619,       48.3319358826
829.180786,       48.2414665222
829.501953,       48.3407821655
829.822998,       48.3413696289
830.144043,       48.3343238831
830.464966,       48.3451728821
830.785950,       48.2896614075
831.106812,       48.3293075562
831.427673,       48.3258705139
831.748474,       48.2942237854
832.069214,       48.3566894531
832.389771,       48.2782020569
832.710449,       48.3038711548
833.031067,       48.3174705505
833.351563,       48.2364311218
833.672058,       48.2286529541
833.992371,       48.2582931519
834.312805,       48.1548080444
834.633179,       48.1111068726
834.953369,       48.0840835571
835.273621,       48.1419830322
835.593811,       48.1122093201
835.913940,       48.0531196594
836.234009,       47.9862098694
836.554077,       47.9992828369
836.874023,       48.0719146729
837.193909,       48.0178375244
837.513794,       48.0260963440
837.833618,       48.0231361389
838.153381,       48.0096054077
838.473145,       48.0446853638
838.792786,       47.9294815063
839.112366,       47.9859085083
839.432007,       47.9741935730
839.751465,       47.9459342957
840.070984,       48.0057029724
840.390381,       48.0446205139
840.709656,       48.1227340698
841.028992,       48.2999343872
841.348267,       48.3204574585
841.667480,       48.3424110413
841.986633,       48.3766555786
842.305725,       48.3759956360
842.624817,       48.3817596436
842.943848,       48.3630256653
843.262756,       48.4387817383
843.581665,       48.3330955505
843.900574,       48.3741111755
844.219360,       48.4445762634
844.538147,       48.5118103027
844.856812,       48.5774002075
845.175415,       48.5999298096
845.494080,       48.6408576965
845.812683,       48.6092948914
846.131104,       48.6805992126
846.449585,       48.6975440979
846.768005,       48.7546119690
847.086304,       48.8046798706
847.404663,       48.8074226379
847.722839,       48.6225051880
848.041077,       48.5669212341
848.359192,       48.5549201965
848.677246,       48.5262489319
848.995361,       48.6151504517
849.313354,       48.6243629456
849.631226,       48.6661834717
849.949158,       48.6297416687
850.267029,       48.6670913696
850.584778,       48.6813087463
850.902527,       48.6480484009
851.220276,       48.5742797852
851.537842,       48.5309257507
851.855469,       48.5177078247
852.173035,       48.4977645874
852.490417,       48.5612525940
852.807861,       48.5554771423
853.125305,       48.6231307983
853.442627,       48.6155586243
853.759888,       48.5688514709
854.077087,       48.4470825195
854.394287,       48.4984245300
854.711426,       48.5565261841
855.028442,       48.5529670715
855.345459,       48.6254348755
855.662537,       48.6340484619
855.979370,       48.7161407471
856.296265,       48.7674446106
856.613098,       48.7086181641
856.929871,       48.6566390991
857.246582,       48.6475563049
857.563232,       48.6431045532
857.879822,       48.7442779541
858.196411,       48.6865386963
858.512939,       48.6749305725
858.829346,       48.6910896301
859.145813,       48.6868324280
859.462158,       48.6284408569
859.778442,       48.6230735779
860.094666,       48.5883789063
860.410889,       48.5372238159
860.726990,       48.5634918213
861.043152,       48.5613632202
861.359192,       48.5578079224
861.675232,       48.5848731995
861.991150,       48.5760383606
862.307007,       48.5810508728
862.622864,       48.5896644592
862.938660,       48.5177650452
863.254333,       48.5578880310
863.570068,       48.6393280029
863.885742,       48.6618919373
864.201233,       48.6247978210
864.516846,       48.5977363586
864.832336,       48.6972198486
865.147766,       48.7648696899
865.463135,       48.8094482422
865.778503,       48.8176460266
866.093750,       48.7736511230
866.408997,       48.7710113525
866.724182,       48.7951354980
867.039246,       48.8131599426
867.354309,       48.8423194885
867.669312,       48.9339981079
867.984314,       48.8558845520
868.299194,       48.8111228943
868.614075,       48.6574020386
868.928833,       48.6613464355
869.243652,       48.5746192932
869.558289,       48.6095809937
869.872986,       48.5860710144
870.187622,       48.5233993530
870.502136,       48.4276771545
870.816650,       48.4568367004
871.131165,       48.4480094910
871.445496,       48.3941383362
871.759827,       48.3867225647
872.074158,       48.3215675354
872.388367,       48.2440643311
872.702576,       48.2503204346
873.016785,       48.2539253235
873.330750,       48.2404785156
873.644897,       48.2838363647
873.958801,       48.3229141235
874.272705,       48.2332077026
874.586670,       48.2952232361
874.900452,       48.3017234802
875.214172,       48.4320755005
875.527954,       48.3740386963
875.841614,       48.3724937439
876.155273,       48.3632659912
876.468811,       48.3633689880
876.782288,       48.3577423096
877.095764,       48.4072494507
877.409241,       48.4005165100
877.722534,       48.4193000793
878.035889,       48.4871711731
878.349121,       48.4821586609
878.662292,       48.4823074341
878.975464,       48.5915412903
879.288574,       48.7037010193
879.601624,       48.6725807190
879.914612,       48.7036895752
880.227600,       48.6442146301
880.540405,       48.6191902161
880.853271,       48.6014938354
881.166016,       48.6199302673
881.478821,       48.6404685974
881.791504,       48.5771255493
882.104065,       48.5973472595
882.416626,       48.6129989624
882.729187,       48.6290054321
883.041626,       48.5992889404
883.354065,       48.6645698547
883.666443,       48.6570968628
883.978760,       48.6422004700
884.291016,       48.6637649536
884.603271,       48.6464576721
884.915344,       48.6302185059
885.227539,       48.7137908936
885.539551,       48.6587486267
885.851501,       48.5896835327
886.163513,       48.5929832458
886.475464,       48.5775985718
886.787231,       48.6020660400
887.099060,       48.5373725891
887.410767,       48.5858306885
887.722412,       48.6295013428
888.034119,       48.6119651794
888.345642,       48.6622619629
888.657227,       48.6525115967
888.968689,       48.7210960388
889.280090,       48.7328453064
889.591492,       48.8341827393
889.902832,       48.8156242371
890.213989,       48.8483848572
890.525269,       48.8925628662
890.836487,       48.8244132996
891.147522,       48.9033622742
891.458618,       48.1558265686
891.769653,       48.0580749512
892.080566,       48.0609207153
892.391479,       48.0338554382
892.702332,       48.0468025208
893.013123,       47.9953918457
893.323853,       48.0002212524
893.634521,       47.9931640625
893.945129,       48.0363502502
894.255798,       47.9766387939
894.566223,       47.9322319031
894.876770,       47.9456138611
895.187195,       47.9705238342
895.497498,       47.9229164124
895.807861,       47.9194984436
896.118164,       47.8226318359
896.428345,       47.8260955811
896.738525,       47.8514366150
897.048645,       47.8243637085
897.358643,       47.8209266663
897.668701,       47.7600440979
897.978638,       48.5794143677
898.288513,       48.5809249878
898.598389,       48.6092491150
898.908142,       48.6530342102
899.217896,       48.5998229980
899.527588,       48.6946868896
899.837219,       48.7205657959
900.146790,       48.9324913025
900.456360,       48.9318656921
900.765747,       48.9183082581
901.075195,       49.0468673706
901.384583,       49.0722999573
901.693848,       49.0052947998
902.003174,       48.9242591858
902.312378,       48.9320793152
902.621460,       48.9771881104
902.930603,       48.9813880920
903.239685,       48.8989906311
903.548645,       48.8923568726
903.857605,       48.8907546997
904.166504,       48.7901763916
904.475281,       48.7253952026
904.784058,       48.7009925842
905.092896,       48.6983871460
905.401489,       48.5808563232
905.710144,       48.6457710266
906.018738,       48.5459289551
906.327209,       48.5180778503
906.635681,       48.3394546509
906.944031,       48.2914085388
907.252441,       48.3378982544
907.560730,       48.3057746887
907.869019,       48.2048110962
908.177185,       48.2701988220
908.485352,       48.3952407837
908.793396,       48.4946327209
909.101501,       48.4695091248
909.409485,       48.3999023438
909.717407,       48.4125747681
910.025269,       48.4529342651
910.333130,       48.5343208313
910.640869,       48.6192665100
910.948608,       48.5653877258
911.256287,       48.5902786255
911.563843,       48.5507659912
911.871399,       48.5905838013
912.178955,       48.5652999878
912.486389,       48.6457214355
912.793823,       48.6389503479
913.101135,       48.7171745300
913.408386,       48.7272033691
913.715637,       48.7415962219
914.022827,       48.7878456116
914.329956,       48.8113021851
914.637085,       48.7401504517
914.944031,       48.7199172974
915.251038,       48.5900726318
915.557983,       48.6290435791
915.864807,       48.6196022034
916.171631,       48.6717948914
916.478455,       48.5737724304
916.785095,       48.5376319885
917.091736,       48.5389289856
917.398376,       48.7804603577
917.704834,       48.8906326294
918.011414,       48.9071388245
918.317810,       48.9430847168
918.624207,       49.0547523499
918.930542,       49.0732078552
919.236816,       49.0903282166
919.542969,       49.0663185120
919.849182,       49.0641784668
920.155273,       49.0226669312
920.461304,       49.0309906006
920.767334,       49.0100898743
921.073242,       49.0415039063
921.379211,       49.0804595947
921.685059,       49.0106163025
921.990784,       48.9347839355
922.296570,       48.9706802368
922.602295,       48.9303550720
922.907898,       49.1501579285
923.213440,       49.0409660339
923.518982,       48.9729270935
923.824463,       48.8023338318
924.129883,       48.7579841614
924.435242,       48.7205047607
924.740540,       48.7121925354
925.045776,       48.5416183472
925.351013,       48.5823097229
925.656128,       48.4692153931
925.961243,       48.5517578125
926.266235,       48.4898719788
926.571167,       48.5248069763
926.876160,       48.4448814392
927.181030,       48.5069732666
927.485840,       48.4653167725
927.790588,       48.4763488770
928.095276,       48.5389328003
928.399963,       48.6826744080
928.704590,       48.8117027283
929.009094,       48.9019470215
929.313599,       48.8095169067
929.618103,       48.9155349731
929.922424,       48.9191818237
930.226807,       48.9897346497
930.531067,       48.9222984314
930.835266,       49.0132904053
931.139465,       49.1324195862
931.443542,       49.2361679077
931.747620,       49.1552009583
932.051697,       49.2506103516
932.355652,       49.2069664001
932.659485,       49.2790145874
932.963379,       49.2609100342
933.267090,       49.2855529785
933.570801,       49.3111801147
933.874573,       49.3563117981
934.178162,       49.3391532898
934.481689,       49.4654960632
934.785278,       49.4507293701
935.088745,       49.3262786865
935.392151,       49.3124542236
935.695496,       49.2125816345
935.998779,       49.1488914490
936.302063,       49.1741828918
936.605225,       49.1653099060
936.908386,       49.2882118225
937.211426,       49.2131805420
937.514465,       49.1236038208
937.817444,       49.0486679077
938.120422,       49.1103248596
938.423279,       49.1457633972
938.726013,       49.1657066345
939.028809,       49.0657348633
939.331482,       49.0333633423
939.634155,       48.9714813232
939.936768,       48.9495048523
940.239258,       48.9249877930
940.541809,       48.8868827820
940.844238,       48.7542457581
941.146606,       48.6853599548
941.448914,       48.6556358337
941.751221,       48.6035842896
942.053345,       48.6405868530
942.355530,       48.6698303223
942.657654,       48.6512947083
942.959656,       48.6779212952
943.261658,       48.5756378174
943.563599,       48.6109428406
943.865479,       48.7073249817
944.167358,       48.7079696655
944.469177,       48.7691993713
944.770813,       48.8091888428
945.072510,       48.7257385254
945.374084,       48.8653259277
945.675659,       48.8506813049
945.977173,       48.8989334106
946.278564,       48.8663749695
946.580017,       49.1056709290
946.881348,       49.0907707214
947.182617,       49.1934890747
947.483826,       49.1953620911
947.785034,       49.1360206604
948.086060,       49.0649719238
948.387207,       48.9327430725
948.688232,       48.9969100952
948.989075,       49.1506690979
949.290039,       49.0520591736
949.590942,       49.0792388916
949.891663,       49.0689086914
950.192444,       48.9321708679
950.493164,       48.9996719360
950.793701,       48.9419517517
951.094299,       48.8087577820
951.394836,       48.7763214111
951.695251,       49.3003616333
951.995667,       49.3379898071
952.295959,       49.3043136597
952.596313,       49.3662757874
952.896545,       49.3022537231
953.196716,       49.2645721436
953.496826,       49.1413574219
953.796936,       49.1348724365
954.096863,       49.2057533264
954.396912,       49.2828826904
954.696777,       49.3902282715
954.996643,       49.4388389587
955.296448,       49.4042587280
955.596191,       49.4537391663
955.895813,       49.4955139160
956.195496,       49.5558395386
956.495117,       49.6980094910
956.794556,       49.6334381104
957.094055,       49.4528808594
957.393494,       49.7897605896
957.692810,       49.9637260437
957.992126,       49.2928848267
958.291321,       49.2515106201
958.590637,       49.2910537720
958.889709,       49.2562484741
959.188782,       49.1078262329
959.487793,       49.1660728455
959.786804,       49.2671890259
960.085693,       49.2608833313
960.384460,       49.2882919312
960.683472,       49.4336318970
960.982056,       49.4040489197
961.280823,       49.5616836548
961.579407,       49.5401840210
961.877930,       49.4360542297
962.176575,       49.3569908142
962.474915,       49.1557159424
962.773376,       49.1119346619
963.071777,       49.1984024048
963.370056,       49.2790679932
963.668335,       48.9262771606
963.966431,       48.9198074341
964.264709,       48.9105834961
964.562744,       48.9671249390
964.860718,       48.9669952393
965.158691,       49.0532531738
965.456543,       49.2441596985
965.754578,       49.1895256042
966.052307,       49.2309875488
966.350037,       49.2821426392
966.647705,       49.2131996155
966.945251,       49.2254714966
967.243042,       49.2102546692
967.540405,       48.8930244446
967.837952,       48.9024124146
968.135376,       48.9200096130
968.432739,       49.2293128967
968.730042,       49.4241638184
969.027222,       49.4195022583
969.324524,       49.3086585999
969.621521,       49.2441253662
969.918701,       49.3769874573
970.215698,       49.2344551086
970.512573,       49.2748565674
970.809631,       49.3264961243
971.106384,       49.2633514404
971.403198,       49.4970855713
971.700012,       49.5341644287
971.996521,       49.5394515991
972.293335,       49.7016029358
972.589783,       49.8797836304
972.886353,       49.9348144531
973.182861,       49.7717247009
973.479309,       49.9603500366
973.775635,       50.1210632324
974.071838,       50.2977447510
974.368225,       50.3529777527
974.664368,       50.2667427063
974.960449,       50.1715660095
975.256592,       50.0638313293
975.552490,       50.3818168640
975.848633,       50.5819511414
976.144409,       50.7503433228
976.440247,       50.8209648132
976.736023,       51.1529197693
977.031738,       51.2395439148
977.327515,       51.2237358093
977.623047,       51.0410919189
977.918640,       50.9733734131
978.214172,       51.0830955505
978.509644,       50.8204574585
978.805115,       50.5464210510
979.100281,       50.4725761414
979.395752,       50.5111045837
979.690857,       50.5586700439
979.986084,       50.4277572632
980.281250,       50.2686805725
980.576172,       50.4412956238
980.871338,       50.4192161560
981.166199,       50.5071830750
981.461121,       50.7233276367
981.755920,       50.5717697144
982.050781,       50.6839218140
982.345520,       50.5900039673
982.640076,       50.4699478149
982.934814,       50.0870475769
983.229309,       49.9976997375
983.523804,       50.3389968872
983.818298,       50.2569961548
984.112610,       49.9869880676
984.407043,       51.2440147400
984.701233,       51.5572853088
984.995483,       51.7431983948
985.289612,       51.8112525940
985.583618,       51.7457351685
985.877869,       51.8055076599
986.171753,       51.9131011963
986.465698,       51.9694862366
986.759583,       51.8852882385
987.053467,       52.3176612854
987.347290,       52.4147453308
987.640869,       52.3056030273
987.934631,       52.0989227295
988.228149,       52.0943984985
988.521667,       52.1614913940
988.815186,       52.5718574524
989.108582,       52.8956604004
989.402039,       52.8613204956
989.695313,       52.6462478638
989.988525,       52.8211708069
990.281738,       53.0764656067
990.574829,       51.7309074402
990.868042,       51.5308914185
991.161011,       51.7661590576
991.453979,       52.1162490845
991.746948,       52.6120071411
992.039795,       52.7125892639
992.332642,       53.1407661438
992.625305,       52.8772468567
992.918091,       52.9211235046
993.210632,       53.3239593506
993.503235,       53.4218063354
993.795837,       54.4462432861
994.088196,       54.6501617432
994.380676,       54.6180534363
994.672913,       54.7607345581
994.965271,       55.0464439392
995.257568,       55.0474815369
995.549622,       55.3696403503
995.841858,       55.8350791931
996.133850,       55.8678703308
996.425903,       55.9955291748
996.717834,       55.8189392090
997.009766,       55.6514968872
997.301636,       55.3987426758
997.593323,       55.0920410156
997.885193,       54.7512702942
998.176758,       54.5070419312
998.468384,       54.6008529663
998.760010,       54.8980255127
999.051392,       55.1582031250
999.342957,       54.3833389282
999.634277,       54.3078918457
999.925598,       53.2646636963
1000.216919,       53.5230751038
1000.508118,       53.5467567444
1000.799255,       53.4907341003
1001.090271,       52.8040351868
1001.381470,       52.6427917480
1001.672363,       52.7724266052
1001.963257,       52.1348533630
1002.254150,       51.9213447571
1002.544922,       51.7561721802
1002.835815,       51.8100509644
1003.126404,       51.9079399109
1003.417114,       52.1656379700
1003.707703,       52.4525985718
1003.998108,       52.6964530945
1004.288757,       52.7456207275
1004.579041,       52.1207885742
1004.869385,       52.2035179138
1005.159729,       52.1725006104
1005.450012,       52.1023635864
1005.740173,       52.2184677124
1006.030212,       52.2140846252
1006.320435,       52.1690368652
1006.610352,       52.2798309326
1006.900330,       52.1051483154
1007.190247,       52.7764625549
1007.479980,       52.9218597412
1007.769897,       52.5233917236
1008.059509,       52.9959335327
1008.349243,       53.0113296509
1008.638855,       53.0838737488
1008.928345,       53.5805778503
1009.217896,       53.9053993225
1009.507263,       53.4897270203
1009.796753,       53.5178680420
1010.086060,       53.3584709167
1010.375366,       53.1951484680
1010.664551,       53.2368774414
1010.953674,       53.0651969910
1011.242920,       53.3099899292
1011.531738,       53.4083976746
1011.820801,       53.3465042114
1012.109741,       53.3884696960
1012.398499,       53.6613807678
1012.687439,       53.7620315552
1012.976074,       53.8273620605
1013.264771,       53.9136352539
1013.553406,       54.2387237549
1013.842041,       54.2890434265
1014.130554,       54.0943603516
1014.418884,       54.3919334412
1014.707336,       54.4832344055
1014.995789,       54.4777793884
1015.284058,       54.4197196960
1015.572327,       54.8445816040
1015.860413,       54.7775382996
1016.148621,       54.6516189575
1016.436523,       55.0330390930
1016.724609,       54.9695320129
1017.012573,       55.5241508484
1017.300354,       55.5423812866
1017.588318,       55.2714576721
1017.875977,       56.0417785645
1018.163757,       56.5346527100
1018.451416,       56.4150161743
1018.739014,       57.3031120300
1019.026611,       57.2979850769
1019.313904,       56.9506416321
1019.601440,       56.2927246094
1019.888733,       55.9678497314
1020.176086,       56.7738227844
1020.463318,       57.0646934509
1020.750549,       57.2884254456
1021.037720,       57.5492439270
1021.324707,       58.0020370483
1021.611694,       58.4172592163
1021.898682,       58.6865196228
1022.185547,       59.2398719788
1022.472595,       59.3327865601
1022.759216,       59.8564758301
1023.045959,       59.4349098206
1023.332581,       60.4099349976
1023.619324,       60.7310523987
1023.905884,       60.1182403564
1024.192261,       59.9437179565
1024.478882,       60.0443305969
1024.765137,       59.4161148071
1025.051514,       60.0559349060
1025.337769,       59.7012214661
1025.623779,       60.2243003845
1025.910034,       61.2204208374
1026.196045,       77.0031204224
1026.482178,       57.7373199463
1026.768066,       54.9253692627
1027.053955,       58.9001541138
1027.339966,       58.7219429016
1027.625610,       64.7058868408
1027.911377,       66.9669570923
1028.197144,       49.7382240295
1028.482666,       55.5555572510
1028.768311,       64.5855789185
