339.817139,        0.0000000000
340.196106,        0.0000000000
340.575104,     2428.5708007813
340.954010,    10733.1796875000
341.332886,     1557.8956298828
341.711761,     3788.9018554688
342.090576,       51.5464019775
342.469360,      103.6010742188
342.848114,      -40.3669624329
343.226868,        0.0000000000
343.605560,       -0.1043474451
343.984192,       -2.8581061363
344.362854,       -4.3520355225
344.741425,        4.5525865555
345.119995,       17.8477001190
345.498535,       24.4425621033
345.877014,       31.7507305145
346.255463,       36.6867675781
346.633881,       43.2120361328
347.012299,       44.1103744507
347.390625,       42.2018661499
347.768951,       39.8633422852
348.147278,       43.6143684387
348.525513,       49.7708969116
348.903748,       54.2652473450
349.281952,       57.5290222168
349.660126,       57.1669921875
350.038239,       56.6548004150
350.416321,       58.1566467285
350.794373,       58.6286125183
351.172394,       58.3557243347
351.550385,       56.9888191223
351.928375,       59.1208267212
352.306305,       67.4131240845
352.684174,       67.6717681885
353.062042,       67.6726684570
353.439880,       68.1974868774
353.817657,       70.5435409546
354.195404,       71.4818649292
354.573151,       63.4088401794
354.950836,       66.7820816040
355.328461,       68.7488479614
355.706116,       69.5009841919
356.083710,      110.4551162720
356.461243,      110.6339797974
356.838806,      109.5886383057
357.216248,      108.7490997314
357.593719,      110.1896514893
357.971161,      111.5479812622
358.348541,      110.0879669189
358.725891,      107.8374023438
359.103210,      108.2684860229
359.480530,      105.9456481934
359.857758,      105.7342758179
360.234955,      102.0786972046
360.612183,      102.0474700928
360.989319,      100.8118972778
361.366425,      100.6592636108
361.743530,      102.4149551392
362.120575,      100.4212265015
362.497559,       99.8106002808
362.874573,       97.5916061401
363.251526,       95.3380508423
363.628418,       93.7272109985
364.005310,       33.3639678955
364.382202,       29.9811592102
364.759003,       25.1832008362
365.135773,       26.2093868256
365.512482,       28.6083602905
365.889221,       32.2775077820
366.265900,       32.4918861389
366.642517,       33.9626808167
367.019165,       32.5985069275
367.395721,       39.2023544312
367.772278,       38.8219451904
368.148804,       36.4197692871
368.525269,       35.1208305359
368.901672,       34.6109848022
369.278107,       31.7078952789
369.654480,       18.4623546600
370.030823,       24.3330879211
370.407104,       22.8656902313
370.783386,       19.7858238220
371.159637,       23.0437088013
371.535828,       28.2164840698
371.912018,       30.2225742340
372.288116,       28.6260662079
372.664246,       31.3571491241
373.040283,       33.6815757751
373.416351,       26.7790622711
373.792328,       18.0776023865
374.168274,       19.7377853394
374.544250,       20.0630722046
374.920105,       24.6352920532
375.295959,       18.8665485382
375.671814,       23.1695861816
376.047607,       23.3404102325
376.423370,       24.3799648285
376.799103,       25.2511291504
377.174774,       28.7674732208
377.550415,       31.2486553192
377.926056,       22.9364700317
378.301636,       26.6498832703
378.677185,       29.7315902710
379.052673,       37.6212043762
379.428192,       41.1246948242
379.803650,       42.4712600708
380.179047,       42.6852951050
380.554443,       44.1225929260
380.929779,       43.2324829102
381.305084,       42.1275901794
381.680359,       44.5803413391
382.055634,       43.1888923645
382.430817,       42.2725105286
382.805969,       38.4567222595
383.181152,       43.8469123840
383.556244,       42.2501068115
383.931274,       43.7787246704
384.306366,       46.2514877319
384.681366,       44.7068023682
385.056305,       43.4765625000
385.431274,       45.5616874695
385.806152,       52.7336730957
386.181000,       50.6079864502
386.555817,       50.4065628052
386.930634,       39.1296157837
387.305389,       32.8926162720
387.680084,       30.9977855682
388.054810,       32.4699478149
388.429474,       29.7461986542
388.804047,       25.2794685364
389.178650,       27.6842556000
389.553192,       24.8935718536
389.927734,       27.1387424469
390.302185,       30.0020523071
390.676666,       28.8604106903
391.051086,       23.0112934113
391.425446,       21.8633422852
391.799805,       21.4842071533
392.174133,       18.4614906311
392.548370,       18.4649677277
392.922638,       16.2902927399
393.296844,       21.1859054565
393.670990,       11.9791402817
394.045135,        9.4916553497
394.419220,        6.6232094765
394.793304,       13.1706237793
395.167328,       16.7617149353
395.541321,       21.0587139130
395.915283,       20.9037513733
396.289185,       27.5315494537
396.663116,       29.3889255524
397.036957,       27.6562061310
397.410736,       28.1366977692
397.784546,       27.9186458588
398.158325,       25.3012180328
398.532013,       26.8592109680
398.905670,       28.0316143036
399.279358,       38.8796272278
399.652954,       40.2745666504
400.026520,       39.5144081116
400.400085,       43.2480773926
400.773560,       45.0355186462
401.147034,       39.2741622925
401.520508,       38.7070732117
401.893890,       41.7406539917
402.267242,       43.5443763733
402.640564,       43.7694053650
403.013855,       43.3627166748
403.387146,       40.5810394287
403.760345,       40.8396110535
404.133514,       45.2263717651
404.506683,       47.2417221069
404.879791,       51.1993522644
405.252869,       52.7602310181
405.625946,       50.0755653381
405.998962,       47.1337814331
406.371918,       50.9149360657
406.744873,       51.3571090698
407.117798,       42.1352615356
407.490631,       40.4993400574
407.863525,       39.9666557312
408.236298,       38.9005088806
408.609039,       49.0361137390
408.981842,       48.1067199707
409.354523,       52.4580078125
409.727173,       50.3441505432
410.099792,       48.9150924683
410.472382,       46.8209800720
410.844910,       46.3779182434
411.217438,       44.1656494141
411.589935,       42.7884254456
411.962402,       35.6593971252
412.334778,       41.7081871033
412.707153,       40.0316276550
413.079498,       36.6377830505
413.451813,       37.7037086487
413.824066,       40.7240371704
414.196350,       35.4779853821
414.568512,       35.4380493164
414.940674,       36.6811141968
415.312805,       35.9619750977
415.684906,       36.6313285828
416.056946,       50.5881309509
416.429016,       42.5358619690
416.800964,       43.0997352600
417.172913,       39.3952255249
417.544830,       40.7431411743
417.916718,       42.6459503174
418.288574,       42.7215156555
418.660370,       41.9970588684
419.032135,       42.7344970703
419.403870,       42.4060363770
419.775574,       41.8744735718
420.147247,       35.5009574890
420.518860,       36.6140975952
420.890472,       37.1398735046
421.262024,       37.6097183228
421.633545,       36.7120819092
422.005005,       37.8681793213
422.376495,       36.2230110168
422.747925,       34.5073661804
423.119293,       34.5411109924
423.490601,       35.6631736755
423.861938,       19.6807270050
424.233215,       30.0719108582
424.604462,       32.5057525635
424.975647,       31.6173782349
425.346832,       29.8978900909
425.717926,       28.2588367462
426.089050,       27.1955337524
426.460083,       26.1087322235
426.831085,       25.0779209137
427.202087,       24.5291671753
427.572998,       24.9255352020
427.943939,       27.1377124786
428.314819,       25.8607215881
428.685669,       26.0619049072
429.056458,       26.1491737366
429.427246,       25.9367942810
429.797943,       24.6399803162
430.168701,       25.2103710175
430.539337,       26.4258861542
430.909943,       27.6227436066
431.280548,       29.4694671631
431.651093,       31.5611057281
432.021606,       25.6674385071
432.392120,       22.3592624664
432.762543,       21.8920478821
433.132965,       21.5830364227
433.503326,       21.9528541565
433.873688,       22.2011184692
434.243958,       21.8231639862
434.614227,       20.8273792267
434.984467,       22.0360336304
435.354645,       20.9922218323
435.724792,       18.0472202301
436.094910,       15.9963769913
436.464996,       16.8629322052
436.835052,       21.7612056732
437.205048,       20.9670982361
437.575043,       23.6486816406
437.944977,       23.3470954895
438.314880,       23.9092216492
438.684753,       23.1760978699
439.054565,       20.9157600403
439.424377,       20.5545101166
439.794128,       19.0872364044
440.163849,       20.4219379425
440.533508,       24.9334392548
440.903198,       25.4157981873
441.272797,       26.9122161865
441.642334,       28.2230072021
442.011902,       29.1839370728
442.381409,       30.9452953339
442.750854,       30.8432579041
443.120300,       31.2419052124
443.489655,       31.6842288971
443.859039,       33.6905670166
444.228333,       33.3821182251
444.597626,       29.3135528564
444.966888,       30.2700786591
445.336060,       27.5510749817
445.705231,       26.4857673645
446.074402,       25.0604991913
446.443512,       24.9151077271
446.812531,       24.6137046814
447.181610,       23.4741039276
447.550568,       23.8041362762
447.919525,       23.6944828033
448.288483,       20.1268939972
448.657349,       20.0848541260
449.026154,       17.8741264343
449.394989,       17.3366565704
449.763763,       18.3207950592
450.132477,       16.8052597046
450.501190,       15.9087476730
450.869812,       15.2658548355
451.238464,       14.7940368652
451.607025,       13.6025066376
451.975586,       15.0033636093
452.344116,       15.1449232101
452.712585,       15.7764253616
453.081024,       16.5758304596
453.449463,       17.0852470398
453.817810,       17.4743480682
454.186127,       16.9346904755
454.554413,       51.4318542480
454.922668,       51.2826614380
455.290894,       50.3239936829
455.659088,       49.4751014709
456.027222,       48.8493728638
456.395325,       48.1077766418
456.763428,       48.4619026184
457.131439,       47.3737220764
457.499420,       45.9261054993
457.867371,       46.0433998108
458.235321,       45.5568923950
458.603210,       45.4429893494
458.971039,       45.6067504883
459.338867,       45.1003608704
459.706635,       43.5922279358
460.074371,       42.7129631042
460.442047,       41.3338661194
460.809753,       43.0131912231
461.177368,       42.7047729492
461.544952,       42.5169868469
461.912537,       42.2290916443
462.280029,       13.7242527008
462.647522,       12.9466876984
463.014984,       12.5838537216
463.382355,       13.1465721130
463.749725,       13.1056604385
464.117065,       12.9380178452
464.484344,       12.0872344971
464.851593,       11.8726606369
465.218842,       11.7475490570
465.586029,       11.6995735168
465.953156,       11.7310419083
466.320282,       11.2188854218
466.687317,       11.4047660828
467.054352,       11.2865877151
467.421356,       11.5097732544
467.788300,       11.5911302567
468.155243,       11.8233089447
468.522095,        9.3996992111
468.888947,        9.6883249283
469.255768,        9.9722423553
469.622559,       10.9970207214
469.989258,       11.1725397110
470.355988,       11.2354717255
470.722626,       11.6407766342
471.089233,       11.2421598434
471.455841,       11.6324882507
471.822388,       11.5441884995
472.188873,       11.6626501083
472.555389,       11.6805620193
472.921753,       11.7603588104
473.288208,       11.5606403351
473.654602,       11.3769359589
474.020874,       11.7162981033
474.387177,       10.9457950592
474.753387,       10.5883111954
475.119629,       10.2007293701
475.485809,       10.3449058533
475.851929,       10.0796098709
476.218018,        9.9479122162
476.584076,        9.9762153625
476.950104,        9.1804828644
477.316101,        8.3816766739
477.682037,        7.9977474213
478.047974,        7.6187901497
478.413818,        8.0117759705
478.779663,        8.1764593124
479.145477,        7.6169738770
479.511200,        7.6770653725
479.876953,        7.9605355263
480.242615,        8.3271732330
480.608276,        8.3678798676
480.973907,        8.1766109467
481.339417,        8.6957931519
481.704987,        8.6753568649
482.070465,        8.4463129044
482.435913,        8.6256275177
482.801331,        8.5906486511
483.166718,        8.4302816391
483.532043,        8.6773853302
483.897369,        9.0644559860
484.262634,        8.9658927917
484.627869,        9.1760787964
484.993073,        8.9832973480
485.358215,        9.0944099426
485.723297,        9.2123203278
486.088409,        8.9583549500
486.453461,        8.6689071655
486.818451,        8.6584987640
487.183411,        8.8724126816
487.548370,        8.8134937286
487.913239,        8.6250181198
488.278107,        8.3866586685
488.642883,        8.2870702744
489.007660,        8.0672531128
489.372437,        7.8202428818
489.737091,        7.7233371735
490.101746,        7.5138645172
490.466370,        7.4052453041
490.830963,        7.4024581909
491.195526,        7.0843467712
491.559998,        6.6109752655
491.924500,        6.4868316650
492.288940,        6.4376602173
492.653320,        6.5496764183
493.017670,        6.4337596893
493.382019,        6.3078217506
493.746277,        6.0420274734
494.110504,        5.9453148842
494.474731,        6.1851511002
494.838898,        6.0865650177
495.203033,        5.9891743660
495.567108,        5.9902491570
495.931122,        7.3348445892
496.295166,        7.3855695724
496.659149,        6.9891786575
497.023041,        7.0730314255
497.386963,        7.1515507698
497.750824,        7.1379957199
498.114624,        7.4462013245
498.478455,        7.4902272224
498.842163,        7.4613370895
499.205872,        7.5032963753
499.569580,        7.4647150040
499.933167,        7.5587944984
500.296753,        7.4650592804
500.660339,        7.5565481186
501.023834,        7.6058874130
501.387299,        7.5327568054
501.750763,        7.5977606773
502.114166,        7.4428992271
502.477509,        7.2885231972
502.840851,        7.3881683350
503.204102,        7.6112442017
503.567352,        6.5154328346
503.930573,        6.5962219238
504.293732,        6.6880760193
504.656860,        6.7829995155
505.019989,        7.0791087151
505.382996,        7.2273874283
505.746033,        7.1896910667
506.109009,        7.1542644501
506.471924,        7.1093149185
506.834839,        7.0788598061
507.197662,        7.0556669235
507.560486,        7.0627241135
507.923309,        7.1102700233
508.286041,        7.1152658463
508.648743,        7.1218490601
509.011414,        7.1370906830
509.373993,        7.1658530235
509.736633,        7.1970329285
510.099213,        7.2249898911
510.461731,        7.0083527565
510.824158,        6.8839540482
511.186615,        6.7928113937
511.548950,        6.7003397942
511.911346,        6.7300891876
512.273682,        6.6249423027
512.635925,        6.3756508827
512.998169,        6.2052807808
513.360352,        6.0521254539
513.722534,        6.2663116455
514.084717,        6.4817008972
514.446777,        6.4744963646
514.808777,        6.5679759979
515.170776,        6.5134229660
515.532776,        6.5562343597
515.894714,        6.4689769745
516.256592,        6.5180115700
516.618469,        8.0461053848
516.980286,        8.2765321732
517.342041,        8.2890033722
517.703735,        8.3012905121
518.065430,        8.5694208145
518.427185,        8.6597375870
518.788696,        8.7315483093
519.150330,        8.6895103455
519.511902,        8.8665933609
519.873291,        8.8717241287
520.234802,        9.0784673691
520.596252,        9.2132387161
520.957581,        9.3577404022
521.318970,        9.0820512772
521.680237,        9.0239753723
522.041565,        9.0830411911
522.402771,        9.1115217209
522.763977,        9.2499380112
523.125061,        9.3369302750
523.486206,        9.9417123795
523.847229,       10.0736455917
524.208252,        8.8427619934
524.569275,        8.6222305298
524.930237,        8.6140022278
525.291138,        8.7204875946
525.652100,        8.6990337372
526.012817,        8.6335744858
526.373657,        8.6738157272
526.734436,        8.6991291046
527.095093,        8.8360424042
527.455811,        8.9460000992
527.816528,        8.8821582794
528.177002,        8.9388132095
528.537598,        9.0164165497
528.898132,        9.1253795624
529.258606,        9.1161499023
529.619080,        9.1710176468
529.979431,        9.7450294495
530.339844,        9.5887756348
530.700134,        9.5687761307
531.060425,        9.2000026703
531.420654,        9.2065887451
531.780884,        9.5549907684
532.140991,        9.5994558334
532.501160,        9.5639390945
532.861267,        9.6439990997
533.221375,        9.5677661896
533.581299,        9.5345430374
533.941284,        9.6967573166
534.301208,        9.8436880112
534.661133,        9.7696990967
535.020996,        9.7923564911
535.380798,        9.8211183548
535.740540,        9.8786401749
536.100220,        9.8531990051
536.459900,        9.9026250839
536.819641,        9.9235296249
537.179260,        9.9443788528
537.538757,        9.4506616592
537.898376,        9.5012817383
538.257813,        9.4953212738
538.617249,        9.3888168335
538.976685,        9.3367967606
539.336121,        9.1380052567
539.695374,        9.1344823837
540.054688,        9.2784013748
540.413879,        9.2862892151
540.773132,        9.2616844177
541.132385,        9.2614622116
541.491516,        9.2222061157
541.850525,        9.3172330856
542.209595,        9.2240276337
542.568604,        9.3387985229
542.927612,        9.3341770172
543.286560,        9.2580671310
543.645386,        9.2377033234
544.004333,        9.3104343414
544.363098,        9.3209943771
544.721924,        9.3915853500
545.080688,        9.4353809357
545.439331,        9.5759563446
545.797974,        9.5489654541
546.156616,        9.7744894028
546.515137,        9.7416553497
546.873657,        9.7074193954
547.232239,        9.7784118652
547.590698,        9.6981658936
547.949097,        9.6806135178
548.307495,        9.6968402863
548.665833,        9.6617784500
549.024109,        9.6327190399
549.382385,        9.5335683823
549.740540,        9.6848707199
550.098755,        9.5335397720
550.456909,        9.5260210037
550.815002,        9.4877738953
551.173096,        9.4260215759
551.531128,        9.3490962982
551.888977,        9.3732404709
552.247009,        9.2461366653
552.604797,        9.4516038895
552.962708,        9.4392414093
553.320557,        9.5360670090
553.678345,        9.5770244598
554.036011,        9.5848388672
554.393738,        9.5562896729
554.751404,        9.5079002380
555.109009,        9.5477504730
555.466614,        9.4632406235
555.824158,        9.4086294174
556.181641,        9.5716304779
556.539063,        9.5481691360
556.896423,        9.5304708481
557.253845,        9.3762044907
557.611206,        9.6382265091
557.968445,        9.6223840714
558.325745,        9.6507835388
558.682922,        9.6984033585
559.040161,        9.7156448364
559.397278,        9.6860885620
559.754395,        9.8235483170
560.111389,        9.5542974472
560.468445,        9.3996114731
560.825378,        9.3654699326
561.182251,        9.1881246567
561.539185,        9.1801214218
561.896057,        9.2141380310
562.252869,        9.2464017868
562.609619,        9.2015724182
562.966309,        9.2654418945
563.323059,        9.2435855865
563.679688,        9.1891441345
564.036316,        9.1514368057
564.392822,        9.2668714523
564.749390,        9.2355031967
565.105835,        8.9897708893
565.462280,        8.9916162491
565.818726,        9.0300788879
566.175049,        8.9860420227
566.531372,        8.9214239120
566.887573,        8.8388242722
567.243896,        8.6644706726
567.600098,        8.6935672760
567.956299,        8.7282562256
568.312378,        8.6318683624
568.668457,        8.5668992996
569.024475,        8.4971923828
569.380493,        8.4243812561
569.736389,        8.4282474518
570.092346,        8.5002851486
570.448181,        8.4963722229
570.804077,        8.4747657776
571.159790,        8.4396839142
571.515564,        8.4199647903
571.871338,        8.2724857330
572.226929,        8.2737436295
572.582581,        8.2554721832
572.938171,        8.2112398148
573.293701,        8.1212568283
573.649231,        8.0787391663
574.004700,        8.0846023560
574.360107,        8.0779294968
574.715515,        8.0989933014
575.070801,        8.1178121567
575.426086,        8.0107088089
575.781433,        7.9646596909
576.136658,        7.9181180000
576.491821,        7.9323573112
576.846985,        7.8879690170
577.202026,        7.7839150429
577.557129,        7.6955122948
577.912109,        7.5963029861
578.267090,        7.5725569725
578.621948,        7.5512380600
578.976929,        7.5053453445
579.331726,        7.4276304245
579.686523,        7.6264104843
580.041321,        7.6763868332
580.396057,        7.6899008751
580.750732,        7.8852729797
581.105408,        7.8633203506
581.459961,        7.8268008232
581.814575,        7.8402624130
582.169067,        7.7728204727
582.523499,        7.7127308846
582.877991,        7.8118586540
583.232361,        7.8921632767
583.586731,        7.9357070923
583.941040,        7.8803763390
584.295349,        7.8603825569
584.649536,        7.8992900848
585.003784,        7.8794918060
585.357849,        8.1675081253
585.712036,        8.1798362732
586.066040,        8.1526050568
586.420166,        8.1654014587
586.774048,        8.1606950760
587.128052,        7.9258384705
587.481934,        7.8074073792
587.835815,        7.7266707420
588.189636,        7.5631051064
588.543396,        7.6123089790
588.897095,        7.5988388062
589.250732,        7.6019458771
589.604431,        7.6222219467
589.958069,        7.5815224648
590.311646,        7.5175604820
590.665161,        7.4820117950
591.018677,        7.5225248337
591.372070,        7.6127610207
591.725525,        7.7220149040
592.078857,        7.6704421043
592.432190,        7.6673278809
592.785461,        7.5003266335
593.138733,        7.5138263702
593.491821,        7.4885168076
593.845032,        7.4967794418
594.198181,        7.5843529701
594.551270,        7.6919198036
594.904236,        7.6958789825
595.257202,        7.7850527763
595.610168,        7.7370023727
595.963074,        7.7404870987
596.315979,        7.7248663902
596.668823,        7.7260589600
597.021606,        7.9771742821
597.374268,        7.9510831833
597.726990,        8.0491647720
598.079651,        8.0640058517
598.432312,        8.0313673019
598.784851,        7.9335331917
599.137390,        7.9308638573
599.489868,        8.0904378891
599.842285,        8.0534172058
600.194702,        7.8956632614
600.547119,        7.8304610252
600.899414,        7.7833085060
601.251648,        7.7392616272
601.603882,        7.6186895370
601.956116,        7.5150504112
602.308289,        7.5087947845
602.660400,        7.4354076385
603.012451,        7.4752159119
603.364441,        7.3907318115
603.716370,        7.3685317039
604.068359,        7.5094895363
604.420288,        7.3424963951
604.772156,        7.3418684006
605.123962,        7.2401905060
605.475708,        7.1863622665
605.827515,        7.1847600937
606.179138,        7.2068772316
606.530884,        7.1768007278
606.882385,        6.9938921928
607.233948,        7.1259131432
607.585449,        7.1632184982
607.936951,        7.1687421799
608.288452,        7.2184338570
608.639893,        7.1962742805
608.991150,        7.2544455528
609.342468,        7.2968096733
609.693726,        7.4877991676
610.044983,        7.4624748230
610.396240,        7.4243793488
610.747314,        7.4349889755
611.098389,        7.4404888153
611.449463,        7.2512907982
611.800476,        7.1742706299
612.151489,        7.1987004280
612.502441,        7.1391048431
612.853271,        7.1193799973
613.204102,        7.0688872337
613.554932,        7.0754065514
613.905701,        7.1328468323
614.256470,        7.1498723030
614.607178,        7.0374803543
614.957764,        7.1231408119
615.308350,        7.1523437500
615.658875,        7.0740566254
616.009399,        7.0605778694
616.359924,        7.0735030174
616.710327,        7.0472874641
617.060669,        6.8662843704
617.411011,        6.8817286491
617.761292,        6.8881368637
618.111572,        6.9073252678
618.461853,        6.8634696007
618.812012,        6.9182262421
619.162109,        6.9461145401
619.512146,        6.9037265778
619.862183,        6.9381356239
620.212219,        6.9743447304
620.562195,        6.9109210968
620.912048,        6.8797140121
621.261963,        6.8421521187
621.611755,        6.8898887634
621.961548,        6.8787112236
622.311340,        6.7629241943
622.661072,        6.8123197556
623.010681,        6.8307318687
623.360229,        6.9170384407
623.709839,        6.8753137589
624.059387,        6.8345828056
624.408936,        6.8208136559
624.758423,        7.2607264519
625.107727,        7.2281250954
625.457031,        7.1641206741
625.806458,        7.1936974525
626.155762,        7.2186560631
626.504944,        7.1818461418
626.854126,        7.2260012627
627.203308,        7.2119488716
627.552368,        7.2016401291
627.901428,        7.2771592140
628.250488,        7.2805294991
628.599487,        7.2757201195
628.948364,        7.2446794510
629.297241,        7.2396268845
629.646118,        7.2801532745
629.994934,        7.2243676186
630.343689,        7.1915268898
630.692444,        7.1058692932
631.041077,        7.1002326012
631.389648,        7.2619371414
631.738281,        7.2505636215
632.086853,        6.8374252319
632.435364,        6.8748846054
632.783875,        7.1038579941
633.132263,        7.0990571976
633.480591,        6.9703407288
633.828918,        6.9435706139
634.177246,        6.9275908470
634.525513,        6.9256358147
634.873657,        6.8763837814
635.221863,        6.8384499550
635.569946,        6.8182339668
635.918030,        6.7301077843
636.266052,        6.6666655540
636.614136,        6.8508615494
636.962036,        6.8171710968
637.309937,        6.7714571953
637.657776,        6.8397598267
638.005615,        6.9674453735
638.353394,        6.9751515388
638.701111,        6.8027153015
639.048767,        6.7772746086
639.396423,        6.7434082031
639.743958,        6.6937618256
640.091614,        6.4624228477
640.439087,        6.4813814163
640.786560,        6.5322175026
641.133972,        6.5313963890
641.481323,        6.5369195938
641.828735,        6.5308952332
642.176025,        6.5878205299
642.523315,        6.5559921265
642.870483,        6.6161165237
643.217651,        6.6308217049
643.564758,        6.7256474495
643.911804,        6.4944038391
644.258911,        6.9239883423
644.605896,        6.9560313225
644.952820,        6.9148807526
645.299683,        6.8362712860
645.646606,        6.8552808762
645.993469,        6.8891139030
646.340210,        6.8899164200
646.687012,        6.8453855515
647.033630,        6.9141240120
647.380249,        6.9462327957
647.726868,        6.8794784546
648.073425,        6.8477997780
648.419983,        6.8256788254
648.766418,        6.7439498901
649.112854,        6.7064538002
649.459229,        6.6933751106
649.805603,        6.7173151970
650.151855,        6.6877775192
650.498169,        6.6257805824
650.844360,        6.5132117271
651.190552,        6.5340070724
651.536621,        6.0549526215
651.882751,        6.0203294754
652.228760,        6.0167245865
652.574829,        5.9569978714
652.920715,        5.9114704132
653.266602,        5.9500923157
653.612488,        5.9961853027
653.958252,        6.0555715561
654.304077,        5.9566164017
654.649841,        5.9396038055
654.995483,        5.9691953659
655.341064,        5.9713659286
655.686707,        6.6132969856
656.032288,        6.6745309830
656.377808,        6.6613130569
656.723267,        6.6029973030
657.068726,        6.6107883453
657.414063,        6.5951890945
657.759399,        6.7404837608
658.104736,        6.8378896713
658.449951,        6.8961663246
658.795166,        6.8891220093
659.140381,        6.9570889473
659.485474,        6.9915900230
659.830505,        6.9934301376
660.175598,        7.0122241974
660.520569,        6.9778308868
660.865479,        6.9272117615
661.210327,        6.8668932915
661.555237,        6.9237360954
661.900085,        6.9244170189
662.244812,        6.9318165779
662.589539,        6.9090776443
662.934265,        6.3339328766
663.278809,        6.2969594002
663.623413,        6.3633041382
663.968018,        6.4604282379
664.312500,        6.4519681931
664.656921,        6.4459195137
665.001343,        6.3336067200
665.345703,        6.4018273354
665.690063,        6.3464865685
666.034302,        6.4033894539
666.378662,        6.3458666801
666.722778,        6.3319978714
667.066895,        6.3116049767
667.410950,        6.2592520714
667.755066,        6.1847782135
668.099121,        6.1726021767
668.443054,        6.1737632751
668.786987,        6.1713466644
669.130798,        6.1648058891
669.474731,        6.1544470787
669.818481,        6.2106432915
670.162292,        6.2037076950
670.506042,        6.1842384338
670.849670,        6.1138296127
671.193176,        6.0796709061
671.536804,        6.0919208527
671.880371,        6.0797324181
672.223816,        6.0737791061
672.567261,        5.9304466248
672.910645,        5.8881735802
673.254028,        5.8384556770
673.597290,        5.8030424118
673.940613,        5.7423243523
674.283875,        5.7656860352
674.626953,        5.7891941071
674.970093,        5.8081321716
675.313232,        5.8665218353
675.656250,        5.9744553566
675.999268,        5.9977746010
676.342224,        6.0220742226
676.685120,        6.0814161301
677.027893,        6.0273227692
677.370789,        6.0071330070
677.713562,        5.9992051125
678.056335,        6.0821256638
678.398987,        6.1128387451
678.741577,        6.0771169662
679.084167,        6.0986423492
679.426758,        6.1319870949
679.769287,        6.1138811111
680.111755,        6.2274861336
680.454163,        6.2426462173
680.796509,        6.2872843742
681.138794,        6.3031182289
681.481140,        6.3205547333
681.823364,        6.3117227554
682.165588,        6.3406577110
682.507751,        6.2684483528
682.849792,        6.1549620628
683.191833,        6.0957298279
683.533875,        6.0976190567
683.875854,        5.9948930740
684.217834,        6.0279793739
684.559692,        6.0235586166
684.901428,        6.2716455460
685.243286,        6.2753109932
685.585022,        6.2191810608
685.926819,        6.2712535858
686.268372,        6.2328619957
686.609985,        6.2374210358
686.951538,        6.3153042793
687.293091,        6.2187986374
687.634583,        6.2500581741
687.976013,        6.2591271400
688.317322,        6.2568783760
688.658630,        6.2583088875
689.000000,        6.2412810326
689.341248,        6.2360506058
689.682495,        6.3137111664
690.023682,        6.3199758530
690.364746,        6.3158130646
690.705811,        6.3724131584
691.046814,        6.4206981659
691.387817,        6.4743051529
691.728760,        6.4808249474
692.069702,        6.4077339172
692.410522,        6.5100512505
692.751282,        6.5424890518
693.092102,        6.5352873802
693.432800,        6.6555380821
693.773499,        6.6571393013
694.114075,        6.6384735107
694.454651,        6.7063040733
694.795105,        6.7305817604
695.135620,        6.8641095161
695.476135,        6.9665007591
695.816528,        7.0871157646
696.156799,        7.2532944679
696.497131,        7.3547730446
696.837402,        7.3947534561
697.177612,        7.6435317993
697.517822,        7.7559037209
697.857971,        7.8034820557
698.197937,        7.9741659164
698.538025,        8.0415124893
698.877991,        8.2589883804
699.217957,        8.3285522461
699.557922,        8.3360137939
699.897705,        8.4610605240
700.237549,        8.6581163406
700.577271,        8.7629547119
700.916992,        8.9584598541
701.256653,        9.1711359024
701.596313,        9.3075942993
701.935852,        9.5174198151
702.275391,        9.5886878967
702.614868,       10.0012702942
702.954346,       10.1347274780
703.293701,       10.2591428757
703.633118,       10.5467205048
703.972412,       10.7742967606
704.311646,       10.8989076614
704.650818,       11.0821437836
704.990051,       11.3201837540
705.329163,       11.4586048126
705.668274,       11.8899345398
706.007263,       11.9748001099
706.346252,       12.1707201004
706.685181,       12.3591566086
707.024109,       12.5704708099
707.362976,       12.7826471329
707.701721,       13.0501766205
708.040527,       13.2347974777
708.379211,       13.4143247604
708.717896,       13.6592569351
709.056519,       13.9153108597
709.395142,       14.1641321182
709.733582,       14.1808290482
710.072144,       14.4335479736
710.410522,       14.6542577744
710.748962,       14.7480945587
711.087341,       14.9702548981
711.425598,       15.2525033951
711.763855,       15.6297998428
712.102051,       16.0852088928
712.440247,       16.3870410919
712.778320,       16.4782600403
713.116455,       16.7900180817
713.454468,       17.0344448090
713.792419,       17.3551254272
714.130310,       17.6750221252
714.468262,       17.9153823853
714.806091,       18.1343250275
715.143921,       18.4229755402
715.481628,       18.7249374390
715.819397,       19.0449047089
716.156982,       19.3291969299
716.494629,       19.6802196503
716.832214,       19.9299640656
717.169739,       20.3306388855
717.507202,       20.6666908264
717.844543,       21.1039390564
718.182007,       21.4153747559
718.519348,       21.6624679565
718.856689,       21.8582363129
719.193970,       21.9272003174
719.531067,       22.2381877899
719.868164,       22.4757442474
720.205322,       22.7312889099
720.542419,       22.9945468903
720.879456,       23.2219142914
721.216431,       23.4809684753
721.553345,       23.7761154175
721.890198,       24.0545234680
722.227051,       24.3484363556
722.563782,       24.6903533936
722.900635,       25.0274181366
723.237244,       25.3425769806
723.573914,       25.5490150452
723.910461,       25.8907527924
724.247070,       26.0126686096
724.583557,       26.2745227814
724.920044,       26.4282169342
725.256409,       26.7469558716
725.592773,       26.9654579163
725.929077,       27.2429351807
726.265442,       27.5103664398
726.601685,       28.3358726501
726.937866,       28.7185039520
727.273987,       29.0157852173
727.609985,       29.3047599792
727.946045,       29.6258010864
728.282043,       29.9181251526
728.618042,       30.2019424438
728.953979,       30.4109477997
729.289795,       30.7140464783
729.625610,       30.9125251770
729.961426,       31.1873607635
730.297119,       31.5034141541
730.632813,       31.7773513794
730.968384,       31.9179115295
731.304016,       32.1644096375
731.639465,       32.4086112976
731.974976,       32.6365699768
732.310425,       32.8425598145
732.645874,       33.1404609680
732.981201,       33.3841323853
733.316467,       33.6139068604
733.651733,       33.2525177002
733.986938,       33.4199447632
734.322144,       33.6803779602
734.657288,       33.9564437866
734.992310,       34.1791954041
735.327271,       34.6135978699
735.662292,       34.9368591309
735.997253,       35.1791648865
736.332092,       35.4703750610
736.666931,       35.7347412109
737.001709,       35.9265327454
737.336426,       35.9985427856
737.671143,       36.1869049072
738.005798,       36.4534721375
738.340393,       36.6442031860
738.674988,       36.9319152832
739.009399,       37.1605949402
739.343933,       37.4433746338
739.678345,       37.6339530945
740.012756,       37.8333969116
740.347046,       38.0007247925
740.681274,       38.1616554260
741.015503,       38.2806701660
741.349731,       38.3459548950
741.683838,       38.4567222595
742.017944,       38.5900878906
742.351929,       38.5558319092
742.685974,       38.6291275024
743.019897,       38.8475685120
743.353821,       38.9058952332
743.687622,       39.0515899658
744.021484,       39.1497955322
744.355225,       39.2772598267
744.688965,       39.3854064941
745.022583,       39.5700111389
745.356201,       39.7728919983
745.689819,       39.8816757202
746.023376,       40.0066719055
746.356812,       40.0220375061
746.690186,       40.1607513428
747.023621,       40.3297615051
747.356934,       40.4948844910
747.690247,       40.7698287964
748.023499,       40.9279785156
748.356689,       41.1707801819
748.689758,       41.2241744995
749.022888,       41.3737106323
749.355957,       41.3901672363
749.688965,       41.4472274780
750.021912,       41.5074424744
750.354858,       41.5428466797
750.687683,       41.5981864929
751.020447,       41.7250823975
751.353271,       41.8502159119
751.686035,       41.9995498657
752.018677,       42.0152206421
752.351257,       42.0547218323
752.683838,       42.0974121094
753.016357,       42.1528396606
753.348877,       42.1544761658
753.681396,       42.1578445435
754.013672,       42.1856384277
754.346008,       42.2498779297
754.678345,       42.1845703125
755.010559,       42.2233123779
755.342834,       42.2461471558
755.674988,       42.3779106140
756.007080,       42.4123077393
756.339050,       42.5748519897
756.671082,       42.6172485352
757.003052,       42.6890640259
757.335022,       42.7574234009
757.666870,       43.0949249268
757.998657,       43.2272300720
758.330444,       43.3843154907
758.662170,       43.4703712463
758.993896,       43.4998970032
759.325562,       43.5012741089
759.657043,       43.5676612854
759.988586,       43.5985183716
760.320129,       43.7103500366
760.651489,       43.8069267273
760.982971,       43.8666152954
761.314331,       43.9235496521
761.645569,       43.9792480469
761.976807,       44.0467109680
762.308044,       44.0515823364
762.639160,       44.0797615051
762.970276,       44.1052093506
763.301331,       44.0570297241
763.632385,       44.1740379333
763.963257,       44.2329101563
764.294250,       44.2158508301
764.625122,       43.9728393555
764.955933,       44.2409667969
765.286743,       44.0721168518
765.617432,       44.0977630615
765.948120,       44.1118659973
766.278748,       44.1490974426
766.609314,       44.2809562683
766.939880,       44.3161621094
767.270325,       44.3499565125
767.600708,       44.3206977844
767.931152,       44.2104988098
768.261536,       44.1803283691
768.591858,       44.1549224854
768.922119,       44.1727828979
769.252258,       44.3013801575
769.582397,       44.3302879333
769.912537,       44.3967056274
770.242615,       44.5869522095
770.572632,       44.5837097168
770.902588,       44.5997390747
771.232483,       44.8671760559
771.562256,       44.7860412598
771.892151,       44.4120826721
772.221863,       44.4237213135
772.551697,       44.3934707642
772.881287,       44.4779434204
773.210938,       44.4627456665
773.540466,       44.2915344238
773.870056,       44.3752098083
774.199463,       44.3803558350
774.528992,       44.5906562805
774.858337,       44.7067756653
775.187622,       44.7522277832
775.516968,       44.7833900452
775.846191,       44.7476081848
776.175415,       44.7059822083
776.504578,       44.6839103699
776.833618,       44.7217445374
777.162598,       44.6201515198
777.491638,       44.5276260376
777.820618,       44.5006713867
778.149536,       44.2459449768
778.478394,       44.3100318909
778.807190,       44.3465080261
779.135864,       44.4580230713
779.464600,       44.4269905090
779.793335,       44.3369865417
780.121948,       44.4034194946
780.450439,       44.4150047302
780.778931,       44.5107917786
781.107422,       44.5358505249
781.435913,       44.4667091370
781.764282,       44.4458084106
782.092651,       44.4705505371
782.420837,       44.4369812012
782.749023,       44.4645614624
783.077209,       44.5037765503
783.405396,       44.5554084778
783.733521,       44.5126457214
784.061462,       44.4952049255
784.389465,       44.5955734253
784.717346,       44.5937652588
785.045288,       44.6716728210
785.373108,       44.6408462524
785.700928,       44.5748023987
786.028625,       44.5097923279
786.356384,       44.5809059143
786.683960,       44.6921005249
787.011536,       44.6338310242
787.339111,       44.7013053894
787.666687,       44.5448608398
787.994019,       44.4999923706
788.321411,       44.3878593445
788.648804,       44.3871688843
788.976135,       44.3322448730
789.303406,       44.5074005127
789.630615,       44.5395812988
789.957703,       44.4168701172
790.284851,       44.4699516296
790.611877,       44.5000190735
790.938904,       44.4283638000
791.265930,       44.3504943848
791.592773,       44.4117088318
791.919678,       44.4488677979
792.246460,       44.4995117188
792.573242,       44.5378532410
792.899963,       44.6515960693
793.226685,       44.6538352966
793.553284,       44.5705909729
793.879822,       44.6820983887
794.206299,       44.6640815735
794.532776,       44.6902427673
794.859253,       44.8226737976
795.185669,       44.8372764587
795.511902,       44.8184509277
795.838196,       44.8230133057
796.164490,       44.6622085571
796.490601,       44.6388549805
796.816833,       44.7187995911
797.142883,       44.6449203491
797.468933,       44.5534019470
797.794861,       44.5860290527
798.120789,       44.6216239929
798.446716,       44.6247291565
798.772583,       44.5632858276
799.098328,       44.5250549316
799.424072,       44.6293296814
799.749756,       44.5798263550
800.075439,       44.5250129700
800.401001,       44.5252532959
800.726624,       44.5013351440
801.052063,       44.7128868103
801.377441,       44.6599540710
801.702881,       44.5183677673
802.028198,       44.6160926819
802.353516,       44.9056549072
802.678833,       44.9399833679
803.004028,       44.9827842712
803.329102,       45.0510787964
803.654236,       44.9857330322
803.979248,       45.0887222290
804.304321,       45.1402435303
804.629272,       45.0564994812
804.954163,       45.0693130493
805.278931,       45.0498962402
805.603821,       45.0924415588
805.928589,       45.0764312744
806.253357,       44.9913253784
806.577942,       45.0798263550
806.902588,       45.2439270020
807.227112,       45.2683944702
807.551575,       45.4001083374
807.876099,       45.2752723694
808.200500,       45.5097923279
808.524841,       45.6411666870
808.849121,       45.6925468445
809.173401,       45.5349617004
809.497620,       45.4657783508
809.821838,       45.4795074463
810.145996,       45.4270858765
810.469971,       45.5820884705
810.793945,       45.5133857727
811.117981,       45.5307388306
811.441956,       45.7094383240
811.765808,       45.7639541626
812.089600,       45.7571563721
812.413391,       45.7623023987
812.737061,       45.8116188049
813.060730,       45.7897491455
813.384338,       45.7538948059
813.708008,       45.6304397583
814.031433,       45.6841888428
814.354919,       45.5752563477
814.678345,       45.4470024109
815.001709,       45.3669548035
815.325073,       45.3195495605
815.648376,       45.2020034790
815.971558,       45.2005996704
816.294678,       45.2716789246
816.617798,       45.2508049011
816.940918,       45.2707633972
817.263977,       45.2049865723
817.586853,       45.2517318726
817.909851,       45.2398262024
818.232727,       45.2178688049
818.555542,       45.1927757263
818.878296,       45.2378616333
819.201050,       45.3057861328
819.523682,       45.4690856934
819.846375,       45.5433197021
820.168884,       45.6201362610
820.491455,       45.6055679321
820.813904,       45.8126525879
821.136353,       45.8968467712
821.458740,       46.1136741638
821.781128,       46.0105705261
822.103333,       46.0272216797
822.425598,       46.1094245911
822.747803,       46.0545463562
823.069824,       46.0407333374
823.391968,       46.0624313354
823.713989,       46.1590003967
824.035950,       46.2179374695
824.357849,       46.1554031372
824.679810,       46.1767463684
825.001587,       46.1875457764
825.323425,       46.2217407227
825.645142,       46.2096138000
825.966736,       46.1694908142
826.288391,       46.0595893860
826.610046,       46.0643119812
826.931458,       45.9861640930
827.253052,       46.0305557251
827.574402,       45.8835792542
827.895813,       45.9562797546
828.217163,       45.8119277954
828.538391,       45.8675575256
828.859619,       45.8794746399
829.180786,       45.8168983459
829.501953,       45.8668975830
829.822998,       45.8537330627
830.144043,       45.9392356873
830.464966,       45.9059791565
830.785950,       45.7620162964
831.106812,       45.7922439575
831.427673,       45.8195075989
831.748474,       45.7742080688
832.069214,       45.9295997620
832.389771,       45.9655151367
832.710449,       45.8902969360
833.031067,       45.9106330872
833.351563,       45.9087333679
833.672058,       45.9508934021
833.992371,       45.8935813904
834.312805,       45.8324012756
834.633179,       45.7109069824
834.953369,       45.6614952087
835.273621,       45.6857566833
835.593811,       45.6917572021
835.913940,       45.7194976807
836.234009,       45.6666908264
836.554077,       45.7262344360
836.874023,       46.0309143066
837.193909,       46.0753631592
837.513794,       46.2501335144
837.833618,       46.2455406189
838.153381,       46.2353057861
838.473145,       46.2851600647
838.792786,       46.1651649475
839.112366,       46.1183357239
839.432007,       46.2239608765
839.751465,       46.1960792542
840.070984,       46.1685638428
840.390381,       46.2296638489
840.709656,       46.2302818298
841.028992,       46.4499969482
841.348267,       46.5245246887
841.667480,       46.5651664734
841.986633,       46.5521926880
842.305725,       46.5352554321
842.624817,       46.5248146057
842.943848,       46.6579589844
843.262756,       46.6951484680
843.581665,       46.3094482422
843.900574,       46.2698974609
844.219360,       46.1456947327
844.538147,       46.2620811462
844.856812,       46.3451194763
845.175415,       46.2834167480
845.494080,       46.1864814758
845.812683,       46.2289390564
846.131104,       46.3648414612
846.449585,       46.3007087708
846.768005,       46.4045906067
847.086304,       46.4409332275
847.404663,       46.6002044678
847.722839,       46.3657684326
848.041077,       46.3505821228
848.359192,       46.3614234924
848.677246,       46.4269676208
848.995361,       46.5476951599
849.313354,       46.5879440308
849.631226,       46.4790039063
849.949158,       46.5001983643
850.267029,       46.6596946716
850.584778,       46.6996574402
850.902527,       46.7717819214
851.220276,       46.6442184448
851.537842,       46.6653099060
851.855469,       46.6682395935
852.173035,       46.8027915955
852.490417,       46.9701843262
852.807861,       46.8694648743
853.125305,       47.1593551636
853.442627,       47.0807723999
853.759888,       46.9049263000
854.077087,       46.7683868408
854.394287,       46.8080215454
854.711426,       46.7814788818
855.028442,       46.7713699341
855.345459,       46.8260536194
855.662537,       46.8417243958
855.979370,       46.8143386841
856.296265,       46.7882385254
856.613098,       46.7066230774
856.929871,       46.6302032471
857.246582,       46.5441360474
857.563232,       46.5661659241
857.879822,       46.7775382996
858.196411,       46.6849746704
858.512939,       46.7519035339
858.829346,       46.6951141357
859.145813,       46.6305847168
859.462158,       46.5501251221
859.778442,       46.5414962769
860.094666,       46.5110664368
860.410889,       46.4827003479
860.726990,       46.5503654480
861.043152,       46.5477066040
861.359192,       46.4936981201
861.675232,       46.5321044922
861.991150,       46.5213508606
862.307007,       46.4677200317
862.622864,       46.5813484192
862.938660,       46.7104721069
863.254333,       46.7274017334
863.570068,       46.7680053711
863.885742,       46.8900489807
864.201233,       46.8350181580
864.516846,       46.7476501465
864.832336,       46.8030967712
865.147766,       46.8316383362
865.463135,       46.8553733826
865.778503,       46.8073692322
866.093750,       46.8604850769
866.408997,       46.8343658447
866.724182,       46.9055328369
867.039246,       47.0405731201
867.354309,       47.0680046082
867.669312,       47.1011657715
867.984314,       47.1550827026
868.299194,       47.2135353088
868.614075,       47.0797271729
868.928833,       47.1002273560
869.243652,       46.9098739624
869.558289,       46.8908500671
869.872986,       46.9321174622
870.187622,       46.7338371277
870.502136,       46.7112541199
870.816650,       46.7901916504
871.131165,       46.7408065796
871.445496,       46.6895294189
871.759827,       46.6379470825
872.074158,       46.6455078125
872.388367,       46.6466064453
872.702576,       46.6538925171
873.016785,       46.5129508972
873.330750,       46.4901962280
873.644897,       46.5887680054
873.958801,       46.5661659241
874.272705,       46.4901313782
874.586670,       46.4746208191
874.900452,       46.3947334290
875.214172,       46.4598464966
875.527954,       46.3829917908
875.841614,       46.4205055237
876.155273,       46.3348312378
876.468811,       46.3059501648
876.782288,       46.5549125671
877.095764,       46.5541915894
877.409241,       46.4318771362
877.722534,       46.4906349182
878.035889,       46.5784606934
878.349121,       46.7367248535
878.662292,       46.6336746216
878.975464,       46.6122322083
879.288574,       46.8173217773
879.601624,       46.9257087708
879.914612,       46.8746261597
880.227600,       46.7580528259
880.540405,       46.7639579773
880.853271,       46.8179359436
881.166016,       46.8316497803
881.478821,       46.8370475769
881.791504,       46.8085937500
882.104065,       46.8787231445
882.416626,       46.8457374573
882.729187,       46.9066772461
883.041626,       47.0175018311
883.354065,       47.0519218445
883.666443,       46.9726791382
883.978760,       47.0174903870
884.291016,       47.1379394531
884.603271,       47.0221900940
884.915344,       46.8800926208
885.227539,       47.1194839478
885.539551,       47.0716400146
885.851501,       46.8745422363
886.163513,       46.7741050720
886.475464,       46.8110504150
886.787231,       46.7635765076
887.099060,       46.7556381226
887.410767,       46.7639465332
887.722412,       46.8164138794
888.034119,       46.9013748169
888.345642,       46.8459777832
888.657227,       46.7673873901
888.968689,       46.8769531250
889.280090,       46.9299621582
889.591492,       46.9038429260
889.902832,       46.8049926758
890.213989,       46.8674850464
890.525269,       46.8802146912
890.836487,       46.6915779114
891.147522,       47.0583419800
891.458618,       48.9599418640
891.769653,       48.8035011292
892.080566,       48.8732299805
892.391479,       48.8504104614
892.702332,       48.9084739685
893.013123,       48.9403877258
893.323853,       49.0321197510
893.634521,       48.9919013977
893.945129,       49.0900192261
894.255798,       49.1130104065
894.566223,       49.0577316284
894.876770,       49.1970596313
895.187195,       49.2696952820
895.497498,       49.2064552307
895.807861,       49.1719284058
896.118164,       49.1274223328
896.428345,       49.1020660400
896.738525,       49.2066879272
897.048645,       49.1623992920
897.358643,       49.2127227783
897.668701,       49.1085929871
897.978638,       47.1503295898
898.288513,       47.1397132874
898.598389,       47.1344528198
898.908142,       47.2156105042
899.217896,       47.1709442139
899.527588,       47.4385986328
899.837219,       47.3904876709
900.146790,       47.6423912048
900.456360,       47.6271476746
900.765747,       47.5615425110
901.075195,       47.6786766052
901.384583,       47.7273979187
901.693848,       47.6105499268
902.003174,       47.6151657104
902.312378,       47.6669502258
902.621460,       47.6863708496
902.930603,       47.6857109070
903.239685,       47.4935264587
903.548645,       47.5105552673
903.857605,       47.5596160889
904.166504,       47.3341102600
904.475281,       47.3596229553
904.784058,       47.4045372009
905.092896,       47.4113235474
905.401489,       47.3873748779
905.710144,       47.3162384033
906.018738,       47.0599517822
906.327209,       47.2313270569
906.635681,       47.1182365417
906.944031,       47.0457191467
907.252441,       47.1291160583
907.560730,       47.0518684387
907.869019,       46.9487800598
908.177185,       47.0670089722
908.485352,       47.2374839783
908.793396,       47.4641952515
909.101501,       47.5404129028
909.409485,       47.6991729736
909.717407,       47.7728691101
910.025269,       47.8449630737
910.333130,       47.9022941589
910.640869,       48.0000801086
910.948608,       47.9481315613
911.256287,       47.9829025269
911.563843,       47.9263420105
911.871399,       47.8271331787
912.178955,       47.8769607544
912.486389,       47.9789962769
912.793823,       47.8276939392
913.101135,       47.7723121643
913.408386,       47.7883758545
913.715637,       47.8083190918
914.022827,       47.9131507874
914.329956,       47.8784828186
914.637085,       47.8029327393
914.944031,       47.7408599854
915.251038,       47.5010948181
915.557983,       47.3852233887
915.864807,       47.2772293091
916.171631,       47.3050498962
916.478455,       47.3066101074
916.785095,       47.3804588318
917.091736,       47.4105834961
917.398376,       47.6665191650
917.704834,       47.6116790771
918.011414,       47.6735954285
918.317810,       47.8331909180
918.624207,       47.8912620544
918.930542,       47.7363586426
919.236816,       47.6890220642
919.542969,       47.6504554749
919.849182,       47.6156196594
920.155273,       47.5078620911
920.461304,       47.4014816284
920.767334,       47.4816894531
921.073242,       47.6023368835
921.379211,       47.7030639648
921.685059,       47.6806297302
921.990784,       47.6975631714
922.296570,       47.5940437317
922.602295,       47.4598426819
922.907898,       48.0523452759
923.213440,       47.7694969177
923.518982,       47.7291412354
923.824463,       47.4472236633
924.129883,       47.4314117432
924.435242,       47.3791198730
924.740540,       47.3470077515
925.045776,       47.3528175354
925.351013,       47.6202316284
925.656128,       47.6355018616
925.961243,       47.8149108887
926.266235,       47.8577079773
926.571167,       48.1833534241
926.876160,       48.1081390381
927.181030,       48.1565513611
927.485840,       48.1010284424
927.790588,       47.9488296509
928.095276,       48.0132446289
928.399963,       48.6076927185
928.704590,       48.8874588013
929.009094,       49.2107734680
929.313599,       48.9661712646
929.618103,       49.2311706543
929.922424,       49.2325592041
930.226807,       49.2777862549
930.531067,       49.2389030457
930.835266,       49.4861259460
931.139465,       49.4295425415
931.443542,       49.5038795471
931.747620,       49.3894233704
932.051697,       49.5321769714
932.355652,       49.3457069397
932.659485,       49.4472045898
932.963379,       49.1551017761
933.267090,       49.2374191284
933.570801,       49.1327629089
933.874573,       49.1189765930
934.178162,       49.1596069336
934.481689,       49.2936248779
934.785278,       48.7931327820
935.088745,       48.6644783020
935.392151,       48.7235031128
935.695496,       48.3042182922
935.998779,       48.0455245972
936.302063,       48.0186843872
936.605225,       48.4025611877
936.908386,       48.6283836365
937.211426,       48.4552307129
937.514465,       48.5483779907
937.817444,       48.3533287048
938.120422,       48.6363487244
938.423279,       48.6785392761
938.726013,       49.2681808472
939.028809,       49.1704177856
939.331482,       49.2594871521
939.634155,       49.3704223633
939.936768,       49.4756088257
940.239258,       49.4261627197
940.541809,       49.4046897888
940.844238,       49.1709365845
941.146606,       49.0969810486
941.448914,       49.0052757263
941.751221,       48.8799095154
942.053345,       48.9016723633
942.355530,       48.8208312988
942.657654,       48.8105239868
942.959656,       48.6687469482
943.261658,       48.4979438782
943.563599,       48.3594856262
943.865479,       48.3903007507
944.167358,       48.4047203064
944.469177,       48.2475471497
944.770813,       48.2030410767
945.072510,       47.5638580322
945.374084,       47.6677589417
945.675659,       47.3432731628
945.977173,       47.4837570190
946.278564,       47.5143432617
946.580017,       47.7035980225
946.881348,       47.5005455017
947.182617,       47.7327156067
947.483826,       47.7813339233
947.785034,       47.7209396362
948.086060,       47.6679801941
948.387207,       47.7077407837
948.688232,       48.0167465210
948.989075,       48.0769653320
949.290039,       47.7752494812
949.590942,       47.7846908569
949.891663,       48.0288162231
950.192444,       47.9804954529
950.493164,       48.2135581970
950.793701,       47.9635772705
951.094299,       47.8201789856
951.394836,       47.9093704224
951.695251,       49.7570152283
951.995667,       50.0500755310
952.295959,       49.8250503540
952.596313,       49.6948318481
952.896545,       50.0050849915
953.196716,       50.0902252197
953.496826,       49.8732719421
953.796936,       49.8933982849
954.096863,       49.9077835083
954.396912,       49.8184127808
954.696777,       49.7365875244
954.996643,       49.6578750610
955.296448,       49.8636550903
955.596191,       49.9428367615
955.895813,       50.0521049500
956.195496,       50.1988830566
956.495117,       50.6398620605
956.794556,       50.4776229858
957.094055,       50.3689842224
957.393494,       51.0315666199
957.692810,       51.0391769409
957.992126,       49.1314086914
958.291321,       48.8464851379
958.590637,       48.8141326904
958.889709,       48.8750000000
959.188782,       48.5509643555
959.487793,       48.6596794128
959.786804,       48.6584854126
960.085693,       48.5451545715
960.384460,       48.7650299072
960.683472,       48.9736480713
960.982056,       48.9421920776
961.280823,       49.4412078857
961.579407,       49.3321342468
961.877930,       49.0607070923
962.176575,       48.8744049072
962.474915,       48.4393768311
962.773376,       48.1464843750
963.071777,       48.2584991455
963.370056,       48.2654533386
963.668335,       47.3372421265
963.966431,       47.3461227417
964.264709,       46.9396820068
964.562744,       47.5069351196
964.860718,       47.8255195618
965.158691,       47.9949989319
965.456543,       48.1411361694
965.754578,       48.4978828430
966.052307,       49.0281600952
966.350037,       49.1548995972
966.647705,       48.8692245483
966.945251,       49.1401710510
967.243042,       49.1343002319
967.540405,       48.3322486877
967.837952,       48.3098983765
968.135376,       48.5569305420
968.432739,       49.2716903687
968.730042,       49.6207656860
969.027222,       49.2544975281
969.324524,       48.9311065674
969.621521,       48.8688697815
969.918701,       48.9936485291
970.215698,       49.0265502930
970.512573,       49.1485061646
970.809631,       49.3145484924
971.106384,       49.1634635925
971.403198,       49.5542640686
971.700012,       49.4304618835
971.996521,       48.9728507996
972.293335,       48.7498703003
972.589783,       48.9840431213
972.886353,       49.1582946777
973.182861,       48.3026046753
973.479309,       48.4558715820
973.775635,       48.6598358154
974.071838,       48.8384590149
974.368225,       48.5579757690
974.664368,       47.9676856995
974.960449,       47.8105621338
975.256592,       47.8779830933
975.552490,       48.6999740601
975.848633,       49.0908317566
976.144409,       49.5065803528
976.440247,       49.4055747986
976.736023,       50.1072998047
977.031738,       49.8081741333
977.327515,       49.7983436584
977.623047,       49.7607421875
977.918640,       49.8655242920
978.214172,       49.9089355469
978.509644,       49.2949981689
978.805115,       48.9461555481
979.100281,       48.8549575806
979.395752,       49.4849472046
979.690857,       49.6959419250
979.986084,       49.5354766846
980.281250,       49.2979660034
980.576172,       49.6666603088
980.871338,       49.8267555237
981.166199,       49.7301864624
981.461121,       50.0583190918
981.755920,       49.3863487244
982.050781,       49.6025009155
982.345520,       49.5012474060
982.640076,       49.4065093994
982.934814,       48.5689353943
983.229309,       48.2282714844
983.523804,       48.4987449646
983.818298,       48.0950012207
984.112610,       47.6291809082
984.407043,       50.7472343445
984.701233,       51.5643768311
984.995483,       51.5666122437
985.289612,       51.6344718933
985.583618,       51.2949409485
985.877869,       51.4042434692
986.171753,       51.5149116516
986.465698,       51.6750564575
986.759583,       51.9054412842
987.053467,       52.9128952026
987.347290,       52.7742500305
987.640869,       52.3390121460
987.934631,       52.5582504272
988.228149,       51.9929237366
988.521667,       51.8994865417
988.815186,       52.3486251831
989.108582,       52.7048416138
989.402039,       52.6160430908
989.695313,       52.4833679199
989.988525,       52.3935241699
990.281738,       52.6785774231
990.574829,       49.5220909119
990.868042,       49.1248741150
991.161011,       49.6928329468
991.453979,       49.9460639954
991.746948,       50.9863090515
992.039795,       51.5850791931
992.332642,       52.8434028625
992.625305,       52.4652023315
992.918091,       52.2982521057
993.210632,       52.9493865967
993.503235,       53.7047386169
993.795837,       56.3225936890
994.088196,       56.1749458313
994.380676,       56.3827285767
994.672913,       56.8259124756
994.965271,       58.5767135620
995.257568,       58.6389999390
995.549622,       59.7758712769
995.841858,       60.3759994507
996.133850,       60.5476264954
996.425903,       61.0017967224
996.717834,       60.7628211975
997.009766,       60.1146049500
997.301636,       59.2514228821
997.593323,       59.1338768005
997.885193,       58.0053329468
998.176758,       56.9462051392
998.468384,       56.6972732544
998.760010,       56.5970726013
999.051392,       56.8455276489
999.342957,       55.2041664124
999.634277,       54.5519409180
999.925598,       51.7953567505
1000.216919,       52.0465316772
1000.508118,       52.5968017578
1000.799255,       51.8933792114
1001.090271,       49.4790802002
1001.381470,       49.2024612427
1001.672363,       48.7716789246
1001.963257,       47.3859672546
1002.254150,       46.8805351257
1002.544922,       46.4165763855
1002.835815,       46.0858039856
1003.126404,       46.4204559326
1003.417114,       47.0874328613
1003.707703,       47.1885070801
1003.998108,       47.6604385376
1004.288757,       47.9307785034
1004.579041,       46.7120094299
1004.869385,       46.6626472473
1005.159729,       46.8101539612
1005.450012,       45.8767127991
1005.740173,       45.8849716187
1006.030212,       45.7741241455
1006.320435,       45.8077659607
1006.610352,       45.5059967041
1006.900330,       45.2912254333
1007.190247,       46.6943626404
1007.479980,       46.6704139709
1007.769897,       45.7904472351
1008.059509,       46.4445571899
1008.349243,       46.9168701172
1008.638855,       46.8025360107
1008.928345,       47.7859687805
1009.217896,       48.3477134705
1009.507263,       48.2684707642
1009.796753,       48.0132637024
1010.086060,       47.4787902832
1010.375366,       47.0113792419
1010.664551,       46.6261787415
1010.953674,       46.6114425659
1011.242920,       47.5119400024
1011.531738,       48.3978157043
1011.820801,       48.7416687012
1012.109741,       48.9031295776
1012.398499,       49.8154106140
1012.687439,       50.8365020752
1012.976074,       51.6570281982
1013.264771,       50.7360000610
1013.553406,       50.7566261292
1013.842041,       50.9561614990
1014.130554,       50.1225395203
1014.418884,       49.7083129883
1014.707336,       49.9150657654
1014.995789,       49.4875793457
1015.284058,       49.2903518677
1015.572327,       49.3820533752
1015.860413,       49.2458000183
1016.148621,       48.9329795837
1016.436523,       49.5109672546
1016.724609,       49.9161529541
1017.012573,       51.0503311157
1017.300354,       49.4337997437
1017.588318,       48.1954040527
1017.875977,       49.9515991211
1018.163757,       50.0486297607
1018.451416,       49.3895797729
1018.739014,       50.6803398132
1019.026611,       50.3554000854
1019.313904,       49.7926940918
1019.601440,       49.9521484375
1019.888733,       49.6486015320
1020.176086,       51.4309768677
1020.463318,       52.5034599304
1020.750549,       52.8987884521
1021.037720,       54.1796073914
1021.324707,       55.9840736389
1021.611694,       55.8896942139
1021.898682,       57.3826789856
1022.185547,       58.0073585510
1022.472595,       57.0263519287
1022.759216,       57.6293525696
1023.045959,       57.6297149658
1023.332581,       61.1118087769
1023.619324,       62.6779212952
1023.905884,       61.1607666016
1024.192261,       62.0455207825
1024.478882,       61.4676589966
1024.765137,       58.3013725281
1025.051514,       59.0617408752
1025.337769,       58.6080551147
1025.623779,       59.1899261475
1025.910034,       61.8677978516
1026.196045,      107.6029510498
1026.482178,       63.0434799194
1026.768066,       48.9247283936
1027.053955,       61.7418365479
1027.339966,       34.6689910889
1027.625610,       48.5148506165
1027.911377,       62.2994728088
1028.197144,       36.7857170105
1028.482666,       55.3353729248
1028.768311,       89.9645843506
