339.817139,        0.0000000000
340.196106,        0.0000000000
340.575104,     -407.8944091797
340.954010,      666.6658325195
341.332886,     3400.0122070313
341.711761,     1561.5438232422
342.090576,       85.7142868042
342.469360,      110.6493606567
342.848114,       21.5686016083
343.226868,        0.0000000000
343.605560,       49.3881416321
343.984192,       47.8077011108
344.362854,       46.3636360168
344.741425,       48.7340202332
345.119995,       56.2267227173
345.498535,       59.1997871399
345.877014,       63.3775825500
346.255463,       64.8916549683
346.633881,       67.2501525879
347.012299,       66.2996673584
347.390625,       63.8585815430
347.768951,       59.9025840759
348.147278,       62.7706756592
348.525513,       67.3135147095
348.903748,       69.5643692017
349.281952,       72.9110946655
349.660126,       73.4366149902
350.038239,       72.9640579224
350.416321,       72.6946105957
350.794373,       72.7809524536
351.172394,       73.1950836182
351.550385,       70.8415756226
351.928375,       69.3464508057
352.306305,       73.9073638916
352.684174,       75.0683517456
353.062042,       74.8304901123
353.439880,       76.0592422485
353.817657,       77.2439270020
354.195404,       78.0858535767
354.573151,       73.8329925537
354.950836,       77.7280807495
355.328461,       79.3541336060
355.706116,       80.3752517700
356.083710,      102.5389709473
356.461243,      101.6941299438
356.838806,      101.2215576172
357.216248,      100.0918502808
357.593719,       99.3749008179
357.971161,       99.7416229248
358.348541,       99.6799621582
358.725891,       98.5815277100
359.103210,       99.1203308105
359.480530,       98.1111907959
359.857758,      100.1198196411
360.234955,       97.5067672729
360.612183,       97.6479034424
360.989319,       97.1096420288
361.366425,       96.7532043457
361.743530,       98.0607299805
362.120575,       97.1805953979
362.497559,       96.4919586182
362.874573,       95.0468521118
363.251526,       94.1684799194
363.628418,       93.2570724487
364.005310,       61.0165519714
364.382202,       60.0154953003
364.759003,       57.1000976563
365.135773,       57.4480285645
365.512482,       60.2879714966
365.889221,       62.2399520874
366.265900,       62.0935020447
366.642517,       63.3166236877
367.019165,       61.7269172668
367.395721,       64.4925689697
367.772278,       63.4640502930
368.148804,       62.0206756592
368.525269,       60.4447021484
368.901672,       60.4519348145
369.278107,       59.2757720947
369.654480,       51.9239120483
370.030823,       53.7773551941
370.407104,       54.3968620300
370.783386,       51.6810531616
371.159637,       52.1466064453
371.535828,       56.1104278564
371.912018,       57.5328636169
372.288116,       56.7454338074
372.664246,       58.6713790894
373.040283,       59.2916603088
373.416351,       56.2400360107
373.792328,       51.6483497620
374.168274,       52.5469131470
374.544250,       52.3216247559
374.920105,       55.2810668945
375.295959,       52.8669815063
375.671814,       55.3232536316
376.047607,       56.5560035706
376.423370,       56.8029212952
376.799103,       56.3233604431
377.174774,       57.7148323059
377.550415,       58.1216354370
377.926056,       53.8969039917
378.301636,       55.4030189514
378.677185,       57.1867752075
379.052673,       61.0998458862
379.428192,       62.2165145874
379.803650,       62.4729385376
380.179047,       60.4838676453
380.554443,       60.9799499512
380.929779,       61.0227355957
381.305084,       59.7370376587
381.680359,       61.1442871094
382.055634,       60.7338027954
382.430817,       59.7019958496
382.805969,       57.9570159912
383.181152,       62.0520782471
383.556244,       60.3551979065
383.931274,       60.8907279968
384.306366,       63.7269630432
384.681366,       63.8308753967
385.056305,       63.9883460999
385.431274,       64.8114395142
385.806152,       68.9786224365
386.181000,       67.4630966187
386.555817,       66.4343109131
386.930634,       60.4106826782
387.305389,       55.2480354309
387.680084,       54.2487220764
388.054810,       55.3838119507
388.429474,       54.2423324585
388.804047,       51.8356246948
389.178650,       51.4600982666
389.553192,       49.8805198669
389.927734,       50.5868911743
390.302185,       51.9928169250
390.676666,       50.6705093384
391.051086,       45.8909225464
391.425446,       45.6444053650
391.799805,       45.3392982483
392.174133,       42.7416725159
392.548370,       42.4205932617
392.922638,       40.3309059143
393.296844,       42.9002113342
393.670990,       37.0964813232
394.045135,       35.4821548462
394.419220,       32.6581382751
394.793304,       36.8680076599
395.167328,       38.3155822754
395.541321,       39.5128326416
395.915283,       39.8781967163
396.289185,       42.6861000061
396.663116,       43.4431304932
397.036957,       42.7414360046
397.410736,       42.9307899475
397.784546,       43.2201042175
398.158325,       40.2630958557
398.532013,       41.1238632202
398.905670,       41.1629562378
399.279358,       48.0045890808
399.652954,       48.4779472351
400.026520,       47.6885490417
400.400085,       49.5315628052
400.773560,       51.2575340271
401.147034,       48.7280654907
401.520508,       49.3246040344
401.893890,       51.6546363831
402.267242,       53.5292396545
402.640564,       53.4549522400
403.013855,       53.6019935608
403.387146,       51.8065528870
403.760345,       52.1071548462
404.133514,       55.2107582092
404.506683,       55.8812255859
404.879791,       58.8083267212
405.252869,       58.9928970337
405.625946,       57.3404502869
405.998962,       57.0397682190
406.371918,       59.4963607788
406.744873,       60.0822372437
407.117798,       53.4373703003
407.490631,       52.1059036255
407.863525,       51.4352378845
408.236298,       51.2485275269
408.609039,       56.6410827637
408.981842,       56.2605552673
409.354523,       57.6188697815
409.727173,       56.3919296265
410.099792,       55.5772552490
410.472382,       53.8955917358
410.844910,       53.8883094788
411.217438,       52.3101348877
411.589935,       50.8450737000
411.962402,       45.9589462280
412.334778,       50.2585105896
412.707153,       49.0031890869
413.079498,       47.4494285583
413.451813,       46.8495826721
413.824066,       47.7442932129
414.196350,       43.9925689697
414.568512,       44.9688453674
414.940674,       45.8018341064
415.312805,       45.4097518921
415.684906,       45.5619468689
416.056946,       54.1483230591
416.429016,       48.8984680176
416.800964,       48.2259521484
417.172913,       46.4340820313
417.544830,       46.6400718689
417.916718,       47.2113342285
418.288574,       46.5856132507
418.660370,       45.5576972961
419.032135,       45.7845497131
419.403870,       45.6942176819
419.775574,       45.2637481689
420.147247,       40.3284378052
420.518860,       41.0604591370
420.890472,       41.2691230774
421.262024,       42.0117416382
421.633545,       41.3317565918
422.005005,       41.7519721985
422.376495,       39.4496231079
422.747925,       38.7059288025
423.119293,       38.3489151001
423.490601,       39.3774490356
423.861938,       27.7304019928
424.233215,       28.7496604919
424.604462,       30.9186286926
424.975647,       29.7480640411
425.346832,       29.0122451782
425.717926,       27.5144309998
426.089050,       26.8297138214
426.460083,       26.6678447723
426.831085,       26.1194820404
427.202087,       25.5858058929
427.572998,       25.8382492065
427.943939,       26.9136543274
428.314819,       25.8803596497
428.685669,       25.5998649597
429.056458,       26.1636199951
429.427246,       25.9456195831
429.797943,       25.0095844269
430.168701,       25.9253711700
430.539337,       26.7790470123
430.909943,       27.6261959076
431.280548,       28.7931289673
431.651093,       30.6792640686
432.021606,       31.2150840759
432.392120,       28.5297718048
432.762543,       28.2017021179
433.132965,       27.6253547668
433.503326,       28.0862541199
433.873688,       28.5340480804
434.243958,       27.7763881683
434.614227,       26.6270751953
434.984467,       27.7835807800
435.354645,       26.9900226593
435.724792,       25.4547653198
436.094910,       23.9273605347
436.464996,       24.6054401398
436.835052,       26.7518959045
437.205048,       26.5568561554
437.575043,       28.4308319092
437.944977,       28.0751743317
438.314880,       28.2072601318
438.684753,       27.5502510071
439.054565,       25.8501968384
439.424377,       25.6130847931
439.794128,       24.5347785950
440.163849,       25.4184551239
440.533508,       28.7697467804
440.903198,       28.8926506042
441.272797,       29.9046154022
441.642334,       30.5314235687
442.011902,       31.0281982422
442.381409,       32.5322914124
442.750854,       32.2226028442
443.120300,       32.6651802063
443.489655,       32.7463684082
443.859039,       33.8843612671
444.228333,       34.0044059753
444.597626,       31.7307567596
444.966888,       31.2570037842
445.336060,       29.1560440063
445.705231,       28.4443798065
446.074402,       27.6328620911
446.443512,       27.6646041870
446.812531,       27.4664440155
447.181610,       26.3769149780
447.550568,       26.2939243317
447.919525,       26.1276760101
448.288483,       23.0762100220
448.657349,       23.1324882507
449.026154,       21.6228485107
449.394989,       21.1405658722
449.763763,       21.7712020874
450.132477,       20.6483192444
450.501190,       19.7426834106
450.869812,       18.9556961060
451.238464,       18.4942626953
451.607025,       17.4625720978
451.975586,       18.2450447083
452.344116,       18.4892177582
452.712585,       19.7647094727
453.081024,       20.2584819794
453.449463,       20.3720550537
453.817810,       20.2141723633
454.186127,       19.7060070038
454.554413,       47.2523994446
454.922668,       47.3928527832
455.290894,       46.6467361450
455.659088,       45.9683837891
456.027222,       45.4382171631
456.395325,       44.7734222412
456.763428,       44.8348922729
457.131439,       44.0319175720
457.499420,       42.9780693054
457.867371,       42.8921203613
458.235321,       42.5723419189
458.603210,       42.4164276123
458.971039,       42.2380027771
459.338867,       41.7262535095
459.706635,       40.5056953430
460.074371,       39.7456665039
460.442047,       38.6598663330
460.809753,       40.0322837830
461.177368,       39.6334762573
461.544952,       39.7790641785
461.912537,       39.4000816345
462.280029,       15.8071098328
462.647522,       14.9352874756
463.014984,       14.6909046173
463.382355,       15.0273456573
463.749725,       14.9606809616
464.117065,       14.8622169495
464.484344,       14.3583688736
464.851593,       14.3113832474
465.218842,       14.3425483704
465.586029,       14.3745126724
465.953156,       14.5477638245
466.320282,       14.2160253525
466.687317,       14.6265420914
467.054352,       14.7975444794
467.421356,       14.9730472565
467.788300,       14.9182882309
468.155243,       15.0554523468
468.522095,       12.9581155777
468.888947,       13.6312742233
469.255768,       13.6915788651
469.622559,       14.4257202148
469.989258,       14.5559492111
470.355988,       14.5126047134
470.722626,       14.8273944855
471.089233,       14.6101474762
471.455841,       14.9000082016
471.822388,       14.6723508835
472.188873,       14.6205587387
472.555389,       14.3079090118
472.921753,       14.3397073746
473.288208,       14.0970869064
473.654602,       13.7382297516
474.020874,       13.8497781754
474.387177,       13.1497907639
474.753387,       12.7056312561
475.119629,       12.3509235382
475.485809,       12.2632551193
475.851929,       11.9927806854
476.218018,       11.9772577286
476.584076,       11.6557197571
476.950104,       10.9500532150
477.316101,       10.3094024658
477.682037,       10.0135955811
478.047974,        9.7606916428
478.413818,        9.9921789169
478.779663,        9.9588766098
479.145477,        9.4454069138
479.511200,        9.5206394196
479.876953,        9.6894550323
480.242615,        9.9734163284
480.608276,        9.8692321777
480.973907,        9.6873140335
481.339417,       10.0534563065
481.704987,       10.0316305161
482.070465,        9.8634805679
482.435913,       10.0676584244
482.801331,        9.9656524658
483.166718,        9.9346561432
483.532043,       10.0536870956
483.897369,       10.4208993912
484.262634,       10.2711534500
484.627869,       10.3712444305
484.993073,       10.1739282608
485.358215,       10.3175296783
485.723297,       10.3692779541
486.088409,       10.1311941147
486.453461,        9.9482498169
486.818451,        9.9564971924
487.183411,       10.0416707993
487.548370,        9.9411096573
487.913239,        9.8044233322
488.278107,        9.6115818024
488.642883,        9.5465126038
489.007660,        9.3327884674
489.372437,        9.1144132614
489.737091,        8.9933204651
490.101746,        8.7763214111
490.466370,        8.6980113983
490.830963,        8.6874370575
491.195526,        8.5175075531
491.559998,        8.0712985992
491.924500,        7.9325661659
492.288940,        7.8520560265
492.653320,        7.8643784523
493.017670,        7.6560420990
493.382019,        7.5373573303
493.746277,        7.3279914856
494.110504,        7.2210388184
494.474731,        7.4217095375
494.838898,        7.3685884476
495.203033,        7.3087811470
495.567108,        7.2658734322
495.931122,        8.3375358582
496.295166,        8.2705926895
496.659149,        7.9882950783
497.023041,        7.9840698242
497.386963,        8.0331068039
497.750824,        8.0244302750
498.114624,        8.2198600769
498.478455,        8.2559328079
498.842163,        8.2319622040
499.205872,        8.2160310745
499.569580,        8.2244110107
499.933167,        8.3434219360
500.296753,        8.3108091354
500.660339,        8.4107723236
501.023834,        8.4610719681
501.387299,        8.4610071182
501.750763,        8.5503349304
502.114166,        8.3815155029
502.477509,        8.2309331894
502.840851,        8.3194770813
503.204102,        8.5044078827
503.567352,        7.6300635338
503.930573,        7.7151002884
504.293732,        7.7670946121
504.656860,        7.8249974251
505.019989,        8.0899562836
505.382996,        8.1235008240
505.746033,        8.0642223358
506.109009,        8.0303583145
506.471924,        8.0146093369
506.834839,        8.0355358124
507.197662,        7.9592795372
507.560486,        7.9398574829
507.923309,        8.0181064606
508.286041,        7.9696865082
508.648743,        7.9137034416
509.011414,        7.8549852371
509.373993,        7.8663058281
509.736633,        7.8973636627
510.099213,        7.9415173531
510.461731,        7.7744908333
510.824158,        7.7113280296
511.186615,        7.6577477455
511.548950,        7.5842218399
511.911346,        7.6106362343
512.273682,        7.6119689941
512.635925,        7.4308276176
512.998169,        7.3498191833
513.360352,        7.2494244576
513.722534,        7.3996849060
514.084717,        7.5294928551
514.446777,        7.4819674492
514.808777,        7.6246395111
515.170776,        7.5692200661
515.532776,        7.6008491516
515.894714,        7.6190991402
516.256592,        7.6723942757
516.618469,        8.8374929428
516.980286,        9.0221662521
517.342041,        9.1083068848
517.703735,        9.1355085373
518.065430,        9.3279752731
518.427185,        9.3727455139
518.788696,        9.4296522141
519.150330,        9.3967962265
519.511902,        9.5381422043
519.873291,        9.5357055664
520.234802,        9.6883277893
520.596252,        9.7478132248
520.957581,        9.8631095886
521.318970,        9.6775817871
521.680237,        9.6097717285
522.041565,        9.6476545334
522.402771,        9.6597795486
522.763977,        9.7944116592
523.125061,        9.8212223053
523.486206,       10.2492427826
523.847229,       10.3984937668
524.208252,        9.4766864777
524.569275,        9.2839059830
524.930237,        9.1982793808
525.291138,        9.2349710464
525.652100,        9.2306118011
526.012817,        9.2999286652
526.373657,        9.3257017136
526.734436,        9.3634757996
527.095093,        9.4587259293
527.455811,        9.5035715103
527.816528,        9.4627780914
528.177002,        9.5355129242
528.537598,        9.5640811920
528.898132,        9.6617689133
529.258606,        9.6431903839
529.619080,        9.6853237152
529.979431,       10.0663928986
530.339844,        9.9269886017
530.700134,        9.9435300827
531.060425,        9.6897382736
531.420654,        9.6589717865
531.780884,       10.0058526993
532.140991,       10.0246982574
532.501160,       10.0227327347
532.861267,       10.1374597549
533.221375,       10.0472202301
533.581299,        9.9347267151
533.941284,       10.0503597260
534.301208,       10.1290130615
534.661133,       10.0485277176
535.020996,       10.1178512573
535.380798,       10.1242885590
535.740540,       10.2001876831
536.100220,       10.2042293549
536.459900,       10.1860799789
536.819641,       10.2005310059
537.179260,       10.2326316833
537.538757,        9.9438304901
537.898376,       10.0048475266
538.257813,        9.9976968765
538.617249,        9.8900032043
538.976685,        9.8556842804
539.336121,        9.6050062180
539.695374,        9.6234340668
540.054688,        9.7256984711
540.413879,        9.7318286896
540.773132,        9.7416515350
541.132385,        9.7553491592
541.491516,        9.7562894821
541.850525,        9.8612089157
542.209595,        9.7841730118
542.568604,        9.8235826492
542.927612,        9.8047218323
543.286560,        9.7315616608
543.645386,        9.7505035400
544.004333,        9.7692708969
544.363098,        9.8045196533
544.721924,        9.8528060913
545.080688,        9.8296384811
545.439331,        9.9590930939
545.797974,        9.9351797104
546.156616,       10.1449890137
546.515137,       10.1118106842
546.873657,       10.0872211456
547.232239,       10.1515321732
547.590698,       10.0638446808
547.949097,       10.0379829407
548.307495,       10.0347537994
548.665833,       10.0025806427
549.024109,        9.9277305603
549.382385,        9.8669595718
549.740540,       10.0249528885
550.098755,        9.9201183319
550.456909,        9.9251585007
550.815002,        9.8973617554
551.173096,        9.8388347626
551.531128,        9.8112163544
551.888977,        9.8323497772
552.247009,        9.7288560867
552.604797,        9.8753471375
552.962708,        9.8221359253
553.320557,        9.8666343689
553.678345,        9.9039459229
554.036011,        9.9113206863
554.393738,        9.9182386398
554.751404,        9.8351259232
555.109009,        9.9006719589
555.466614,        9.8289012909
555.824158,        9.8086719513
556.181641,        9.9098730087
556.539063,        9.9005947113
556.896423,        9.8438844681
557.253845,        9.6787710190
557.611206,        9.8881254196
557.968445,        9.8928880692
558.325745,        9.9098711014
558.682922,        9.9420576096
559.040161,        9.9895076752
559.397278,        9.9471855164
559.754395,       10.0512723923
560.111389,        9.8688774109
560.468445,        9.7317676544
560.825378,        9.7352428436
561.182251,        9.5499153137
561.539185,        9.5276880264
561.896057,        9.5431051254
562.252869,        9.5695505142
562.609619,        9.5001134872
562.966309,        9.5537471771
563.323059,        9.4941501617
563.679688,        9.4387683868
564.036316,        9.3996810913
564.392822,        9.4914903641
564.749390,        9.4906558990
565.105835,        9.3073024750
565.462280,        9.3019275665
565.818726,        9.3416242599
566.175049,        9.2844476700
566.531372,        9.2145471573
566.887573,        9.1749172211
567.243896,        9.0332450867
567.600098,        9.0574388504
567.956299,        9.1261339188
568.312378,        9.0677900314
568.668457,        9.0513286591
569.024475,        9.0091686249
569.380493,        8.9264535904
569.736389,        8.9431200027
570.092346,        9.0119581223
570.448181,        8.9857120514
570.804077,        9.0080146790
571.159790,        8.9711074829
571.515564,        8.9712228775
571.871338,        8.8953819275
572.226929,        8.9245128632
572.582581,        8.9371280670
572.938171,        8.9000034332
573.293701,        8.8318119049
573.649231,        8.8131885529
574.004700,        8.8638639450
574.360107,        8.8491458893
574.715515,        8.8791332245
575.070801,        8.8803157806
575.426086,        8.7707405090
575.781433,        8.7075252533
576.136658,        8.6460685730
576.491821,        8.6309318542
576.846985,        8.6025152206
577.202026,        8.5489234924
577.557129,        8.5022048950
577.912109,        8.4377851486
578.267090,        8.4337139130
578.621948,        8.4460754395
578.976929,        8.4023389816
579.331726,        8.3353443146
579.686523,        8.4732608795
580.041321,        8.4699678421
580.396057,        8.4600257874
580.750732,        8.5857124329
581.105408,        8.5813455582
581.459961,        8.5048809052
581.814575,        8.5189599991
582.169067,        8.4736022949
582.523499,        8.4043283463
582.877991,        8.4801578522
583.232361,        8.5442457199
583.586731,        8.5893888474
583.941040,        8.5787763596
584.295349,        8.5621805191
584.649536,        8.5638313293
585.003784,        8.5371284485
585.357849,        8.7748031616
585.712036,        8.7484598160
586.066040,        8.7235794067
586.420166,        8.7460803986
586.774048,        8.7361927032
587.128052,        8.5530939102
587.481934,        8.4665231705
587.835815,        8.4177675247
588.189636,        8.2933244705
588.543396,        8.3191204071
588.897095,        8.3146610260
589.250732,        8.3011550903
589.604431,        8.3026428223
589.958069,        8.2780513763
590.311646,        8.2306718826
590.665161,        8.1922206879
591.018677,        8.2309627533
591.372070,        8.2818803787
591.725525,        8.3648719788
592.078857,        8.3611507416
592.432190,        8.3410348892
592.785461,        8.2104701996
593.138733,        8.2139062881
593.491821,        8.2276525497
593.845032,        8.2360115051
594.198181,        8.3244419098
594.551270,        8.3933706284
594.904236,        8.3953561783
595.257202,        8.4391202927
595.610168,        8.3849992752
595.963074,        8.3817739487
596.315979,        8.3628749847
596.668823,        8.3679342270
597.021606,        8.5739755630
597.374268,        8.5745830536
597.726990,        8.6343402863
598.079651,        8.6521444321
598.432312,        8.6054716110
598.784851,        8.5288200378
599.137390,        8.5439910889
599.489868,        8.6394548416
599.842285,        8.6209993362
600.194702,        8.5111188889
600.547119,        8.4767389297
600.899414,        8.4184865952
601.251648,        8.3634939194
601.603882,        8.2504262924
601.956116,        8.1709194183
602.308289,        8.1590671539
602.660400,        8.0922212601
603.012451,        8.1267614365
603.364441,        8.0647449493
603.716370,        8.0545949936
604.068359,        8.1672554016
604.420288,        8.0246543884
604.772156,        8.0228357315
605.123962,        7.9737844467
605.475708,        7.9504876137
605.827515,        7.9382681847
606.179138,        7.9721956253
606.530884,        7.9421067238
606.882385,        7.7818498611
607.233948,        7.8862724304
607.585449,        7.8981747627
607.936951,        7.9080929756
608.288452,        7.9440073967
608.639893,        7.9553523064
608.991150,        8.0000925064
609.342468,        8.0485191345
609.693726,        8.2232151031
610.044983,        8.2483396530
610.396240,        8.2349596024
610.747314,        8.2270126343
611.098389,        8.2273359299
611.449463,        8.0998172760
611.800476,        8.0402297974
612.151489,        8.0586490631
612.502441,        8.0066747665
612.853271,        7.9895467758
613.204102,        7.9877548218
613.554932,        8.0112571716
613.905701,        8.0588245392
614.256470,        8.1008348465
614.607178,        8.0112886429
614.957764,        8.0515899658
615.308350,        8.0529527664
615.658875,        7.9755492210
616.009399,        7.9511165619
616.359924,        7.9580216408
616.710327,        7.9197397232
617.060669,        7.7724366188
617.411011,        7.7595090866
617.761292,        7.7652707100
618.111572,        7.7953047752
618.461853,        7.7679128647
618.812012,        7.7990889549
619.162109,        7.8240623474
619.512146,        7.7798366547
619.862183,        7.8040904999
620.212219,        7.8197846413
620.562195,        7.7423467636
620.912048,        7.7117733955
621.261963,        7.6774554253
621.611755,        7.7055444717
621.961548,        7.6891140938
622.311340,        7.6177706718
622.661072,        7.6709790230
623.010681,        7.7071146965
623.360229,        7.7702350616
623.709839,        7.7588939667
624.059387,        7.7337570190
624.408936,        7.7036900520
624.758423,        8.1037673950
625.107727,        8.0721349716
625.457031,        8.0244216919
625.806458,        8.0450210571
626.155762,        8.0530681610
626.504944,        8.0211381912
626.854126,        8.0603151321
627.203308,        8.0377912521
627.552368,        8.0069122314
627.901428,        8.0992488861
628.250488,        8.0667066574
628.599487,        8.0525074005
628.948364,        8.0269699097
629.297241,        8.0218305588
629.646118,        8.0507936478
629.994934,        8.0012607574
630.343689,        7.9678654671
630.692444,        7.8981623650
631.041077,        7.8726515770
631.389648,        8.0064706802
631.738281,        8.0057153702
632.086853,        7.6161770821
632.435364,        7.6503739357
632.783875,        7.8201189041
633.132263,        7.8010635376
633.480591,        7.7120227814
633.828918,        7.6974878311
634.177246,        7.6942420006
634.525513,        7.6992287636
634.873657,        7.6696157455
635.221863,        7.6202406883
635.569946,        7.6147174835
635.918030,        7.5418100357
636.266052,        7.4977898598
636.614136,        7.6788825989
636.962036,        7.6437950134
637.309937,        7.6159467697
637.657776,        7.6152420044
638.005615,        7.7399811745
638.353394,        7.7644667625
638.701111,        7.6101961136
639.048767,        7.5647077560
639.396423,        7.5470485687
639.743958,        7.4913063049
640.091614,        7.3113074303
640.439087,        7.3354616165
640.786560,        7.3680071831
641.133972,        7.3413810730
641.481323,        7.3529748917
641.828735,        7.3259382248
642.176025,        7.3927388191
642.523315,        7.3537364006
642.870483,        7.4007763863
643.217651,        7.4191951752
643.564758,        7.5004959106
643.911804,        7.2885146141
644.258911,        7.6408090591
644.605896,        7.6604475975
644.952820,        7.6623821259
645.299683,        7.5749526024
645.646606,        7.5547075272
645.993469,        7.5741777420
646.340210,        7.5871119499
646.687012,        7.5693106651
647.033630,        7.6334977150
647.380249,        7.6511836052
647.726868,        7.6019058228
648.073425,        7.5810513496
648.419983,        7.5771994591
648.766418,        7.4883327484
649.112854,        7.4812808037
649.459229,        7.4419937134
649.805603,        7.4529790878
650.151855,        7.4350490570
650.498169,        7.3875150681
650.844360,        7.2613739967
651.190552,        7.2623529434
651.536621,        6.8813815117
651.882751,        6.8579459190
652.228760,        6.8512969017
652.574829,        6.7959823608
652.920715,        6.7513494492
653.266602,        6.7740192413
653.612488,        6.8085899353
653.958252,        6.8107047081
654.304077,        6.7273335457
654.649841,        6.7018852234
654.995483,        6.7121424675
655.341064,        6.6868624687
655.686707,        7.2079443932
656.032288,        7.2565035820
656.377808,        7.2582230568
656.723267,        7.2236404419
657.068726,        7.2236456871
657.414063,        7.1860609055
657.759399,        7.2858653069
658.104736,        7.3591909409
658.449951,        7.4205079079
658.795166,        7.3990163803
659.140381,        7.4425978661
659.485474,        7.4818000793
659.830505,        7.4888253212
660.175598,        7.5147972107
660.520569,        7.4899172783
660.865479,        7.4500575066
661.210327,        7.4301257133
661.555237,        7.4376082420
661.900085,        7.4370183945
662.244812,        7.4396252632
662.589539,        7.4127531052
662.934265,        6.9540009499
663.278809,        6.9430427551
663.623413,        6.9576330185
663.968018,        7.0221505165
664.312500,        7.0168242455
664.656921,        7.0229725838
665.001343,        6.9531216621
665.345703,        6.9368557930
665.690063,        6.8788900375
666.034302,        6.9039120674
666.378662,        6.8458013535
666.722778,        6.8087978363
667.066895,        6.7803473473
667.410950,        6.7234940529
667.755066,        6.6476373672
668.099121,        6.6444253922
668.443054,        6.6186637878
668.786987,        6.6287479401
669.130798,        6.6043691635
669.474731,        6.5797181129
669.818481,        6.6327066422
670.162292,        6.6183509827
670.506042,        6.5531263351
670.849670,        6.4896626472
671.193176,        6.4967050552
671.536804,        6.5001564026
671.880371,        6.4796752930
672.223816,        6.4491958618
672.567261,        6.4160704613
672.910645,        6.3718848228
673.254028,        6.3362994194
673.597290,        6.3081412315
673.940613,        6.2557182312
674.283875,        6.2760868073
674.626953,        6.2849154472
674.970093,        6.3251538277
675.313232,        6.3936948776
675.656250,        6.5032696724
675.999268,        6.5742979050
676.342224,        6.6267185211
676.685120,        6.6838316917
677.027893,        6.6432714462
677.370789,        6.6010780334
677.713562,        6.6088819504
678.056335,        6.6888990402
678.398987,        6.6955699921
678.741577,        6.6772208214
679.084167,        6.7160868645
679.426758,        6.7413220406
679.769287,        6.7300305367
680.111755,        6.8188295364
680.454163,        6.8385019302
680.796509,        6.8661003113
681.138794,        6.8825426102
681.481140,        6.8922190666
681.823364,        6.9063720703
682.165588,        6.9171218872
682.507751,        6.8050637245
682.849792,        6.7109622955
683.191833,        6.6173391342
683.533875,        6.6145577431
683.875854,        6.5358614922
684.217834,        6.5706834793
684.559692,        6.6082296371
684.901428,        6.8321733475
685.243286,        6.8176312447
685.585022,        6.7646460533
685.926819,        6.7961020470
686.268372,        6.7524237633
686.609985,        6.7746715546
686.951538,        6.8349242210
687.293091,        6.7803053856
687.634583,        6.8130602837
687.976013,        6.8173818588
688.317322,        6.8351626396
688.658630,        6.8518490791
689.000000,        6.8679838181
689.341248,        6.8860797882
689.682495,        7.0012764931
690.023682,        7.0458984375
690.364746,        7.0951499939
690.705811,        7.1646428108
691.046814,        7.2572865486
691.387817,        7.3049507141
691.728760,        7.2943158150
692.069702,        7.2560920715
692.410522,        7.3869042397
692.751282,        7.4395270348
693.092102,        7.4657907486
693.432800,        7.5806894302
693.773499,        7.5982623100
694.114075,        7.6186447144
694.454651,        7.6953268051
694.795105,        7.7511415482
695.135620,        7.9099340439
695.476135,        7.9979019165
695.816528,        8.1224870682
696.156799,        8.1983604431
696.497131,        8.2902956009
696.837402,        8.3118257523
697.177612,        8.4876108170
697.517822,        8.5755319595
697.857971,        8.6180639267
698.197937,        8.7403354645
698.538025,        8.7969160080
698.877991,        9.0152759552
699.217957,        9.0707330704
699.557922,        9.0907106400
699.897705,        9.2030496597
700.237549,        9.3505401611
700.577271,        9.4816980362
700.916992,        9.6557207108
701.256653,        9.8515586853
701.596313,        9.9983539581
701.935852,       10.1615152359
702.275391,       10.2242879868
702.614868,       10.5761003494
702.954346,       10.6761913300
703.293701,       10.8528223038
703.633118,       11.1327037811
703.972412,       11.3354616165
704.311646,       11.4428062439
704.650818,       11.6076192856
704.990051,       11.8089027405
705.329163,       11.9329366684
705.668274,       12.3070278168
706.007263,       12.3543138504
706.346252,       12.5397682190
706.685181,       12.7142448425
707.024109,       12.8601026535
707.362976,       13.0669384003
707.701721,       13.2605571747
708.040527,       13.3891944885
708.379211,       13.5241851807
708.717896,       13.6900062561
709.056519,       13.8910369873
709.395142,       14.0908718109
709.733582,       14.1240510941
710.072144,       14.3712568283
710.410522,       14.5430669785
710.748962,       14.5985603333
711.087341,       14.7946681976
711.425598,       15.0414142609
711.763855,       15.3220844269
712.102051,       15.7703895569
712.440247,       16.0287837982
712.778320,       16.0926342010
713.116455,       16.3417720795
713.454468,       16.5195636749
713.792419,       16.7610168457
714.130310,       17.0138587952
714.468262,       17.2167663574
714.806091,       17.3973636627
715.143921,       17.6697216034
715.481628,       17.9244689941
715.819397,       18.1741008759
716.156982,       18.4051895142
716.494629,       18.6877079010
716.832214,       18.9015808105
717.169739,       19.1671276093
717.507202,       19.4165744781
717.844543,       19.7455883026
718.182007,       19.9786071777
718.519348,       20.1908550262
718.856689,       20.3596420288
719.193970,       20.3500843048
719.531067,       20.5831222534
719.868164,       20.7899589539
720.205322,       20.9843139648
720.542419,       21.1989841461
720.879456,       21.3860702515
721.216431,       21.6377201080
721.553345,       21.8667068481
721.890198,       22.0986995697
722.227051,       22.2960491180
722.563782,       22.5506095886
722.900635,       22.8303718567
723.237244,       23.0987739563
723.573914,       23.2957668304
723.910461,       23.5343208313
724.247070,       23.6535453796
724.583557,       23.8786029816
724.920044,       24.0163574219
725.256409,       24.2818031311
725.592773,       24.4853839874
725.929077,       24.7034645081
726.265442,       24.9305286407
726.601685,       25.5775604248
726.937866,       25.8691349030
727.273987,       26.1345596313
727.609985,       26.4345054626
727.946045,       26.6989231110
728.282043,       26.9222412109
728.618042,       27.1954116821
728.953979,       27.4172344208
729.289795,       27.6605014801
729.625610,       27.8205833435
729.961426,       28.0654487610
730.297119,       28.3191146851
730.632813,       28.5327949524
730.968384,       28.6954822540
731.304016,       28.9133377075
731.639465,       29.1397686005
731.974976,       29.3811645508
732.310425,       29.5592403412
732.645874,       29.7697849274
732.981201,       30.0252971649
733.316467,       30.2253284454
733.651733,       30.0626487732
733.986938,       30.2480049133
734.322144,       30.4678077698
734.657288,       30.6719207764
734.992310,       30.8904438019
735.327271,       31.2885665894
735.662292,       31.5188465118
735.997253,       31.6931095123
736.332092,       32.0057334900
736.666931,       32.2749214172
737.001709,       32.4945831299
737.336426,       32.6055870056
737.671143,       32.8206138611
738.005798,       33.0315780640
738.340393,       33.2222328186
738.674988,       33.4882888794
739.009399,       33.6982803345
739.343933,       33.9327049255
739.678345,       34.1085777283
740.012756,       34.2658157349
740.347046,       34.4260902405
740.681274,       34.5273246765
741.015503,       34.6924247742
741.349731,       34.8852920532
741.683838,       35.0098915100
742.017944,       35.1655349731
742.351929,       35.1871910095
742.685974,       35.3211135864
743.019897,       35.5557403564
743.353821,       35.6036033630
743.687622,       35.7360916138
744.021484,       35.8539772034
744.355225,       35.9858322144
744.688965,       36.0625495911
745.022583,       36.2636528015
745.356201,       36.4811782837
745.689819,       36.5982666016
746.023376,       36.7077598572
746.356812,       36.8070373535
746.690186,       36.9856491089
747.023621,       37.1455688477
747.356934,       37.2974586487
747.690247,       37.5418052673
748.023499,       37.7153854370
748.356689,       37.8670768738
748.689758,       37.9497604370
749.022888,       38.0642547607
749.355957,       38.1156845093
749.688965,       38.1709823608
750.021912,       38.2381362915
750.354858,       38.3401679993
750.687683,       38.4774932861
751.020447,       38.5747833252
751.353271,       38.7225379944
751.686035,       38.8107490540
752.018677,       38.8719215393
752.351257,       38.8966255188
752.683838,       39.0090217590
753.016357,       39.1554641724
753.348877,       39.2000617981
753.681396,       39.2326774597
754.013672,       39.3354492188
754.346008,       39.4715766907
754.678345,       39.4384841919
755.010559,       39.3872489929
755.342834,       39.4582557678
755.674988,       39.5302124023
756.007080,       39.6065559387
756.339050,       39.6795425415
756.671082,       39.7172164917
757.003052,       39.7489356995
757.335022,       39.7852554321
757.666870,       40.0038681030
757.998657,       40.1330070496
758.330444,       40.2767715454
758.662170,       40.4055557251
758.993896,       40.4439430237
759.325562,       40.4687004089
759.657043,       40.5002555847
759.988586,       40.4829788208
760.320129,       40.5352363586
760.651489,       40.6269531250
760.982971,       40.6574249268
761.314331,       40.6616287231
761.645569,       40.6899948120
761.976807,       40.7723846436
762.308044,       40.7409324646
762.639160,       40.8406753540
762.970276,       40.8681793213
763.301331,       40.8988800049
763.632385,       40.9961471558
763.963257,       41.1202735901
764.294250,       41.1576614380
764.625122,       41.0153846741
764.955933,       41.2349853516
765.286743,       41.1396179199
765.617432,       41.2094345093
765.948120,       41.2132720947
766.278748,       41.3123512268
766.609314,       41.4331970215
766.939880,       41.4346885681
767.270325,       41.5140495300
767.600708,       41.4736938477
767.931152,       41.4115905762
768.261536,       41.4207954407
768.591858,       41.4264984131
768.922119,       41.4865036011
769.252258,       41.6180572510
769.582397,       41.6128845215
769.912537,       41.6535873413
770.242615,       41.7979965210
770.572632,       41.8080406189
770.902588,       41.8283653259
771.232483,       42.0573043823
771.562256,       41.9763259888
771.892151,       41.6219520569
772.221863,       41.6178703308
772.551697,       41.5925216675
772.881287,       41.6362152100
773.210938,       41.5558319092
773.540466,       41.4224967957
773.870056,       41.5130729675
774.199463,       41.5184936523
774.528992,       41.7114372253
774.858337,       41.7338905334
775.187622,       41.7583541870
775.516968,       41.8103523254
775.846191,       41.8086929321
776.175415,       41.7227363586
776.504578,       41.7358474731
776.833618,       41.8243064880
777.162598,       41.7565002441
777.491638,       41.6502304077
777.820618,       41.6008796692
778.149536,       41.3872795105
778.478394,       41.4351310730
778.807190,       41.5042037964
779.135864,       41.5841598511
779.464600,       41.5176963806
779.793335,       41.4765129089
780.121948,       41.5238304138
780.450439,       41.4972267151
780.778931,       41.5310707092
781.107422,       41.4788856506
781.435913,       41.3984909058
781.764282,       41.4590530396
782.092651,       41.4545745850
782.420837,       41.4141387939
782.749023,       41.4029655457
783.077209,       41.4539794922
783.405396,       41.3968544006
783.733521,       41.3339500427
784.061462,       41.2509651184
784.389465,       41.3342247009
784.717346,       41.3143005371
785.045288,       41.3434143066
785.373108,       41.3156433105
785.700928,       41.2727012634
786.028625,       41.1284751892
786.356384,       41.1802330017
786.683960,       41.2622108459
787.011536,       41.3004379272
787.339111,       41.3886871338
787.666687,       41.2602767944
787.994019,       41.2676849365
788.321411,       41.1797714233
788.648804,       41.1441459656
788.976135,       41.0867919922
789.303406,       41.1812324524
789.630615,       41.2299652100
789.957703,       41.1557006836
790.284851,       41.2486000061
790.611877,       41.1927986145
790.938904,       41.1897468567
791.265930,       41.1913604736
791.592773,       41.2461204529
791.919678,       41.2419013977
792.246460,       41.2710647583
792.573242,       41.2977561951
792.899963,       41.4354629517
793.226685,       41.4264068604
793.553284,       41.3754539490
793.879822,       41.3888587952
794.206299,       41.3080673218
794.532776,       41.3818969727
794.859253,       41.4373626709
795.185669,       41.4706497192
795.511902,       41.4333953857
795.838196,       41.4613914490
796.164490,       41.3407592773
796.490601,       41.2625160217
796.816833,       41.3074417114
797.142883,       41.2986946106
797.468933,       41.2644119263
797.794861,       41.2915306091
798.120789,       41.3185234070
798.446716,       41.3209228516
798.772583,       41.3416366577
799.098328,       41.3292198181
799.424072,       41.3681182861
799.749756,       41.3434944153
800.075439,       41.3262634277
800.401001,       41.3016853333
800.726624,       41.2433357239
801.052063,       41.5098304749
801.377441,       41.4425773621
801.702881,       41.3626327515
802.028198,       41.4727058411
802.353516,       41.6923065186
802.678833,       41.6918563843
803.004028,       41.8180198669
803.329102,       41.8843994141
803.654236,       41.8175811768
803.979248,       41.9315681458
804.304321,       41.9534721375
804.629272,       41.9413337708
804.954163,       41.9750175476
805.278931,       41.9220809937
805.603821,       41.8998031616
805.928589,       41.9264411926
806.253357,       41.9243621826
806.577942,       41.9545364380
806.902588,       42.1019477844
807.227112,       42.1145286560
807.551575,       42.2704048157
807.876099,       42.1398506165
808.200500,       42.3366127014
808.524841,       42.4439697266
808.849121,       42.3955650330
809.173401,       42.2598724365
809.497620,       42.1942367554
809.821838,       42.1751861572
810.145996,       42.1259155273
810.469971,       42.2685966492
810.793945,       42.0905151367
811.117981,       42.1290054321
811.441956,       42.1604385376
811.765808,       42.1532173157
812.089600,       42.1978874207
812.413391,       42.2073173523
812.737061,       42.2273559570
813.060730,       42.1994476318
813.384338,       42.1960906982
813.708008,       42.0407371521
814.031433,       42.0684051514
814.354919,       41.9654998779
814.678345,       41.8315811157
815.001709,       41.7378387451
815.325073,       41.6499290466
815.648376,       41.6052207947
815.971558,       41.5858573914
816.294678,       41.6887588501
816.617798,       41.6452636719
816.940918,       41.6690216064
817.263977,       41.5951538086
817.586853,       41.6795043945
817.909851,       41.7009506226
818.232727,       41.7021331787
818.555542,       41.7198371887
818.878296,       41.7409820557
819.201050,       41.7965240479
819.523682,       41.8572502136
819.846375,       41.9343605042
820.168884,       42.0102615356
820.491455,       42.0721397400
820.813904,       42.2551536560
821.136353,       42.2881240845
821.458740,       42.4574470520
821.781128,       42.3882904053
822.103333,       42.4659729004
822.425598,       42.5710449219
822.747803,       42.5857467651
823.069824,       42.5327301025
823.391968,       42.5109367371
823.713989,       42.5768775940
824.035950,       42.7222747803
824.357849,       42.6247940063
824.679810,       42.6167716980
825.001587,       42.6241264343
825.323425,       42.5988006592
825.645142,       42.6141548157
825.966736,       42.5743331909
826.288391,       42.4334869385
826.610046,       42.3152809143
826.931458,       42.2130508423
827.253052,       42.2824096680
827.574402,       42.2212600708
827.895813,       42.3062210083
828.217163,       42.2244338989
828.538391,       42.2789382935
828.859619,       42.2215766907
829.180786,       42.1036224365
829.501953,       42.1510276794
829.822998,       42.1673660278
830.144043,       42.2306938171
830.464966,       42.2483634949
830.785950,       42.0195770264
831.106812,       42.0800132751
831.427673,       42.1073684692
831.748474,       42.0613632202
832.069214,       42.1726875305
832.389771,       42.1375350952
832.710449,       42.1214599609
833.031067,       42.2232856750
833.351563,       42.2743835449
833.672058,       42.3120918274
833.992371,       42.2015609741
834.312805,       42.1087265015
834.633179,       41.9908370972
834.953369,       41.9322319031
835.273621,       41.9451904297
835.593811,       41.9599151611
835.913940,       41.9807929993
836.234009,       41.9111557007
836.554077,       41.9792671204
836.874023,       42.1985054016
837.193909,       42.1381607056
837.513794,       42.2074737549
837.833618,       42.1900672913
838.153381,       42.1210861206
838.473145,       42.1668891907
838.792786,       42.0675964355
839.112366,       42.0358657837
839.432007,       42.0848388672
839.751465,       42.0349769592
840.070984,       42.0026817322
840.390381,       42.0590591431
840.709656,       42.0997123718
841.028992,       42.2463684082
841.348267,       42.3380088806
841.667480,       42.3465232849
841.986633,       42.3098106384
842.305725,       42.3345146179
842.624817,       42.3191184998
842.943848,       42.4021034241
843.262756,       42.4310188293
843.581665,       42.1237106323
843.900574,       42.2043304443
844.219360,       42.2345504761
844.538147,       42.3233108521
844.856812,       42.4413719177
845.175415,       42.4460144043
845.494080,       42.4524917603
845.812683,       42.4979133606
846.131104,       42.6590843201
846.449585,       42.6270675659
846.768005,       42.7515220642
847.086304,       42.8138771057
847.404663,       42.8728065491
847.722839,       42.6292419434
848.041077,       42.5260200500
848.359192,       42.5863380432
848.677246,       42.6191329956
848.995361,       42.6733474731
849.313354,       42.6952590942
849.631226,       42.6502914429
849.949158,       42.6046714783
850.267029,       42.7484436035
850.584778,       42.7027626038
850.902527,       42.7660217285
851.220276,       42.7023468018
851.537842,       42.6549873352
851.855469,       42.6469879150
852.173035,       42.7381553650
852.490417,       42.8041076660
852.807861,       42.6510848999
853.125305,       42.8581809998
853.442627,       42.7310142517
853.759888,       42.5635414124
854.077087,       42.4529953003
854.394287,       42.5937156677
854.711426,       42.6915969849
855.028442,       42.6569595337
855.345459,       42.7652664185
855.662537,       42.7927665710
855.979370,       42.8265495300
856.296265,       42.7958259583
856.613098,       42.7209663391
856.929871,       42.6595916748
857.246582,       42.6098213196
857.563232,       42.5761871338
857.879822,       42.7172393799
858.196411,       42.6717491150
858.512939,       42.6919059753
858.829346,       42.6184082031
859.145813,       42.5827674866
859.462158,       42.5530166626
859.778442,       42.4935989380
860.094666,       42.5598373413
860.410889,       42.5947151184
860.726990,       42.6313591003
861.043152,       42.5886535645
861.359192,       42.5119209290
861.675232,       42.5623207092
861.991150,       42.4551887512
862.307007,       42.5068359375
862.622864,       42.5325393677
862.938660,       42.5725173950
863.254333,       42.6596336365
863.570068,       42.7156944275
863.885742,       42.8180007935
864.201233,       42.7739334106
864.516846,       42.7067642212
864.832336,       42.7270889282
865.147766,       42.8023300171
865.463135,       42.8327827454
865.778503,       42.8235015869
866.093750,       42.8732299805
866.408997,       42.9473381042
866.724182,       43.0016822815
867.039246,       42.9987564087
867.354309,       43.0595092773
867.669312,       43.0985374451
867.984314,       43.1575851440
868.299194,       43.1110992432
868.614075,       43.1140708923
868.928833,       43.0684318542
869.243652,       42.9505653381
869.558289,       42.9734420776
869.872986,       42.9411544800
870.187622,       42.8382873535
870.502136,       42.7402572632
870.816650,       42.7726631165
871.131165,       42.7700462341
871.445496,       42.7849769592
871.759827,       42.7496337891
872.074158,       42.7191390991
872.388367,       42.7308883667
872.702576,       42.7310180664
873.016785,       42.6286087036
873.330750,       42.5850372314
873.644897,       42.6822776794
873.958801,       42.6233177185
874.272705,       42.5545692444
874.586670,       42.5474357605
874.900452,       42.4915008545
875.214172,       42.4467239380
875.527954,       42.3870315552
875.841614,       42.3488006592
876.155273,       42.3260536194
876.468811,       42.3336524963
876.782288,       42.4373168945
877.095764,       42.4752502441
877.409241,       42.4956398010
877.722534,       42.4915924072
878.035889,       42.5166244507
878.349121,       42.5453262329
878.662292,       42.4617996216
878.975464,       42.4657363892
879.288574,       42.5881881714
879.601624,       42.6004028320
879.914612,       42.5525703430
880.227600,       42.4397583008
880.540405,       42.4694824219
880.853271,       42.4849433899
881.166016,       42.4613914490
881.478821,       42.5117225647
881.791504,       42.5296440125
882.104065,       42.5476264954
882.416626,       42.6005859375
882.729187,       42.6322135925
883.041626,       42.6709938049
883.354065,       42.6834030151
883.666443,       42.6383399963
883.978760,       42.5298614502
884.291016,       42.6739654541
884.603271,       42.5697898865
884.915344,       42.5560340881
885.227539,       42.7436370850
885.539551,       42.7107353210
885.851501,       42.5807991028
886.163513,       42.4798164368
886.475464,       42.4667701721
886.787231,       42.4587516785
887.099060,       42.3985061646
887.410767,       42.3529548645
887.722412,       42.3700256348
888.034119,       42.4524955750
888.345642,       42.4120521545
888.657227,       42.3678398132
888.968689,       42.4277496338
889.280090,       42.4301986694
889.591492,       42.4725074768
889.902832,       42.4550170898
890.213989,       42.5048713684
890.525269,       42.5532722473
890.836487,       42.3923835754
891.147522,       42.6871566772
891.458618,       45.1589660645
891.769653,       45.0024948120
892.080566,       45.0361747742
892.391479,       45.0031547546
892.702332,       45.0830688477
893.013123,       45.1741180420
893.323853,       45.2314567566
893.634521,       45.2368812561
893.945129,       45.4189453125
894.255798,       45.4236488342
894.566223,       45.3616638184
894.876770,       45.4758720398
895.187195,       45.4847526550
895.497498,       45.4983253479
895.807861,       45.4893531799
896.118164,       45.4359512329
896.428345,       45.4552993774
896.738525,       45.5802612305
897.048645,       45.5783500671
897.358643,       45.6571121216
897.668701,       45.5925140381
897.978638,       42.9510345459
898.288513,       42.9359130859
898.598389,       43.0178070068
898.908142,       43.0820236206
899.217896,       43.0660591125
899.527588,       43.1942062378
899.837219,       43.2057151794
900.146790,       43.4144248962
900.456360,       43.3343162537
900.765747,       43.3583564758
901.075195,       43.4430732727
901.384583,       43.5187263489
901.693848,       43.5505409241
902.003174,       43.5064735413
902.312378,       43.5990791321
902.621460,       43.5830459595
902.930603,       43.5180397034
903.239685,       43.3714637756
903.548645,       43.4189186096
903.857605,       43.3792953491
904.166504,       43.2215690613
904.475281,       43.1976242065
904.784058,       43.3216629028
905.092896,       43.2096900940
905.401489,       43.2100219727
905.710144,       43.1661262512
906.018738,       43.0508232117
906.327209,       43.1026878357
906.635681,       42.9713134766
906.944031,       42.9275436401
907.252441,       42.9867973328
907.560730,       42.9286041260
907.869019,       42.8067169189
908.177185,       42.8360786438
908.485352,       42.8580970764
908.793396,       42.9947929382
909.101501,       43.0796165466
909.409485,       43.1815643311
909.717407,       43.1681442261
910.025269,       43.1622200012
910.333130,       43.1925582886
910.640869,       43.2247238159
910.948608,       43.1799392700
911.256287,       43.1685676575
911.563843,       43.1523513794
911.871399,       43.1194839478
912.178955,       43.2530059814
912.486389,       43.2531166077
912.793823,       43.2065582275
913.101135,       43.1839447021
913.408386,       43.1869430542
913.715637,       43.1357154846
914.022827,       43.7062797546
914.329956,       43.8046035767
914.637085,       43.7647628784
914.944031,       43.7677726746
915.251038,       43.4945373535
915.557983,       43.5183181763
915.864807,       43.3954696655
916.171631,       43.4719123840
916.478455,       43.4457321167
916.785095,       43.5651893616
917.091736,       43.5687141418
917.398376,       43.7734909058
917.704834,       43.7316436768
918.011414,       43.7821731567
918.317810,       43.7472801208
918.624207,       43.7988929749
918.930542,       43.7730827332
919.236816,       43.7104225159
919.542969,       43.7884407043
919.849182,       43.7657165527
920.155273,       43.7623023987
920.461304,       43.2288703918
920.767334,       43.2135772705
921.073242,       43.1904754639
921.379211,       43.2763442993
921.685059,       43.3529052734
921.990784,       43.2464027405
922.296570,       43.2905960083
922.602295,       43.2291755676
922.907898,       43.7647857666
923.213440,       43.5413169861
923.518982,       43.5428810120
923.824463,       43.4214286804
924.129883,       43.3682518005
924.435242,       43.3670578003
924.740540,       43.4841995239
925.045776,       43.3491935730
925.351013,       43.5163002014
925.656128,       43.5656280518
925.961243,       43.6539955139
926.266235,       43.7401580811
926.571167,       43.9506340027
926.876160,       43.8211975098
927.181030,       43.8246688843
927.485840,       43.8869094849
927.790588,       43.8024368286
928.095276,       43.7612991333
928.399963,       44.1945915222
928.704590,       44.4104309082
929.009094,       44.5520324707
929.313599,       44.3461265564
929.618103,       44.3921432495
929.922424,       44.3441276550
930.226807,       44.2616729736
930.531067,       44.2607955933
930.835266,       44.3337097168
931.139465,       44.2508316040
931.443542,       44.3236541748
931.747620,       44.2868843079
932.051697,       44.3505706787
932.355652,       44.1922950745
932.659485,       44.1892814636
932.963379,       43.9566688538
933.267090,       44.1277313232
933.570801,       44.0530929565
933.874573,       44.0061798096
934.178162,       44.1061286926
934.481689,       44.3252067566
934.785278,       43.9192619324
935.088745,       43.5918350220
935.392151,       43.7157821655
935.695496,       43.3760414124
935.998779,       43.3838920593
936.302063,       43.4061355591
936.605225,       43.7208824158
936.908386,       43.8808059692
937.211426,       43.8475265503
937.514465,       43.8762702942
937.817444,       43.6882667542
938.120422,       43.8438224792
938.423279,       43.9334869385
938.726013,       44.4511871338
939.028809,       44.4560623169
939.331482,       44.5384674072
939.634155,       44.3713989258
939.936768,       44.4443321228
940.239258,       44.4433631897
940.541809,       44.3720893860
940.844238,       44.1799583435
941.146606,       44.1677856445
941.448914,       44.2468872070
941.751221,       44.1030426025
942.053345,       44.1568412781
942.355530,       44.0658531189
942.657654,       44.0057640076
942.959656,       43.9968452454
943.261658,       43.8684501648
943.563599,       43.8474273682
943.865479,       43.9585647583
944.167358,       44.0612602234
944.469177,       43.9890403748
944.770813,       43.8216056824
945.072510,       43.2692985535
945.374084,       43.2613983154
945.675659,       43.0108833313
945.977173,       43.0568046570
946.278564,       43.0386199951
946.580017,       43.2505378723
946.881348,       43.1666984558
947.182617,       43.2543678284
947.483826,       43.1112174988
947.785034,       43.1443786621
948.086060,       43.2468299866
948.387207,       43.1651115417
948.688232,       43.3623809814
948.989075,       43.5650329590
949.290039,       43.2751159668
949.590942,       43.2759284973
949.891663,       43.3192710876
950.192444,       43.1109313965
950.493164,       43.1774063110
950.793701,       42.9749221802
951.094299,       42.9298934937
951.394836,       42.9659309387
951.695251,       44.3367767334
951.995667,       44.5789299011
952.295959,       44.6069068909
952.596313,       44.6443099976
952.896545,       44.6942253113
953.196716,       44.7211189270
953.496826,       44.6320266724
953.796936,       44.7848358154
954.096863,       44.7813873291
954.396912,       44.6112594604
954.696777,       44.6204261780
954.996643,       44.6026268005
955.296448,       44.7690963745
955.596191,       44.8341140747
955.895813,       44.9957160950
956.195496,       45.1254234314
956.495117,       45.5759010315
956.794556,       45.4962272644
957.094055,       45.3077774048
957.393494,       46.0302810669
957.692810,       46.1612548828
957.992126,       44.7317581177
958.291321,       44.6278495789
958.590637,       44.6342620850
958.889709,       44.5190162659
959.188782,       44.4317169189
959.487793,       44.5269775391
959.786804,       44.6214866638
960.085693,       44.5972213745
960.384460,       44.7173118591
960.683472,       44.8673019409
960.982056,       44.9252662659
961.280823,       45.2153091431
961.579407,       44.9680213928
961.877930,       44.8174667358
962.176575,       44.7331161499
962.474915,       44.3984375000
962.773376,       44.1026763916
963.071777,       44.1957588196
963.370056,       44.3455085754
963.668335,       43.5147590637
963.966431,       43.3956756592
964.264709,       43.3001937866
964.562744,       43.6596679688
964.860718,       43.8513603210
965.158691,       44.0984802246
965.456543,       44.2511672974
965.754578,       44.4365539551
966.052307,       44.5051612854
966.350037,       44.5820312500
966.647705,       44.4444351196
966.945251,       44.6986389160
967.243042,       44.7050552368
967.540405,       44.1617774963
967.837952,       44.3308792114
968.135376,       44.5115203857
968.432739,       44.9998435974
968.730042,       45.3283386230
969.027222,       45.2742691040
969.324524,       45.1541900635
969.621521,       45.1086845398
969.918701,       45.1984672546
970.215698,       45.2412185669
970.512573,       45.2843475342
970.809631,       45.1723022461
971.106384,       44.9009399414
971.403198,       45.1098327637
971.700012,       44.8701896667
971.996521,       44.5547332764
972.293335,       44.7591362000
972.589783,       44.9165153503
972.886353,       44.9999885559
973.182861,       44.4541702271
973.479309,       44.5281295776
973.775635,       44.7933273315
974.071838,       45.1272888184
974.368225,       44.9569206238
974.664368,       44.6353607178
974.960449,       44.4120140076
975.256592,       44.3960113525
975.552490,       44.8455810547
975.848633,       45.0349159241
976.144409,       45.3472366333
976.440247,       45.3896980286
976.736023,       45.8617668152
977.031738,       45.9255027771
977.327515,       46.1980934143
977.623047,       46.1338348389
977.918640,       46.3188819885
978.214172,       46.4280395508
978.509644,       45.8977394104
978.805115,       45.8575439453
979.100281,       45.9464645386
979.395752,       46.3236045837
979.690857,       46.5871887207
979.986084,       46.3704032898
980.281250,       45.9355659485
980.576172,       46.3083992004
980.871338,       46.0998229980
981.166199,       46.2829666138
981.461121,       46.4980621338
981.755920,       46.1419563293
982.050781,       46.4731826782
982.345520,       46.3275642395
982.640076,       46.2772064209
982.934814,       45.8172645569
983.229309,       45.3850250244
983.523804,       45.4513092041
983.818298,       45.1248512268
984.112610,       44.8612365723
984.407043,       47.2202987671
984.701233,       47.9357833862
984.995483,       47.8546600342
985.289612,       47.8881874084
985.583618,       47.6835327148
985.877869,       47.7232322693
986.171753,       47.7528648376
986.465698,       47.8645057678
986.759583,       47.8566131592
987.053467,       48.7129898071
987.347290,       48.5081367493
987.640869,       48.3042221069
987.934631,       48.2983360291
988.228149,       47.8692779541
988.521667,       47.8112335205
988.815186,       48.1099739075
989.108582,       48.3348159790
989.402039,       48.5268783569
989.695313,       48.4178543091
989.988525,       48.6191787720
990.281738,       48.8713188171
990.574829,       46.5577583313
990.868042,       46.1212158203
991.161011,       46.5146331787
991.453979,       46.6631126404
991.746948,       47.3138618469
992.039795,       47.5800361633
992.332642,       48.6823387146
992.625305,       48.5900764465
992.918091,       48.4850692749
993.210632,       49.0728530884
993.503235,       49.4197120667
993.795837,       51.2920379639
994.088196,       51.2846298218
994.380676,       51.6469001770
994.672913,       52.0431976318
994.965271,       53.3173980713
995.257568,       53.5756225586
995.549622,       54.2543754578
995.841858,       54.8813896179
996.133850,       55.0161018372
996.425903,       55.1825447083
996.717834,       54.9465255737
997.009766,       54.6677398682
997.301636,       54.2526435852
997.593323,       54.1907615662
997.885193,       53.5757484436
998.176758,       52.8021469116
998.468384,       52.5540046692
998.760010,       52.6175994873
999.051392,       52.9524383545
999.342957,       52.1007652283
999.634277,       51.8778457642
999.925598,       50.0717582703
1000.216919,       50.6633148193
1000.508118,       50.9862480164
1000.799255,       50.6016654968
1001.090271,       49.1654739380
1001.381470,       48.7112770081
1001.672363,       48.4464836121
1001.963257,       47.4101791382
1002.254150,       47.1781463623
1002.544922,       47.0616035461
1002.835815,       47.0300827026
1003.126404,       47.3291740417
1003.417114,       47.5260772705
1003.707703,       47.4458312988
1003.998108,       47.6715621948
1004.288757,       48.1937446594
1004.579041,       47.3333816528
1004.869385,       47.1135101318
1005.159729,       47.1488952637
1005.450012,       46.3173675537
1005.740173,       46.5206565857
1006.030212,       46.3302192688
1006.320435,       46.0847091675
1006.610352,       45.8486099243
1006.900330,       45.6763038635
1007.190247,       46.2754478455
1007.479980,       46.2380523682
1007.769897,       45.3869247437
1008.059509,       45.9029159546
1008.349243,       45.7657737732
1008.638855,       45.4830093384
1008.928345,       46.2599601746
1009.217896,       46.4083480835
1009.507263,       46.4403762817
1009.796753,       46.3004226685
1010.086060,       45.9829673767
1010.375366,       45.6261024475
1010.664551,       45.3289947510
1010.953674,       45.1055679321
1011.242920,       45.7749862671
1011.531738,       46.1911697388
1011.820801,       45.9102134705
1012.109741,       46.2829513550
1012.398499,       46.8946990967
1012.687439,       47.7417068481
1012.976074,       48.3008575439
1013.264771,       48.0911331177
1013.553406,       48.3898506165
1013.842041,       48.5600891113
1014.130554,       47.9911918640
1014.418884,       48.4650611877
1014.707336,       48.7976799011
1014.995789,       48.3464584351
1015.284058,       48.4245643616
1015.572327,       48.5662422180
1015.860413,       48.5808563232
1016.148621,       48.3532028198
1016.436523,       48.9599189758
1016.724609,       49.2192459106
1017.012573,       50.0881652832
1017.300354,       49.0676918030
1017.588318,       48.1941757202
1017.875977,       50.0854148865
1018.163757,       50.1012191772
1018.451416,       49.6949462891
1018.739014,       50.4027481079
1019.026611,       50.3398818970
1019.313904,       49.6706924438
1019.601440,       49.2078437805
1019.888733,       49.2978134155
1020.176086,       50.7419815063
1020.463318,       51.4075775146
1020.750549,       51.4961700439
1021.037720,       51.7467498779
1021.324707,       53.4877853394
1021.611694,       53.5022315979
1021.898682,       54.4556083679
1022.185547,       55.3673400879
1022.472595,       54.6179885864
1022.759216,       55.0886077881
1023.045959,       55.2591857910
1023.332581,       57.8676147461
1023.619324,       58.8078269958
1023.905884,       57.7201728821
1024.192261,       58.0547676086
1024.478882,       57.8243675232
1024.765137,       56.5975532532
1025.051514,       57.2828292847
1025.337769,       57.3953933716
1025.623779,       58.2671585083
1025.910034,       60.6132278442
1026.196045,       91.2250213623
1026.482178,       54.5350074768
1026.768066,       51.3176155090
1027.053955,       55.5072441101
1027.339966,       43.1118354797
1027.625610,       68.5912246704
1027.911377,       63.3413505554
1028.197144,       49.0136566162
1028.482666,       55.4803848267
1028.768311,       85.0790557861
