339.817139,        0.0000000000
340.196106,        0.0000000000
340.575104,      192.8572540283
340.954010,      339.5348510742
341.332886,      179.2453460693
341.711761,      162.9629211426
342.090576,       99.5260620117
342.469360,      109.6590881348
342.848114,       71.7241592407
343.226868,        0.0000000000
343.605560,       79.3966140747
343.984192,       77.8033828735
344.362854,       77.0911941528
344.741425,       77.9529418945
345.119995,       81.7230529785
345.498535,       82.9248504639
345.877014,       82.6031951904
346.255463,       82.6646957397
346.633881,       82.7272033691
347.012299,       81.6572799683
347.390625,       79.7803649902
347.768951,       77.6018295288
348.147278,       77.8368148804
348.525513,       80.0767364502
348.903748,       80.8488922119
349.281952,       81.6881561279
349.660126,       81.8794326782
350.038239,       81.4252166748
350.416321,       81.3890838623
350.794373,       80.8255538940
351.172394,       80.1357955933
351.550385,       79.0380401611
351.928375,       79.0412216187
352.306305,       80.9581832886
352.684174,       80.2620239258
353.062042,       80.2454147339
353.439880,       78.9358978271
353.817657,       78.9116516113
354.195404,       79.2720870972
354.573151,       77.0528945923
354.950836,       79.8465042114
355.328461,       82.0882949829
355.706116,       82.7065734863
356.083710,       95.1710128784
356.461243,       94.5942382813
356.838806,       94.2555236816
357.216248,       93.6730117798
357.593719,       93.2776184082
357.971161,       93.7240676880
358.348541,       93.2875900269
358.725891,       92.7704544067
359.103210,       93.4931564331
359.480530,       92.7909011841
359.857758,       93.4698257446
360.234955,       92.5048980713
360.612183,       93.2521972656
360.989319,       92.3276290894
361.366425,       93.5437164307
361.743530,       94.8942260742
362.120575,       94.2897949219
362.497559,       93.9477005005
362.874573,       92.8115768433
363.251526,       91.8663711548
363.628418,       91.3921127319
364.005310,       74.8692245483
364.382202,       73.9186401367
364.759003,       71.8805618286
365.135773,       71.6594314575
365.512482,       72.0651626587
365.889221,       72.4224853516
366.265900,       72.5730590820
366.642517,       71.8387069702
367.019165,       70.9585571289
367.395721,       73.7329635620
367.772278,       72.7867507935
368.148804,       71.1488189697
368.525269,       70.9309768677
368.901672,       72.3541336060
369.278107,       70.6454086304
369.654480,       65.1089324951
370.030823,       67.2235412598
370.407104,       67.0261535645
370.783386,       65.7818374634
371.159637,       66.3991088867
371.535828,       67.9395599365
371.912018,       67.8601531982
372.288116,       67.3117141724
372.664246,       68.9863433838
373.040283,       70.3803558350
373.416351,       70.0789947510
373.792328,       68.3741607666
374.168274,       67.9633712769
374.544250,       69.0450057983
374.920105,       70.6522064209
375.295959,       68.4990234375
375.671814,       70.2791900635
376.047607,       71.4130096436
376.423370,       70.8110809326
376.799103,       69.0013122559
377.174774,       68.4883956909
377.550415,       69.4115142822
377.926056,       65.9129180908
378.301636,       66.9206161499
378.677185,       67.9733657837
379.052673,       71.7224197388
379.428192,       72.2546081543
379.803650,       72.6934280396
380.179047,       72.9664001465
380.554443,       72.3513870239
380.929779,       72.1029968262
381.305084,       71.0142440796
381.680359,       72.4706802368
382.055634,       72.3773803711
382.430817,       72.1724472046
382.805969,       70.4290313721
383.181152,       71.5493469238
383.556244,       70.5158767700
383.931274,       70.7277145386
384.306366,       71.8115844727
384.681366,       71.3778457642
385.056305,       73.5799942017
385.431274,       73.4188613892
385.806152,       76.0155639648
386.181000,       74.6026077271
386.555817,       73.4103622437
386.930634,       68.1759796143
387.305389,       66.3233184814
387.680084,       65.0120620728
388.054810,       65.0912628174
388.429474,       65.2409667969
388.804047,       63.6210327148
389.178650,       64.2710037231
389.553192,       61.6482429504
389.927734,       61.8897972107
390.302185,       62.9401016235
390.676666,       62.8124313354
391.051086,       60.6093750000
391.425446,       59.0133972168
391.799805,       58.5433235168
392.174133,       56.9441680908
392.548370,       56.8728752136
392.922638,       55.0767250061
393.296844,       56.6612052917
393.670990,       51.9105453491
394.045135,       51.7849922180
394.419220,       50.3309555054
394.793304,       53.0815048218
395.167328,       53.0764770508
395.541321,       54.7131423950
395.915283,       54.3897552490
396.289185,       56.2107086182
396.663116,       56.6454353333
397.036957,       55.3473587036
397.410736,       55.7199401855
397.784546,       55.8437118530
398.158325,       53.9700584412
398.532013,       54.1442413330
398.905670,       53.9971275330
399.279358,       58.9229698181
399.652954,       58.3493232727
400.026520,       57.7560501099
400.400085,       58.6241226196
400.773560,       59.0896148682
401.147034,       57.0361785889
401.520508,       56.5217742920
401.893890,       57.0130119324
402.267242,       57.7992782593
402.640564,       56.7007675171
403.013855,       56.3309059143
403.387146,       54.5959777832
403.760345,       54.9697875977
404.133514,       56.7310943604
404.506683,       55.9560012817
404.879791,       57.5719718933
405.252869,       58.0082168579
405.625946,       56.3243675232
405.998962,       54.9467086792
406.371918,       56.2946128845
406.744873,       56.1808471680
407.117798,       52.3290863037
407.490631,       52.5318260193
407.863525,       52.1008605957
408.236298,       52.4216842651
408.609039,       55.9680938721
408.981842,       55.7560081482
409.354523,       57.7881050110
409.727173,       56.6509056091
410.099792,       55.8448791504
410.472382,       54.7163352966
410.844910,       54.6799468994
411.217438,       53.2137870789
411.589935,       52.2647438049
411.962402,       47.9873046875
412.334778,       50.7806777954
412.707153,       49.5915870667
413.079498,       47.9315681458
413.451813,       47.8747406006
413.824066,       48.7264709473
414.196350,       45.9355964661
414.568512,       46.1237564087
414.940674,       45.5690879822
415.312805,       44.5458183289
415.684906,       44.6703605652
416.056946,       49.2033576965
416.429016,       45.9546737671
416.800964,       46.1865806580
417.172913,       44.9990043640
417.544830,       45.5223693848
417.916718,       46.0477333069
418.288574,       45.7907867432
418.660370,       44.4434242249
419.032135,       44.8356018066
419.403870,       44.0285186768
419.775574,       43.9649429321
420.147247,       41.2225379944
420.518860,       41.8159599304
420.890472,       41.8387451172
421.262024,       41.8049507141
421.633545,       41.7148704529
422.005005,       42.7412300110
422.376495,       41.7406234741
422.747925,       41.5516777039
423.119293,       41.6245460510
423.490601,       42.0332984924
423.861938,       35.5918350220
424.233215,       35.2203025818
424.604462,       35.5019836426
424.975647,       34.1504058838
425.346832,       33.1471328735
425.717926,       32.0372657776
426.089050,       31.4509353638
426.460083,       30.7752189636
426.831085,       29.9378395081
427.202087,       29.4211902618
427.572998,       29.9266586304
427.943939,       30.2105178833
428.314819,       29.4235324860
428.685669,       29.0286979675
429.056458,       29.3834304810
429.427246,       28.4588718414
429.797943,       27.2624073029
430.168701,       27.4725189209
430.539337,       27.2861652374
430.909943,       26.8624191284
431.280548,       27.1865329742
431.651093,       28.4430274963
432.021606,       28.9546108246
432.392120,       27.7000942230
432.762543,       27.4725914001
433.132965,       27.1575565338
433.503326,       27.6562519073
433.873688,       27.7271175385
434.243958,       27.4626998901
434.614227,       26.7192325592
434.984467,       27.3881130219
435.354645,       26.6304435730
435.724792,       25.3725051880
436.094910,       23.9895381927
436.464996,       24.4366111755
436.835052,       26.4885044098
437.205048,       26.4959774017
437.575043,       27.9500694275
437.944977,       27.4007472992
438.314880,       27.8254623413
438.684753,       27.6357059479
439.054565,       26.6819305420
439.424377,       26.3243293762
439.794128,       25.6467170715
440.163849,       26.2208633423
440.533508,       28.6673717499
440.903198,       28.5612640381
441.272797,       28.8381614685
441.642334,       29.2189540863
442.011902,       29.7257804871
442.381409,       30.6952838898
442.750854,       30.5654468536
443.120300,       30.8933162689
443.489655,       30.9651050568
443.859039,       31.7874050140
444.228333,       31.7294902802
444.597626,       29.4993610382
444.966888,       29.6287765503
445.336060,       27.9442749023
445.705231,       27.4437160492
446.074402,       26.5094280243
446.443512,       26.5916023254
446.812531,       26.4802017212
447.181610,       25.5231380463
447.550568,       25.2434577942
447.919525,       24.7568798065
448.288483,       22.5735969543
448.657349,       22.4326705933
449.026154,       21.3393974304
449.394989,       21.0456943512
449.763763,       21.6358566284
450.132477,       21.0014171600
450.501190,       20.2910881042
450.869812,       19.3090820313
451.238464,       18.9976387024
451.607025,       18.3915252686
451.975586,       18.8638305664
452.344116,       18.8864269257
452.712585,       19.2306213379
453.081024,       19.5126838684
453.449463,       19.7207145691
453.817810,       19.5684566498
454.186127,       19.0750522614
454.554413,       39.3172760010
454.922668,       39.6307601929
455.290894,       39.0819816589
455.659088,       38.6514663696
456.027222,       38.0830726624
456.395325,       37.7755966187
456.763428,       37.7170410156
457.131439,       37.1564331055
457.499420,       36.1718559265
457.867371,       35.9146461487
458.235321,       35.6837882996
458.603210,       35.5988922119
458.971039,       35.4063987732
459.338867,       35.0784797668
459.706635,       34.2651824951
460.074371,       33.8036460876
460.442047,       33.1182022095
460.809753,       34.0869293213
461.177368,       33.6633033752
461.544952,       33.5557060242
461.912537,       33.2593040466
462.280029,       16.0340957642
462.647522,       15.1409921646
463.014984,       14.9987478256
463.382355,       15.0033159256
463.749725,       15.0531749725
464.117065,       14.7051706314
464.484344,       14.2217378616
464.851593,       13.9760580063
465.218842,       13.9463272095
465.586029,       14.0054121017
465.953156,       14.0016736984
466.320282,       13.7777853012
466.687317,       14.0670223236
467.054352,       14.0776424408
467.421356,       14.0844087601
467.788300,       13.8799057007
468.155243,       13.7135477066
468.522095,       12.1582422256
468.888947,       12.6678419113
469.255768,       12.7997636795
469.622559,       13.3699302673
469.989258,       13.4915876389
470.355988,       13.4297590256
470.722626,       13.4984540939
471.089233,       13.3590774536
471.455841,       13.3620100021
471.822388,       13.3491725922
472.188873,       13.4383020401
472.555389,       13.3531255722
472.921753,       13.3389968872
473.288208,       13.2006540298
473.654602,       12.9952831268
474.020874,       13.2705926895
474.387177,       12.8589420319
474.753387,       12.3839693069
475.119629,       12.0980968475
475.485809,       12.1622400284
475.851929,       11.9575166702
476.218018,       11.7845191956
476.584076,       11.5791158676
476.950104,       11.1798048019
477.316101,       10.6541900635
477.682037,       10.1721429825
478.047974,        9.9839191437
478.413818,       10.1493139267
478.779663,       10.0815181732
479.145477,        9.8456764221
479.511200,        9.8359394073
479.876953,        9.8750152588
480.242615,        9.9472351074
480.608276,        9.9082965851
480.973907,        9.6251649857
481.339417,        9.8793058395
481.704987,        9.6555433273
482.070465,        9.4593315125
482.435913,        9.5225296021
482.801331,        9.4149293900
483.166718,        9.2703027725
483.532043,        9.3328199387
483.897369,        9.6971988678
484.262634,        9.5704813004
484.627869,        9.5780534744
484.993073,        9.3614444733
485.358215,        9.4783525467
485.723297,        9.5315656662
486.088409,        9.2617692947
486.453461,        9.1249485016
486.818451,        9.0874662399
487.183411,        9.1206579208
487.548370,        9.0861825943
487.913239,        9.0015621185
488.278107,        8.8529396057
488.642883,        8.8424406052
489.007660,        8.6269702911
489.372437,        8.4665832520
489.737091,        8.3769445419
490.101746,        8.3434438705
490.466370,        8.3498830795
490.830963,        8.3407926559
491.195526,        8.2108783722
491.559998,        7.8249692917
491.924500,        7.6574683189
492.288940,        7.5562968254
492.653320,        7.6751527786
493.017670,        7.5379619598
493.382019,        7.3807625771
493.746277,        7.2890563011
494.110504,        7.2442865372
494.474731,        7.3420114517
494.838898,        7.3170552254
495.203033,        7.2690711021
495.567108,        7.2398686409
495.931122,        7.9285421371
496.295166,        7.8908867836
496.659149,        7.7320218086
497.023041,        7.6974043846
497.386963,        7.7794761658
497.750824,        7.7387080193
498.114624,        7.8417887688
498.478455,        7.8777127266
498.842163,        7.8475542068
499.205872,        7.8451766968
499.569580,        7.8625230789
499.933167,        7.9102745056
500.296753,        7.8214206696
500.660339,        7.9255313873
501.023834,        7.9944410324
501.387299,        7.9329915047
501.750763,        7.9566574097
502.114166,        7.8384408951
502.477509,        7.7589564323
502.840851,        7.8390202522
503.204102,        7.9662523270
503.567352,        7.3837609291
503.930573,        7.4412746429
504.293732,        7.4610195160
504.656860,        7.5463004112
505.019989,        7.6536512375
505.382996,        7.7073349953
505.746033,        7.6734766960
506.109009,        7.6366744041
506.471924,        7.6426854134
506.834839,        7.6445059776
507.197662,        7.6348214149
507.560486,        7.7174530029
507.923309,        7.7596993446
508.286041,        7.7460923195
508.648743,        7.7516584396
509.011414,        7.8112692833
509.373993,        7.8056440353
509.736633,        7.8723764420
510.099213,        7.8718500137
510.461731,        7.7509493828
510.824158,        7.7192997932
511.186615,        7.7122559547
511.548950,        7.7271847725
511.911346,        7.8048429489
512.273682,        7.7962508202
512.635925,        7.7233238220
512.998169,        7.6938538551
513.360352,        7.6428160667
513.722534,        7.8221669197
514.084717,        7.9794683456
514.446777,        8.0006570816
514.808777,        8.1239204407
515.170776,        8.0965929031
515.532776,        8.2269487381
515.894714,        8.2317991257
516.256592,        8.2790937424
516.618469,        9.5954160690
516.980286,        9.8311986923
517.342041,        9.8993206024
517.703735,       10.0088167191
518.065430,       10.1892442703
518.427185,       10.2828979492
518.788696,       10.3482522964
519.150330,       10.3880386353
519.511902,       10.5486564636
519.873291,       10.6221418381
520.234802,       10.7898483276
520.596252,       10.8986530304
520.957581,       11.0435647964
521.318970,       10.9697980881
521.680237,       10.9775466919
522.041565,       11.0590610504
522.402771,       11.1250362396
522.763977,       11.2647962570
523.125061,       11.2992362976
523.486206,       11.6865243912
523.847229,       11.8556404114
524.208252,       10.8786754608
524.569275,       10.7822589874
524.930237,       10.7943487167
525.291138,       10.8357591629
525.652100,       10.8860778809
526.012817,       10.9160776138
526.373657,       11.0058126450
526.734436,       11.0588388443
527.095093,       11.1664342880
527.455811,       11.2468042374
527.816528,       11.2227325439
528.177002,       11.3099384308
528.537598,       11.3790597916
528.898132,       11.4982957840
529.258606,       11.5108814240
529.619080,       11.5848321915
529.979431,       11.8663349152
530.339844,       11.8233613968
530.700134,       11.8811321259
531.060425,       11.7284278870
531.420654,       11.7403459549
531.780884,       12.0043449402
532.140991,       12.0669546127
532.501160,       12.1024217606
532.861267,       12.2155561447
533.221375,       12.1817398071
533.581299,       12.1724386215
533.941284,       12.2529335022
534.301208,       12.3606901169
534.661133,       12.2611207962
535.020996,       12.3305988312
535.380798,       12.3559331894
535.740540,       12.4060144424
536.100220,       12.4243669510
536.459900,       12.3963861465
536.819641,       12.4347333908
537.179260,       12.4706020355
537.538757,       12.3110275269
537.898376,       12.3355321884
538.257813,       12.3128023148
538.617249,       12.2420129776
538.976685,       12.2281455994
539.336121,       12.0590276718
539.695374,       12.0858201981
540.054688,       12.1391134262
540.413879,       12.1225957870
540.773132,       12.1238355637
541.132385,       12.1734104156
541.491516,       12.2197418213
541.850525,       12.2505207062
542.209595,       12.2568531036
542.568604,       12.3422441483
542.927612,       12.3594970703
543.286560,       12.2757024765
543.645386,       12.2756471634
544.004333,       12.3335752487
544.363098,       12.3159074783
544.721924,       12.3374452591
545.080688,       12.3275756836
545.439331,       12.4281826019
545.797974,       12.4735651016
546.156616,       12.7066392899
546.515137,       12.6922922134
546.873657,       12.6896171570
547.232239,       12.7111806870
547.590698,       12.6742553711
547.949097,       12.6837072372
548.307495,       12.6858892441
548.665833,       12.6409349442
549.024109,       12.5877199173
549.382385,       12.5432891846
549.740540,       12.6779689789
550.098755,       12.5877428055
550.456909,       12.5731210709
550.815002,       12.5782461166
551.173096,       12.5152349472
551.531128,       12.4601383209
551.888977,       12.4648180008
552.247009,       12.4187154770
552.604797,       12.5240116119
552.962708,       12.5143842697
553.320557,       12.5199632645
553.678345,       12.4596586227
554.036011,       12.4185180664
554.393738,       12.3805065155
554.751404,       12.3243179321
555.109009,       12.3733177185
555.466614,       12.3166790009
555.824158,       12.2975492477
556.181641,       12.3707246780
556.539063,       12.2995624542
556.896423,       12.2883958817
557.253845,       12.1401023865
557.611206,       12.2307863235
557.968445,       12.2222766876
558.325745,       12.1945867538
558.682922,       12.2012500763
559.040161,       12.1882820129
559.397278,       12.1597957611
559.754395,       12.1994037628
560.111389,       12.0252943039
560.468445,       11.8973531723
560.825378,       11.8587779999
561.182251,       11.7059965134
561.539185,       11.6823492050
561.896057,       11.6979856491
562.252869,       11.6817731857
562.609619,       11.6134595871
562.966309,       11.6524076462
563.323059,       11.6027078629
563.679688,       11.5424757004
564.036316,       11.5125799179
564.392822,       11.5384149551
564.749390,       11.4951705933
565.105835,       11.3406190872
565.462280,       11.3134860992
565.818726,       11.3261022568
566.175049,       11.2613687515
566.531372,       11.1981658936
566.887573,       11.1224536896
567.243896,       10.9973392487
567.600098,       10.9952516556
567.956299,       10.9976987839
568.312378,       10.9134721756
568.668457,       10.8702659607
569.024475,       10.7986984253
569.380493,       10.6862897873
569.736389,       10.6611099243
570.092346,       10.6509895325
570.448181,       10.5739774704
570.804077,       10.5091028214
571.159790,       10.4433116913
571.515564,       10.3882694244
571.871338,       10.2694816589
572.226929,       10.2428407669
572.582581,       10.1794490814
572.938171,       10.1016645432
573.293701,       10.0219545364
573.649231,        9.9837875366
574.004700,       10.0054435730
574.360107,        9.9678611755
574.715515,        9.9246044159
575.070801,        9.9148645401
575.426086,        9.8073730469
575.781433,        9.7214355469
576.136658,        9.6468601227
576.491821,        9.6210031509
576.846985,        9.5766592026
577.202026,        9.4948863983
577.557129,        9.4551372528
577.912109,        9.3653888702
578.267090,        9.3410749435
578.621948,        9.2930765152
578.976929,        9.2516813278
579.331726,        9.1639909744
579.686523,        9.2450981140
580.041321,        9.2044591904
580.396057,        9.1694545746
580.750732,        9.2506170273
581.105408,        9.2180356979
581.459961,        9.1328792572
581.814575,        9.1250286102
582.169067,        9.0706796646
582.523499,        8.9545726776
582.877991,        8.9548673630
583.232361,        8.9884977341
583.586731,        9.0118045807
583.941040,        8.9739065170
584.295349,        8.9750413895
584.649536,        8.9490575790
585.003784,        8.8911037445
585.357849,        9.0368480682
585.712036,        9.0208854675
586.066040,        9.0029802322
586.420166,        9.0025682449
586.774048,        8.9852437973
587.128052,        8.8311519623
587.481934,        8.7995672226
587.835815,        8.7383861542
588.189636,        8.6241540909
588.543396,        8.6179246902
588.897095,        8.5979633331
589.250732,        8.5797624588
589.604431,        8.5797767639
589.958069,        8.5473012924
590.311646,        8.5491380692
590.665161,        8.5091400146
591.018677,        8.5024566650
591.372070,        8.5232505798
591.725525,        8.5322904587
592.078857,        8.5162811279
592.432190,        8.5185956955
592.785461,        8.4343957901
593.138733,        8.4197635651
593.491821,        8.4085464478
593.845032,        8.4009103775
594.198181,        8.4406881332
594.551270,        8.4631547928
594.904236,        8.4424209595
595.257202,        8.4792661667
595.610168,        8.4364013672
595.963074,        8.4253664017
596.315979,        8.4192333221
596.668823,        8.4015455246
597.021606,        8.5312347412
597.374268,        8.5123796463
597.726990,        8.5149774551
598.079651,        8.5135307312
598.432312,        8.5000429153
598.784851,        8.4506225586
599.137390,        8.4595947266
599.489868,        8.5411024094
599.842285,        8.4790945053
600.194702,        8.3823108673
600.547119,        8.3420085907
600.899414,        8.2922258377
601.251648,        8.2588977814
601.603882,        8.1954536438
601.956116,        8.1417741776
602.308289,        8.1348524094
602.660400,        8.1013078690
603.012451,        8.1104736328
603.364441,        8.0533351898
603.716370,        8.0349607468
604.068359,        8.1172580719
604.420288,        8.0076370239
604.772156,        8.0144319534
605.123962,        7.9764261246
605.475708,        7.9439973831
605.827515,        7.8959593773
606.179138,        7.9097347260
606.530884,        7.8863220215
606.882385,        7.7789835930
607.233948,        7.8533983231
607.585449,        7.8635149002
607.936951,        7.8735852242
608.288452,        7.9045352936
608.639893,        7.9003467560
608.991150,        7.9080357552
609.342468,        7.9518451691
609.693726,        8.0519714355
610.044983,        8.0259065628
610.396240,        8.0166769028
610.747314,        8.0337400436
611.098389,        8.0125532150
611.449463,        7.9291090965
611.800476,        7.9114079475
612.151489,        7.9251041412
612.502441,        7.8991837502
612.853271,        7.8861179352
613.204102,        7.8891386986
613.554932,        7.8897461891
613.905701,        7.9231848717
614.256470,        7.9181218147
614.607178,        7.8557310104
614.957764,        7.8324241638
615.308350,        7.8241000175
615.658875,        7.7548136711
616.009399,        7.7197237015
616.359924,        7.7224879265
616.710327,        7.6823840141
617.060669,        7.5744853020
617.411011,        7.5953645706
617.761292,        7.5894994736
618.111572,        7.5907783508
618.461853,        7.5562090874
618.812012,        7.5747184753
619.162109,        7.5661449432
619.512146,        7.5260906219
619.862183,        7.5362863541
620.212219,        7.5537948608
620.562195,        7.4904403687
620.912048,        7.4535169601
621.261963,        7.4094285965
621.611755,        7.4262676239
621.961548,        7.4022159576
622.311340,        7.4099884033
622.661072,        7.4310407639
623.010681,        7.4438319206
623.360229,        7.5085253716
623.709839,        7.4820160866
624.059387,        7.4556789398
624.408936,        7.4490599632
624.758423,        7.4164032936
625.107727,        7.3589735031
625.457031,        7.3051176071
625.806458,        7.3333697319
626.155762,        7.3227963448
626.504944,        7.2921419144
626.854126,        7.3161115646
627.203308,        7.2928094864
627.552368,        7.2588162422
627.901428,        7.3096766472
628.250488,        7.3262305260
628.599487,        7.2959413528
628.948364,        7.3046550751
629.297241,        7.2986521721
629.646118,        7.2824745178
629.994934,        7.2476387024
630.343689,        7.2285122871
630.692444,        7.1454806328
631.041077,        7.1497163773
631.389648,        7.2530193329
631.738281,        7.2514877319
632.086853,        7.2961187363
632.435364,        7.3534450531
632.783875,        7.5098352432
633.132263,        7.4840178490
633.480591,        7.4224882126
633.828918,        7.4079742432
634.177246,        7.4069919586
634.525513,        7.3937664032
634.873657,        7.3725371361
635.221863,        7.3531298637
635.569946,        7.3251709938
635.918030,        7.2979226112
636.266052,        7.2263679504
636.614136,        7.3586540222
636.962036,        7.3218030930
637.309937,        7.3077230453
637.657776,        7.3384227753
638.005615,        7.4307999611
638.353394,        7.4401788712
638.701111,        7.3195347786
639.048767,        7.2724671364
639.396423,        7.2212829590
639.743958,        7.1683206558
640.091614,        6.9917345047
640.439087,        7.0098409653
640.786560,        7.0118212700
641.133972,        7.0022091866
641.481323,        6.9921264648
641.828735,        6.9782896042
642.176025,        7.0148339272
642.523315,        6.9609975815
642.870483,        6.9841227531
643.217651,        6.9754881859
643.564758,        7.0238990784
643.911804,        6.8694844246
644.258911,        7.1231498718
644.605896,        7.1135854721
644.952820,        7.0583353043
645.299683,        6.9796485901
645.646606,        6.9348998070
645.993469,        6.9185428619
646.340210,        6.9173564911
646.687012,        6.8943252563
647.033630,        6.9347987175
647.380249,        6.9663977623
647.726868,        6.9170484543
648.073425,        6.8847546577
648.419983,        6.8678870201
648.766418,        6.7966861725
649.112854,        6.7729463577
649.459229,        6.7604584694
649.805603,        6.7644901276
650.151855,        6.7514276505
650.498169,        6.7183055878
650.844360,        6.6417665482
651.190552,        6.6451191902
651.536621,        6.3731617928
651.882751,        6.3676609993
652.228760,        6.3574538231
652.574829,        6.3234381676
652.920715,        6.3035545349
653.266602,        6.3469896317
653.612488,        6.4166374207
653.958252,        6.4321303368
654.304077,        6.3553223610
654.649841,        6.3500566483
654.995483,        6.3497200012
655.341064,        6.3594923019
655.686707,        6.7229762077
656.032288,        6.7715501785
656.377808,        6.7682547569
656.723267,        6.7295975685
657.068726,        6.7545166016
657.414063,        6.7276182175
657.759399,        6.8295316696
658.104736,        6.8759970665
658.449951,        6.9033899307
658.795166,        6.8925843239
659.140381,        6.9090166092
659.485474,        6.9513349533
659.830505,        6.9744052887
660.175598,        6.9920582771
660.520569,        6.9877252579
660.865479,        6.9081702232
661.210327,        6.8962531090
661.555237,        6.9398837090
661.900085,        6.9229559898
662.244812,        6.9216713905
662.589539,        6.8970613480
662.934265,        6.5678739548
663.278809,        6.5438680649
663.623413,        6.5434417725
663.968018,        6.5801439285
664.312500,        6.5617299080
664.656921,        6.5567126274
665.001343,        6.4752297401
665.345703,        6.4637465477
665.690063,        6.4325690269
666.034302,        6.4544124603
666.378662,        6.4391150475
666.722778,        6.4348697662
667.066895,        6.3997802734
667.410950,        6.3571872711
667.755066,        6.2942323685
668.099121,        6.2860445976
668.443054,        6.2671699524
668.786987,        6.2614054680
669.130798,        6.2616496086
669.474731,        6.2649488449
669.818481,        6.3189239502
670.162292,        6.3101625443
670.506042,        6.2944250107
670.849670,        6.2921829224
671.193176,        6.2829775810
671.536804,        6.2882089615
671.880371,        6.2811770439
672.223816,        6.2666096687
672.567261,        6.2532343864
672.910645,        6.2294626236
673.254028,        6.1848998070
673.597290,        6.1461572647
673.940613,        6.1070952415
674.283875,        6.1196517944
674.626953,        6.1430101395
674.970093,        6.1509060860
675.313232,        6.2079772949
675.656250,        6.2762722969
675.999268,        6.2975711823
676.342224,        6.3066444397
676.685120,        6.3613958359
677.027893,        6.3272914886
677.370789,        6.3236236572
677.713562,        6.3142924309
678.056335,        6.3446464539
678.398987,        6.4186344147
678.741577,        6.4234828949
679.084167,        6.4628710747
679.426758,        6.4818425179
679.769287,        6.4621629715
680.111755,        6.5288753510
680.454163,        6.5767326355
680.796509,        6.6113071442
681.138794,        6.5975079536
681.481140,        6.6170787811
681.823364,        6.6375174522
682.165588,        6.6555080414
682.507751,        6.6023664474
682.849792,        6.5440254211
683.191833,        6.5086984634
683.533875,        6.5067281723
683.875854,        6.4314312935
684.217834,        6.4501633644
684.559692,        6.4625315666
684.901428,        6.6434502602
685.243286,        6.6556267738
685.585022,        6.5950660706
685.926819,        6.6340217590
686.268372,        6.6039214134
686.609985,        6.6215624809
686.951538,        6.6997489929
687.293091,        6.6625518799
687.634583,        6.6708827019
687.976013,        6.6796183586
688.317322,        6.7132105827
688.658630,        6.7281732559
689.000000,        6.7292199135
689.341248,        6.7556538582
689.682495,        6.8349189758
690.023682,        6.8822712898
690.364746,        6.9231281281
690.705811,        7.0115284920
691.046814,        7.0952339172
691.387817,        7.1593308449
691.728760,        7.2029657364
692.069702,        7.2015628815
692.410522,        7.3343768120
692.751282,        7.4019708633
693.092102,        7.4522352219
693.432800,        7.5945272446
693.773499,        7.6912074089
694.114075,        7.7637696266
694.454651,        7.8905625343
694.795105,        8.0177450180
695.135620,        8.2119894028
695.476135,        8.3747644424
695.816528,        8.5593414307
696.156799,        8.7365474701
696.497131,        8.9195127487
696.837402,        9.0609979630
697.177612,        9.3303661346
697.517822,        9.5489244461
697.857971,        9.7139329910
698.197937,        9.9627580643
698.538025,       10.1756153107
698.877991,       10.4810600281
699.217957,       10.6802740097
699.557922,       10.8671464920
699.897705,       11.1415262222
700.237549,       11.4089040756
700.577271,       11.6459426880
700.916992,       11.9215850830
701.256653,       12.2457542419
701.596313,       12.5307979584
701.935852,       12.8384647369
702.275391,       13.0893316269
702.614868,       13.5294523239
702.954346,       13.8094453812
703.293701,       14.1279850006
703.633118,       14.5009088516
703.972412,       14.8535947800
704.311646,       15.1548776627
704.650818,       15.4621343613
704.990051,       15.8251028061
705.329163,       16.1147079468
705.668274,       16.5749282837
706.007263,       16.8110103607
706.346252,       17.1552391052
706.685181,       17.4562950134
707.024109,       17.7717056274
707.362976,       18.1380310059
707.701721,       18.5191078186
708.040527,       18.8468418121
708.379211,       19.1696681976
708.717896,       19.5328140259
709.056519,       19.9192504883
709.395142,       20.2698822021
709.733582,       20.5219993591
710.072144,       20.8841857910
710.410522,       21.2310066223
710.748962,       21.5288124084
711.087341,       21.8800334930
711.425598,       22.2531776428
711.763855,       22.6736450195
712.102051,       23.2241935730
712.440247,       23.6424865723
712.778320,       23.9093971252
713.116455,       24.3311824799
713.454468,       24.6819744110
713.792419,       25.1089782715
714.130310,       25.5446224213
714.468262,       25.9143047333
714.806091,       26.2721061707
715.143921,       26.6598281860
715.481628,       27.0275802612
715.819397,       27.4298133850
716.156982,       27.7818737030
716.494629,       28.1655483246
716.832214,       28.5425243378
717.169739,       28.9675617218
717.507202,       29.3505287170
717.844543,       29.8038845062
718.182007,       30.1961803436
718.519348,       30.5648174286
718.856689,       30.9209442139
719.193970,       31.0902156830
719.531067,       31.5116043091
719.868164,       31.8675765991
720.205322,       32.1916427612
720.542419,       32.5304527283
720.879456,       32.8828735352
721.216431,       33.2061653137
721.553345,       33.5647926331
721.890198,       33.9293975830
722.227051,       34.3055534363
722.563782,       34.7096366882
722.900635,       35.0553894043
723.237244,       35.4753150940
723.573914,       35.8455543518
723.910461,       36.2489395142
724.247070,       36.5579414368
724.583557,       36.9062385559
724.920044,       37.1983528137
725.256409,       37.5531959534
725.592773,       37.8520545959
725.929077,       38.2079200745
726.265442,       38.5340499878
726.601685,       39.1254234314
726.937866,       39.5479812622
727.273987,       39.8880043030
727.609985,       40.2795677185
727.946045,       40.6542816162
728.282043,       40.9852294922
728.618042,       41.3537712097
728.953979,       41.6734275818
729.289795,       42.0302963257
729.625610,       42.2971687317
729.961426,       42.6800041199
730.297119,       43.0558547974
730.632813,       43.4081039429
730.968384,       43.6556625366
731.304016,       43.9397048950
731.639465,       44.2441024780
731.974976,       44.5366516113
732.310425,       44.8282852173
732.645874,       45.1555709839
732.981201,       45.4002990723
733.316467,       45.6903533936
733.651733,       45.6528129578
733.986938,       45.8714027405
734.322144,       46.1777114868
734.657288,       46.4478683472
734.992310,       46.6671752930
735.327271,       47.0442657471
735.662292,       47.2780761719
735.997253,       47.4831733704
736.332092,       47.7901954651
736.666931,       48.0486068726
737.001709,       48.2346343994
737.336426,       48.3862609863
737.671143,       48.5350723267
738.005798,       48.7114448547
738.340393,       48.9129104614
738.674988,       49.1991310120
739.009399,       49.3963050842
739.343933,       49.6139907837
739.678345,       49.7564659119
740.012756,       49.9835510254
740.347046,       50.1368942261
740.681274,       50.3013000488
741.015503,       50.5141754150
741.349731,       50.7067794800
741.683838,       50.8751869202
742.017944,       51.0615119934
742.351929,       51.1497192383
742.685974,       51.3158035278
743.019897,       51.5621490479
743.353821,       51.6197662354
743.687622,       51.7401351929
744.021484,       51.8879165649
744.355225,       51.9996337891
744.688965,       52.1217880249
745.022583,       52.2604942322
745.356201,       52.4173927307
745.689819,       52.5059623718
746.023376,       52.6273193359
746.356812,       52.7410697937
746.690186,       52.9023704529
747.023621,       53.0100212097
747.356934,       53.1375274658
747.690247,       53.3390579224
748.023499,       53.4901008606
748.356689,       53.6265602112
748.689758,       53.6457481384
749.022888,       53.7205200195
749.355957,       53.7865524292
749.688965,       53.8150253296
750.021912,       53.8699035645
750.354858,       53.9401168823
750.687683,       54.0563583374
751.020447,       54.1481246948
751.353271,       54.2062225342
751.686035,       54.3375434875
752.018677,       54.4347305298
752.351257,       54.5307235718
752.683838,       54.6334152222
753.016357,       54.7226676941
753.348877,       54.7019958496
753.681396,       54.7500534058
754.013672,       54.8031044006
754.346008,       54.9076614380
754.678345,       54.8886413574
755.010559,       54.8253479004
755.342834,       54.8216400146
755.674988,       54.9249992371
756.007080,       54.9848213196
756.339050,       55.0647926331
756.671082,       55.1126403809
757.003052,       55.1189537048
757.335022,       55.1907196045
757.666870,       55.3133430481
757.998657,       55.3954887390
758.330444,       55.5199737549
758.662170,       55.5594139099
758.993896,       55.6119995117
759.325562,       55.5799369812
759.657043,       55.6038627625
759.988586,       55.6332244873
760.320129,       55.7032089233
760.651489,       55.7854003906
760.982971,       55.8164520264
761.314331,       55.8410949707
761.645569,       55.8487777710
761.976807,       55.8916015625
762.308044,       55.8753967285
762.639160,       55.8684997559
762.970276,       55.8854980469
763.301331,       55.8261413574
763.632385,       55.9108543396
763.963257,       56.0094299316
764.294250,       56.0089950562
764.625122,       55.9332237244
764.955933,       56.0355796814
765.286743,       55.9496459961
765.617432,       55.9661331177
765.948120,       55.9510154724
766.278748,       55.9874114990
766.609314,       56.0123901367
766.939880,       56.0005722046
767.270325,       56.0317039490
767.600708,       55.9818038940
767.931152,       55.9592666626
768.261536,       55.9380645752
768.591858,       55.8873100281
768.922119,       55.8983688354
769.252258,       56.0017356873
769.582397,       56.0484161377
769.912537,       56.0842208862
770.242615,       56.1694488525
770.572632,       56.1405296326
770.902588,       56.0959930420
771.232483,       56.2168998718
771.562256,       56.1634788513
771.892151,       55.9770164490
772.221863,       56.0008659363
772.551697,       56.0316009521
772.881287,       56.0584297180
773.210938,       56.0240325928
773.540466,       55.9518470764
773.870056,       55.9608268738
774.199463,       55.9840202332
774.528992,       56.1126098633
774.858337,       56.1020774841
775.187622,       56.1317558289
775.516968,       56.2177009583
775.846191,       56.2061614990
776.175415,       56.1082496643
776.504578,       56.0978355408
776.833618,       56.1110000610
777.162598,       56.0637474060
777.491638,       56.0213432312
777.820618,       56.0221786499
778.149536,       55.8524360657
778.478394,       55.9397621155
778.807190,       55.9698944092
779.135864,       55.9745674133
779.464600,       55.8540878296
779.793335,       55.8012428284
780.121948,       55.8086166382
780.450439,       55.8075981140
780.778931,       55.8158569336
781.107422,       55.7753906250
781.435913,       55.6517066956
781.764282,       55.6724777222
782.092651,       55.6185112000
782.420837,       55.5612373352
782.749023,       55.5874748230
783.077209,       55.6552238464
783.405396,       55.5790824890
783.733521,       55.5515937805
784.061462,       55.5437965393
784.389465,       55.5649833679
784.717346,       55.5476112366
785.045288,       55.5722465515
785.373108,       55.4460411072
785.700928,       55.4030914307
786.028625,       55.3148612976
786.356384,       55.4022483826
786.683960,       55.4622116089
787.011536,       55.4767303467
787.339111,       55.4468994141
787.666687,       55.4283599854
787.994019,       55.3975448608
788.321411,       55.3238258362
788.648804,       55.3224258423
788.976135,       55.2782783508
789.303406,       55.3345909119
789.630615,       55.3105964661
789.957703,       55.2287101746
790.284851,       55.2876586914
790.611877,       55.2326393127
790.938904,       55.2029609680
791.265930,       55.2262001038
791.592773,       55.2261352539
791.919678,       55.2502403259
792.246460,       55.2761268616
792.573242,       55.2806739807
792.899963,       55.3776855469
793.226685,       55.3526268005
793.553284,       55.2823600769
793.879822,       55.3116874695
794.206299,       55.2857284546
794.532776,       55.3070678711
794.859253,       55.3652458191
795.185669,       55.4326934814
795.511902,       55.4133720398
795.838196,       55.4902801514
796.164490,       55.3817520142
796.490601,       55.3379173279
796.816833,       55.3262634277
797.142883,       55.3098564148
797.468933,       55.2320671082
797.794861,       55.2337722778
798.120789,       55.2064590454
798.446716,       55.2724609375
798.772583,       55.2719841003
799.098328,       55.2893714905
799.424072,       55.3273963928
799.749756,       55.2974891663
800.075439,       55.3338470459
800.401001,       55.2834930420
800.726624,       55.2422752380
801.052063,       55.3822517395
801.377441,       55.3318481445
801.702881,       55.3222351074
802.028198,       55.3515014648
802.353516,       55.4445800781
802.678833,       55.4366607666
803.004028,       55.5174522400
803.329102,       55.6281013489
803.654236,       55.5955162048
803.979248,       55.6901168823
804.304321,       55.7709045410
804.629272,       55.7222175598
804.954163,       55.7403030396
805.278931,       55.6877899170
805.603821,       55.6641769409
805.928589,       55.6637878418
806.253357,       55.6089591980
806.577942,       55.6215400696
806.902588,       55.6431884766
807.227112,       55.8027343750
807.551575,       55.8914108276
807.876099,       55.8787994385
808.200500,       55.9961662292
808.524841,       56.0184936523
808.849121,       55.9710273743
809.173401,       55.9270515442
809.497620,       55.9334106445
809.821838,       55.9642715454
810.145996,       55.8925437927
810.469971,       55.9794425964
810.793945,       55.8907279968
811.117981,       55.8854026794
811.441956,       55.9490089417
811.765808,       55.9602088928
812.089600,       55.9746932983
812.413391,       55.9551048279
812.737061,       55.9814567566
813.060730,       56.0167007446
813.384338,       56.0557899475
813.708008,       55.9895172119
814.031433,       55.8780899048
814.354919,       55.8000564575
814.678345,       55.6956405640
815.001709,       55.6627922058
815.325073,       55.6243591309
815.648376,       55.5986099243
815.971558,       55.5974617004
816.294678,       55.5972023010
816.617798,       55.5232162476
816.940918,       55.5113487244
817.263977,       55.5071716309
817.586853,       55.5795440674
817.909851,       55.6229896545
818.232727,       55.6142883301
818.555542,       55.5863075256
818.878296,       55.5626678467
819.201050,       55.6145973206
819.523682,       55.7149353027
819.846375,       55.7675476074
820.168884,       55.8456649780
820.491455,       55.8664970398
820.813904,       55.9436035156
821.136353,       55.9716987610
821.458740,       56.1088142395
821.781128,       56.0217857361
822.103333,       56.0705184937
822.425598,       56.1683654785
822.747803,       56.1353683472
823.069824,       56.1479225159
823.391968,       56.2255516052
823.713989,       56.3008918762
824.035950,       56.3306083679
824.357849,       56.2354698181
824.679810,       56.2044143677
825.001587,       56.2332572937
825.323425,       56.3021659851
825.645142,       56.3435897827
825.966736,       56.3282470703
826.288391,       56.2058982849
826.610046,       56.1266479492
826.931458,       55.9670944214
827.253052,       55.9789428711
827.574402,       56.0045547485
827.895813,       56.0307426453
828.217163,       55.9701309204
828.538391,       55.9676666260
828.859619,       55.8658294678
829.180786,       55.7918090820
829.501953,       55.8077392578
829.822998,       55.7615890503
830.144043,       55.7465629578
830.464966,       55.7587623596
830.785950,       55.6634674072
831.106812,       55.6365509033
831.427673,       55.5755538940
831.748474,       55.5440902710
832.069214,       55.5076599121
832.389771,       55.4662055969
832.710449,       55.4163932800
833.031067,       55.4732017517
833.351563,       55.4480972290
833.672058,       55.4873352051
833.992371,       55.4611625671
834.312805,       55.3632659912
834.633179,       55.2932548523
834.953369,       55.2488555908
835.273621,       55.3075141907
835.593811,       55.3239059448
835.913940,       55.3401718140
836.234009,       55.3460845947
836.554077,       55.3655509949
836.874023,       55.4507751465
837.193909,       55.4055328369
837.513794,       55.4714202881
837.833618,       55.5465393066
838.153381,       55.5696716309
838.473145,       55.6013984680
838.792786,       55.5434646606
839.112366,       55.5216293335
839.432007,       55.5791931152
839.751465,       55.5305557251
840.070984,       55.4885101318
840.390381,       55.5276794434
840.709656,       55.4597129822
841.028992,       55.6108665466
841.348267,       55.6904563904
841.667480,       55.6861457825
841.986633,       55.6624526978
842.305725,       55.6906051636
842.624817,       55.6993560791
842.943848,       55.6767272949
843.262756,       55.7159423828
843.581665,       55.6360244751
843.900574,       55.6137924194
844.219360,       55.6002311707
844.538147,       55.6131896973
844.856812,       55.6664276123
845.175415,       55.6023597717
845.494080,       55.6503181458
845.812683,       55.6261787415
846.131104,       55.6421089172
846.449585,       55.6066589355
846.768005,       55.7082519531
847.086304,       55.7108039856
847.404663,       55.7779960632
847.722839,       55.6550521851
848.041077,       55.6133880615
848.359192,       55.6401138306
848.677246,       55.6653747559
848.995361,       55.6941223145
849.313354,       55.6594543457
849.631226,       55.6698608398
849.949158,       55.6673393250
850.267029,       55.6064300537
850.584778,       55.5860595703
850.902527,       55.5957489014
851.220276,       55.5463256836
851.537842,       55.5559883118
851.855469,       55.5224914551
852.173035,       55.5431022644
852.490417,       55.6801376343
852.807861,       55.6818237305
853.125305,       55.7355995178
853.442627,       55.6184654236
853.759888,       55.5223464966
854.077087,       55.4940948486
854.394287,       55.5014381409
854.711426,       55.4880905151
855.028442,       55.4792213440
855.345459,       55.5016174316
855.662537,       55.5520935059
855.979370,       55.6257972717
856.296265,       55.6061439514
856.613098,       55.5830001831
856.929871,       55.5788650513
857.246582,       55.6349334717
857.563232,       55.6423416138
857.879822,       55.7083358765
858.196411,       55.7444992065
858.512939,       55.8035850525
858.829346,       55.7777404785
859.145813,       55.7591667175
859.462158,       55.7499237061
859.778442,       55.7966957092
860.094666,       55.8734893799
860.410889,       55.8918075562
860.726990,       55.8979568481
861.043152,       55.9175682068
861.359192,       55.9674568176
861.675232,       55.9486465454
861.991150,       55.9271812439
862.307007,       55.9252929688
862.622864,       55.8728141785
862.938660,       55.9361343384
863.254333,       55.9352111816
863.570068,       55.9401168823
863.885742,       55.9375648499
864.201233,       55.8845596313
864.516846,       55.8742446899
864.832336,       55.8126678467
865.147766,       55.8105239868
865.463135,       55.7868614197
865.778503,       55.7167701721
866.093750,       55.7223930359
866.408997,       55.7100105286
866.724182,       55.7690544128
867.039246,       55.8745803833
867.354309,       55.8931579590
867.669312,       55.8377990723
867.984314,       55.7941207886
868.299194,       55.7838973999
868.614075,       55.7406501770
868.928833,       55.7683868408
869.243652,       55.7285499573
869.558289,       55.7293395996
869.872986,       55.7342948914
870.187622,       55.7251625061
870.502136,       55.6690216064
870.816650,       55.6649398804
871.131165,       55.6968383789
871.445496,       55.6705245972
871.759827,       55.7228088379
872.074158,       55.8120117188
872.388367,       55.7908782959
872.702576,       55.7407379150
873.016785,       55.7283859253
873.330750,       55.6991043091
873.644897,       55.6463050842
873.958801,       55.6401443481
874.272705,       55.6173782349
874.586670,       55.5659599304
874.900452,       55.5179405212
875.214172,       55.4829673767
875.527954,       55.3451232910
875.841614,       55.2946815491
876.155273,       55.2499542236
876.468811,       55.2427177429
876.782288,       55.2738075256
877.095764,       55.2969436646
877.409241,       55.3597640991
877.722534,       55.3372039795
878.035889,       55.4360733032
878.349121,       55.3836174011
878.662292,       55.2929954529
878.975464,       55.3332214355
879.288574,       55.3939094543
879.601624,       55.3853988647
879.914612,       55.3582267761
880.227600,       55.3616218567
880.540405,       55.3693046570
880.853271,       55.3797607422
881.166016,       55.4267272949
881.478821,       55.4212875366
881.791504,       55.4274368286
882.104065,       55.4800758362
882.416626,       55.5026283264
882.729187,       55.4794540405
883.041626,       55.4904327393
883.354065,       55.5266189575
883.666443,       55.4905662537
883.978760,       55.4182281494
884.291016,       55.4967880249
884.603271,       55.4471511841
884.915344,       55.5056457520
885.227539,       55.6278305054
885.539551,       55.5991477966
885.851501,       55.6391639709
886.163513,       55.5992851257
886.475464,       55.5958137512
886.787231,       55.5714721680
887.099060,       55.5105743408
887.410767,       55.4727897644
887.722412,       55.4527740479
888.034119,       55.4551773071
888.345642,       55.4288406372
888.657227,       55.4392814636
888.968689,       55.5195884705
889.280090,       55.5399246216
889.591492,       55.5751724243
889.902832,       55.4979515076
890.213989,       55.5180854797
890.525269,       55.5475234985
890.836487,       55.4352836609
891.147522,       55.4862747192
891.458618,       55.1538238525
891.769653,       55.0231513977
892.080566,       55.0388450623
892.391479,       54.9448432922
892.702332,       54.9370002747
893.013123,       54.9324760437
893.323853,       54.9037475586
893.634521,       54.9615783691
893.945129,       55.0890922546
894.255798,       55.1418838501
894.566223,       55.1514015198
894.876770,       55.2324829102
895.187195,       55.2547988892
895.497498,       55.2096557617
895.807861,       55.1983718872
896.118164,       55.1572723389
896.428345,       55.1824493408
896.738525,       55.2472534180
897.048645,       55.2355766296
897.358643,       55.1923637390
897.668701,       55.2031211853
897.978638,       55.5182380676
898.288513,       55.5023536682
898.598389,       55.5313758850
898.908142,       55.5274429321
899.217896,       55.5214157104
899.527588,       55.6584053040
899.837219,       55.6335334778
900.146790,       55.6882209778
900.456360,       55.6560401917
900.765747,       55.6921081543
901.075195,       55.7731018066
901.384583,       55.7747421265
901.693848,       55.6810264587
902.003174,       55.6746597290
902.312378,       55.6954383850
902.621460,       55.7242927551
902.930603,       55.7070121765
903.239685,       55.5999641418
903.548645,       55.5384407043
903.857605,       55.5729370117
904.166504,       55.4394073486
904.475281,       55.4773635864
904.784058,       55.4790039063
905.092896,       55.3982658386
905.401489,       55.4190101624
905.710144,       55.4017372131
906.018738,       55.2822570801
906.327209,       55.4041976929
906.635681,       55.3306350708
906.944031,       55.2623748779
907.252441,       55.2169265747
907.560730,       55.1937103271
907.869019,       55.1538543701
908.177185,       55.2806205750
908.485352,       55.3037528992
908.793396,       55.3343429565
909.101501,       55.3033294678
909.409485,       55.4326705933
909.717407,       55.4441146851
910.025269,       55.5114974976
910.333130,       55.6549949646
910.640869,       55.6991157532
910.948608,       55.6710014343
911.256287,       55.7208061218
911.563843,       55.6982803345
911.871399,       55.6531715393
912.178955,       55.7423782349
912.486389,       55.7727622986
912.793823,       55.6697616577
913.101135,       55.6306915283
913.408386,       55.6494789124
913.715637,       55.6308937073
914.022827,       55.6952133179
914.329956,       55.7384490967
914.637085,       55.6322174072
914.944031,       55.6441421509
915.251038,       55.5932350159
915.557983,       55.5835113525
915.864807,       55.4693031311
916.171631,       55.5432319641
916.478455,       55.5155410767
916.785095,       55.4437713623
917.091736,       55.4789314270
917.398376,       55.5709762573
917.704834,       55.5939559937
918.011414,       55.7160072327
918.317810,       55.7562522888
918.624207,       55.7855606079
918.930542,       55.7327384949
919.236816,       55.8074645996
919.542969,       55.8267402649
919.849182,       55.8487472534
920.155273,       55.9254112244
920.461304,       55.9153976440
920.767334,       55.8828010559
921.073242,       55.8660202026
921.379211,       55.8700027466
921.685059,       55.9213943481
921.990784,       55.8897857666
922.296570,       55.8926925659
922.602295,       55.8716163635
922.907898,       56.1129760742
923.213440,       56.0042915344
923.518982,       55.8832588196
923.824463,       55.6769866943
924.129883,       55.6180763245
924.435242,       55.5534667969
924.740540,       55.5614471436
925.045776,       55.4451866150
925.351013,       55.5299758911
925.656128,       55.5088768005
925.961243,       55.6320610046
926.266235,       55.5848884583
926.571167,       55.5542449951
926.876160,       55.4345436096
927.181030,       55.4634170532
927.485840,       55.4087829590
927.790588,       55.3807678223
928.095276,       55.3330955505
928.399963,       55.5145912170
928.704590,       55.5787315369
929.009094,       55.5664901733
929.313599,       55.3919868469
929.618103,       55.3792190552
929.922424,       55.3280296326
930.226807,       55.3375968933
930.531067,       55.3551330566
930.835266,       55.4423980713
931.139465,       55.4135513306
931.443542,       55.4615325928
931.747620,       55.3813934326
932.051697,       55.3570518494
932.355652,       55.2697906494
932.659485,       55.2705535889
932.963379,       55.2205924988
933.267090,       55.4062957764
933.570801,       55.3777351379
933.874573,       55.4515724182
934.178162,       55.4850578308
934.481689,       55.6162910461
934.785278,       55.4665031433
935.088745,       55.3743476868
935.392151,       55.4055099487
935.695496,       55.2919158936
935.998779,       55.3090820313
936.302063,       55.3317832947
936.605225,       55.4854202271
936.908386,       55.5726127625
937.211426,       55.4772605896
937.514465,       55.4977226257
937.817444,       55.3929824829
938.120422,       55.4929618835
938.423279,       55.4682426453
938.726013,       55.3966941833
939.028809,       55.3729782104
939.331482,       55.3454933167
939.634155,       55.0985260010
939.936768,       55.0464286804
940.239258,       55.0050735474
940.541809,       54.9796981812
940.844238,       54.8561172485
941.146606,       54.8592224121
941.448914,       54.8930091858
941.751221,       54.8522186279
942.053345,       54.8372039795
942.355530,       54.8676490784
942.657654,       54.9584732056
942.959656,       54.9790916443
943.261658,       54.7996826172
943.563599,       54.6948623657
943.865479,       54.7745933533
944.167358,       54.8942337036
944.469177,       54.8733215332
944.770813,       54.9444732666
945.072510,       54.9656982422
945.374084,       55.0205955505
945.675659,       54.8996162415
945.977173,       55.0168991089
946.278564,       54.9784469604
946.580017,       55.1035957336
946.881348,       54.9539871216
947.182617,       55.0510749817
947.483826,       54.9265518188
947.785034,       54.8147392273
948.086060,       54.7600517273
948.387207,       54.7742919922
948.688232,       54.8137435913
948.989075,       54.8420677185
949.290039,       54.6849784851
949.590942,       54.7852287292
949.891663,       54.9706535339
950.192444,       54.8500251770
950.493164,       54.8876419067
950.793701,       54.8020591736
951.094299,       54.6786651611
951.394836,       54.7030105591
951.695251,       55.3853263855
951.995667,       55.4465522766
952.295959,       55.4013671875
952.596313,       55.4802055359
952.896545,       55.4729690552
953.196716,       55.5229301453
953.496826,       55.4037628174
953.796936,       55.5310478210
954.096863,       55.6255683899
954.396912,       55.6448631287
954.696777,       55.7404441833
954.996643,       55.6981582642
955.296448,       55.8517112732
955.596191,       55.9051589966
955.895813,       55.8294372559
956.195496,       55.8410339355
956.495117,       56.0755920410
956.794556,       56.0449600220
957.094055,       55.8339309692
957.393494,       56.0734100342
957.692810,       56.1505393982
957.992126,       55.4219360352
958.291321,       55.3966865540
958.590637,       55.4311027527
958.889709,       55.3097496033
959.188782,       55.1624755859
959.487793,       55.1831169128
959.786804,       55.1275901794
960.085693,       55.0210762024
960.384460,       55.0254478455
960.683472,       55.1916999817
960.982056,       55.1296958923
961.280823,       55.3203506470
961.579407,       55.1750640869
961.877930,       55.0769920349
962.176575,       55.0899696350
962.474915,       54.8832702637
962.773376,       54.7747421265
963.071777,       54.7695236206
963.370056,       54.8859519958
963.668335,       54.5820236206
963.966431,       54.5288391113
964.264709,       54.3127403259
964.562744,       54.4710502625
964.860718,       54.5607490540
965.158691,       54.8224372864
965.456543,       54.9909934998
965.754578,       55.1087379456
966.052307,       55.3812026978
966.350037,       55.4511184692
966.647705,       55.4419097900
966.945251,       55.3406791687
967.243042,       55.3505287170
967.540405,       54.9697418213
967.837952,       55.0856475830
968.135376,       55.1085586548
968.432739,       55.4310073853
968.730042,       55.5805091858
969.027222,       55.3738288879
969.324524,       55.1592750549
969.621521,       55.1856918335
969.918701,       55.1687889099
970.215698,       55.1701850891
970.512573,       55.2913970947
970.809631,       55.3027381897
971.106384,       55.1816062927
971.403198,       55.2524261475
971.700012,       55.4364738464
971.996521,       55.3930053711
972.293335,       55.3351478577
972.589783,       55.5027122498
972.886353,       55.3679122925
973.182861,       55.2288665771
973.479309,       55.2150421143
973.775635,       55.5695762634
974.071838,       55.7088241577
974.368225,       55.6757621765
974.664368,       55.4910011292
974.960449,       55.4094123840
975.256592,       55.4553031921
975.552490,       55.8588790894
975.848633,       56.0146141052
976.144409,       56.2752647400
976.440247,       56.2009506226
976.736023,       56.5291213989
977.031738,       56.6272850037
977.327515,       56.5422821045
977.623047,       56.5049934387
977.918640,       56.3074302673
978.214172,       56.3283615112
978.509644,       56.0008239746
978.805115,       55.7381401062
979.100281,       55.8740005493
979.395752,       56.0553207397
979.690857,       56.2367362976
979.986084,       55.9695434570
980.281250,       55.6762695313
980.576172,       55.7637519836
980.871338,       55.7179031372
981.166199,       55.7953948975
981.461121,       55.9117622375
981.755920,       55.6250038147
982.050781,       55.6991806030
982.345520,       55.5914688110
982.640076,       55.7827301025
982.934814,       55.5793952942
983.229309,       55.3157463074
983.523804,       55.7417221069
983.818298,       55.7024765015
984.112610,       55.5361518860
984.407043,       56.7685775757
984.701233,       57.1710586548
984.995483,       57.2528419495
985.289612,       57.2363128662
985.583618,       57.1716308594
985.877869,       57.1422157288
986.171753,       57.2820129395
986.465698,       57.5663337708
986.759583,       57.6800689697
987.053467,       57.9957885742
987.347290,       57.9926834106
987.640869,       57.9103393555
987.934631,       57.9079284668
988.228149,       57.8167610168
988.521667,       57.6750030518
988.815186,       57.8295516968
989.108582,       57.7778320313
989.402039,       57.7687606812
989.695313,       57.4358940125
989.988525,       57.3433532715
990.281738,       57.5364227295
990.574829,       56.1514930725
990.868042,       55.9195518494
991.161011,       56.1210708618
991.453979,       56.3124656677
991.746948,       56.7514877319
992.039795,       57.0594978333
992.332642,       57.6461791992
992.625305,       57.1829986572
992.918091,       57.2797966003
993.210632,       57.7943382263
993.503235,       57.7666473389
993.795837,       58.9605941772
994.088196,       59.0243682861
994.380676,       59.1893424988
994.672913,       59.5844497681
994.965271,       60.1658325195
995.257568,       60.4443054199
995.549622,       60.9951782227
995.841858,       61.4700317383
996.133850,       61.7206039429
996.425903,       61.8401603699
996.717834,       61.8667716980
997.009766,       61.7075157166
997.301636,       61.4632072449
997.593323,       61.3335189819
997.885193,       60.8787727356
998.176758,       60.2683906555
998.468384,       60.1631088257
998.760010,       60.3260154724
999.051392,       60.3418273926
999.342957,       59.6229209900
999.634277,       59.5977897644
999.925598,       58.5097084045
1000.216919,       58.7235984802
1000.508118,       59.0464782715
1000.799255,       58.9142608643
1001.090271,       58.0195617676
1001.381470,       57.6352653503
1001.672363,       57.6035499573
1001.963257,       56.8228187561
1002.254150,       56.5316200256
1002.544922,       56.4365844727
1002.835815,       56.4500389099
1003.126404,       56.7575149536
1003.417114,       56.9758834839
1003.707703,       57.0509376526
1003.998108,       57.3067016602
1004.288757,       57.7867698669
1004.579041,       57.1279335022
1004.869385,       57.1927947998
1005.159729,       57.0831375122
1005.450012,       56.8560523987
1005.740173,       56.7536125183
1006.030212,       56.5297317505
1006.320435,       56.6204719543
1006.610352,       56.3859596252
1006.900330,       56.2972297668
1007.190247,       56.9573326111
1007.479980,       57.2210197449
1007.769897,       56.4186859131
1008.059509,       56.9808197021
1008.349243,       56.9193496704
1008.638855,       56.7913589478
1008.928345,       56.9918937683
1009.217896,       57.1576881409
1009.507263,       56.9584426880
1009.796753,       56.8286590576
1010.086060,       56.5073204041
1010.375366,       56.2148094177
1010.664551,       56.0930061340
1010.953674,       56.1813659668
1011.242920,       56.7499923706
1011.531738,       57.0446128845
1011.820801,       57.3561782837
1012.109741,       57.5199356079
1012.398499,       57.8380241394
1012.687439,       58.1234092712
1012.976074,       58.2614898682
1013.264771,       58.0115242004
1013.553406,       57.9206886292
1013.842041,       58.4863052368
1014.130554,       58.0134201050
1014.418884,       58.1047897339
1014.707336,       58.1751899719
1014.995789,       58.3001060486
1015.284058,       58.3950996399
1015.572327,       58.9212112427
1015.860413,       59.1413078308
1016.148621,       59.0364379883
1016.436523,       59.5727844238
1016.724609,       60.0468139648
1017.012573,       60.2046966553
1017.300354,       59.8229217529
1017.588318,       59.2273635864
1017.875977,       60.5521926880
1018.163757,       60.6509132385
1018.451416,       60.5413208008
1018.739014,       61.1825294495
1019.026611,       61.3736152649
1019.313904,       61.0986480713
1019.601440,       60.9629974365
1019.888733,       60.4714736938
1020.176086,       61.5096702576
1020.463318,       62.2318153381
1020.750549,       62.2204360962
1021.037720,       62.7805290222
1021.324707,       63.3459625244
1021.611694,       63.2072906494
1021.898682,       63.9310836792
1022.185547,       64.2876358032
1022.472595,       64.0465927124
1022.759216,       63.8307266235
1023.045959,       64.3782119751
1023.332581,       65.8657150269
1023.619324,       66.8922882080
1023.905884,       65.8485565186
1024.192261,       66.0026168823
1024.478882,       65.6103897095
1024.765137,       64.5961608887
1025.051514,       64.9329071045
1025.337769,       64.6949996948
1025.623779,       65.2913513184
1025.910034,       66.5765609741
1026.196045,       86.1804122925
1026.482178,       72.5925979614
1026.768066,       60.4395523071
1027.053955,       60.0000038147
1027.339966,       50.9009056091
1027.625610,       64.3328933716
1027.911377,       69.4656600952
1028.197144,       54.4927597046
1028.482666,       64.6551818848
1028.768311,       75.1908340454
