339.817139,        0.0000000000
340.196106,        0.0000000000
340.575104,     2157.1423339844
340.954010,    10599.8486328125
341.332886,     1605.2642822266
341.711761,     3522.2343750000
342.090576,       74.2268142700
342.469360,      103.0470581055
342.848114,      -50.4586639404
343.226868,        0.0000000000
343.605560,        6.8174180984
343.984192,        5.1446061134
344.362854,        2.8581097126
344.741425,        9.2308082581
345.119995,       20.5528316498
345.498535,       27.8295097351
345.877014,       35.0957794189
346.255463,       37.6535606384
346.633881,       43.0615005493
347.012299,       44.4307365417
347.390625,       42.9457283020
347.768951,       39.5090446472
348.147278,       42.4309921265
348.525513,       47.6637725830
348.903748,       52.4853706360
349.281952,       55.2904205322
349.660126,       55.4333992004
350.038239,       54.1396331787
350.416321,       56.8549575806
350.794373,       58.0242271423
351.172394,       58.9960937500
351.550385,       56.7773284912
351.928375,       58.1347770691
352.306305,       66.6988754272
352.684174,       67.7862930298
353.062042,       68.3111572266
353.439880,       68.8098526001
353.817657,       70.2015075684
354.195404,       72.3206100464
354.573151,       66.0905990601
354.950836,       69.8210830688
355.328461,       72.1065063477
355.706116,       73.1977767944
356.083710,      113.4801635742
356.461243,      114.3895416260
356.838806,      112.9041061401
357.216248,      112.2012634277
357.593719,      113.7615890503
357.971161,      115.4109802246
358.348541,      113.5651092529
358.725891,      110.9387893677
359.103210,      110.6170196533
359.480530,      108.2106323242
359.857758,      108.3082656860
360.234955,      105.0185546875
360.612183,      105.5637969971
360.989319,      104.7829742432
361.366425,      103.9407958984
361.743530,      105.3664703369
362.120575,      102.8612747192
362.497559,      101.5442733765
362.874573,       99.5271453857
363.251526,       96.6421508789
363.628418,       95.3826751709
364.005310,       36.9231300354
364.382202,       33.0428619385
364.759003,       28.8470859528
365.135773,       30.8543567657
365.512482,       34.5792312622
365.889221,       37.1791915894
366.265900,       37.2858085632
366.642517,       38.2224159241
367.019165,       36.3742828369
367.395721,       42.8053359985
367.772278,       41.7102546692
368.148804,       38.9574851990
368.525269,       36.1795501709
368.901672,       34.5197410583
369.278107,       33.1778182983
369.654480,       20.2108898163
370.030823,       27.0755558014
370.407104,       25.4118862152
370.783386,       21.9786224365
371.159637,       26.7022609711
371.535828,       31.6605243683
371.912018,       31.9454364777
372.288116,       31.2544517517
372.664246,       35.0393676758
373.040283,       35.4076461792
373.416351,       28.2771644592
373.792328,       21.2003211975
374.168274,       21.8499679565
374.544250,       24.2843627930
374.920105,       29.1294059753
375.295959,       24.0494155884
375.671814,       29.5229053497
376.047607,       29.3172416687
376.423370,       29.4805469513
376.799103,       31.7215137482
377.174774,       34.5300598145
377.550415,       38.1680984497
377.926056,       29.9653263092
378.301636,       34.4637756348
378.677185,       37.1080322266
379.052673,       42.5123939514
379.428192,       44.5866851807
379.803650,       45.7801170349
380.179047,       45.1552047729
380.554443,       44.6644554138
380.929779,       45.2711296082
381.305084,       43.6109619141
381.680359,       45.3471832275
382.055634,       44.8268966675
382.430817,       42.8126411438
382.805969,       38.8572731018
383.181152,       43.5649681091
383.556244,       41.9465408325
383.931274,       43.7786788940
384.306366,       47.6961784363
384.681366,       45.5135803223
385.056305,       44.2957115173
385.431274,       46.0133209229
385.806152,       52.9922561646
386.181000,       50.5895538330
386.555817,       50.4619293213
386.930634,       40.6330795288
387.305389,       35.6198806763
387.680084,       34.9928779602
388.054810,       36.5694389343
388.429474,       35.0744476318
388.804047,       31.4273452759
389.178650,       33.4526138306
389.553192,       32.3041000366
389.927734,       34.6345672607
390.302185,       38.6688041687
390.676666,       37.2121162415
391.051086,       31.9242248535
391.425446,       30.2277393341
391.799805,       29.3153076172
392.174133,       27.7128124237
392.548370,       28.3591594696
392.922638,       27.2580680847
393.296844,       31.1407985687
393.670990,       23.2916717529
394.045135,       20.6918525696
394.419220,       16.7577972412
394.793304,       22.0855064392
395.167328,       24.8278713226
395.541321,       27.8536968231
395.915283,       27.8526954651
396.289185,       33.6756896973
396.663116,       35.0759506226
397.036957,       32.7994194031
397.410736,       31.7316169739
397.784546,       31.5244312286
398.158325,       27.8751430511
398.532013,       28.9349822998
398.905670,       29.4551620483
399.279358,       40.6914787292
399.652954,       41.7466392517
400.026520,       39.8303565979
400.400085,       42.2340583801
400.773560,       43.5359191895
401.147034,       38.5612754822
401.520508,       37.0143508911
401.893890,       40.1553497314
402.267242,       42.7922286987
402.640564,       42.6224288940
403.013855,       41.5855407715
403.387146,       38.8316230774
403.760345,       39.5585937500
404.133514,       44.1207466125
404.506683,       45.1547203064
404.879791,       48.7866477966
405.252869,       50.8926086426
405.625946,       47.9192390442
405.998962,       45.3060112000
406.371918,       50.0200500488
406.744873,       51.1974639893
407.117798,       41.5521545410
407.490631,       40.7628555298
407.863525,       40.5510902405
408.236298,       40.6263580322
408.609039,       49.6000213623
408.981842,       49.0175743103
409.354523,       53.6776885986
409.727173,       52.5073928833
410.099792,       50.7129745483
410.472382,       49.1228218079
410.844910,       48.7103538513
411.217438,       47.0828323364
411.589935,       45.6755332947
411.962402,       38.4379081726
412.334778,       44.4903297424
412.707153,       43.2550582886
413.079498,       39.8485794067
413.451813,       40.6567993164
413.824066,       43.4183998108
414.196350,       37.9619674683
414.568512,       37.9804153442
414.940674,       38.5327415466
415.312805,       37.5623550415
415.684906,       37.4073104858
416.056946,       50.1995506287
416.429016,       42.5793151855
416.800964,       42.6160507202
417.172913,       39.0775146484
417.544830,       39.7464942932
417.916718,       41.3472671509
418.288574,       41.6455612183
418.660370,       41.2694969177
419.032135,       41.6771011353
419.403870,       41.2361221313
419.775574,       41.2101287842
420.147247,       34.9714164734
420.518860,       36.5930595398
420.890472,       36.7536621094
421.262024,       37.6607551575
421.633545,       36.7527313232
422.005005,       37.8781814575
422.376495,       36.1225433350
422.747925,       35.3100433350
423.119293,       35.2717590332
423.490601,       36.7022972107
423.861938,       21.4870910645
424.233215,       31.4710826874
424.604462,       34.3941802979
424.975647,       33.0394439697
425.346832,       31.6471538544
425.717926,       30.1169757843
426.089050,       28.9314212799
426.460083,       27.5747146606
426.831085,       26.3794860840
427.202087,       25.2880039215
427.572998,       25.6928710938
427.943939,       27.6386222839
428.314819,       26.0873432159
428.685669,       26.3284778595
429.056458,       26.7755985260
429.427246,       26.4971561432
429.797943,       25.1394367218
430.168701,       26.0681324005
430.539337,       26.4741458893
430.909943,       27.6148433685
431.280548,       29.5852870941
431.651093,       32.2313385010
432.021606,       26.4912338257
432.392120,       22.9873828888
432.762543,       22.9229831696
433.132965,       22.4091129303
433.503326,       23.3170108795
433.873688,       23.6115226746
434.243958,       23.6549720764
434.614227,       22.5808773041
434.984467,       24.0887947083
435.354645,       23.0587310791
435.724792,       20.6523399353
436.094910,       18.7007846832
436.464996,       19.3139953613
436.835052,       23.6939506531
437.205048,       23.1096916199
437.575043,       25.5037517548
437.944977,       24.8713989258
438.314880,       25.7083663940
438.684753,       25.2216072083
439.054565,       23.0247612000
439.424377,       22.3967971802
439.794128,       21.2294273376
440.163849,       22.4334621429
440.533508,       27.1640663147
440.903198,       27.5767116547
441.272797,       28.8546886444
441.642334,       29.8111228943
442.011902,       30.2880859375
442.381409,       32.0953063965
442.750854,       32.1502876282
443.120300,       32.2678260803
443.489655,       32.6041793823
443.859039,       34.5574035645
444.228333,       34.5894699097
444.597626,       30.2228031158
444.966888,       31.0950050354
445.336060,       28.8021984100
445.705231,       27.7081108093
446.074402,       26.4705829620
446.443512,       26.1739196777
446.812531,       26.0292263031
447.181610,       24.6844196320
447.550568,       24.8397712708
447.919525,       24.7906475067
448.288483,       20.6065902710
448.657349,       20.5347080231
449.026154,       18.3751831055
449.394989,       17.9472846985
449.763763,       19.0125274658
450.132477,       17.5616149902
450.501190,       16.4190387726
450.869812,       16.0949172974
451.238464,       15.6799154282
451.607025,       14.4012136459
451.975586,       15.5695333481
452.344116,       16.2436103821
452.712585,       16.6136684418
453.081024,       17.0653915405
453.449463,       17.7483062744
453.817810,       18.0723018646
454.186127,       17.6106777191
454.554413,       51.7140579224
454.922668,       51.8733520508
455.290894,       50.7980346680
455.659088,       49.8476104736
456.027222,       49.2848281860
456.395325,       48.6744537354
456.763428,       48.8472290039
457.131439,       47.9476051331
457.499420,       46.6284446716
457.867371,       46.6850852966
458.235321,       46.1808700562
458.603210,       45.9489746094
458.971039,       46.0413208008
459.338867,       45.4212493896
459.706635,       43.9334526062
460.074371,       42.9645423889
460.442047,       41.8624114990
460.809753,       43.8402519226
461.177368,       43.4054107666
461.544952,       43.1646041870
461.912537,       42.8319053650
462.280029,       14.3268585205
462.647522,       13.4679584503
463.014984,       13.2546768188
463.382355,       13.7106733322
463.749725,       13.8113498688
464.117065,       13.5397119522
464.484344,       12.8409576416
464.851593,       12.6426677704
465.218842,       12.4936122894
465.586029,       12.5011148453
465.953156,       12.6320762634
466.320282,       12.1685590744
466.687317,       12.4069433212
467.054352,       12.6121063232
467.421356,       12.9460573196
467.788300,       12.9411725998
468.155243,       13.0290355682
468.522095,       10.5100517273
468.888947,       11.4452028275
469.255768,       11.6849479675
469.622559,       12.6072931290
469.989258,       13.0589504242
470.355988,       13.1067867279
470.722626,       13.3511171341
471.089233,       12.9842576981
471.455841,       13.2751855850
471.822388,       13.1018142700
472.188873,       13.2628021240
472.555389,       13.1977052689
472.921753,       13.3227214813
473.288208,       13.1174087524
473.654602,       12.8601055145
474.020874,       13.0746450424
474.387177,       12.2938051224
474.753387,       11.7554206848
475.119629,       11.3474235535
475.485809,       11.5813312531
475.851929,       11.2799520493
476.218018,       11.1081581116
476.584076,       10.7099676132
476.950104,       10.0404081345
477.316101,        9.2981147766
477.682037,        8.6511421204
478.047974,        8.3164463043
478.413818,        8.7805128098
478.779663,        8.9703426361
479.145477,        8.3928422928
479.511200,        8.5340366364
479.876953,        8.7140073776
480.242615,        8.9906005859
480.608276,        9.0396833420
480.973907,        8.8624477386
481.339417,        9.4392328262
481.704987,        9.4640254974
482.070465,        9.2387504578
482.435913,        9.5428113937
482.801331,        9.4941940308
483.166718,        9.2751283646
483.532043,        9.4864177704
483.897369,        9.8964700699
484.262634,        9.7570438385
484.627869,        9.9173660278
484.993073,        9.7337713242
485.358215,        9.9938154221
485.723297,       10.0539913177
486.088409,        9.7816190720
486.453461,        9.4687519073
486.818451,        9.5026245117
487.183411,        9.6189308167
487.548370,        9.5653257370
487.913239,        9.4204597473
488.278107,        9.1658935547
488.642883,        9.0851650238
489.007660,        8.8068675995
489.372437,        8.5751609802
489.737091,        8.3952884674
490.101746,        8.1599235535
490.466370,        8.1091918945
490.830963,        8.0912647247
491.195526,        7.8272938728
491.559998,        7.3652758598
491.924500,        7.2000083923
492.288940,        7.0477647781
492.653320,        7.1647882462
493.017670,        6.9487204552
493.382019,        6.8572058678
493.746277,        6.6235594749
494.110504,        6.5835804939
494.474731,        6.8070716858
494.838898,        6.7671694756
495.203033,        6.6340990067
495.567108,        6.6298670769
495.931122,        7.9183325768
496.295166,        7.8498215675
496.659149,        7.5307326317
497.023041,        7.5832548141
497.386963,        7.6904506683
497.750824,        7.6576447487
498.114624,        7.9218769073
498.478455,        7.9935445786
498.842163,        7.9705595970
499.205872,        7.9486861229
499.569580,        8.0043544769
499.933167,        8.2469692230
500.296753,        8.1716871262
500.660339,        8.3336400986
501.023834,        8.3325061798
501.387299,        8.2821569443
501.750763,        8.3556566238
502.114166,        8.1994991302
502.477509,        8.0212831497
502.840851,        8.1625280380
503.204102,        8.3728933334
503.567352,        7.2824172974
503.930573,        7.3950519562
504.293732,        7.4437966347
504.656860,        7.5587401390
505.019989,        7.9014854431
505.382996,        8.0350608826
505.746033,        8.0042247772
506.109009,        7.9981169701
506.471924,        7.9743070602
506.834839,        7.9789614677
507.197662,        7.9420619011
507.560486,        7.9180874825
507.923309,        7.9510807991
508.286041,        7.9332022667
508.648743,        7.9679565430
509.011414,        7.9526638985
509.373993,        7.9813995361
509.736633,        8.0336198807
510.099213,        8.1100969315
510.461731,        7.9592475891
510.824158,        7.8615174294
511.186615,        7.8874840736
511.548950,        7.9126009941
511.911346,        7.9567151070
512.273682,        7.8865141869
512.635925,        7.6506295204
512.998169,        7.5187845230
513.360352,        7.3876128197
513.722534,        7.6101989746
514.084717,        7.8748316765
514.446777,        7.8763403893
514.808777,        7.9824380875
515.170776,        7.9197788239
515.532776,        8.0195608139
515.894714,        7.9930634499
516.256592,        8.0394964218
516.618469,        9.5762147903
516.980286,        9.7997941971
517.342041,        9.8274002075
517.703735,        9.8631420135
518.065430,       10.1284179688
518.427185,       10.2198972702
518.788696,       10.2443504333
519.150330,       10.2112636566
519.511902,       10.4236612320
519.873291,       10.4343051910
520.234802,       10.6490602493
520.596252,       10.7853603363
520.957581,       10.9614915848
521.318970,       10.7164192200
521.680237,       10.6211709976
522.041565,       10.7107982635
522.402771,       10.7602853775
522.763977,       10.9316339493
523.125061,       11.0259904861
523.486206,       11.6377801895
523.847229,       11.8533725739
524.208252,       10.6770076752
524.569275,       10.5104522705
524.930237,       10.5785264969
525.291138,       10.6838397980
525.652100,       10.6865873337
526.012817,       10.6707763672
526.373657,       10.7569332123
526.734436,       10.7653732300
527.095093,       10.9135417938
527.455811,       11.0130634308
527.816528,       10.9422874451
528.177002,       11.0351200104
528.537598,       11.1150484085
528.898132,       11.2134180069
529.258606,       11.2389650345
529.619080,       11.3424730301
529.979431,       11.8538846970
530.339844,       11.6856184006
530.700134,       11.6944618225
531.060425,       11.3445444107
531.420654,       11.3366050720
531.780884,       11.6765737534
532.140991,       11.7071371078
532.501160,       11.6619844437
532.861267,       11.7769050598
533.221375,       11.6942768097
533.581299,       11.7008543015
533.941284,       11.8496198654
534.301208,       11.9851074219
534.661133,       11.9414663315
535.020996,       11.9924812317
535.380798,       12.0715312958
535.740540,       12.1103200912
536.100220,       12.0827312469
536.459900,       12.1497573853
536.819641,       12.1860151291
537.179260,       12.1836080551
537.538757,       11.7434711456
537.898376,       11.7871618271
538.257813,       11.7398777008
538.617249,       11.6641883850
538.976685,       11.6100826263
539.336121,       11.4367876053
539.695374,       11.4621915817
540.054688,       11.5818481445
540.413879,       11.6223030090
540.773132,       11.6295709610
541.132385,       11.6141586304
541.491516,       11.5889892578
541.850525,       11.6886987686
542.209595,       11.5790891647
542.568604,       11.7325410843
542.927612,       11.7088985443
543.286560,       11.6644744873
543.645386,       11.6394691467
544.004333,       11.6810579300
544.363098,       11.6876096725
544.721924,       11.7636260986
545.080688,       11.8356399536
545.439331,       12.0030555725
545.797974,       11.9936723709
546.156616,       12.2131462097
546.515137,       12.1832151413
546.873657,       12.1605892181
547.232239,       12.2428197861
547.590698,       12.2126502991
547.949097,       12.1458454132
548.307495,       12.1560945511
548.665833,       12.1242961884
549.024109,       12.0947532654
549.382385,       12.0161008835
549.740540,       12.1982326508
550.098755,       12.0428533554
550.456909,       12.0508737564
550.815002,       12.0068902969
551.173096,       11.9734945297
551.531128,       11.9045581818
551.888977,       11.9139204025
552.247009,       11.7800121307
552.604797,       11.9640016556
552.962708,       11.9526491165
553.320557,       12.0857906342
553.678345,       12.1091737747
554.036011,       12.1125783920
554.393738,       12.1067514420
554.751404,       12.0091676712
555.109009,       12.0341663361
555.466614,       11.9534206390
555.824158,       11.8830156326
556.181641,       12.0132198334
556.539063,       11.9830188751
556.896423,       11.9478616714
557.253845,       11.7483205795
557.611206,       11.9714841843
557.968445,       11.9460821152
558.325745,       11.9809265137
558.682922,       12.0230588913
559.040161,       12.0729007721
559.397278,       12.0569057465
559.754395,       12.2032804489
560.111389,       11.9427757263
560.468445,       11.8188495636
560.825378,       11.7578783035
561.182251,       11.5623989105
561.539185,       11.5565929413
561.896057,       11.5595960617
562.252869,       11.5836620331
562.609619,       11.5125656128
562.966309,       11.5902786255
563.323059,       11.5849676132
563.679688,       11.5388765335
564.036316,       11.4873142242
564.392822,       11.6346158981
564.749390,       11.6426763535
565.105835,       11.4188995361
565.462280,       11.4291973114
565.818726,       11.4608716965
566.175049,       11.3995256424
566.531372,       11.3142175674
566.887573,       11.2419042587
567.243896,       11.0541152954
567.600098,       11.0917406082
567.956299,       11.1160020828
568.312378,       11.0319337845
568.668457,       10.9813032150
569.024475,       10.9022245407
569.380493,       10.8105640411
569.736389,       10.8301610947
570.092346,       10.9025096893
570.448181,       10.8991641998
570.804077,       10.8789787292
571.159790,       10.8435707092
571.515564,       10.8362417221
571.871338,       10.6570262909
572.226929,       10.6393947601
572.582581,       10.6228542328
572.938171,       10.5506067276
573.293701,       10.4752120972
573.649231,       10.4433050156
574.004700,       10.4462232590
574.360107,       10.4271602631
574.715515,       10.4412269592
575.070801,       10.4470920563
575.426086,       10.3024721146
575.781433,       10.2352705002
576.136658,       10.1725692749
576.491821,       10.1741380692
576.846985,       10.1436462402
577.202026,       10.0450038910
577.557129,        9.9554519653
577.912109,        9.8212356567
578.267090,        9.7842912674
578.621948,        9.7560052872
578.976929,        9.6902465820
579.331726,        9.6196298599
579.686523,        9.7966823578
580.041321,        9.8213176727
580.396057,        9.8142347336
580.750732,        9.9481391907
581.105408,        9.8839607239
581.459961,        9.8211164474
581.814575,        9.8354673386
582.169067,        9.7610235214
582.523499,        9.6754360199
582.877991,        9.7670469284
583.232361,        9.8171901703
583.586731,        9.8455448151
583.941040,        9.7957067490
584.295349,        9.7585983276
584.649536,        9.7740936279
585.003784,        9.7557764053
585.357849,       10.0297670364
585.712036,       10.0135850906
586.066040,        9.9797830582
586.420166,        9.9904460907
586.774048,        9.9745492935
587.128052,        9.7430000305
587.481934,        9.6311283112
587.835815,        9.5589027405
588.189636,        9.4021739960
588.543396,        9.4588136673
588.897095,        9.4409723282
589.250732,        9.4179878235
589.604431,        9.4221439362
589.958069,        9.3852233887
590.311646,        9.3285064697
590.665161,        9.3095111847
591.018677,        9.3593215942
591.372070,        9.4305009842
591.725525,        9.5246181488
592.078857,        9.4600896835
592.432190,        9.4286079407
592.785461,        9.2890262604
593.138733,        9.3136053085
593.491821,        9.3015003204
593.845032,        9.3145933151
594.198181,        9.3859577179
594.551270,        9.4616899490
594.904236,        9.4470386505
595.257202,        9.5416641235
595.610168,        9.5008945465
595.963074,        9.5091400146
596.315979,        9.5192022324
596.668823,        9.5028114319
597.021606,        9.7213182449
597.374268,        9.7036685944
597.726990,        9.7781686783
598.079651,        9.7945184708
598.432312,        9.7712907791
598.784851,        9.6640691757
599.137390,        9.6458292007
599.489868,        9.8207550049
599.842285,        9.7985258102
600.194702,        9.6285734177
600.547119,        9.5542526245
600.899414,        9.5077867508
601.251648,        9.4544296265
601.603882,        9.3320960999
601.956116,        9.2458143234
602.308289,        9.2527942657
602.660400,        9.1653528214
603.012451,        9.1978530884
603.364441,        9.1081295013
603.716370,        9.0856790543
604.068359,        9.2584104538
604.420288,        9.1277790070
604.772156,        9.1147499084
605.123962,        9.0317125320
605.475708,        8.9738397598
605.827515,        8.9382724762
606.179138,        8.9845294952
606.530884,        8.9549531937
606.882385,        8.7761955261
607.233948,        8.8904552460
607.585449,        8.9034090042
607.936951,        8.9211349487
608.288452,        8.9667520523
608.639893,        8.9547309875
608.991150,        9.0075550079
609.342468,        9.0421133041
609.693726,        9.1986160278
610.044983,        9.1739969254
610.396240,        9.1382417679
610.747314,        9.1479387283
611.098389,        9.1258258820
611.449463,        8.9400615692
611.800476,        8.8648242950
612.151489,        8.8849163055
612.502441,        8.8059091568
612.853271,        8.7983541489
613.204102,        8.7677526474
613.554932,        8.7520294189
613.905701,        8.8105754852
614.256470,        8.8183326721
614.607178,        8.6826591492
614.957764,        8.7735280991
615.308350,        8.7732887268
615.658875,        8.6746034622
616.009399,        8.6400728226
616.359924,        8.6512613297
616.710327,        8.6301717758
617.060669,        8.4716720581
617.411011,        8.4637842178
617.761292,        8.4738330841
618.111572,        8.4938154221
618.461853,        8.4584026337
618.812012,        8.4819231033
619.162109,        8.5002641678
619.512146,        8.4486722946
619.862183,        8.4953145981
620.212219,        8.5124206543
620.562195,        8.4272823334
620.912048,        8.3983173370
621.261963,        8.3572759628
621.611755,        8.3927936554
621.961548,        8.4018735886
622.311340,        8.3066415787
622.661072,        8.3490734100
623.010681,        8.3736200333
623.360229,        8.4552574158
623.709839,        8.4187326431
624.059387,        8.3607549667
624.408936,        8.3338823318
624.758423,        8.7834577560
625.107727,        8.7244567871
625.457031,        8.6391353607
625.806458,        8.6619052887
626.155762,        8.6885061264
626.504944,        8.6396722794
626.854126,        8.6664247513
627.203308,        8.6395263672
627.552368,        8.6169185638
627.901428,        8.7106513977
628.250488,        8.6895189285
628.599487,        8.6755733490
628.948364,        8.6460523605
629.297241,        8.6344966888
629.646118,        8.6371402740
629.994934,        8.5873451233
630.343689,        8.5627708435
630.692444,        8.4896144867
631.041077,        8.4898319244
631.389648,        8.6672086716
631.738281,        8.6537322998
632.086853,        8.2529296875
632.435364,        8.3185958862
632.783875,        8.5789260864
633.132263,        8.5707330704
633.480591,        8.4452991486
633.828918,        8.4142837524
634.177246,        8.4136991501
634.525513,        8.4267101288
634.873657,        8.3743495941
635.221863,        8.3238258362
635.569946,        8.3134632111
635.918030,        8.2354936600
636.266052,        8.1665019989
636.614136,        8.3619480133
636.962036,        8.3346185684
637.309937,        8.2881689072
637.657776,        8.3370885849
638.005615,        8.4462213516
638.353394,        8.4469127655
638.701111,        8.2656326294
639.048767,        8.2345848083
639.396423,        8.1813125610
639.743958,        8.1141738892
640.091614,        7.8585028648
640.439087,        7.8712506294
640.786560,        7.9036793709
641.133972,        7.9039335251
641.481323,        7.9179034233
641.828735,        7.8896193504
642.176025,        7.9448914528
642.523315,        7.9134778976
642.870483,        7.9809331894
643.217651,        7.9969668388
643.564758,        8.0875930786
643.911804,        7.8416166306
644.258911,        8.2697343826
644.605896,        8.2953910828
644.952820,        8.2283821106
645.299683,        8.1530332565
645.646606,        8.1560564041
645.993469,        8.1703853607
646.340210,        8.1760597229
646.687012,        8.1426296234
647.033630,        8.1871671677
647.380249,        8.2046623230
647.726868,        8.1274299622
648.073425,        8.0936498642
648.419983,        8.0663213730
648.766418,        7.9641275406
649.112854,        7.9292831421
649.459229,        7.9144716263
649.805603,        7.9150042534
650.151855,        7.8713164330
650.498169,        7.7984571457
650.844360,        7.6813540459
651.190552,        7.6766004562
651.536621,        7.1967206001
651.882751,        7.1640124321
652.228760,        7.1531524658
652.574829,        7.0796632767
652.920715,        7.0171408653
653.266602,        7.0414385796
653.612488,        7.0850052834
653.958252,        7.1299605370
654.304077,        7.0506772995
654.649841,        7.0200762749
654.995483,        7.0438904762
655.341064,        7.0448508263
655.686707,        7.7049717903
656.032288,        7.7726058960
656.377808,        7.7514767647
656.723267,        7.6772017479
657.068726,        7.6815800667
657.414063,        7.6613688469
657.759399,        7.8038215637
658.104736,        7.8851513863
658.449951,        7.9425029755
658.795166,        7.9371466637
659.140381,        7.9999327660
659.485474,        8.0364789963
659.830505,        8.0513935089
660.175598,        8.0651960373
660.520569,        8.0362539291
660.865479,        7.9670004845
661.210327,        7.9058351517
661.555237,        7.9271235466
661.900085,        7.9441218376
662.244812,        7.9662041664
662.589539,        7.9186229706
662.934265,        7.3268079758
663.278809,        7.2676010132
663.623413,        7.3412208557
663.968018,        7.4242024422
664.312500,        7.4340066910
664.656921,        7.4268302917
665.001343,        7.3168673515
665.345703,        7.4015989304
665.690063,        7.3681378365
666.034302,        7.4162945747
666.378662,        7.3640756607
666.722778,        7.3504166603
667.066895,        7.3146524429
667.410950,        7.2853250504
667.755066,        7.2228422165
668.099121,        7.2105245590
668.443054,        7.1981735229
668.786987,        7.2206525803
669.130798,        7.1930637360
669.474731,        7.1804666519
669.818481,        7.2545795441
670.162292,        7.2409362793
670.506042,        7.2175078392
670.849670,        7.1335105896
671.193176,        7.1080060005
671.536804,        7.0839090347
671.880371,        7.0618739128
672.223816,        7.0468978882
672.567261,        6.8844833374
672.910645,        6.8273625374
673.254028,        6.7719473839
673.597290,        6.7211875916
673.940613,        6.6562709808
674.283875,        6.6727237701
674.626953,        6.6744117737
674.970093,        6.6881732941
675.313232,        6.7603545189
675.656250,        6.8877058029
675.999268,        6.9050335884
676.342224,        6.9506802559
676.685120,        6.9891257286
677.027893,        6.9242925644
677.370789,        6.9036049843
677.713562,        6.9062113762
678.056335,        6.9804964066
678.398987,        7.0295543671
678.741577,        7.0212683678
679.084167,        7.0480594635
679.426758,        7.0652155876
679.769287,        7.0387787819
680.111755,        7.1512022018
680.454163,        7.1739544868
680.796509,        7.2159872055
681.138794,        7.2231302261
681.481140,        7.2423825264
681.823364,        7.2418270111
682.165588,        7.2731704712
682.507751,        7.1896605492
682.849792,        7.0727391243
683.191833,        7.0305252075
683.533875,        7.0231981277
683.875854,        6.9374127388
684.217834,        6.9888300896
684.559692,        6.9903678894
684.901428,        7.2345929146
685.243286,        7.2423110008
685.585022,        7.1713080406
685.926819,        7.2117552757
686.268372,        7.1786074638
686.609985,        7.2058162689
686.951538,        7.3091969490
687.293091,        7.2209639549
687.634583,        7.2511596680
687.976013,        7.2892293930
688.317322,        7.3422050476
688.658630,        7.3770337105
689.000000,        7.3956780434
689.341248,        7.3907427788
689.682495,        7.4958877563
690.023682,        7.5238375664
690.364746,        7.5447769165
690.705811,        7.6320858002
691.046814,        7.7013940811
691.387817,        7.7761254311
691.728760,        7.8086576462
692.069702,        7.7860860825
692.410522,        7.9375839233
692.751282,        8.0129146576
693.092102,        8.0488939285
693.432800,        8.1984777451
693.773499,        8.2537326813
694.114075,        8.2818336487
694.454651,        8.4047298431
694.795105,        8.4986467361
695.135620,        8.6561765671
695.476135,        8.7746381760
695.816528,        8.9312877655
696.156799,        9.1043491364
696.497131,        9.2900161743
696.837402,        9.3925762177
697.177612,        9.6730089188
697.517822,        9.8108377457
697.857971,        9.9069271088
698.197937,       10.1326093674
698.538025,       10.2635650635
698.877991,       10.5308341980
699.217957,       10.6655445099
699.557922,       10.7308750153
699.897705,       10.9176950455
700.237549,       11.1519012451
700.577271,       11.3489160538
700.916992,       11.6010885239
701.256653,       11.8693466187
701.596313,       12.0814828873
701.935852,       12.3254871368
702.275391,       12.4893693924
702.614868,       12.9561958313
702.954346,       13.1706056595
703.293701,       13.4129714966
703.633118,       13.7809200287
703.972412,       14.0825538635
704.311646,       14.2849922180
704.650818,       14.5601911545
704.990051,       14.8680429459
705.329163,       15.0913400650
705.668274,       15.5542526245
706.007263,       15.7106771469
706.346252,       15.9509391785
706.685181,       16.2257480621
707.024109,       16.4952030182
707.362976,       16.7958660126
707.701721,       17.0939674377
708.040527,       17.3228302002
708.379211,       17.5607471466
708.717896,       17.8487491608
709.056519,       18.1742305756
709.395142,       18.4687385559
709.733582,       18.5663452148
710.072144,       18.8581981659
710.410522,       19.1084403992
710.748962,       19.2031707764
711.087341,       19.4632091522
711.425598,       19.7970008850
711.763855,       20.2224960327
712.102051,       20.7249813080
712.440247,       21.0640296936
712.778320,       21.2158374786
713.116455,       21.5821933746
713.454468,       21.8914470673
713.792419,       22.2526588440
714.130310,       22.6089038849
714.468262,       22.8796863556
714.806091,       23.1338729858
715.143921,       23.4868488312
715.481628,       23.8362560272
715.819397,       24.1893978119
716.156982,       24.5104560852
716.494629,       24.9019966125
716.832214,       25.2236213684
717.169739,       25.6458854675
717.507202,       26.0032119751
717.844543,       26.4987220764
718.182007,       26.8299427032
718.519348,       27.1154403687
718.856689,       27.3280525208
719.193970,       27.4776973724
719.531067,       27.8245620728
719.868164,       28.1823749542
720.205322,       28.4569206238
720.542419,       28.7460536957
720.879456,       29.0000133514
721.216431,       29.3398971558
721.553345,       29.6838798523
721.890198,       30.0137748718
722.227051,       30.3071537018
722.563782,       30.6601581573
722.900635,       31.0134143829
723.237244,       31.3755416870
723.573914,       31.6094131470
723.910461,       31.9659175873
724.247070,       32.1387405396
724.583557,       32.4407157898
724.920044,       32.6042976379
725.256409,       32.9412803650
725.592773,       33.2173423767
725.929077,       33.5381164551
726.265442,       33.7995300293
726.601685,       34.6162300110
726.937866,       34.9213752747
727.273987,       35.2785034180
727.609985,       35.6080970764
727.946045,       35.9403915405
728.282043,       36.2154388428
728.618042,       36.5503959656
728.953979,       36.7970962524
729.289795,       37.1304321289
729.625610,       37.3549652100
729.961426,       37.6722793579
730.297119,       38.0283660889
730.632813,       38.3289146423
730.968384,       38.4714088440
731.304016,       38.7067604065
731.639465,       38.9905166626
731.974976,       39.2664680481
732.310425,       39.5193634033
732.645874,       39.8079872131
732.981201,       40.0794296265
733.316467,       40.3350677490
733.651733,       40.0436744690
733.986938,       40.2767791748
734.322144,       40.4879493713
734.657288,       40.7502632141
734.992310,       41.0155906677
735.327271,       41.4496002197
735.662292,       41.7237701416
735.997253,       41.9623680115
736.332092,       42.2577400208
736.666931,       42.5354804993
737.001709,       42.7538566589
737.336426,       42.8074836731
737.671143,       42.9879112244
738.005798,       43.2266044617
738.340393,       43.4323234558
738.674988,       43.7100410461
739.009399,       43.8885078430
739.343933,       44.1175765991
739.678345,       44.2489891052
740.012756,       44.4040641785
740.347046,       44.5367202759
740.681274,       44.6760101318
741.015503,       44.7698364258
741.349731,       44.8844757080
741.683838,       44.9348793030
742.017944,       45.0473289490
742.351929,       45.0215492249
742.685974,       45.1163787842
743.019897,       45.3149452209
743.353821,       45.3615798950
743.687622,       45.5023345947
744.021484,       45.5942916870
744.355225,       45.7209281921
744.688965,       45.7988929749
745.022583,       45.9972610474
745.356201,       46.2094612122
745.689819,       46.3493614197
746.023376,       46.5073318481
746.356812,       46.5305671692
746.690186,       46.6984977722
747.023621,       46.8547821045
747.356934,       47.0410003662
747.690247,       47.2769737244
748.023499,       47.4286499023
748.356689,       47.6223030090
748.689758,       47.7319259644
749.022888,       47.8526115417
749.355957,       47.8554267883
749.688965,       47.8823623657
750.021912,       47.9485931396
750.354858,       48.0130538940
750.687683,       48.0497016907
751.020447,       48.1265907288
751.353271,       48.2214813232
751.686035,       48.3450012207
752.018677,       48.3724021912
752.351257,       48.3793716431
752.683838,       48.4081306458
753.016357,       48.4677963257
753.348877,       48.4936904907
753.681396,       48.5029563904
754.013672,       48.5500679016
754.346008,       48.5841445923
754.678345,       48.5035400391
755.010559,       48.5306930542
755.342834,       48.5436248779
755.674988,       48.6598968506
756.007080,       48.6825408936
756.339050,       48.8022766113
756.671082,       48.8593330383
757.003052,       48.9099349976
757.335022,       48.9239196777
757.666870,       49.2298240662
757.998657,       49.3882789612
758.330444,       49.5318145752
758.662170,       49.5918388367
758.993896,       49.5880966187
759.325562,       49.6021347046
759.657043,       49.6150207520
759.988586,       49.6504936218
760.320129,       49.7467613220
760.651489,       49.8747215271
760.982971,       49.8868598938
761.314331,       49.9227905273
761.645569,       49.9929924011
761.976807,       50.0822715759
762.308044,       50.1177177429
762.639160,       50.1380996704
762.970276,       50.1872787476
763.301331,       50.1256179810
763.632385,       50.1904411316
763.963257,       50.2516098022
764.294250,       50.2234992981
764.625122,       50.0289688110
764.955933,       50.2824592590
765.286743,       50.1166763306
765.617432,       50.1966400146
765.948120,       50.2313919067
766.278748,       50.2590255737
766.609314,       50.3806037903
766.939880,       50.3931770325
767.270325,       50.4219932556
767.600708,       50.3293342590
767.931152,       50.2205429077
768.261536,       50.2268867493
768.591858,       50.1956405640
768.922119,       50.1695442200
769.252258,       50.2473831177
769.582397,       50.2457618713
769.912537,       50.2332344055
770.242615,       50.4365463257
770.572632,       50.4589271545
770.902588,       50.4756278992
771.232483,       50.7880134583
771.562256,       50.6828727722
771.892151,       50.2574310303
772.221863,       50.2726135254
772.551697,       50.2036018372
772.881287,       50.2819290161
773.210938,       50.2704849243
773.540466,       50.1018600464
773.870056,       50.1077346802
774.199463,       50.0990219116
774.528992,       50.2897987366
774.858337,       50.3972930908
775.187622,       50.4627838135
775.516968,       50.5241699219
775.846191,       50.5220489502
776.175415,       50.5230674744
776.504578,       50.4981269836
776.833618,       50.6050300598
777.162598,       50.5559387207
777.491638,       50.4934005737
777.820618,       50.4624023438
778.149536,       50.2128295898
778.478394,       50.2829360962
778.807190,       50.3205375671
779.135864,       50.4763603210
779.464600,       50.4645462036
779.793335,       50.4085731506
780.121948,       50.4520072937
780.450439,       50.4236526489
780.778931,       50.5511932373
781.107422,       50.5619468689
781.435913,       50.4958229065
781.764282,       50.4823493958
782.092651,       50.4190635681
782.420837,       50.3340950012
782.749023,       50.3355751038
783.077209,       50.3615074158
783.405396,       50.4391975403
783.733521,       50.3834381104
784.061462,       50.3196907043
784.389465,       50.3770904541
784.717346,       50.3689270020
785.045288,       50.3915710449
785.373108,       50.3854217529
785.700928,       50.3291778564
786.028625,       50.2267532349
786.356384,       50.2823600769
786.683960,       50.3474769592
787.011536,       50.3218040466
787.339111,       50.3971748352
787.666687,       50.2669754028
787.994019,       50.2307167053
788.321411,       50.1478729248
788.648804,       50.1394348145
788.976135,       50.0923690796
789.303406,       50.2918014526
789.630615,       50.3178253174
789.957703,       50.1807441711
790.284851,       50.2366600037
790.611877,       50.2615585327
790.938904,       50.1876106262
791.265930,       50.1763153076
791.592773,       50.2163276672
791.919678,       50.2465591431
792.246460,       50.2635345459
792.573242,       50.3299827576
792.899963,       50.4527206421
793.226685,       50.4727249146
793.553284,       50.4069099426
793.879822,       50.4882507324
794.206299,       50.4581527710
794.532776,       50.4528694153
794.859253,       50.5530471802
795.185669,       50.5609054565
795.511902,       50.5656433105
795.838196,       50.5931510925
796.164490,       50.3992958069
796.490601,       50.3390426636
796.816833,       50.4039459229
797.142883,       50.2932472229
797.468933,       50.1854362488
797.794861,       50.2345161438
798.120789,       50.2615432739
798.446716,       50.2833061218
798.772583,       50.2583923340
799.098328,       50.2408790588
799.424072,       50.2790145874
799.749756,       50.1975135803
800.075439,       50.1339912415
800.401001,       50.0567016602
800.726624,       50.0217666626
801.052063,       50.3077163696
801.377441,       50.3235054016
801.702881,       50.2154045105
802.028198,       50.3302459717
802.353516,       50.5503578186
802.678833,       50.5927391052
803.004028,       50.6660003662
803.329102,       50.7436408997
803.654236,       50.6985130310
803.979248,       50.8257675171
804.304321,       50.8701438904
804.629272,       50.7377815247
804.954163,       50.7892494202
805.278931,       50.7559585571
805.603821,       50.7651443481
805.928589,       50.7235183716
806.253357,       50.6758079529
806.577942,       50.8025932312
806.902588,       50.9540367126
807.227112,       51.0273056030
807.551575,       51.1476821899
807.876099,       50.9580001831
808.200500,       51.1458320618
808.524841,       51.2017250061
808.849121,       51.1656951904
809.173401,       51.0932922363
809.497620,       51.0449104309
809.821838,       51.0385284424
810.145996,       50.9903030396
810.469971,       51.0841903687
810.793945,       50.9944610596
811.117981,       51.0560531616
811.441956,       51.2380676270
811.765808,       51.1635665894
812.089600,       51.1904525757
812.413391,       51.1866569519
812.737061,       51.2569427490
813.060730,       51.2548904419
813.384338,       51.1894836426
813.708008,       51.0682220459
814.031433,       51.1113243103
814.354919,       50.9875106812
814.678345,       50.8593673706
815.001709,       50.8329925537
815.325073,       50.8352203369
815.648376,       50.7687034607
815.971558,       50.6882667542
816.294678,       50.7082519531
816.617798,       50.7198867798
816.940918,       50.7103614807
817.263977,       50.6245498657
817.586853,       50.6701545715
817.909851,       50.6449203491
818.232727,       50.6103324890
818.555542,       50.6167221069
818.878296,       50.6364402771
819.201050,       50.6917190552
819.523682,       50.8163223267
819.846375,       50.8545379639
820.168884,       50.9633712769
820.491455,       50.9603729248
820.813904,       51.1928787231
821.136353,       51.2831687927
821.458740,       51.5259666443
821.781128,       51.3940811157
822.103333,       51.4732246399
822.425598,       51.6057891846
822.747803,       51.5642051697
823.069824,       51.5439682007
823.391968,       51.5400161743
823.713989,       51.6986846924
824.035950,       51.8043746948
824.357849,       51.7762374878
824.679810,       51.7489242554
825.001587,       51.7478179932
825.323425,       51.7741432190
825.645142,       51.7452354431
825.966736,       51.7621650696
826.288391,       51.6401596069
826.610046,       51.5945625305
826.931458,       51.4572563171
827.253052,       51.4507522583
827.574402,       51.2641143799
827.895813,       51.3577690125
828.217163,       51.2328567505
828.538391,       51.2586822510
828.859619,       51.1803207397
829.180786,       51.0905761719
829.501953,       51.1800689697
829.822998,       51.1740913391
830.144043,       51.2218399048
830.464966,       51.1819114685
830.785950,       51.0705528259
831.106812,       51.0861587524
831.427673,       51.0837745667
831.748474,       51.0403709412
832.069214,       51.1612892151
832.389771,       51.2274208069
832.710449,       51.1463050842
833.031067,       51.1617736816
833.351563,       51.1710777283
833.672058,       51.1767883301
833.992371,       51.1798095703
834.312805,       51.0758514404
834.633179,       50.9402351379
834.953369,       50.8921928406
835.273621,       50.9298019409
835.593811,       50.9813537598
835.913940,       50.9443626404
836.234009,       50.8799438477
836.554077,       50.9415702820
836.874023,       51.2221221924
837.193909,       51.2147979736
837.513794,       51.3006401062
837.833618,       51.2665557861
838.153381,       51.2855300903
838.473145,       51.4027175903
838.792786,       51.2768020630
839.112366,       51.1788063049
839.432007,       51.2334899902
839.751465,       51.2289466858
840.070984,       51.2754974365
840.390381,       51.3201065063
840.709656,       51.3196334839
841.028992,       51.5291976929
841.348267,       51.5976066589
841.667480,       51.6243858337
841.986633,       51.5491256714
842.305725,       51.5006790161
842.624817,       51.4621849060
842.943848,       51.5412025452
843.262756,       51.5978927612
843.581665,       51.2950286865
843.900574,       51.3093338013
844.219360,       51.2660522461
844.538147,       51.3646354675
844.856812,       51.4454917908
845.175415,       51.3358421326
845.494080,       51.3577232361
845.812683,       51.4069862366
846.131104,       51.5805854797
846.449585,       51.5624237061
846.768005,       51.6838264465
847.086304,       51.7599029541
847.404663,       51.8518257141
847.722839,       51.6363029480
848.041077,       51.5979766846
848.359192,       51.6426010132
848.677246,       51.6976661682
848.995361,       51.8161849976
849.313354,       51.8825836182
849.631226,       51.8249435425
849.949158,       51.7836494446
850.267029,       51.8630867004
850.584778,       51.8291244507
850.902527,       51.8667221069
851.220276,       51.7192230225
851.537842,       51.7299880981
851.855469,       51.7597274780
852.173035,       51.7982826233
852.490417,       51.8824081421
852.807861,       51.7507209778
853.125305,       51.9851875305
853.442627,       51.8276939392
853.759888,       51.6155052185
854.077087,       51.5412826538
854.394287,       51.5824737549
854.711426,       51.6068687439
855.028442,       51.5117301941
855.345459,       51.5954017639
855.662537,       51.6144676208
855.979370,       51.6147003174
856.296265,       51.6756820679
856.613098,       51.6833496094
856.929871,       51.6158409119
857.246582,       51.5549430847
857.563232,       51.6306152344
857.879822,       51.8841133118
858.196411,       51.8054962158
858.512939,       51.8558044434
858.829346,       51.8333015442
859.145813,       51.8682250977
859.462158,       51.7887458801
859.778442,       51.7553863525
860.094666,       51.8015975952
860.410889,       51.8139915466
860.726990,       51.8354187012
861.043152,       51.8018951416
861.359192,       51.7705612183
861.675232,       51.8330764771
861.991150,       51.7548255920
862.307007,       51.7532157898
862.622864,       51.8707160950
862.938660,       51.9364128113
863.254333,       51.8893165588
863.570068,       51.9349937439
863.885742,       52.0041694641
864.201233,       51.8574790955
864.516846,       51.6744537354
864.832336,       51.7032012939
865.147766,       51.6958312988
865.463135,       51.7699661255
865.778503,       51.6810073853
866.093750,       51.7536697388
866.408997,       51.6813201904
866.724182,       51.7114753723
867.039246,       51.8243904114
867.354309,       51.8546829224
867.669312,       51.9037590027
867.984314,       51.8497772217
868.299194,       51.8126792908
868.614075,       51.7710380554
868.928833,       51.7548332214
869.243652,       51.5805320740
869.558289,       51.5126571655
869.872986,       51.5387458801
870.187622,       51.4321556091
870.502136,       51.4133148193
870.816650,       51.4906578064
871.131165,       51.5361022949
871.445496,       51.4633941650
871.759827,       51.5057373047
872.074158,       51.4148254395
872.388367,       51.4831733704
872.702576,       51.4503822327
873.016785,       51.3833236694
873.330750,       51.3832740784
873.644897,       51.5267372131
873.958801,       51.5400123596
874.272705,       51.4875602722
874.586670,       51.5267715454
874.900452,       51.5315246582
875.214172,       51.5260925293
875.527954,       51.4301376343
875.841614,       51.4898223877
876.155273,       51.4714889526
876.468811,       51.4688682556
876.782288,       51.5936355591
877.095764,       51.6120567322
877.409241,       51.5692100525
877.722534,       51.6201629639
878.035889,       51.6690177917
878.349121,       51.7444419861
878.662292,       51.6603889465
878.975464,       51.5801506042
879.288574,       51.7846412659
879.601624,       51.7792816162
879.914612,       51.6996154785
880.227600,       51.5839233398
880.540405,       51.5713882446
880.853271,       51.5771255493
881.166016,       51.5838088989
881.478821,       51.6465835571
881.791504,       51.6471977234
882.104065,       51.6635704041
882.416626,       51.6361122131
882.729187,       51.6657485962
883.041626,       51.7193870544
883.354065,       51.8083572388
883.666443,       51.7875328064
883.978760,       51.7326354980
884.291016,       51.8247795105
884.603271,       51.8299636841
884.915344,       51.7179412842
885.227539,       51.9338264465
885.539551,       51.8609657288
885.851501,       51.6802673340
886.163513,       51.6547203064
886.475464,       51.6611175537
886.787231,       51.5785560608
887.099060,       51.5453948975
887.410767,       51.5753326416
887.722412,       51.5960693359
888.034119,       51.6594047546
888.345642,       51.6069755554
888.657227,       51.6062393188
888.968689,       51.6711997986
889.280090,       51.6605453491
889.591492,       51.7133789063
889.902832,       51.5763893127
890.213989,       51.5785140991
890.525269,       51.6526947021
890.836487,       51.4674911499
891.147522,       51.7875595093
891.458618,       56.7801704407
891.769653,       56.6398429871
892.080566,       56.7229690552
892.391479,       56.7270393372
892.702332,       56.7823333740
893.013123,       56.8400382996
893.323853,       56.8793487549
893.634521,       56.8911437988
893.945129,       56.9792251587
894.255798,       57.0197639465
894.566223,       56.9005432129
894.876770,       57.0059356689
895.187195,       57.0489578247
895.497498,       56.9955406189
895.807861,       56.9994926453
896.118164,       56.9484939575
896.428345,       56.9698753357
896.738525,       57.1043891907
897.048645,       57.0821876526
897.358643,       57.1298255920
897.668701,       56.9819030762
897.978638,       51.7445449829
898.288513,       51.7711334229
898.598389,       51.7740478516
898.908142,       51.7316284180
899.217896,       51.6423301697
899.527588,       51.8523635864
899.837219,       51.8438034058
900.146790,       52.0385131836
900.456360,       52.0492668152
900.765747,       52.0005149841
901.075195,       52.1293106079
901.384583,       52.2267227173
901.693848,       52.1372985840
902.003174,       52.1152915955
902.312378,       52.1805686951
902.621460,       52.1558151245
902.930603,       52.1161727905
903.239685,       51.9444885254
903.548645,       51.9314346313
903.857605,       51.9422340393
904.166504,       51.8014793396
904.475281,       51.7512435913
904.784058,       51.7456474304
905.092896,       51.8106269836
905.401489,       51.8697929382
905.710144,       51.8022422791
906.018738,       51.5812873840
906.327209,       51.7261848450
906.635681,       51.5846595764
906.944031,       51.4948120117
907.252441,       51.5756149292
907.560730,       51.4922561646
907.869019,       51.3557128906
908.177185,       51.4942779541
908.485352,       51.5770988464
908.793396,       51.8701019287
909.101501,       51.9537506104
909.409485,       52.1197967529
909.717407,       52.1808815002
910.025269,       52.2098121643
910.333130,       52.3400382996
910.640869,       52.3075408936
910.948608,       52.2437705994
911.256287,       52.2531700134
911.563843,       52.1208000183
911.871399,       51.9966850281
912.178955,       52.1517028809
912.486389,       52.2759552002
912.793823,       52.1112785339
913.101135,       52.0133972168
913.408386,       52.0510902405
913.715637,       52.0033416748
914.022827,       52.1572837830
914.329956,       52.2120246887
914.637085,       52.0766792297
914.944031,       52.1383056641
915.251038,       51.8134651184
915.557983,       51.7628326416
915.864807,       51.5080108643
916.171631,       51.5176963806
916.478455,       51.5004272461
916.785095,       51.5641517639
917.091736,       51.6382865906
917.398376,       51.8581314087
917.704834,       51.8367881775
918.011414,       51.8333091736
918.317810,       51.9514160156
918.624207,       51.8980903625
918.930542,       51.7235412598
919.236816,       51.7298469543
919.542969,       51.7891769409
919.849182,       51.7610740662
920.155273,       51.6163520813
920.461304,       51.4737319946
920.767334,       51.4816741943
921.073242,       51.6073036194
921.379211,       51.7057075500
921.685059,       51.6738166809
921.990784,       51.5780754089
922.296570,       51.6974792480
922.602295,       51.5846061707
922.907898,       52.2140045166
923.213440,       51.9382820129
923.518982,       51.8273277283
923.824463,       51.7452468872
924.129883,       51.7233734131
924.435242,       51.8482093811
924.740540,       51.8386192322
925.045776,       51.8441810608
925.351013,       52.1224517822
925.656128,       52.1111373901
925.961243,       52.2726516724
926.266235,       52.2334823608
926.571167,       52.6164054871
926.876160,       52.5563964844
927.181030,       52.6126136780
927.485840,       52.5013389587
927.790588,       52.4230117798
928.095276,       52.4297065735
928.399963,       53.0031852722
928.704590,       53.2100334167
929.009094,       53.3970413208
929.313599,       53.1964836121
929.618103,       53.4549903870
929.922424,       53.5919837952
930.226807,       53.4852676392
930.531067,       53.4568176270
930.835266,       53.6216926575
931.139465,       53.6071853638
931.443542,       53.6855239868
931.747620,       53.4604949951
932.051697,       53.5781974792
932.355652,       53.3946876526
932.659485,       53.5150756836
932.963379,       53.2775802612
933.267090,       53.3725814819
933.570801,       53.2507896423
933.874573,       53.2855682373
934.178162,       53.1366233826
934.481689,       53.2885437012
934.785278,       52.8123779297
935.088745,       52.6070594788
935.392151,       52.7150917053
935.695496,       52.2708473206
935.998779,       51.9732704163
936.302063,       51.9680671692
936.605225,       52.2751464844
936.908386,       52.4927139282
937.211426,       52.2114028931
937.514465,       52.2288017273
937.817444,       52.0139999390
938.120422,       52.3096961975
938.423279,       52.3395462036
938.726013,       52.8730316162
939.028809,       52.8016738892
939.331482,       52.8420257568
939.634155,       52.8614349365
939.936768,       53.0025138855
940.239258,       52.9074020386
940.541809,       52.9473114014
940.844238,       52.7657814026
941.146606,       52.7111244202
941.448914,       52.6716156006
941.751221,       52.6652755737
942.053345,       52.6294479370
942.355530,       52.6358833313
942.657654,       52.5133666992
942.959656,       52.5904998779
943.261658,       52.3562660217
943.563599,       52.4108963013
943.865479,       52.5966567993
944.167358,       52.7248916626
944.469177,       52.6967658997
944.770813,       52.6367263794
945.072510,       52.0120811462
945.374084,       52.0690269470
945.675659,       51.7764015198
945.977173,       51.7887573242
946.278564,       51.8481788635
946.580017,       52.1261825562
946.881348,       51.9198722839
947.182617,       52.0092544556
947.483826,       51.9392242432
947.785034,       51.9467849731
948.086060,       51.7988929749
948.387207,       51.8020095825
948.688232,       51.9085540771
948.989075,       52.0731506348
949.290039,       51.6419639587
949.590942,       51.7114715576
949.891663,       51.7111892700
950.192444,       51.4624252319
950.493164,       51.5956649780
950.793701,       51.3018684387
951.094299,       51.2204284668
951.394836,       51.3208160400
951.695251,       53.2260017395
951.995667,       53.5378952026
952.295959,       53.3365974426
952.596313,       53.1010131836
952.896545,       53.2132873535
953.196716,       53.3944969177
953.496826,       53.2853851318
953.796936,       53.3255805969
954.096863,       53.2512359619
954.396912,       53.2202835083
954.696777,       53.1853065491
954.996643,       53.3432769775
955.296448,       53.5581893921
955.596191,       53.7173881531
955.895813,       53.7662963867
956.195496,       54.0290222168
956.495117,       54.4830627441
956.794556,       54.2811164856
957.094055,       54.1312561035
957.393494,       54.9016189575
957.692810,       54.9656791687
957.992126,       52.9660644531
958.291321,       52.5731277466
958.590637,       52.7331542969
958.889709,       52.7883453369
959.188782,       52.5147361755
959.487793,       52.4349937439
959.786804,       52.5522689819
960.085693,       52.4242744446
960.384460,       52.6829795837
960.683472,       52.8287658691
960.982056,       52.9497261047
961.280823,       53.1749954224
961.579407,       52.9555511475
961.877930,       52.7271919250
962.176575,       52.6749916077
962.474915,       52.1686668396
962.773376,       51.8504257202
963.071777,       52.0372924805
963.370056,       52.1096305847
963.668335,       51.0691986084
963.966431,       51.0252304077
964.264709,       50.7046279907
964.562744,       51.2653884888
964.860718,       51.4410362244
965.158691,       51.6965255737
965.456543,       51.8751907349
965.754578,       52.3492164612
966.052307,       52.9138793945
966.350037,       53.1796760559
966.647705,       52.8052978516
966.945251,       53.1487960815
967.243042,       52.9853591919
967.540405,       52.3800621033
967.837952,       52.4379959106
968.135376,       52.5397415161
968.432739,       53.1313018799
968.730042,       53.5826797485
969.027222,       53.3490180969
969.324524,       53.0167655945
969.621521,       52.9617652893
969.918701,       53.0367851257
970.215698,       53.0921173096
970.512573,       53.0963058472
970.809631,       53.2735290527
971.106384,       53.2127189636
971.403198,       53.4411621094
971.700012,       53.4237213135
971.996521,       52.8930473328
972.293335,       52.4891090393
972.589783,       52.7455406189
972.886353,       52.8958969116
973.182861,       52.0087966919
973.479309,       52.0962409973
973.775635,       52.3260307312
974.071838,       52.5823516846
974.368225,       52.3346481323
974.664368,       51.9124145508
974.960449,       51.6262054443
975.256592,       51.7467155457
975.552490,       52.5541191101
975.848633,       52.8740043640
976.144409,       53.4579505920
976.440247,       53.1419296265
976.736023,       54.0065574646
977.031738,       53.7590332031
977.327515,       53.7184181213
977.623047,       53.7961235046
977.918640,       53.7701301575
978.214172,       53.9804458618
978.509644,       53.3749084473
978.805115,       52.7981987000
979.100281,       52.8513679504
979.395752,       53.4336204529
979.690857,       53.7867736816
979.986084,       53.4991874695
980.281250,       53.1498031616
980.576172,       53.5121498108
980.871338,       53.3494873047
981.166199,       53.3447875977
981.461121,       53.6113128662
981.755920,       52.9978752136
982.050781,       53.2312812805
982.345520,       53.1142120361
982.640076,       53.2716865540
982.934814,       52.2598571777
983.229309,       51.8664016724
983.523804,       52.0096130371
983.818298,       51.4803237915
984.112610,       51.0160636902
984.407043,       54.0231056213
984.701233,       54.6907310486
984.995483,       54.8154182434
985.289612,       54.8549652100
985.583618,       54.2461090088
985.877869,       54.1708869934
986.171753,       54.1778335571
986.465698,       54.2089042664
986.759583,       54.3118247986
987.053467,       55.4247970581
987.347290,       55.2540588379
987.640869,       54.8124427795
987.934631,       55.0971374512
988.228149,       54.6692352295
988.521667,       54.5514221191
988.815186,       55.0654907227
989.108582,       55.5023307800
989.402039,       55.4435539246
989.695313,       55.5326156616
989.988525,       55.6459197998
990.281738,       56.2770500183
990.574829,       52.7896575928
990.868042,       52.4396476746
991.161011,       53.0164413452
991.453979,       53.4092254639
991.746948,       54.7095298767
992.039795,       55.4264144897
992.332642,       56.7626876831
992.625305,       56.3761634827
992.918091,       56.2743492126
993.210632,       57.0596504211
993.503235,       57.7343444824
993.795837,       60.3723983765
994.088196,       60.0831680298
994.380676,       60.3083267212
994.672913,       60.5264778137
994.965271,       62.1217613220
995.257568,       62.2097015381
995.549622,       63.2207679749
995.841858,       63.8480529785
996.133850,       64.1404876709
996.425903,       64.1037979126
996.717834,       64.0791549683
997.009766,       63.5405654907
997.301636,       62.7199058533
997.593323,       62.5035591125
997.885193,       61.3426208496
998.176758,       60.4428482056
998.468384,       60.2853546143
998.760010,       60.4044418335
999.051392,       60.8233108521
999.342957,       59.0791358948
999.634277,       58.6949996948
999.925598,       55.8841094971
1000.216919,       56.1010551453
1000.508118,       56.4902534485
1000.799255,       56.0954017639
1001.090271,       53.9204711914
1001.381470,       53.8088035583
1001.672363,       53.7659645081
1001.963257,       52.2919540405
1002.254150,       51.6267890930
1002.544922,       51.3723487854
1002.835815,       51.0775756836
1003.126404,       51.5082778931
1003.417114,       52.1906852722
1003.707703,       52.1931877136
1003.998108,       52.6709747314
1004.288757,       52.7634925842
1004.579041,       51.4142646790
1004.869385,       51.3184890747
1005.159729,       51.1388130188
1005.450012,       50.1680793762
1005.740173,       49.8332557678
1006.030212,       49.7299270630
1006.320435,       49.9478378296
1006.610352,       49.7254676819
1006.900330,       49.2511253357
1007.190247,       50.2483482361
1007.479980,       50.1055946350
1007.769897,       48.9094390869
1008.059509,       49.6224975586
1008.349243,       49.9314765930
1008.638855,       49.7502517700
1008.928345,       50.7109985352
1009.217896,       50.9199447632
1009.507263,       50.5680541992
1009.796753,       50.3706626892
1010.086060,       49.9347496033
1010.375366,       49.5778007507
1010.664551,       49.1368255615
1010.953674,       49.0287437439
1011.242920,       49.9805335999
1011.531738,       50.8743629456
1011.820801,       51.3572235107
1012.109741,       51.3698501587
1012.398499,       52.1951599121
1012.687439,       53.0705223083
1012.976074,       53.9502029419
1013.264771,       52.9822158813
1013.553406,       52.8545913696
1013.842041,       52.8065872192
1014.130554,       51.9318161011
1014.418884,       51.4689750671
1014.707336,       51.9639091492
1014.995789,       51.4519081116
1015.284058,       51.5330314636
1015.572327,       52.0063095093
1015.860413,       51.6098861694
1016.148621,       51.2726440430
1016.436523,       51.7783813477
1016.724609,       52.2755279541
1017.012573,       53.0004959106
1017.300354,       51.5230407715
1017.588318,       50.6436843872
1017.875977,       52.5374488831
1018.163757,       52.6343040466
1018.451416,       51.6692657471
1018.739014,       52.7937011719
1019.026611,       52.2547187805
1019.313904,       51.9488258362
1019.601440,       52.2069396973
1019.888733,       52.1507263184
1020.176086,       53.9306831360
1020.463318,       55.1790847778
1020.750549,       55.3886413574
1021.037720,       57.0228347778
1021.324707,       58.8164138794
1021.611694,       58.8117065430
1021.898682,       60.3724899292
1022.185547,       61.1649208069
1022.472595,       59.9339904785
1022.759216,       60.3599243164
1023.045959,       60.6967086792
1023.332581,       63.5817756653
1023.619324,       65.0998916626
1023.905884,       63.3720054626
1024.192261,       64.3475570679
1024.478882,       63.8078880310
1024.765137,       60.7355651855
1025.051514,       62.0459365845
1025.337769,       61.7715644836
1025.623779,       62.3209609985
1025.910034,       64.8865509033
1026.196045,       99.6832046509
1026.482178,       72.5543441772
1026.768066,       50.8064384460
1027.053955,       62.5194473267
1027.339966,       34.6689910889
1027.625610,       49.6464004517
1027.911377,       72.7272720337
1028.197144,       47.1428565979
1028.482666,       56.8597564697
1028.768311,       88.9020080566
