339.817139,        0.0000000000
340.196106,        0.0000000000
340.575104,      841.6660156250
340.954010,      591.3037109375
341.332886,     6349.8540039063
341.711761,      621.0513916016
342.090576,       51.5306243896
342.469360,       93.8953552246
342.848114,       39.8147773743
343.226868,        0.0000000000
343.605560,       60.7354164124
343.984192,       60.1464462280
344.362854,       59.9936408997
344.741425,       63.2966156006
345.119995,       69.1080093384
345.498535,       71.7835388184
345.877014,       73.5715866089
346.255463,       76.4971237183
346.633881,       78.5765304565
347.012299,       78.6691818237
347.390625,       79.0227584839
347.768951,       78.2136001587
348.147278,       77.8130645752
348.525513,       79.8714904785
348.903748,       80.4707489014
349.281952,       81.0406112671
349.660126,       80.7308502197
350.038239,       80.3428497314
350.416321,       79.5152893066
350.794373,       78.8221588135
351.172394,       78.6697311401
351.550385,       75.8267135620
351.928375,       73.3296279907
352.306305,       75.3172073364
352.684174,       74.2273483276
353.062042,       72.9101943970
353.439880,       72.6050262451
353.817657,       73.3040466309
354.195404,       74.6553344727
354.573151,       71.5322113037
354.950836,       72.8126068115
355.328461,       73.3502578735
355.706116,       73.1105728149
356.083710,       90.4558944702
356.461243,       90.6265563965
356.838806,       90.4607009888
357.216248,       89.9593429565
357.593719,       90.1478195190
357.971161,       90.4597167969
358.348541,       90.2714691162
358.725891,       89.7449340820
359.103210,       90.2348327637
359.480530,       89.9401397705
359.857758,       92.3168563843
360.234955,       90.9723815918
360.612183,       91.6643676758
360.989319,       91.2017059326
361.366425,       91.4281387329
361.743530,       92.4245986938
362.120575,       91.0892105103
362.497559,       90.2954559326
362.874573,       89.8327560425
363.251526,       88.7624969482
363.628418,       88.3375473022
364.005310,       66.4948730469
364.382202,       65.5330810547
364.759003,       63.9086494446
365.135773,       65.4251022339
365.512482,       65.9845962524
365.889221,       66.4307861328
366.265900,       66.8598403931
366.642517,       68.5001754761
367.019165,       68.6096343994
367.395721,       70.4307479858
367.772278,       69.5062637329
368.148804,       68.5074005127
368.525269,       68.0000228882
368.901672,       68.4143371582
369.278107,       67.1468887329
369.654480,       62.0697135925
370.030823,       64.1580429077
370.407104,       63.5716667175
370.783386,       61.8410758972
371.159637,       63.2207031250
371.535828,       66.1514511108
371.912018,       66.7023315430
372.288116,       66.1339187622
372.664246,       67.4942321777
373.040283,       67.3632965088
373.416351,       65.3327636719
373.792328,       62.5856323242
374.168274,       62.4166908264
374.544250,       61.9162902832
374.920105,       62.3418159485
375.295959,       59.9074974060
375.671814,       61.7148818970
376.047607,       62.7907028198
376.423370,       61.8462638855
376.799103,       61.8026542664
377.174774,       64.2612075806
377.550415,       65.5698089600
377.926056,       62.1530456543
378.301636,       63.0002021790
378.677185,       63.9304656982
379.052673,       66.0669403076
379.428192,       66.8059310913
379.803650,       66.7235031128
380.179047,       65.2436904907
380.554443,       65.0618133545
380.929779,       64.4840316772
381.305084,       64.2379760742
381.680359,       66.2595748901
382.055634,       65.4231185913
382.430817,       64.9011383057
382.805969,       64.1688537598
383.181152,       65.1801757813
383.556244,       64.0191116333
383.931274,       63.9157104492
384.306366,       65.1652374268
384.681366,       64.4460296631
385.056305,       62.7546386719
385.431274,       62.8322792053
385.806152,       64.5118026733
386.181000,       63.2056121826
386.555817,       62.4788627625
386.930634,       57.4866218567
387.305389,       54.1542930603
387.680084,       54.0306282043
388.054810,       55.8343963623
388.429474,       54.7177200317
388.804047,       53.4728050232
389.178650,       53.9789733887
389.553192,       52.2831687927
389.927734,       53.0667228699
390.302185,       52.9729919434
390.676666,       51.9564819336
391.051086,       49.6195755005
391.425446,       48.8945159912
391.799805,       48.4336433411
392.174133,       47.3854637146
392.548370,       47.4892730713
392.922638,       46.6559333801
393.296844,       48.4563026428
393.670990,       45.1883583069
394.045135,       44.4841918945
394.419220,       43.2142601013
394.793304,       45.4328956604
395.167328,       45.7214431763
395.541321,       46.9736976624
395.915283,       45.7257461548
396.289185,       47.9124603271
396.663116,       48.7069015503
397.036957,       46.7935104370
397.410736,       46.1166877747
397.784546,       45.6587028503
398.158325,       43.6175651550
398.532013,       44.5807533264
398.905670,       46.0841369629
399.279358,       50.6801605225
399.652954,       50.5160751343
400.026520,       50.0229225159
400.400085,       50.4744720459
400.773560,       51.6858634949
401.147034,       48.7470321655
401.520508,       48.5463638306
401.893890,       49.8318405151
402.267242,       50.7206420898
402.640564,       50.2484664917
403.013855,       50.3240242004
403.387146,       48.8485794067
403.760345,       49.0581474304
404.133514,       51.4915275574
404.506683,       51.1517715454
404.879791,       53.1206741333
405.252869,       54.3274116516
405.625946,       53.6640357971
405.998962,       53.0228538513
406.371918,       54.1681709290
406.744873,       53.7551040649
407.117798,       49.2777709961
407.490631,       48.5090713501
407.863525,       47.7773361206
408.236298,       47.8834304810
408.609039,       51.4514999390
408.981842,       51.7615013123
409.354523,       53.5681114197
409.727173,       53.4329490662
410.099792,       52.3333435059
410.472382,       50.7231712341
410.844910,       50.6147613525
411.217438,       49.3373985291
411.589935,       48.6180419922
411.962402,       44.1947746277
412.334778,       47.7078361511
412.707153,       46.7986907959
413.079498,       45.2803001404
413.451813,       45.5719566345
413.824066,       46.8089599609
414.196350,       44.3053169250
414.568512,       45.0644607544
414.940674,       45.8246994019
415.312805,       45.5266075134
415.684906,       45.4452171326
416.056946,       51.4001922607
416.429016,       47.6301956177
416.800964,       46.7901496887
417.172913,       44.9965972900
417.544830,       44.5150718689
417.916718,       45.2598648071
418.288574,       45.4673233032
418.660370,       44.5675468445
419.032135,       44.5132751465
419.403870,       44.3061370850
419.775574,       44.4938545227
420.147247,       41.0287666321
420.518860,       41.3298950195
420.890472,       41.2329788208
421.262024,       40.6828422546
421.633545,       39.9442443848
422.005005,       40.4255256653
422.376495,       38.9421806335
422.747925,       37.8556327820
423.119293,       37.8791885376
423.490601,       38.3778114319
423.861938,       30.1949443817
424.233215,       31.1899242401
424.604462,       32.6886062622
424.975647,       31.6041793823
425.346832,       30.8106269836
425.717926,       29.9092864990
426.089050,       28.9551086426
426.460083,       28.1802501678
426.831085,       27.7961616516
427.202087,       27.1143341064
427.572998,       27.1893024445
427.943939,       28.0182476044
428.314819,       27.3215980530
428.685669,       26.7481269836
429.056458,       27.3851985931
429.427246,       26.9176750183
429.797943,       26.0363311768
430.168701,       26.0493431091
430.539337,       26.3279800415
430.909943,       26.5681381226
431.280548,       27.5403079987
431.651093,       29.1349773407
432.021606,       28.7989082336
432.392120,       26.6135444641
432.762543,       26.7820453644
433.132965,       26.5648326874
433.503326,       26.7828502655
433.873688,       27.0773048401
434.243958,       26.8812274933
434.614227,       26.0632724762
434.984467,       26.7387428284
435.354645,       25.7660388947
435.724792,       24.3471355438
436.094910,       22.9896106720
436.464996,       23.4924221039
436.835052,       25.8572463989
437.205048,       25.7691612244
437.575043,       26.6735992432
437.944977,       26.5965881348
438.314880,       26.8698844910
438.684753,       26.3408813477
439.054565,       25.0408134460
439.424377,       24.7416324615
439.794128,       23.8811111450
440.163849,       24.4790058136
440.533508,       26.7261238098
440.903198,       26.8433475494
441.272797,       27.4734458923
441.642334,       28.2321186066
442.011902,       28.5158519745
442.381409,       29.4690361023
442.750854,       29.0997142792
443.120300,       29.6209106445
443.489655,       29.7299804688
443.859039,       31.0087852478
444.228333,       30.7382164001
444.597626,       27.9787654877
444.966888,       28.2246208191
445.336060,       27.3578319550
445.705231,       26.7567062378
446.074402,       25.9013805389
446.443512,       25.9815177917
446.812531,       25.9343376160
447.181610,       24.9048824310
447.550568,       25.1663532257
447.919525,       24.9704341888
448.288483,       22.6814060211
448.657349,       22.3104896545
449.026154,       21.1608371735
449.394989,       20.7701053619
449.763763,       21.2494487762
450.132477,       20.5132732391
450.501190,       20.0615653992
450.869812,       19.3490810394
451.238464,       18.8442707062
451.607025,       17.9347305298
451.975586,       18.6457061768
452.344116,       18.8225479126
452.712585,       18.8575038910
453.081024,       18.9259948730
453.449463,       18.9914474487
453.817810,       19.1853847504
454.186127,       18.7538757324
454.554413,       40.4833602905
454.922668,       40.8563728333
455.290894,       40.1253776550
455.659088,       39.7413063049
456.027222,       39.4515113831
456.395325,       39.1043853760
456.763428,       39.0649833679
457.131439,       38.2994384766
457.499420,       37.4884300232
457.867371,       37.3429107666
458.235321,       36.9692039490
458.603210,       36.8025169373
458.971039,       36.7095527649
459.338867,       36.3144264221
459.706635,       35.2856559753
460.074371,       34.7606201172
460.442047,       34.3690452576
460.809753,       35.3146629333
461.177368,       34.9570884705
461.544952,       34.7579498291
461.912537,       34.4046440125
462.280029,       16.3359184265
462.647522,       15.5614490509
463.014984,       15.2272939682
463.382355,       15.2597322464
463.749725,       15.1090707779
464.117065,       15.0021686554
464.484344,       14.3805952072
464.851593,       14.2705364227
465.218842,       14.1965494156
465.586029,       14.2120542526
465.953156,       14.2489671707
466.320282,       14.0122699738
466.687317,       14.2907333374
467.054352,       14.2938613892
467.421356,       14.5024728775
467.788300,       14.4936342239
468.155243,       14.2051477432
468.522095,       12.5847997665
468.888947,       13.1215286255
469.255768,       13.1448221207
469.622559,       13.6524305344
469.989258,       13.8023777008
470.355988,       13.8486623764
470.722626,       14.0153083801
471.089233,       13.7968568802
471.455841,       13.9556856155
471.822388,       13.8601646423
472.188873,       13.9821643829
472.555389,       13.9106912613
472.921753,       13.8893966675
473.288208,       13.6525211334
473.654602,       13.4585704803
474.020874,       13.5024337769
474.387177,       13.0238847733
474.753387,       12.6327228546
475.119629,       12.2142324448
475.485809,       12.1089916229
475.851929,       12.0301427841
476.218018,       11.9471187592
476.584076,       11.6655130386
476.950104,       11.2006034851
477.316101,       10.7393321991
477.682037,       10.2708501816
478.047974,        9.9688138962
478.413818,       10.1997928619
478.779663,       10.3479166031
479.145477,        9.9832897186
479.511200,        9.9246253967
479.876953,       10.0309934616
480.242615,       10.1297197342
480.608276,       10.1573839188
480.973907,       10.0519857407
481.339417,       10.2789115906
481.704987,       10.1976757050
482.070465,       10.0118217468
482.435913,       10.0948219299
482.801331,       10.0771064758
483.166718,       10.0468778610
483.532043,       10.1182813644
483.897369,       10.4697999954
484.262634,       10.3686857224
484.627869,       10.4030694962
484.993073,       10.2150402069
485.358215,       10.3286790848
485.723297,       10.3290185928
486.088409,       10.1625242233
486.453461,        9.9247388840
486.818451,        9.8804779053
487.183411,        9.9314641953
487.548370,        9.8281879425
487.913239,        9.7152090073
488.278107,        9.4814033508
488.642883,        9.3249626160
489.007660,        9.1460142136
489.372437,        9.0064096451
489.737091,        8.9121770859
490.101746,        8.8265171051
490.466370,        8.7973995209
490.830963,        8.6971330643
491.195526,        8.4880208969
491.559998,        8.0751399994
491.924500,        7.9520692825
492.288940,        7.8465166092
492.653320,        7.8996977806
493.017670,        7.8159189224
493.382019,        7.6843261719
493.746277,        7.4816284180
494.110504,        7.4370055199
494.474731,        7.5765743256
494.838898,        7.5080404282
495.203033,        7.4734678268
495.567108,        7.4902243614
495.931122,        8.7874317169
496.295166,        8.8014621735
496.659149,        8.5911788940
497.023041,        8.5790443420
497.386963,        8.5732679367
497.750824,        8.5539836884
498.114624,        8.6884136200
498.478455,        8.7963867188
498.842163,        8.7051973343
499.205872,        8.7011327744
499.569580,        8.7145910263
499.933167,        8.8295822144
500.296753,        8.7521533966
500.660339,        8.7450942993
501.023834,        8.7871675491
501.387299,        8.7696943283
501.750763,        8.8092136383
502.114166,        8.7104787827
502.477509,        8.6510095596
502.840851,        8.7047462463
503.204102,        8.8118410110
503.567352,        7.7052516937
503.930573,        7.7371878624
504.293732,        7.7637925148
504.656860,        7.8304028511
505.019989,        8.0135993958
505.382996,        8.0376710892
505.746033,        7.9490871429
506.109009,        7.8328938484
506.471924,        7.8530340195
506.834839,        7.8417577744
507.197662,        7.7778353691
507.560486,        7.7376432419
507.923309,        7.8071432114
508.286041,        7.8215265274
508.648743,        7.7717223167
509.011414,        7.7510781288
509.373993,        7.6943674088
509.736633,        7.7007546425
510.099213,        7.7147154808
510.461731,        7.5803065300
510.824158,        7.4997425079
511.186615,        7.4584989548
511.548950,        7.3825225830
511.911346,        7.4329180717
512.273682,        7.3609576225
512.635925,        7.2218871117
512.998169,        7.1349182129
513.360352,        7.0494904518
513.722534,        7.2221336365
514.084717,        7.3284187317
514.446777,        7.2835407257
514.808777,        7.3530378342
515.170776,        7.2913951874
515.532776,        7.2990336418
515.894714,        7.2535076141
516.256592,        7.3130459785
516.618469,        8.2591075897
516.980286,        8.4460954666
517.342041,        8.4486370087
517.703735,        8.4638986588
518.065430,        8.6037921906
518.427185,        8.6013479233
518.788696,        8.6256704330
519.150330,        8.6149301529
519.511902,        8.7354679108
519.873291,        8.7353372574
520.234802,        8.7385435104
520.596252,        8.7790288925
520.957581,        8.8738393784
521.318970,        8.7144699097
521.680237,        8.6644754410
522.041565,        8.7074670792
522.402771,        8.7103996277
522.763977,        8.8289670944
523.125061,        8.8747587204
523.486206,        9.2172250748
523.847229,        9.3117713928
524.208252,        8.5230588913
524.569275,        8.3775100708
524.930237,        8.3798799515
525.291138,        8.3771705627
525.652100,        8.3581504822
526.012817,        8.4637794495
526.373657,        8.4807109833
526.734436,        8.5190877914
527.095093,        8.5833911896
527.455811,        8.6269903183
527.816528,        8.6533689499
528.177002,        8.6769666672
528.537598,        8.7088117599
528.898132,        8.7712316513
529.258606,        8.7721433640
529.619080,        8.8157033920
529.979431,        9.1072778702
530.339844,        9.0007524490
530.700134,        8.9797668457
531.060425,        8.7688598633
531.420654,        8.7507467270
531.780884,        9.0516748428
532.140991,        9.0775690079
532.501160,        9.0635099411
532.861267,        9.1499977112
533.221375,        9.1437015533
533.581299,        9.0614938736
533.941284,        9.1502990723
534.301208,        9.2300977707
534.661133,        9.1571550369
535.020996,        9.2004089355
535.380798,        9.2572298050
535.740540,        9.3383016586
536.100220,        9.3250904083
536.459900,        9.3167629242
536.819641,        9.3134803772
537.179260,        9.3191223145
537.538757,        9.0793581009
537.898376,        9.1024866104
538.257813,        9.0956878662
538.617249,        9.0193700790
538.976685,        8.9696741104
539.336121,        8.7864675522
539.695374,        8.7633743286
540.054688,        8.8227815628
540.413879,        8.8227634430
540.773132,        8.7697324753
541.132385,        8.7520551682
541.491516,        8.7258787155
541.850525,        8.7732219696
542.209595,        8.7173547745
542.568604,        8.7781467438
542.927612,        8.7594194412
543.286560,        8.6933612823
543.645386,        8.6851968765
544.004333,        8.6978759766
544.363098,        8.7376546860
544.721924,        8.7788019180
545.080688,        8.7881088257
545.439331,        8.9064140320
545.797974,        8.8851337433
546.156616,        9.1470527649
546.515137,        9.1490697861
546.873657,        9.1021919250
547.232239,        9.1386852264
547.590698,        9.1093654633
547.949097,        9.0935001373
548.307495,        9.1209688187
548.665833,        9.0968685150
549.024109,        9.0543384552
549.382385,        9.0160732269
549.740540,        9.1321926117
550.098755,        9.0674037933
550.456909,        9.0447540283
550.815002,        9.0072040558
551.173096,        8.9901227951
551.531128,        8.9680633545
551.888977,        8.9592132568
552.247009,        8.8703851700
552.604797,        8.9755487442
552.962708,        8.9445190430
553.320557,        8.9956607819
553.678345,        8.8984308243
554.036011,        8.8848743439
554.393738,        8.8794183731
554.751404,        8.8460798264
555.109009,        8.8529767990
555.466614,        8.7849569321
555.824158,        8.7591905594
556.181641,        8.8386917114
556.539063,        8.8156557083
556.896423,        8.7669487000
557.253845,        8.6436462402
557.611206,        8.7652215958
557.968445,        8.7846126556
558.325745,        8.7902355194
558.682922,        8.7915058136
559.040161,        8.7989521027
559.397278,        8.7649374008
559.754395,        8.8278684616
560.111389,        8.6974334717
560.468445,        8.6079921722
560.825378,        8.5897464752
561.182251,        8.4870405197
561.539185,        8.4757394791
561.896057,        8.4931478500
562.252869,        8.5098152161
562.609619,        8.4778623581
562.966309,        8.5528488159
563.323059,        8.5285072327
563.679688,        8.4923973083
564.036316,        8.4773387909
564.392822,        8.5513935089
564.749390,        8.5477552414
565.105835,        8.4060630798
565.462280,        8.3901195526
565.818726,        8.4214544296
566.175049,        8.3964796066
566.531372,        8.3898735046
566.887573,        8.3636665344
567.243896,        8.2846565247
567.600098,        8.2850112915
567.956299,        8.2917385101
568.312378,        8.2223033905
568.668457,        8.1931686401
569.024475,        8.1335563660
569.380493,        8.0854663849
569.736389,        8.1013650894
570.092346,        8.1378927231
570.448181,        8.1083745956
570.804077,        8.0923566818
571.159790,        8.0736722946
571.515564,        8.0608415604
571.871338,        7.9917488098
572.226929,        7.9778566360
572.582581,        7.9878168106
572.938171,        7.9426379204
573.293701,        7.9141798019
573.649231,        7.8859624863
574.004700,        7.8750677109
574.360107,        7.8695306778
574.715515,        7.8958644867
575.070801,        7.9032444954
575.426086,        7.8350124359
575.781433,        7.8055582047
576.136658,        7.7753944397
576.491821,        7.7955169678
576.846985,        7.7744274139
577.202026,        7.6920280457
577.557129,        7.6651415825
577.912109,        7.5873308182
578.267090,        7.5746960640
578.621948,        7.5544724464
578.976929,        7.5522370338
579.331726,        7.4977149963
579.686523,        7.6096081734
580.041321,        7.6102123260
580.396057,        7.6312146187
580.750732,        7.7267379761
581.105408,        7.7312364578
581.459961,        7.7135057449
581.814575,        7.7124671936
582.169067,        7.6620354652
582.523499,        7.6187572479
582.877991,        7.6810402870
583.232361,        7.7273688316
583.586731,        7.7486829758
583.941040,        7.7142186165
584.295349,        7.6978707314
584.649536,        7.7394032478
585.003784,        7.6999568939
585.357849,        7.8678011894
585.712036,        7.8739805222
586.066040,        7.8725881577
586.420166,        7.8612079620
586.774048,        7.8342766762
587.128052,        7.7205777168
587.481934,        7.6772460938
587.835815,        7.6239376068
588.189636,        7.5144238472
588.543396,        7.5225205421
588.897095,        7.5069761276
589.250732,        7.5148768425
589.604431,        7.5263023376
589.958069,        7.4955797195
590.311646,        7.4614338875
590.665161,        7.4572153091
591.018677,        7.5054841042
591.372070,        7.5666809082
591.725525,        7.6243443489
592.078857,        7.6177740097
592.432190,        7.6300034523
592.785461,        7.5473151207
593.138733,        7.5362377167
593.491821,        7.5260467529
593.845032,        7.5342884064
594.198181,        7.6177983284
594.551270,        7.6710491180
594.904236,        7.6360759735
595.257202,        7.6676478386
595.610168,        7.6423006058
595.963074,        7.6433868408
596.315979,        7.6262354851
596.668823,        7.5999679565
597.021606,        7.7302360535
597.374268,        7.7409734726
597.726990,        7.7943639755
598.079651,        7.7825250626
598.432312,        7.7532582283
598.784851,        7.6973304749
599.137390,        7.6951041222
599.489868,        7.7531628609
599.842285,        7.7319817543
600.194702,        7.6468138695
600.547119,        7.5931468010
600.899414,        7.5557699203
601.251648,        7.5251035690
601.603882,        7.4298844337
601.956116,        7.3536620140
602.308289,        7.3505492210
602.660400,        7.3403320313
603.012451,        7.3584332466
603.364441,        7.3194375038
603.716370,        7.3165707588
604.068359,        7.4274802208
604.420288,        7.3453025818
604.772156,        7.3218746185
605.123962,        7.2659940720
605.475708,        7.2404241562
605.827515,        7.2229146957
606.179138,        7.2497448921
606.530884,        7.2509646416
606.882385,        7.1432037354
607.233948,        7.2169966698
607.585449,        7.2360782623
607.936951,        7.2843694687
608.288452,        7.3362617493
608.639893,        7.3661966324
608.991150,        7.3999538422
609.342468,        7.4408574104
609.693726,        7.5769267082
610.044983,        7.5736703873
610.396240,        7.5709557533
610.747314,        7.5835490227
611.098389,        7.5953564644
611.449463,        7.4881920815
611.800476,        7.4497656822
612.151489,        7.4793295860
612.502441,        7.4581327438
612.853271,        7.4667005539
613.204102,        7.4432411194
613.554932,        7.4406504631
613.905701,        7.4729642868
614.256470,        7.5036892891
614.607178,        7.4435071945
614.957764,        7.4670562744
615.308350,        7.4585719109
615.658875,        7.3953771591
616.009399,        7.3662323952
616.359924,        7.3844218254
616.710327,        7.3699378967
617.060669,        7.2753958702
617.411011,        7.2667760849
617.761292,        7.2736835480
618.111572,        7.3064303398
618.461853,        7.2793030739
618.812012,        7.3141231537
619.162109,        7.3308763504
619.512146,        7.3198122978
619.862183,        7.3205986023
620.212219,        7.3523731232
620.562195,        7.3320984840
620.912048,        7.3256058693
621.261963,        7.3025269508
621.611755,        7.3205957413
621.961548,        7.3127827644
622.311340,        7.2940201759
622.661072,        7.3373475075
623.010681,        7.3529429436
623.360229,        7.4117021561
623.709839,        7.4061803818
624.059387,        7.3696045876
624.408936,        7.3417744637
624.758423,        7.3258256912
625.107727,        7.2868571281
625.457031,        7.2463488579
625.806458,        7.2691621780
626.155762,        7.2784466743
626.504944,        7.2428174019
626.854126,        7.2361121178
627.203308,        7.2356791496
627.552368,        7.2076849937
627.901428,        7.2504825592
628.250488,        7.2408480644
628.599487,        7.2411284447
628.948364,        7.2191486359
629.297241,        7.2218189240
629.646118,        7.2165021896
629.994934,        7.1789169312
630.343689,        7.1556701660
630.692444,        7.0911908150
631.041077,        7.0705199242
631.389648,        7.1880760193
631.738281,        7.2063827515
632.086853,        7.2385125160
632.435364,        7.2766451836
632.783875,        7.3818812370
633.132263,        7.3747859001
633.480591,        7.2975950241
633.828918,        7.3110394478
634.177246,        7.3399305344
634.525513,        7.3477125168
634.873657,        7.3162937164
635.221863,        7.2900800705
635.569946,        7.2788896561
635.918030,        7.2125024796
636.266052,        7.1765193939
636.614136,        7.3211827278
636.962036,        7.3111824989
637.309937,        7.2923617363
637.657776,        7.2873158455
638.005615,        7.3796324730
638.353394,        7.4057502747
638.701111,        7.2960414886
639.048767,        7.2499589920
639.396423,        7.2385454178
639.743958,        7.2129516602
640.091614,        7.0848932266
640.439087,        7.0979433060
640.786560,        7.1269912720
641.133972,        7.0987453461
641.481323,        7.1035137177
641.828735,        7.0848875046
642.176025,        7.1337552071
642.523315,        7.1038804054
642.870483,        7.1556897163
643.217651,        7.1628527641
643.564758,        7.2322597504
643.911804,        7.0548763275
644.258911,        7.3559470177
644.605896,        7.3785014153
644.952820,        7.3910474777
645.299683,        7.3408207893
645.646606,        7.3404893875
645.993469,        7.3628664017
646.340210,        7.3942832947
646.687012,        7.3807187080
647.033630,        7.4175910950
647.380249,        7.4359164238
647.726868,        7.3942556381
648.073425,        7.3894782066
648.419983,        7.3955378532
648.766418,        7.3382658958
649.112854,        7.3237791061
649.459229,        7.3065271378
649.805603,        7.3191313744
650.151855,        7.2876057625
650.498169,        7.2728610039
650.844360,        7.1955642700
651.190552,        7.2145609856
651.536621,        6.9029555321
651.882751,        6.8914413452
652.228760,        6.8848199844
652.574829,        6.8455295563
652.920715,        6.8069429398
653.266602,        6.8351507187
653.612488,        6.8594856262
653.958252,        6.8654866219
654.304077,        6.8147239685
654.649841,        6.8226046562
654.995483,        6.8379454613
655.341064,        6.8346629143
655.686707,        7.2030982971
656.032288,        7.2428436279
656.377808,        7.2511701584
656.723267,        7.2253131866
657.068726,        7.2566189766
657.414063,        7.2541751862
657.759399,        7.3313379288
658.104736,        7.3933625221
658.449951,        7.4494080544
658.795166,        7.4305520058
659.140381,        7.4641761780
659.485474,        7.5023202896
659.830505,        7.5082516670
660.175598,        7.5220518112
660.520569,        7.4700737000
660.865479,        7.4396142960
661.210327,        7.4297337532
661.555237,        7.4577474594
661.900085,        7.4376611710
662.244812,        7.4536299706
662.589539,        7.4447140694
662.934265,        7.1204996109
663.278809,        7.1087360382
663.623413,        7.1519622803
663.968018,        7.2036752701
664.312500,        7.1734995842
664.656921,        7.1700854301
665.001343,        7.1041779518
665.345703,        7.0746011734
665.690063,        7.0377454758
666.034302,        7.0806870461
666.378662,        7.0381588936
666.722778,        7.0450820923
667.066895,        7.0220599174
667.410950,        7.0168232918
667.755066,        6.9836907387
668.099121,        6.9885396957
668.443054,        6.9796590805
668.786987,        6.9852056503
669.130798,        6.9946370125
669.474731,        6.9892034531
669.818481,        7.0387110710
670.162292,        7.0320739746
670.506042,        6.9952545166
670.849670,        6.9587230682
671.193176,        6.9590778351
671.536804,        6.9758849144
671.880371,        6.9667167664
672.223816,        6.9676332474
672.567261,        6.9654493332
672.910645,        6.9280600548
673.254028,        6.8946928978
673.597290,        6.8800821304
673.940613,        6.8343453407
674.283875,        6.8380622864
674.626953,        6.8442387581
674.970093,        6.8769640923
675.313232,        6.9098324776
675.656250,        6.9779353142
675.999268,        7.0089526176
676.342224,        7.0201301575
676.685120,        7.0513844490
677.027893,        6.9963507652
677.370789,        6.9748458862
677.713562,        6.9924101830
678.056335,        7.0302000046
678.398987,        7.0699095726
678.741577,        7.0626654625
679.084167,        7.1118516922
679.426758,        7.1213440895
679.769287,        7.1144223213
680.111755,        7.1938238144
680.454163,        7.2241687775
680.796509,        7.2452359200
681.138794,        7.2436108589
681.481140,        7.2745928764
681.823364,        7.2547345161
682.165588,        7.2759704590
682.507751,        7.1993393898
682.849792,        7.1434206963
683.191833,        7.1025223732
683.533875,        7.1101212502
683.875854,        7.0526680946
684.217834,        7.0949530602
684.559692,        7.1160340309
684.901428,        7.2698035240
685.243286,        7.3238701820
685.585022,        7.2689690590
685.926819,        7.2993936539
686.268372,        7.2426176071
686.609985,        7.2722196579
686.951538,        7.3131628036
687.293091,        7.2606019974
687.634583,        7.2540178299
687.976013,        7.2569541931
688.317322,        7.2695641518
688.658630,        7.2716841698
689.000000,        7.2823896408
689.341248,        7.2878608704
689.682495,        7.3826971054
690.023682,        7.3777356148
690.364746,        7.3790788651
690.705811,        7.4312672615
691.046814,        7.4658117294
691.387817,        7.4991674423
691.728760,        7.5012011528
692.069702,        7.4534707069
692.410522,        7.4895105362
692.751282,        7.5185747147
693.092102,        7.5067119598
693.432800,        7.5947098732
693.773499,        7.5999217033
694.114075,        7.6120896339
694.454651,        7.6601333618
694.795105,        7.7157802582
695.135620,        7.8365654945
695.476135,        7.9086551666
695.816528,        8.0086822510
696.156799,        8.0798110962
696.497131,        8.1736469269
696.837402,        8.2085351944
697.177612,        8.3824558258
697.517822,        8.4690170288
697.857971,        8.5038814545
698.197937,        8.6562423706
698.538025,        8.7054004669
698.877991,        8.8806972504
699.217957,        8.9444084167
699.557922,        8.9813575745
699.897705,        9.0952787399
700.237549,        9.2540588379
700.577271,        9.3619575500
700.916992,        9.5121746063
701.256653,        9.6951208115
701.596313,        9.8261604309
701.935852,        9.9860877991
702.275391,       10.0763101578
702.614868,       10.3781862259
702.954346,       10.5006008148
703.293701,       10.6807899475
703.633118,       10.8927469254
703.972412,       11.0850830078
704.311646,       11.2153596878
704.650818,       11.3851881027
704.990051,       11.5985717773
705.329163,       11.7391901016
705.668274,       12.0565862656
706.007263,       12.1512126923
706.346252,       12.3433551788
706.685181,       12.5052585602
707.024109,       12.6697225571
707.362976,       12.8522024155
707.701721,       13.0807619095
708.040527,       13.2508020401
708.379211,       13.4131088257
708.717896,       13.6165809631
709.056519,       13.8414545059
709.395142,       14.0380592346
709.733582,       14.1457777023
710.072144,       14.3555355072
710.410522,       14.5451145172
710.748962,       14.6480245590
711.087341,       14.8623685837
711.425598,       15.1086034775
711.763855,       15.4007778168
712.102051,       15.8213157654
712.440247,       16.0713710785
712.778320,       16.2178344727
713.116455,       16.4909858704
713.454468,       16.7194099426
713.792419,       17.0329055786
714.130310,       17.2965946198
714.468262,       17.5592346191
714.806091,       17.7873973846
715.143921,       18.0324974060
715.481628,       18.2645835876
715.819397,       18.5607280731
716.156982,       18.8387088776
716.494629,       19.1361007690
716.832214,       19.3724269867
717.169739,       19.7265319824
717.507202,       20.0286388397
717.844543,       20.4171714783
718.182007,       20.6958675385
718.519348,       20.9751987457
718.856689,       21.2232608795
719.193970,       21.3307991028
719.531067,       21.6320762634
719.868164,       21.8900680542
720.205322,       22.1406574249
720.542419,       22.4153690338
720.879456,       22.6390342712
721.216431,       22.9523563385
721.553345,       23.2081947327
721.890198,       23.4858226776
722.227051,       23.7822685242
722.563782,       24.1543254852
722.900635,       24.4837799072
723.237244,       24.7840137482
723.573914,       25.0984096527
723.910461,       25.4242572784
724.247070,       25.6191425323
724.583557,       25.9105529785
724.920044,       26.1423530579
725.256409,       26.4850769043
725.592773,       26.7356872559
725.929077,       26.9984207153
726.265442,       27.2646217346
726.601685,       27.8742370605
726.937866,       28.2649269104
727.273987,       28.5975399017
727.609985,       28.9329357147
727.946045,       29.2758769989
728.282043,       29.5862941742
728.618042,       29.9355659485
728.953979,       30.2377967834
729.289795,       30.5863552094
729.625610,       30.8378639221
729.961426,       31.1538810730
730.297119,       31.5260925293
730.632813,       31.8292922974
730.968384,       32.0786819458
731.304016,       32.3679389954
731.639465,       32.6478767395
731.974976,       32.9390830994
732.310425,       33.1870155334
732.645874,       33.4923095703
732.981201,       33.8320274353
733.316467,       34.1255798340
733.651733,       34.0725250244
733.986938,       34.3206443787
734.322144,       34.6033248901
734.657288,       34.8896293640
734.992310,       35.1422042847
735.327271,       35.5414657593
735.662292,       35.8713073730
735.997253,       36.1416931152
736.332092,       36.4859313965
736.666931,       36.7939453125
737.001709,       37.0220794678
737.336426,       37.2137565613
737.671143,       37.4093742371
738.005798,       37.6952781677
738.340393,       37.9569816589
738.674988,       38.2739791870
739.009399,       38.5541343689
739.343933,       38.8398895264
739.678345,       39.0711135864
740.012756,       39.2943992615
740.347046,       39.4786262512
740.681274,       39.7060928345
741.015503,       39.8978195190
741.349731,       40.1136817932
741.683838,       40.2838058472
742.017944,       40.5316925049
742.351929,       40.6895561218
742.685974,       40.8499069214
743.019897,       41.0654067993
743.353821,       41.2259941101
743.687622,       41.3865432739
744.021484,       41.6041069031
744.355225,       41.7389678955
744.688965,       41.9355430603
745.022583,       42.1029090881
745.356201,       42.3159523010
745.689819,       42.4639015198
746.023376,       42.6005821228
746.356812,       42.7325706482
746.690186,       42.9332885742
747.023621,       43.1224441528
747.356934,       43.3571777344
747.690247,       43.5828399658
748.023499,       43.7612380981
748.356689,       43.9198951721
748.689758,       44.0608100891
749.022888,       44.1703300476
749.355957,       44.2530479431
749.688965,       44.3164062500
750.021912,       44.4857139587
750.354858,       44.6072463989
750.687683,       44.7592430115
751.020447,       44.8463897705
751.353271,       44.9491424561
751.686035,       45.0467033386
752.018677,       45.1521530151
752.351257,       45.2367973328
752.683838,       45.3354339600
753.016357,       45.4664268494
753.348877,       45.5294952393
753.681396,       45.6014328003
754.013672,       45.7075042725
754.346008,       45.7940025330
754.678345,       45.8245544434
755.010559,       45.8571052551
755.342834,       45.9537010193
755.674988,       46.0810165405
756.007080,       46.1699867249
756.339050,       46.2493972778
756.671082,       46.3470420837
757.003052,       46.3624801636
757.335022,       46.3928489685
757.666870,       46.5975608826
757.998657,       46.6705856323
758.330444,       46.8871726990
758.662170,       47.0096397400
758.993896,       47.0759201050
759.325562,       47.1106872559
759.657043,       47.1797943115
759.988586,       47.1951675415
760.320129,       47.2158775330
760.651489,       47.3113212585
760.982971,       47.3883018494
761.314331,       47.4310417175
761.645569,       47.4679832458
761.976807,       47.5412063599
762.308044,       47.5483131409
762.639160,       47.5820808411
762.970276,       47.6433525085
763.301331,       47.6633834839
763.632385,       47.7245864868
763.963257,       47.8391456604
764.294250,       47.8403129578
764.625122,       47.7182273865
764.955933,       47.9634628296
765.286743,       47.8472938538
765.617432,       47.9012794495
765.948120,       47.8856582642
766.278748,       47.9768104553
766.609314,       48.0513916016
766.939880,       48.0396194458
767.270325,       48.0948982239
767.600708,       48.0137367249
767.931152,       47.9168052673
768.261536,       47.9169692993
768.591858,       47.9179039001
768.922119,       47.9263267517
769.252258,       48.0118331909
769.582397,       48.0392913818
769.912537,       48.0496597290
770.242615,       48.1299514771
770.572632,       48.1515541077
770.902588,       48.0831871033
771.232483,       48.2462158203
771.562256,       48.2241134644
771.892151,       47.9677124023
772.221863,       47.9571037292
772.551697,       47.9508438110
772.881287,       48.0325546265
773.210938,       47.9723014832
773.540466,       47.9253349304
773.870056,       48.0008392334
774.199463,       48.0553550720
774.528992,       48.2575187683
774.858337,       48.3127403259
775.187622,       48.3607597351
775.516968,       48.4018287659
775.846191,       48.4285163879
776.175415,       48.3776435852
776.504578,       48.3626556396
776.833618,       48.4272117615
777.162598,       48.3770980835
777.491638,       48.3140335083
777.820618,       48.2831993103
778.149536,       48.1007041931
778.478394,       48.1146736145
778.807190,       48.1604003906
779.135864,       48.2023582458
779.464600,       48.1641044617
779.793335,       48.0944442749
780.121948,       48.1284980774
780.450439,       48.1040153503
780.778931,       48.1104469299
781.107422,       48.0785903931
781.435913,       48.0052719116
781.764282,       47.9986648560
782.092651,       47.9517517090
782.420837,       47.9083404541
782.749023,       47.8885955811
783.077209,       47.9756889343
783.405396,       47.9591712952
783.733521,       47.8916320801
784.061462,       47.8777275085
784.389465,       47.9524993896
784.717346,       48.0086975098
785.045288,       48.1034355164
785.373108,       48.0813636780
785.700928,       48.0750846863
786.028625,       48.0473289490
786.356384,       48.0808753967
786.683960,       48.1504516602
787.011536,       48.1477165222
787.339111,       48.1533508301
787.666687,       48.1301307678
787.994019,       48.1253700256
788.321411,       48.0229034424
788.648804,       48.0159339905
788.976135,       47.9901847839
789.303406,       48.0754432678
789.630615,       48.1003837585
789.957703,       48.0198898315
790.284851,       48.0824508667
790.611877,       48.1225814819
790.938904,       48.0534286499
791.265930,       48.0283126831
791.592773,       48.0915069580
791.919678,       48.1450996399
792.246460,       48.1554260254
792.573242,       48.1545486450
792.899963,       48.2377777100
793.226685,       48.2123374939
793.553284,       48.1640052795
793.879822,       48.2359313965
794.206299,       48.2788543701
794.532776,       48.2910995483
794.859253,       48.3366203308
795.185669,       48.4031791687
795.511902,       48.4112205505
795.838196,       48.4879417419
796.164490,       48.4075622559
796.490601,       48.3463897705
796.816833,       48.3514099121
797.142883,       48.3591537476
797.468933,       48.3048629761
797.794861,       48.3742408752
798.120789,       48.4502906799
798.446716,       48.4426956177
798.772583,       48.4031295776
799.098328,       48.4846801758
799.424072,       48.4983673096
799.749756,       48.4639778137
800.075439,       48.4658775330
800.401001,       48.4374923706
800.726624,       48.3679275513
801.052063,       48.5750694275
801.377441,       48.5997161865
801.702881,       48.6223373413
802.028198,       48.7312164307
802.353516,       48.8580436707
802.678833,       48.8440895081
803.004028,       48.9484519958
803.329102,       49.0376968384
803.654236,       49.0155982971
803.979248,       49.0430946350
804.304321,       49.0444297791
804.629272,       49.0504760742
804.954163,       49.0043029785
805.278931,       49.0060348511
805.603821,       48.9754066467
805.928589,       48.9177207947
806.253357,       48.9476203918
806.577942,       49.0211830139
806.902588,       49.1118431091
807.227112,       49.1748466492
807.551575,       49.3008460999
807.876099,       49.1633644104
808.200500,       49.2632637024
808.524841,       49.3152465820
808.849121,       49.2389144897
809.173401,       49.1449851990
809.497620,       49.1654396057
809.821838,       49.1419258118
810.145996,       49.0498542786
810.469971,       49.1508407593
810.793945,       49.0983390808
811.117981,       49.1952285767
811.441956,       49.2260322571
811.765808,       49.2155761719
812.089600,       49.2235565186
812.413391,       49.2497558594
812.737061,       49.3025779724
813.060730,       49.3053627014
813.384338,       49.2668762207
813.708008,       49.1817207336
814.031433,       49.2042732239
814.354919,       49.1373634338
814.678345,       49.1001892090
815.001709,       49.0996856689
815.325073,       49.0832138062
815.648376,       49.0489120483
815.971558,       49.0709381104
816.294678,       49.1113853455
816.617798,       49.1213302612
816.940918,       49.1629142761
817.263977,       49.0945663452
817.586853,       49.1346321106
817.909851,       49.0760154724
818.232727,       49.1013450623
818.555542,       49.1491508484
818.878296,       49.1434059143
819.201050,       49.1459465027
819.523682,       49.2053909302
819.846375,       49.2172241211
820.168884,       49.2936363220
820.491455,       49.3868904114
820.813904,       49.4970397949
821.136353,       49.5666313171
821.458740,       49.6570396423
821.781128,       49.5274085999
822.103333,       49.5402412415
822.425598,       49.6957435608
822.747803,       49.6250076294
823.069824,       49.5470123291
823.391968,       49.5231704712
823.713989,       49.5950546265
824.035950,       49.7009620667
824.357849,       49.6513328552
824.679810,       49.6320152283
825.001587,       49.6478157043
825.323425,       49.6693878174
825.645142,       49.6544113159
825.966736,       49.6536216736
826.288391,       49.5870704651
826.610046,       49.5668754578
826.931458,       49.4902114868
827.253052,       49.4722938538
827.574402,       49.4208297729
827.895813,       49.4119415283
828.217163,       49.3587875366
828.538391,       49.4239273071
828.859619,       49.3928451538
829.180786,       49.2591781616
829.501953,       49.4072570801
829.822998,       49.4106750488
830.144043,       49.4469833374
830.464966,       49.5067939758
830.785950,       49.3855552673
831.106812,       49.4768943787
831.427673,       49.5018501282
831.748474,       49.4462127686
832.069214,       49.4640197754
832.389771,       49.5382156372
832.710449,       49.4957008362
833.031067,       49.5208206177
833.351563,       49.5096702576
833.672058,       49.5738220215
833.992371,       49.5226669312
834.312805,       49.4661178589
834.633179,       49.3745422363
834.953369,       49.3356933594
835.273621,       49.3442420959
835.593811,       49.3589515686
835.913940,       49.4483833313
836.234009,       49.3672447205
836.554077,       49.4418525696
836.874023,       49.5101203918
837.193909,       49.4636459351
837.513794,       49.5503921509
837.833618,       49.4891242981
838.153381,       49.5151252747
838.473145,       49.5428848267
838.792786,       49.5231742859
839.112366,       49.5039329529
839.432007,       49.5862655640
839.751465,       49.5729980469
840.070984,       49.5799636841
840.390381,       49.5507507324
840.709656,       49.5965118408
841.028992,       49.7828140259
841.348267,       49.8574447632
841.667480,       49.8619155884
841.986633,       49.8417930603
842.305725,       49.8531417847
842.624817,       49.7469482422
842.943848,       49.8534774780
843.262756,       49.8812866211
843.581665,       49.8092918396
843.900574,       49.7997741699
844.219360,       49.7929916382
844.538147,       49.8306083679
844.856812,       49.9132575989
845.175415,       49.9621734619
845.494080,       49.9296531677
845.812683,       49.9539031982
846.131104,       50.0838584900
846.449585,       50.0913200378
846.768005,       50.2504768372
847.086304,       50.3051834106
847.404663,       50.3163681030
847.722839,       50.0972404480
848.041077,       50.0715599060
848.359192,       50.1613159180
848.677246,       50.2310409546
848.995361,       50.2312889099
849.313354,       50.2511520386
849.631226,       50.1828193665
849.949158,       50.1786117554
850.267029,       50.2482910156
850.584778,       50.3046035767
850.902527,       50.3464889526
851.220276,       50.3545455933
851.537842,       50.3241882324
851.855469,       50.2629890442
852.173035,       50.3848609924
852.490417,       50.4711914063
852.807861,       50.3584442139
853.125305,       50.4929542542
853.442627,       50.3436203003
853.759888,       50.2856979370
854.077087,       50.2662582397
854.394287,       50.3666229248
854.711426,       50.4800071716
855.028442,       50.3821601868
855.345459,       50.3973083496
855.662537,       50.4387435913
855.979370,       50.5305061340
856.296265,       50.5551261902
856.613098,       50.5089340210
856.929871,       50.4383735657
857.246582,       50.4129219055
857.563232,       50.4034233093
857.879822,       50.4862670898
858.196411,       50.4731101990
858.512939,       50.5027770996
858.829346,       50.4625511169
859.145813,       50.4628677368
859.462158,       50.4636001587
859.778442,       50.3982353210
860.094666,       50.4325332642
860.410889,       50.4033317566
860.726990,       50.4303627014
861.043152,       50.4523048401
861.359192,       50.3759078979
861.675232,       50.4394226074
861.991150,       50.4489479065
862.307007,       50.4850692749
862.622864,       50.4766769409
862.938660,       50.4792327881
863.254333,       50.5573387146
863.570068,       50.5973815918
863.885742,       50.6940498352
864.201233,       50.6110305786
864.516846,       50.6395683289
864.832336,       50.5986709595
865.147766,       50.6620483398
865.463135,       50.6283874512
865.778503,       50.5438690186
866.093750,       50.5684967041
866.408997,       50.6486015320
866.724182,       50.6628036499
867.039246,       50.7724876404
867.354309,       50.7909049988
867.669312,       50.8090248108
867.984314,       50.7806777954
868.299194,       50.7639389038
868.614075,       50.7489929199
868.928833,       50.7276420593
869.243652,       50.6784095764
869.558289,       50.6908645630
869.872986,       50.6582183838
870.187622,       50.6796722412
870.502136,       50.6112174988
870.816650,       50.7012023926
871.131165,       50.6590766907
871.445496,       50.6829910278
871.759827,       50.6916923523
872.074158,       50.7192802429
872.388367,       50.6775360107
872.702576,       50.6614494324
873.016785,       50.5813369751
873.330750,       50.6047897339
873.644897,       50.6110115051
873.958801,       50.5809783936
874.272705,       50.4861412048
874.586670,       50.5411682129
874.900452,       50.4984245300
875.214172,       50.4659576416
875.527954,       50.4305725098
875.841614,       50.3597068787
876.155273,       50.4044532776
876.468811,       50.3528594971
876.782288,       50.3535995483
877.095764,       50.3906364441
877.409241,       50.3243637085
877.722534,       50.3346557617
878.035889,       50.4073677063
878.349121,       50.4312973022
878.662292,       50.3872795105
878.975464,       50.4297866821
879.288574,       50.4986419678
879.601624,       50.5103988647
879.914612,       50.4651565552
880.227600,       50.4084472656
880.540405,       50.4258575439
880.853271,       50.4305648804
881.166016,       50.3647727966
881.478821,       50.3746643066
881.791504,       50.4168090820
882.104065,       50.4600601196
882.416626,       50.5174560547
882.729187,       50.4284629822
883.041626,       50.5021972656
883.354065,       50.5384521484
883.666443,       50.4557952881
883.978760,       50.4777069092
884.291016,       50.4959754944
884.603271,       50.4075164795
884.915344,       50.3919143677
885.227539,       50.4858207703
885.539551,       50.4599037170
885.851501,       50.4293785095
886.163513,       50.4105911255
886.475464,       50.4162139893
886.787231,       50.3706626892
887.099060,       50.3927841187
887.410767,       50.4352645874
887.722412,       50.5367622375
888.034119,       50.5770149231
888.345642,       50.5443916321
888.657227,       50.4620628357
888.968689,       50.4969367981
889.280090,       50.5180816650
889.591492,       50.5594863892
889.902832,       50.4815216064
890.213989,       50.4808502197
890.525269,       50.5099716187
890.836487,       50.4450607300
891.147522,       50.6043968201
891.458618,       51.8883628845
891.769653,       51.7804069519
892.080566,       51.8432922363
892.391479,       51.8322219849
892.702332,       51.8687553406
893.013123,       51.9150199890
893.323853,       52.0134849548
893.634521,       51.9968223572
893.945129,       52.0652236938
894.255798,       52.0893859863
894.566223,       52.0957221985
894.876770,       52.1686744690
895.187195,       52.2470359802
895.497498,       52.2536354065
895.807861,       52.3321075439
896.118164,       52.3289794922
896.428345,       52.4160270691
896.738525,       52.5700683594
897.048645,       52.5734596252
897.358643,       52.6007537842
897.668701,       52.6193618774
897.978638,       51.2849578857
898.288513,       51.2792892456
898.598389,       51.2518157959
898.908142,       51.2283668518
899.217896,       51.1677932739
899.527588,       51.2573356628
899.837219,       51.2157363892
900.146790,       51.4162673950
900.456360,       51.3949737549
900.765747,       51.3784065247
901.075195,       51.4426879883
901.384583,       51.4707756042
901.693848,       51.4268341064
902.003174,       51.4286270142
902.312378,       51.3971138000
902.621460,       51.3330383301
902.930603,       51.2953681946
903.239685,       51.2177047729
903.548645,       51.2248535156
903.857605,       51.2590179443
904.166504,       51.1541595459
904.475281,       51.0588951111
904.784058,       51.1726188660
905.092896,       51.1830253601
905.401489,       51.2223968506
905.710144,       51.2475509644
906.018738,       51.1583786011
906.327209,       51.2416725159
906.635681,       51.0867462158
906.944031,       51.0217895508
907.252441,       51.0230255127
907.560730,       50.9884643555
907.869019,       50.9376220703
908.177185,       51.0616073608
908.485352,       51.1380805969
908.793396,       51.2738876343
909.101501,       51.3264465332
909.409485,       51.3729095459
909.717407,       51.3417892456
910.025269,       51.2937622070
910.333130,       51.2767066956
910.640869,       51.2308235168
910.948608,       51.3253440857
911.256287,       51.3566551208
911.563843,       51.3456268311
911.871399,       51.3074226379
912.178955,       51.3671531677
912.486389,       51.3912849426
912.793823,       51.3026466370
913.101135,       51.3066787720
913.408386,       51.4967689514
913.715637,       51.5143203735
914.022827,       51.8437194824
914.329956,       51.8431129456
914.637085,       51.7793960571
914.944031,       51.8213157654
915.251038,       51.6342582703
915.557983,       51.6317901611
915.864807,       51.5940856934
916.171631,       51.6135749817
916.478455,       51.6558952332
916.785095,       51.6996498108
917.091736,       51.7108612061
917.398376,       51.7470664978
917.704834,       51.7760505676
918.011414,       51.7462921143
918.317810,       51.8514938354
918.624207,       51.8649330139
918.930542,       51.7839736938
919.236816,       51.8107910156
919.542969,       51.7220726013
919.849182,       51.5782165527
920.155273,       51.5296173096
920.461304,       51.2447242737
920.767334,       51.2429428101
921.073242,       51.2581634521
921.379211,       51.2783050537
921.685059,       51.3732681274
921.990784,       51.3354835510
922.296570,       51.3320274353
922.602295,       51.3411636353
922.907898,       51.6910209656
923.213440,       51.6414985657
923.518982,       51.6715393066
923.824463,       51.6032562256
924.129883,       51.4409904480
924.435242,       51.5149612427
924.740540,       51.4530792236
925.045776,       51.4368476868
925.351013,       51.6978340149
925.656128,       51.7680473328
925.961243,       51.9870223999
926.266235,       51.9631614685
926.571167,       52.0906372070
926.876160,       51.9184417725
927.181030,       51.9689483643
927.485840,       51.9615402222
927.790588,       51.8640747070
928.095276,       51.7990875244
928.399963,       52.0664825439
928.704590,       52.1973419189
929.009094,       52.3549270630
929.313599,       52.2279319763
929.618103,       52.3407211304
929.922424,       52.4069061279
930.226807,       52.4382820129
930.531067,       52.4686737061
930.835266,       52.5398139954
931.139465,       52.5333213806
931.443542,       52.5440139771
931.747620,       52.3762092590
932.051697,       52.3750190735
932.355652,       52.2079162598
932.659485,       52.2414131165
932.963379,       52.1444320679
933.267090,       52.2805747986
933.570801,       52.1786346436
933.874573,       52.1609077454
934.178162,       52.1426277161
934.481689,       52.3131675720
934.785278,       52.1033363342
935.088745,       52.0117416382
935.392151,       51.8940086365
935.695496,       51.6349143982
935.998779,       51.4239234924
936.302063,       51.3229675293
936.605225,       51.4498634338
936.908386,       51.6013145447
937.211426,       51.5058593750
937.514465,       51.4566001892
937.817444,       51.2931518555
938.120422,       51.4454421997
938.423279,       51.4302368164
938.726013,       51.6893501282
939.028809,       51.6701278687
939.331482,       51.7368545532
939.634155,       51.6614074707
939.936768,       51.7528724670
940.239258,       51.7589645386
940.541809,       51.7443733215
940.844238,       51.6673927307
941.146606,       51.6355705261
941.448914,       51.5303382874
941.751221,       51.6143035889
942.053345,       51.6635360718
942.355530,       51.7267875671
942.657654,       51.7134857178
942.959656,       51.6823883057
943.261658,       51.6759529114
943.563599,       51.5974884033
943.865479,       51.7062072754
944.167358,       51.7978134155
944.469177,       51.7058982849
944.770813,       51.7017707825
945.072510,       51.4971542358
945.374084,       51.5473861694
945.675659,       51.3525657654
945.977173,       51.5189094543
946.278564,       51.5737304688
946.580017,       51.6805648804
946.881348,       51.6148071289
947.182617,       51.6406364441
947.483826,       51.6140518188
947.785034,       51.6205902100
948.086060,       51.5918083191
948.387207,       51.5350990295
948.688232,       51.6289901733
948.989075,       51.7803192139
949.290039,       51.6543731689
949.590942,       51.5494880676
949.891663,       51.7138061523
950.192444,       51.6307640076
950.493164,       51.8046989441
950.793701,       51.7852592468
951.094299,       51.5982208252
951.394836,       51.5169601440
951.695251,       52.4554786682
951.995667,       52.5252227783
952.295959,       52.4300880432
952.596313,       52.3338508606
952.896545,       52.2552413940
953.196716,       52.3367805481
953.496826,       52.2390365601
953.796936,       52.2586402893
954.096863,       52.2244644165
954.396912,       52.0474128723
954.696777,       52.0491104126
954.996643,       52.0628852844
955.296448,       52.1490325928
955.596191,       52.1416168213
955.895813,       52.1652412415
956.195496,       52.2203254700
956.495117,       52.5394515991
956.794556,       52.4045944214
957.094055,       52.1829071045
957.393494,       52.7722969055
957.692810,       52.8028831482
957.992126,       51.6954421997
958.291321,       51.6622543335
958.590637,       51.4913673401
958.889709,       51.4394454956
959.188782,       51.4421348572
959.487793,       51.3938293457
959.786804,       51.3825759888
960.085693,       51.3875427246
960.384460,       51.5121803284
960.683472,       51.7242774963
960.982056,       51.7322616577
961.280823,       51.8092689514
961.579407,       51.5972557068
961.877930,       51.6037292480
962.176575,       51.6061134338
962.474915,       51.3892822266
962.773376,       51.2300415039
963.071777,       51.2379646301
963.370056,       51.3922882080
963.668335,       50.8608741760
963.966431,       50.9711761475
964.264709,       50.8502082825
964.562744,       50.9576034546
964.860718,       51.2513771057
965.158691,       51.4746170044
965.456543,       51.5129547119
965.754578,       51.7288856506
966.052307,       51.8303985596
966.350037,       51.8014831543
966.647705,       51.8401756287
966.945251,       51.9315261841
967.243042,       51.8018836975
967.540405,       51.6226959229
967.837952,       51.7841224670
968.135376,       51.7687988281
968.432739,       52.0184173584
968.730042,       52.2614364624
969.027222,       52.1987571716
969.324524,       52.1032447815
969.621521,       52.0132484436
969.918701,       51.9860267639
970.215698,       52.0562057495
970.512573,       52.1711997986
970.809631,       52.4183731079
971.106384,       52.2416725159
971.403198,       52.4388732910
971.700012,       52.5911026001
971.996521,       52.4147148132
972.293335,       52.4176673889
972.589783,       52.5825958252
972.886353,       52.3922309875
973.182861,       52.0689964294
973.479309,       52.1853561401
973.775635,       52.2674217224
974.071838,       52.4758758545
974.368225,       52.4394683838
974.664368,       52.2617530823
974.960449,       52.0081405640
975.256592,       51.8333435059
975.552490,       52.0938529968
975.848633,       52.2903671265
976.144409,       52.5554580688
976.440247,       52.4147567749
976.736023,       52.8475570679
977.031738,       52.5489463806
977.327515,       52.5960388184
977.623047,       52.4476280212
977.918640,       52.2883415222
978.214172,       52.4703254700
978.509644,       52.3519287109
978.805115,       52.2300491333
979.100281,       52.5343551636
979.395752,       52.8014488220
979.690857,       53.2174415588
979.986084,       53.1879005432
980.281250,       52.9467086792
980.576172,       53.1512680054
980.871338,       53.1163864136
981.166199,       53.2598838806
981.461121,       53.4023818970
981.755920,       53.2395362854
982.050781,       53.4571762085
982.345520,       53.2343940735
982.640076,       53.0371437073
982.934814,       52.4892501831
983.229309,       52.4366455078
983.523804,       52.5493392944
983.818298,       52.5076980591
984.112610,       52.5638237000
984.407043,       54.1374206543
984.701233,       54.3913841248
984.995483,       54.3960494995
985.289612,       54.3354873657
985.583618,       54.0458030701
985.877869,       53.8996391296
986.171753,       53.7961845398
986.465698,       53.9194412231
986.759583,       53.9720726013
987.053467,       54.6404914856
987.347290,       54.4892539978
987.640869,       54.5252876282
987.934631,       54.6569824219
988.228149,       54.4016113281
988.521667,       54.3571472168
988.815186,       54.6383514404
989.108582,       54.9505844116
989.402039,       54.9461479187
989.695313,       55.0047950745
989.988525,       55.0456581116
990.281738,       55.0368537903
990.574829,       53.2730941772
990.868042,       53.1206321716
991.161011,       53.2555656433
991.453979,       53.3740768433
991.746948,       54.0285644531
992.039795,       54.1802101135
992.332642,       54.8092536926
992.625305,       54.5310325623
992.918091,       54.4515609741
993.210632,       54.7437324524
993.503235,       55.2220954895
993.795837,       56.2345619202
994.088196,       55.9812469482
994.380676,       56.1456680298
994.672913,       56.3219718933
994.965271,       57.1140365601
995.257568,       57.2409133911
995.549622,       57.8673706055
995.841858,       58.2979431152
996.133850,       58.3180351257
996.425903,       58.3754425049
996.717834,       58.2612113953
997.009766,       58.1267700195
997.301636,       58.0413703918
997.593323,       58.1066970825
997.885193,       57.4401741028
998.176758,       57.0070190430
998.468384,       57.0164451599
998.760010,       57.0477180481
999.051392,       57.2409934998
999.342957,       56.5591392517
999.634277,       56.2259979248
999.925598,       54.9901504517
1000.216919,       55.5631103516
1000.508118,       55.7558250427
1000.799255,       55.6813735962
1001.090271,       54.8086814880
1001.381470,       54.6418724060
1001.672363,       54.3953971863
1001.963257,       53.6072196960
1002.254150,       53.2312507629
1002.544922,       53.2933006287
1002.835815,       53.2413368225
1003.126404,       53.4882011414
1003.417114,       53.7992248535
1003.707703,       53.6373329163
1003.998108,       54.1963043213
1004.288757,       54.5843887329
1004.579041,       54.0791435242
1004.869385,       54.2118682861
1005.159729,       54.0553436279
1005.450012,       53.5268135071
1005.740173,       53.5219116211
1006.030212,       53.6641349792
1006.320435,       53.4166870117
1006.610352,       53.2615242004
1006.900330,       53.2221984863
1007.190247,       53.7878990173
1007.479980,       53.7956542969
1007.769897,       53.3075752258
1008.059509,       53.6755981445
1008.349243,       54.2676925659
1008.638855,       54.1254806519
1008.928345,       54.3102684021
1009.217896,       54.2530708313
1009.507263,       54.0206375122
1009.796753,       53.7437095642
1010.086060,       53.3709945679
1010.375366,       52.8692665100
1010.664551,       52.6084823608
1010.953674,       52.6548919678
1011.242920,       53.1784591675
1011.531738,       53.6652641296
1011.820801,       53.9352416992
1012.109741,       54.1773490906
1012.398499,       54.6572380066
1012.687439,       55.1587600708
1012.976074,       55.4459762573
1013.264771,       55.2822761536
1013.553406,       55.5439186096
1013.842041,       55.7810974121
1014.130554,       55.4060440063
1014.418884,       54.9308319092
1014.707336,       54.8210868835
1014.995789,       54.8299980164
1015.284058,       54.9028930664
1015.572327,       55.0788879395
1015.860413,       55.3087158203
1016.148621,       55.4488372803
1016.436523,       56.1776809692
1016.724609,       56.3321838379
1017.012573,       56.5975418091
1017.300354,       56.3274383545
1017.588318,       55.9326400757
1017.875977,       56.6581954956
1018.163757,       56.5059432983
1018.451416,       56.0249977112
1018.739014,       56.1456146240
1019.026611,       56.5432472229
1019.313904,       56.1023254395
1019.601440,       55.8249549866
1019.888733,       55.7072830200
1020.176086,       56.4635276794
1020.463318,       56.9808769226
1020.750549,       57.4057998657
1021.037720,       58.1434326172
1021.324707,       59.6084594727
1021.611694,       59.5051689148
1021.898682,       60.3139152527
1022.185547,       60.1266326904
1022.472595,       59.5585479736
1022.759216,       60.0211791992
1023.045959,       59.9888038635
1023.332581,       61.1392898560
1023.619324,       61.5602607727
1023.905884,       61.0747261047
1024.192261,       61.2115669250
1024.478882,       60.9477691650
1024.765137,       60.1877670288
1025.051514,       60.3585968018
1025.337769,       60.4848937988
1025.623779,       60.4771003723
1025.910034,       61.3782806396
1026.196045,       78.5444259644
1026.482178,       62.1827354431
1026.768066,       60.4748535156
1027.053955,       55.0724487305
1027.339966,       45.7902565002
1027.625610,       59.2047195435
1027.911377,       65.3553390503
1028.197144,       55.8011131287
1028.482666,       51.7663002014
1028.768311,       67.8610153198
