339.817139,        0.0000000000
340.196106,        0.0000000000
340.575104,     1958.3316650391
340.954010,      982.6077270508
341.332886,    10749.7509765625
341.711761,      952.6297607422
342.090576,       35.7142944336
342.469360,      108.7209320068
342.848114,        6.4814591408
343.226868,        0.0000000000
343.605560,       32.1886444092
343.984192,       30.9047908783
344.362854,       30.0127868652
344.741425,       36.1212654114
345.119995,       44.7705192566
345.498535,       48.8956146240
345.877014,       52.0479431152
346.255463,       56.5772590637
346.633881,       59.7085418701
347.012299,       59.2967567444
347.390625,       59.2436256409
347.768951,       56.5926437378
348.147278,       57.5091362000
348.525513,       62.9979019165
348.903748,       65.2200851440
349.281952,       66.8506469727
349.660126,       67.3637161255
350.038239,       66.9199981689
350.416321,       66.8205795288
350.794373,       66.5452194214
351.172394,       67.6223144531
351.550385,       65.7319564819
351.928375,       64.6122360229
352.306305,       68.9727020264
352.684174,       69.5570068359
353.062042,       69.1778488159
353.439880,       70.1888504028
353.817657,       71.3803634644
354.195404,       73.5260162354
354.573151,       69.4090957642
354.950836,       72.2838211060
355.328461,       73.4852523804
355.706116,       73.8663406372
356.083710,      102.0111923218
356.461243,      101.7883758545
356.838806,      101.2268447876
357.216248,      100.8896942139
357.593719,      101.2757263184
357.971161,      101.9700317383
358.348541,      101.5710678101
358.725891,      100.2819747925
359.103210,      100.2052764893
359.480530,       98.4122543335
359.857758,      100.2122726440
360.234955,       97.4050369263
360.612183,       96.8212661743
360.989319,       96.4670028687
361.366425,       95.0863342285
361.743530,       97.1297225952
362.120575,       94.7964172363
362.497559,       93.2907257080
362.874573,       92.0981445313
363.251526,       90.5577392578
363.628418,       90.0889968872
364.005310,       50.8248138428
364.382202,       48.1535987854
364.759003,       45.2488861084
365.135773,       45.6860923767
365.512482,       46.7112846375
365.889221,       48.6577224731
366.265900,       49.6998863220
366.642517,       51.3803291321
367.019165,       51.0195503235
367.395721,       54.1868019104
367.772278,       53.0756454468
368.148804,       50.9030570984
368.525269,       50.4893531799
368.901672,       49.3392715454
369.278107,       49.8362808228
369.654480,       40.7441596985
370.030823,       44.5734519958
370.407104,       43.0994529724
370.783386,       40.2435951233
371.159637,       42.2467308044
371.535828,       46.5607528687
371.912018,       46.7493515015
372.288116,       46.0258865356
372.664246,       46.4127845764
373.040283,       46.8017234802
373.416351,       44.6179809570
373.792328,       39.6906318665
374.168274,       41.1151084900
374.544250,       40.7268714905
374.920105,       43.5985755920
375.295959,       40.9291534424
375.671814,       43.6870574951
376.047607,       46.1024780273
376.423370,       45.4372329712
376.799103,       46.2739944458
377.174774,       46.8655662537
377.550415,       49.6187858582
377.926056,       44.8907051086
378.301636,       47.3219871521
378.677185,       49.7978096008
379.052673,       54.4980049133
379.428192,       55.9627532959
379.803650,       57.1401176453
380.179047,       56.7812309265
380.554443,       57.8118934631
380.929779,       57.4484062195
381.305084,       55.7123298645
381.680359,       57.3172492981
382.055634,       55.2523918152
382.430817,       53.3382759094
382.805969,       50.5515403748
383.181152,       52.5846481323
383.556244,       51.7191162109
383.931274,       52.1972656250
384.306366,       54.6956901550
384.681366,       53.1365890503
385.056305,       52.7492637634
385.431274,       52.5345573425
385.806152,       56.9143638611
386.181000,       55.5779647827
386.555817,       54.7956657410
386.930634,       47.1835975647
387.305389,       42.5074386597
387.680084,       42.7965545654
388.054810,       44.1655654907
388.429474,       42.7191810608
388.804047,       40.8700332642
389.178650,       42.5327491760
389.553192,       40.8032341003
389.927734,       42.2166366577
390.302185,       44.7428092957
390.676666,       44.6569480896
391.051086,       41.1232032776
391.425446,       39.9245376587
391.799805,       38.9284744263
392.174133,       37.5202636719
392.548370,       38.3250427246
392.922638,       36.1588211060
393.296844,       39.3685836792
393.670990,       32.5624847412
394.045135,       31.4759044647
394.419220,       29.5864143372
394.793304,       33.9556732178
395.167328,       35.7052268982
395.541321,       37.3918685913
395.915283,       36.9503898621
396.289185,       41.1823348999
396.663116,       42.9874076843
397.036957,       40.4813995361
397.410736,       39.3000030518
397.784546,       38.9554405212
398.158325,       35.6162261963
398.532013,       35.4226455688
398.905670,       37.1970710754
399.279358,       45.3156356812
399.652954,       46.1748771667
400.026520,       45.3294944763
400.400085,       46.4709625244
400.773560,       49.2363128662
401.147034,       44.7965850830
401.520508,       44.6027717590
401.893890,       46.3004608154
402.267242,       47.7688674927
402.640564,       46.5084648132
403.013855,       46.3395042419
403.387146,       44.1591186523
403.760345,       45.1385040283
404.133514,       48.1053543091
404.506683,       47.9399948120
404.879791,       51.5508575439
405.252869,       52.2873458862
405.625946,       51.0835647583
405.998962,       49.9179649353
406.371918,       52.8416748047
406.744873,       53.1151695251
407.117798,       46.5824203491
407.490631,       45.2303695679
407.863525,       44.5420722961
408.236298,       45.1964454651
408.609039,       50.9956550598
408.981842,       50.8450393677
409.354523,       54.3933258057
409.727173,       53.4213676453
410.099792,       51.9540176392
410.472382,       50.7576179504
410.844910,       50.3214950562
411.217438,       48.4539642334
411.589935,       46.6923522949
411.962402,       41.2453155518
412.334778,       46.1205215454
412.707153,       44.4884529114
413.079498,       43.4854888916
413.451813,       43.4701805115
413.824066,       46.0443878174
414.196350,       41.9302597046
414.568512,       42.7710685730
414.940674,       43.6696968079
415.312805,       43.2821846008
415.684906,       42.8908233643
416.056946,       51.8826789856
416.429016,       46.3721427917
416.800964,       45.8300933838
417.172913,       42.7793426514
417.544830,       42.9162979126
417.916718,       43.6988258362
418.288574,       43.6973037720
418.660370,       42.9711494446
419.032135,       42.6920547485
419.403870,       42.5119132996
419.775574,       42.4528312683
420.147247,       38.1991996765
420.518860,       38.4722213745
420.890472,       38.2054328918
421.262024,       38.5714263916
421.633545,       37.2279090881
422.005005,       38.4219741821
422.376495,       36.7010421753
422.747925,       35.4907569885
423.119293,       35.4963455200
423.490601,       36.4829139709
423.861938,       24.7977218628
424.233215,       25.8479919434
424.604462,       28.2863731384
424.975647,       27.3670425415
425.346832,       26.2888526917
425.717926,       24.8984889984
426.089050,       23.9993152618
426.460083,       22.9613780975
426.831085,       22.7940711975
427.202087,       21.6593570709
427.572998,       22.0433845520
427.943939,       22.9314556122
428.314819,       22.1815013885
428.685669,       21.9650402069
429.056458,       22.5949840546
429.427246,       22.4574394226
429.797943,       21.3165683746
430.168701,       21.6850109100
430.539337,       22.3085575104
430.909943,       22.9428558350
431.280548,       24.4818572998
431.651093,       26.4260292053
432.021606,       26.6026077271
432.392120,       23.9930725098
432.762543,       23.7741966248
433.132965,       23.4419479370
433.503326,       24.1920356750
433.873688,       24.1782798767
434.243958,       23.7605152130
434.614227,       22.5557708740
434.984467,       24.0389518738
435.354645,       22.7834014893
435.724792,       20.9930133820
436.094910,       19.6838684082
436.464996,       20.1689624786
436.835052,       23.3764743805
437.205048,       23.0422611237
437.575043,       24.8930435181
437.944977,       24.2648811340
438.314880,       24.5353660583
438.684753,       24.1416149139
439.054565,       22.5299701691
439.424377,       22.4456787109
439.794128,       21.4281806946
440.163849,       22.4390754700
440.533508,       25.8290023804
440.903198,       26.3090934753
441.272797,       27.4265651703
441.642334,       28.4116535187
442.011902,       29.3951148987
442.381409,       30.9044780731
442.750854,       30.7361373901
443.120300,       31.5139083862
443.489655,       31.8424701691
443.859039,       33.1582069397
444.228333,       33.1515922546
444.597626,       29.8649482727
444.966888,       30.3862571716
445.336060,       29.0967903137
445.705231,       28.7325420380
446.074402,       27.8366565704
446.443512,       27.7592716217
446.812531,       27.5108852386
447.181610,       26.2410469055
447.550568,       26.4053821564
447.919525,       26.0709247589
448.288483,       23.1584072113
448.657349,       22.7780246735
449.026154,       21.3060455322
449.394989,       20.9052104950
449.763763,       21.2760334015
450.132477,       20.2703361511
450.501190,       19.2832164764
450.869812,       18.4701747894
451.238464,       17.5865554810
451.607025,       16.5865135193
451.975586,       17.4995746613
452.344116,       17.7570476532
452.712585,       17.9830856323
453.081024,       17.9980659485
453.449463,       17.8439502716
453.817810,       18.0171775818
454.186127,       17.6182250977
454.554413,       45.5996437073
454.922668,       45.9570922852
455.290894,       45.1077804565
455.659088,       44.4938697815
456.027222,       43.9776878357
456.395325,       43.4672393799
456.763428,       43.2941322327
457.131439,       42.4887924194
457.499420,       41.5425910950
457.867371,       41.3948364258
458.235321,       41.1556320190
458.603210,       41.0480384827
458.971039,       40.9632492065
459.338867,       40.5023384094
459.706635,       39.2800292969
460.074371,       38.6352996826
460.442047,       37.6460876465
460.809753,       39.0060882568
461.177368,       38.6267051697
461.544952,       38.6650390625
461.912537,       38.2865333557
462.280029,       15.2976703644
462.647522,       14.4034748077
463.014984,       14.0279006958
463.382355,       14.3571739197
463.749725,       14.3800306320
464.117065,       14.3969821930
464.484344,       13.8239707947
464.851593,       13.7846736908
465.218842,       13.6171970367
465.586029,       13.8136501312
465.953156,       13.6985483170
466.320282,       13.3708267212
466.687317,       13.8518247604
467.054352,       13.9196577072
467.421356,       14.1720857620
467.788300,       14.0601530075
468.155243,       14.1571521759
468.522095,       12.0771799088
468.888947,       12.8876838684
469.255768,       12.6294288635
469.622559,       13.2690534592
469.989258,       13.4430227280
470.355988,       13.5286378860
470.722626,       13.7572031021
471.089233,       13.4403038025
471.455841,       13.7283086777
471.822388,       13.5953350067
472.188873,       13.7393255234
472.555389,       13.6525135040
472.921753,       13.6575336456
473.288208,       13.3593063354
473.654602,       13.2505025864
474.020874,       13.3540267944
474.387177,       12.7318429947
474.753387,       12.3997421265
475.119629,       11.9499320984
475.485809,       11.9974737167
475.851929,       11.7758941650
476.218018,       11.8104171753
476.584076,       11.4951143265
476.950104,       11.0255146027
477.316101,       10.4553098679
477.682037,       10.0534219742
478.047974,        9.7378845215
478.413818,       10.0641717911
478.779663,       10.2647666931
479.145477,        9.7952852249
479.511200,        9.8156032562
479.876953,       10.0092973709
480.242615,       10.1905488968
480.608276,       10.2532243729
480.973907,       10.1716146469
481.339417,       10.5414276123
481.704987,       10.5031042099
482.070465,       10.2440309525
482.435913,       10.3588390350
482.801331,       10.4102916718
483.166718,       10.2799367905
483.532043,       10.4699544907
483.897369,       10.8480215073
484.262634,       10.7235822678
484.627869,       10.7375974655
484.993073,       10.5002756119
485.358215,       10.5982084274
485.723297,       10.6326055527
486.088409,       10.3958902359
486.453461,       10.1000328064
486.818451,       10.0198068619
487.183411,       10.0642194748
487.548370,        9.9782733917
487.913239,        9.8392200470
488.278107,        9.5819320679
488.642883,        9.4014120102
489.007660,        9.1577339172
489.372437,        8.9758853912
489.737091,        8.9900732040
490.101746,        8.8778514862
490.466370,        8.7628831863
490.830963,        8.7262039185
491.195526,        8.4860439301
491.559998,        7.9394922256
491.924500,        7.8120155334
492.288940,        7.8032093048
492.653320,        7.9377770424
493.017670,        7.7932834625
493.382019,        7.6815271378
493.746277,        7.5242533684
494.110504,        7.4746704102
494.474731,        7.7113652229
494.838898,        7.6227560043
495.203033,        7.5353136063
495.567108,        7.5515441895
495.931122,        9.2724208832
496.295166,        9.2675704956
496.659149,        9.0457496643
497.023041,        9.0191965103
497.386963,        9.0100345612
497.750824,        8.9848918915
498.114624,        9.2210464478
498.478455,        9.3508939743
498.842163,        9.3217344284
499.205872,        9.3528356552
499.569580,        9.3738002777
499.933167,        9.4900741577
500.296753,        9.4221611023
500.660339,        9.5504064560
501.023834,        9.5910882950
501.387299,        9.5870342255
501.750763,        9.6632738113
502.114166,        9.5631380081
502.477509,        9.5197076797
502.840851,        9.6595821381
503.204102,        9.7827720642
503.567352,        8.3583450317
503.930573,        8.4786872864
504.293732,        8.4887304306
504.656860,        8.6343793869
505.019989,        8.9078683853
505.382996,        8.9447956085
505.746033,        8.8447885513
506.109009,        8.7492933273
506.471924,        8.7560892105
506.834839,        8.8274812698
507.197662,        8.7992191315
507.560486,        8.8163022995
507.923309,        8.8640880585
508.286041,        8.8606719971
508.648743,        8.8639516830
509.011414,        8.8641414642
509.373993,        8.8513021469
509.736633,        8.8763933182
510.099213,        8.8653697968
510.461731,        8.6752405167
510.824158,        8.6695241928
511.186615,        8.6126146317
511.548950,        8.5462999344
511.911346,        8.6605291367
512.273682,        8.6144285202
512.635925,        8.4327430725
512.998169,        8.3734722137
513.360352,        8.3401870728
513.722534,        8.5679922104
514.084717,        8.7545261383
514.446777,        8.7125425339
514.808777,        8.8255653381
515.170776,        8.7638311386
515.532776,        8.8485813141
515.894714,        8.8630886078
516.256592,        8.9408769608
516.618469,       10.2037687302
516.980286,       10.4299993515
517.342041,       10.5104503632
517.703735,       10.5973577499
518.065430,       10.8428487778
518.427185,       10.8862113953
518.788696,       11.0040683746
519.150330,       11.0587549210
519.511902,       11.2388639450
519.873291,       11.3002500534
520.234802,       11.4331159592
520.596252,       11.5314846039
520.957581,       11.6628713608
521.318970,       11.5830879211
521.680237,       11.5384607315
522.041565,       11.5975399017
522.402771,       11.6374540329
522.763977,       11.8330049515
523.125061,       11.8979568481
523.486206,       12.3339366913
523.847229,       12.4912567139
524.208252,       11.5186977386
524.569275,       11.4028215408
524.930237,       11.4301738739
525.291138,       11.5075092316
525.652100,       11.4968099594
526.012817,       11.6418342590
526.373657,       11.6913728714
526.734436,       11.7273550034
527.095093,       11.8625068665
527.455811,       11.9545078278
527.816528,       11.9771375656
528.177002,       12.0687828064
528.537598,       12.1243772507
528.898132,       12.2153205872
529.258606,       12.2645502090
529.619080,       12.3728227615
529.979431,       12.8090572357
530.339844,       12.6976270676
530.700134,       12.7624568939
531.060425,       12.5493125916
531.420654,       12.5766305923
531.780884,       12.9865198135
532.140991,       13.0686178207
532.501160,       13.0522413254
532.861267,       13.1914110184
533.221375,       13.2085247040
533.581299,       13.1161403656
533.941284,       13.2928285599
534.301208,       13.4089736938
534.661133,       13.3314399719
535.020996,       13.4319152832
535.380798,       13.5409383774
535.740540,       13.6157808304
536.100220,       13.6595325470
536.459900,       13.6638345718
536.819641,       13.6528120041
537.179260,       13.6909799576
537.538757,       13.4040651321
537.898376,       13.4703369141
538.257813,       13.4718265533
538.617249,       13.4027500153
538.976685,       13.3654356003
539.336121,       13.1331262589
539.695374,       13.1195802689
540.054688,       13.2285575867
540.413879,       13.2149066925
540.773132,       13.2088108063
541.132385,       13.2098255157
541.491516,       13.1747980118
541.850525,       13.2617635727
542.209595,       13.2519702911
542.568604,       13.3126449585
542.927612,       13.2657823563
543.286560,       13.2522363663
543.645386,       13.2736864090
544.004333,       13.3121118546
544.363098,       13.3523521423
544.721924,       13.4253578186
545.080688,       13.4629907608
545.439331,       13.6027946472
545.797974,       13.5670261383
546.156616,       13.8620700836
546.515137,       13.8832588196
546.873657,       13.8646869659
547.232239,       13.9189882278
547.590698,       13.8815450668
547.949097,       13.9064836502
548.307495,       13.9082689285
548.665833,       13.9065790176
549.024109,       13.8666973114
549.382385,       13.8281736374
549.740540,       13.9362497330
550.098755,       13.8474912643
550.456909,       13.8291883469
550.815002,       13.7586040497
551.173096,       13.6882514954
551.531128,       13.6247787476
551.888977,       13.6724500656
552.247009,       13.5634527206
552.604797,       13.6884746552
552.962708,       13.6723737717
553.320557,       13.7860822678
553.678345,       13.7203750610
554.036011,       13.7094812393
554.393738,       13.6860322952
554.751404,       13.6125774384
555.109009,       13.6362705231
555.466614,       13.5399904251
555.824158,       13.5269079208
556.181641,       13.6099052429
556.539063,       13.5688381195
556.896423,       13.5207729340
557.253845,       13.3591728210
557.611206,       13.4826812744
557.968445,       13.4886188507
558.325745,       13.5117959976
558.682922,       13.5353755951
559.040161,       13.5855731964
559.397278,       13.5388507843
559.754395,       13.6258411407
560.111389,       13.4393987656
560.468445,       13.3035612106
560.825378,       13.2324085236
561.182251,       13.0751113892
561.539185,       13.0301055908
561.896057,       13.0358963013
562.252869,       13.0497694016
562.609619,       12.9866123199
562.966309,       13.0582857132
563.323059,       12.9834012985
563.679688,       12.9329967499
564.036316,       12.8774938583
564.392822,       12.9273090363
564.749390,       12.9177036285
565.105835,       12.7741947174
565.462280,       12.7593154907
565.818726,       12.7722349167
566.175049,       12.7102851868
566.531372,       12.6394062042
566.887573,       12.5740203857
567.243896,       12.4191055298
567.600098,       12.3843202591
567.956299,       12.3930244446
568.312378,       12.3065452576
568.668457,       12.2266407013
569.024475,       12.1513614655
569.380493,       12.0450191498
569.736389,       12.0618209839
570.092346,       12.0814342499
570.448181,       12.0055675507
570.804077,       11.9663352966
571.159790,       11.9044876099
571.515564,       11.8899993896
571.871338,       11.7866125107
572.226929,       11.7601003647
572.582581,       11.7100191116
572.938171,       11.6418733597
573.293701,       11.5513792038
573.649231,       11.5110197067
574.004700,       11.4807529449
574.360107,       11.4552965164
574.715515,       11.4541425705
575.070801,       11.4400587082
575.426086,       11.3190364838
575.781433,       11.2394313812
576.136658,       11.1777811050
576.491821,       11.1565351486
576.846985,       11.1117668152
577.202026,       10.9972028732
577.557129,       10.9576339722
577.912109,       10.8714733124
578.267090,       10.8346567154
578.621948,       10.7799396515
578.976929,       10.7358446121
579.331726,       10.6426897049
579.686523,       10.7595777512
580.041321,       10.7709989548
580.396057,       10.7665748596
580.750732,       10.8721170425
581.105408,       10.8209228516
581.459961,       10.7834920883
581.814575,       10.7792148590
582.169067,       10.7155895233
582.523499,       10.6462707520
582.877991,       10.6913814545
583.232361,       10.7384624481
583.586731,       10.7709388733
583.941040,       10.7169857025
584.295349,       10.6895952225
584.649536,       10.7064743042
585.003784,       10.6305694580
585.357849,       10.8183612823
585.712036,       10.8119058609
586.066040,       10.8152341843
586.420166,       10.8098964691
586.774048,       10.8022518158
587.128052,       10.6324653625
587.481934,       10.5438108444
587.835815,       10.4514856339
588.189636,       10.3223371506
588.543396,       10.3442621231
588.897095,       10.3065443039
589.250732,       10.2682991028
589.604431,       10.2685165405
589.958069,       10.2408838272
590.311646,       10.1854734421
590.665161,       10.1596641541
591.018677,       10.2048044205
591.372070,       10.2702836990
591.725525,       10.3361673355
592.078857,       10.3343400955
592.432190,       10.3565921783
592.785461,       10.2353219986
593.138733,       10.2162065506
593.491821,       10.1905145645
593.845032,       10.1528501511
594.198181,       10.2091426849
594.551270,       10.2789754868
594.904236,       10.2538537979
595.257202,       10.3119039536
595.610168,       10.2675285339
595.963074,       10.2720069885
596.315979,       10.2740497589
596.668823,       10.2767353058
597.021606,       10.4576482773
597.374268,       10.4375009537
597.726990,       10.5074701309
598.079651,       10.4951601028
598.432312,       10.4779577255
598.784851,       10.3979501724
599.137390,       10.3868865967
599.489868,       10.4699659348
599.842285,       10.4266414642
600.194702,       10.3062944412
600.547119,       10.2771482468
600.899414,       10.2337789536
601.251648,       10.2241630554
601.603882,       10.1187381744
601.956116,       10.0053749084
602.308289,        9.9988946915
602.660400,        9.9430036545
603.012451,        9.9898529053
603.364441,        9.9217653275
603.716370,        9.8814916611
604.068359,       10.0004463196
604.420288,        9.8938045502
604.772156,        9.8766841888
605.123962,        9.7961235046
605.475708,        9.7732572556
605.827515,        9.7218236923
606.179138,        9.7580862045
606.530884,        9.7673721313
606.882385,        9.6030387878
607.233948,        9.7114353180
607.585449,        9.7251548767
607.936951,        9.7241039276
608.288452,        9.7598028183
608.639893,        9.7631740570
608.991150,        9.7875833511
609.342468,        9.8448123932
609.693726,        9.9842624664
610.044983,        9.9572534561
610.396240,        9.9243965149
610.747314,        9.9294567108
611.098389,        9.9244709015
611.449463,        9.7558174133
611.800476,        9.6927385330
612.151489,        9.7097816467
612.502441,        9.6807117462
612.853271,        9.6541919708
613.204102,        9.6055879593
613.554932,        9.5896434784
613.905701,        9.6085157394
614.256470,        9.6185445786
614.607178,        9.5264482498
614.957764,        9.5485210419
615.308350,        9.5442380905
615.658875,        9.4488372803
616.009399,        9.4052886963
616.359924,        9.3968534470
616.710327,        9.3593330383
617.060669,        9.2393245697
617.411011,        9.2400789261
617.761292,        9.2250461578
618.111572,        9.2421216965
618.461853,        9.2045593262
618.812012,        9.2400999069
619.162109,        9.2186651230
619.512146,        9.1646547318
619.862183,        9.1616287231
620.212219,        9.1941747665
620.562195,        9.1523704529
620.912048,        9.1404018402
621.261963,        9.1037836075
621.611755,        9.1212730408
621.961548,        9.0901260376
622.311340,        9.0490646362
622.661072,        9.1173515320
623.010681,        9.1381568909
623.360229,        9.2180252075
623.709839,        9.2298927307
624.059387,        9.2039566040
624.408936,        9.1395931244
624.758423,        9.1355104446
625.107727,        9.0878667831
625.457031,        9.0254697800
625.806458,        9.0457963943
626.155762,        9.0553302765
626.504944,        9.0173845291
626.854126,        9.0287990570
627.203308,        9.0052347183
627.552368,        8.9633483887
627.901428,        9.0202913284
628.250488,        8.9748563766
628.599487,        8.9548673630
628.948364,        8.9361448288
629.297241,        8.9187335968
629.646118,        8.9092502594
629.994934,        8.8434267044
630.343689,        8.8261823654
630.692444,        8.7516393661
631.041077,        8.7184782028
631.389648,        8.8484811783
631.738281,        8.8597698212
632.086853,        8.8890409470
632.435364,        8.9268255234
632.783875,        9.0815448761
633.132263,        9.0823535919
633.480591,        9.0103645325
633.828918,        8.9981040955
634.177246,        9.0211973190
634.525513,        9.0371007919
634.873657,        9.0136308670
635.221863,        8.9594993591
635.569946,        8.9634132385
635.918030,        8.8862504959
636.266052,        8.8262300491
636.614136,        9.0243930817
636.962036,        9.0179948807
637.309937,        8.9849567413
637.657776,        8.9678544998
638.005615,        9.0534934998
638.353394,        9.0702018738
638.701111,        8.9175271988
639.048767,        8.8932762146
639.396423,        8.8716382980
639.743958,        8.8279809952
640.091614,        8.6466293335
640.439087,        8.6449575424
640.786560,        8.6448287964
641.133972,        8.6253051758
641.481323,        8.6464586258
641.828735,        8.6053142548
642.176025,        8.6163063049
642.523315,        8.5855913162
642.870483,        8.6224966049
643.217651,        8.6327753067
643.564758,        8.7099704742
643.911804,        8.4689788818
644.258911,        8.8543195724
644.605896,        8.8710584641
644.952820,        8.8587474823
645.299683,        8.7896871567
645.646606,        8.7559661865
645.993469,        8.7553510666
646.340210,        8.7537841797
646.687012,        8.7173213959
647.033630,        8.7667140961
647.380249,        8.7751541138
647.726868,        8.7142353058
648.073425,        8.7007246017
648.419983,        8.6894769669
648.766418,        8.5897865295
649.112854,        8.5606832504
649.459229,        8.5534925461
649.805603,        8.5482950211
650.151855,        8.5206308365
650.498169,        8.4603996277
650.844360,        8.3625183105
651.190552,        8.3802633286
651.536621,        7.9536256790
651.882751,        7.9246439934
652.228760,        7.9315490723
652.574829,        7.8629865646
652.920715,        7.8248395920
653.266602,        7.8249559402
653.612488,        7.8520512581
653.958252,        7.8531041145
654.304077,        7.7662415504
654.649841,        7.7546401024
654.995483,        7.7660980225
655.341064,        7.7434635162
655.686707,        8.2363615036
656.032288,        8.2638006210
656.377808,        8.2755346298
656.723267,        8.2460107803
657.068726,        8.2803659439
657.414063,        8.2475709915
657.759399,        8.3513650894
658.104736,        8.3922815323
658.449951,        8.4315929413
658.795166,        8.3954553604
659.140381,        8.4096632004
659.485474,        8.4264802933
659.830505,        8.4352626801
660.175598,        8.4459733963
660.520569,        8.4317779541
660.865479,        8.3660631180
661.210327,        8.3250188828
661.555237,        8.3424606323
661.900085,        8.3345909119
662.244812,        8.3375225067
662.589539,        8.2892980576
662.934265,        7.8540363312
663.278809,        7.8273339272
663.623413,        7.8379235268
663.968018,        7.8762159348
664.312500,        7.8202800751
664.656921,        7.8057842255
665.001343,        7.7052078247
665.345703,        7.6682024002
665.690063,        7.6153926849
666.034302,        7.6569480896
666.378662,        7.6192884445
666.722778,        7.5807223320
667.066895,        7.5400614738
667.410950,        7.4958696365
667.755066,        7.4397535324
668.099121,        7.4318795204
668.443054,        7.4201302528
668.786987,        7.4216442108
669.130798,        7.3976130486
669.474731,        7.3774428368
669.818481,        7.4540796280
670.162292,        7.4199757576
670.506042,        7.3798031807
670.849670,        7.3502116203
671.193176,        7.3542609215
671.536804,        7.3791546822
671.880371,        7.3570051193
672.223816,        7.3585977554
672.567261,        7.3536200523
672.910645,        7.2958312035
673.254028,        7.2296500206
673.597290,        7.1959486008
673.940613,        7.1684098244
674.283875,        7.1882781982
674.626953,        7.2223243713
674.970093,        7.2423720360
675.313232,        7.2870321274
675.656250,        7.3694705963
675.999268,        7.3990068436
676.342224,        7.4270472527
676.685120,        7.4577817917
677.027893,        7.4065656662
677.370789,        7.3841481209
677.713562,        7.4036779404
678.056335,        7.4482002258
678.398987,        7.4727816582
678.741577,        7.4601397514
679.084167,        7.5167341232
679.426758,        7.5256323814
679.769287,        7.5202322006
680.111755,        7.6145744324
680.454163,        7.6545333862
680.796509,        7.6762595177
681.138794,        7.6842956543
681.481140,        7.6973199844
681.823364,        7.6947493553
682.165588,        7.7082066536
682.507751,        7.6413335800
682.849792,        7.5537486076
683.191833,        7.5023860931
683.533875,        7.5110731125
683.875854,        7.4519529343
684.217834,        7.4835119247
684.559692,        7.5105295181
684.901428,        7.7123003006
685.243286,        7.7685856819
685.585022,        7.7109494209
685.926819,        7.7483801842
686.268372,        7.6964321136
686.609985,        7.7223248482
686.951538,        7.7744493484
687.293091,        7.7365465164
687.634583,        7.7722101212
687.976013,        7.8112721443
688.317322,        7.8410053253
688.658630,        7.8802270889
689.000000,        7.8902564049
689.341248,        7.9149856567
689.682495,        8.0281543732
690.023682,        8.0703067780
690.364746,        8.1155719757
690.705811,        8.2160606384
691.046814,        8.3320951462
691.387817,        8.4126491547
691.728760,        8.4554948807
692.069702,        8.4419603348
692.410522,        8.5505447388
692.751282,        8.6455898285
693.092102,        8.6892490387
693.432800,        8.8546934128
693.773499,        8.9388761520
694.114075,        9.0153532028
694.454651,        9.1432046890
694.795105,        9.2529144287
695.135620,        9.4339742661
695.476135,        9.6016893387
695.816528,        9.7883663177
696.156799,        9.9513483047
696.497131,       10.1267423630
696.837402,       10.2371349335
697.177612,       10.5329599380
697.517822,       10.7125873566
697.857971,       10.8229475021
698.197937,       11.0281486511
698.538025,       11.1703367233
698.877991,       11.4461116791
699.217957,       11.6068334579
699.557922,       11.7084321976
699.897705,       11.9269456863
700.237549,       12.1786727905
700.577271,       12.4037008286
700.916992,       12.6599979401
701.256653,       12.9475774765
701.596313,       13.1617813110
701.935852,       13.4337501526
702.275391,       13.6450471878
702.614868,       14.0738964081
702.954346,       14.2798604965
703.293701,       14.5477933884
703.633118,       14.9005260468
703.972412,       15.2190179825
704.311646,       15.4409093857
704.650818,       15.7105808258
704.990051,       16.0449790955
705.329163,       16.2761898041
705.668274,       16.7421817780
706.007263,       16.9108772278
706.346252,       17.1898059845
706.685181,       17.4653892517
707.024109,       17.7128219604
707.362976,       18.0212059021
707.701721,       18.3115730286
708.040527,       18.5692939758
708.379211,       18.8128089905
708.717896,       19.1425132751
709.056519,       19.4506568909
709.395142,       19.7259330750
709.733582,       19.8787555695
710.072144,       20.1981430054
710.410522,       20.4672908783
710.748962,       20.6532459259
711.087341,       20.9619121552
711.425598,       21.3025913239
711.763855,       21.7031250000
712.102051,       22.2514324188
712.440247,       22.5803489685
712.778320,       22.7670307159
713.116455,       23.1510314941
713.454468,       23.4664840698
713.792419,       23.8433609009
714.130310,       24.2004814148
714.468262,       24.5308856964
714.806091,       24.8439044952
715.143921,       25.2067718506
715.481628,       25.5966548920
715.819397,       25.9479160309
716.156982,       26.3078517914
716.494629,       26.7141876221
716.832214,       27.0609111786
717.169739,       27.4857311249
717.507202,       27.8823738098
717.844543,       28.3694686890
718.182007,       28.6825218201
718.519348,       29.0150070190
718.856689,       29.2899360657
719.193970,       29.4149570465
719.531067,       29.8307933807
719.868164,       30.2046737671
720.205322,       30.5570926666
720.542419,       30.9071273804
720.879456,       31.1961078644
721.216431,       31.5959568024
721.553345,       31.9462833405
721.890198,       32.2941894531
722.227051,       32.6639747620
722.563782,       33.0276107788
722.900635,       33.4350357056
723.237244,       33.8417930603
723.573914,       34.1627655029
723.910461,       34.5531005859
724.247070,       34.8165092468
724.583557,       35.1765060425
724.920044,       35.4130096436
725.256409,       35.8301773071
725.592773,       36.1570930481
725.929077,       36.4738655090
726.265442,       36.8061828613
726.601685,       37.5123939514
726.937866,       37.9190254211
727.273987,       38.2620925903
727.609985,       38.6140251160
727.946045,       39.0241203308
728.282043,       39.3710174561
728.618042,       39.7717056274
728.953979,       40.0887413025
729.289795,       40.4266662598
729.625610,       40.7336769104
729.961426,       41.0689125061
730.297119,       41.4514846802
730.632813,       41.8253784180
730.968384,       42.0335731506
731.304016,       42.3094062805
731.639465,       42.6369476318
731.974976,       42.9406394958
732.310425,       43.2045402527
732.645874,       43.5515899658
732.981201,       43.9215507507
733.316467,       44.2199935913
733.651733,       44.1296768188
733.986938,       44.3613128662
734.322144,       44.6475105286
734.657288,       45.0020866394
734.992310,       45.2485923767
735.327271,       45.6225204468
735.662292,       45.9120101929
735.997253,       46.1793785095
736.332092,       46.5468063354
736.666931,       46.8104934692
737.001709,       47.0549736023
737.336426,       47.2169952393
737.671143,       47.4124374390
738.005798,       47.7002944946
738.340393,       47.9569435120
738.674988,       48.2544021606
739.009399,       48.5476036072
739.343933,       48.8606643677
739.678345,       49.0279960632
740.012756,       49.2441978455
740.347046,       49.4099121094
740.681274,       49.6361122131
741.015503,       49.8239974976
741.349731,       49.9950675964
741.683838,       50.0897064209
742.017944,       50.2854690552
742.351929,       50.4095153809
742.685974,       50.5620117188
743.019897,       50.8099136353
743.353821,       50.9133148193
743.687622,       51.0905799866
744.021484,       51.2730941772
744.355225,       51.3774986267
744.688965,       51.5290489197
745.022583,       51.6871566772
745.356201,       51.8934974670
745.689819,       51.9826278687
746.023376,       52.0860557556
746.356812,       52.1455421448
746.690186,       52.3336105347
747.023621,       52.5006790161
747.356934,       52.7021484375
747.690247,       52.9017562866
748.023499,       53.0773811340
748.356689,       53.2825469971
748.689758,       53.4157257080
749.022888,       53.5172271729
749.355957,       53.5749969482
749.688965,       53.6143112183
750.021912,       53.7210159302
750.354858,       53.8081779480
750.687683,       53.8985786438
751.020447,       54.0272827148
751.353271,       54.1267700195
751.686035,       54.1994514465
752.018677,       54.2502059937
752.351257,       54.2971305847
752.683838,       54.4081268311
753.016357,       54.5235214233
753.348877,       54.5635147095
753.681396,       54.5691146851
754.013672,       54.6216316223
754.346008,       54.6989440918
754.678345,       54.6838226318
755.010559,       54.6898422241
755.342834,       54.7243881226
755.674988,       54.8386497498
756.007080,       54.9128837585
756.339050,       54.9669036865
756.671082,       55.0868797302
757.003052,       55.0719337463
757.335022,       55.0753250122
757.666870,       55.2926292419
757.998657,       55.3119125366
758.330444,       55.4571228027
758.662170,       55.5768127441
758.993896,       55.6771469116
759.325562,       55.7115325928
759.657043,       55.7726554871
759.988586,       55.7822532654
760.320129,       55.8316650391
760.651489,       55.9884605408
760.982971,       56.1231803894
761.314331,       56.1654815674
761.645569,       56.2160263062
761.976807,       56.2705383301
762.308044,       56.2440757751
762.639160,       56.2390327454
762.970276,       56.2543411255
763.301331,       56.2639884949
763.632385,       56.3012428284
763.963257,       56.3861503601
764.294250,       56.4694900513
764.625122,       56.3448677063
764.955933,       56.5814781189
765.286743,       56.4997062683
765.617432,       56.5402030945
765.948120,       56.5140800476
766.278748,       56.5785217285
766.609314,       56.6047058105
766.939880,       56.5921554565
767.270325,       56.6265182495
767.600708,       56.5519142151
767.931152,       56.4216270447
768.261536,       56.3718070984
768.591858,       56.3222541809
768.922119,       56.3879623413
769.252258,       56.5105857849
769.582397,       56.5644035339
769.912537,       56.6193809509
770.242615,       56.7901687622
770.572632,       56.7298011780
770.902588,       56.7041702271
771.232483,       56.8434638977
771.562256,       56.7533378601
771.892151,       56.4878387451
772.221863,       56.4626045227
772.551697,       56.4291114807
772.881287,       56.4953575134
773.210938,       56.4359664917
773.540466,       56.4103736877
773.870056,       56.4548301697
774.199463,       56.5213432312
774.528992,       56.6724853516
774.858337,       56.7485466003
775.187622,       56.7965736389
775.516968,       56.8202972412
775.846191,       56.7958374023
776.175415,       56.7570915222
776.504578,       56.7198219299
776.833618,       56.7813758850
777.162598,       56.6672134399
777.491638,       56.6362838745
777.820618,       56.6654014587
778.149536,       56.4795989990
778.478394,       56.6172828674
778.807190,       56.6486587524
779.135864,       56.7750587463
779.464600,       56.7173767090
779.793335,       56.6390762329
780.121948,       56.7084960938
780.450439,       56.6563377380
780.778931,       56.7112731934
781.107422,       56.6446533203
781.435913,       56.5541191101
781.764282,       56.5179710388
782.092651,       56.5139770508
782.420837,       56.4933242798
782.749023,       56.4540405273
783.077209,       56.4781112671
783.405396,       56.4963264465
783.733521,       56.4748573303
784.061462,       56.4018592834
784.389465,       56.4766578674
784.717346,       56.4964599609
785.045288,       56.5114021301
785.373108,       56.4295539856
785.700928,       56.3577003479
786.028625,       56.2555503845
786.356384,       56.3186721802
786.683960,       56.4384384155
787.011536,       56.4332122803
787.339111,       56.4759559631
787.666687,       56.4033622742
787.994019,       56.4117774963
788.321411,       56.3490524292
788.648804,       56.2846794128
788.976135,       56.2328529358
789.303406,       56.3520889282
789.630615,       56.3881988525
789.957703,       56.3248710632
790.284851,       56.3753852844
790.611877,       56.4040832520
790.938904,       56.3632545471
791.265930,       56.3185272217
791.592773,       56.3440017700
791.919678,       56.3526382446
792.246460,       56.3898010254
792.573242,       56.3838233948
792.899963,       56.4784660339
793.226685,       56.4986038208
793.553284,       56.4257011414
793.879822,       56.4478988647
794.206299,       56.4395256042
794.532776,       56.4484939575
794.859253,       56.5230369568
795.185669,       56.5412330627
795.511902,       56.5552940369
795.838196,       56.6116867065
796.164490,       56.4726524353
796.490601,       56.3787803650
796.816833,       56.3732681274
797.142883,       56.3327865601
797.468933,       56.1853408813
797.794861,       56.2911682129
798.120789,       56.3049125671
798.446716,       56.3208580017
798.772583,       56.3189735413
799.098328,       56.3014755249
799.424072,       56.4118461609
799.749756,       56.3511848450
800.075439,       56.3083839417
800.401001,       56.2971115112
800.726624,       56.2382469177
801.052063,       56.4857559204
801.377441,       56.4412422180
801.702881,       56.3795166016
802.028198,       56.4693336487
802.353516,       56.6565170288
802.678833,       56.6828002930
803.004028,       56.7598266602
803.329102,       56.8892135620
803.654236,       56.8676414490
803.979248,       56.9350471497
804.304321,       56.9701614380
804.629272,       56.9067001343
804.954163,       56.9493598938
805.278931,       56.8676185608
805.603821,       56.8878707886
805.928589,       56.8825912476
806.253357,       56.8595008850
806.577942,       56.9648132324
806.902588,       57.0554428101
807.227112,       57.1056556702
807.551575,       57.2339897156
807.876099,       57.0336685181
808.200500,       57.2354545593
808.524841,       57.2995071411
808.849121,       57.2552871704
809.173401,       57.1990890503
809.497620,       57.1510734558
809.821838,       57.1395530701
810.145996,       57.0402984619
810.469971,       57.1353797913
810.793945,       57.0384445190
811.117981,       57.1047019958
811.441956,       57.1865272522
811.765808,       57.1865158081
812.089600,       57.2528533936
812.413391,       57.2583198547
812.737061,       57.2951507568
813.060730,       57.2665405273
813.384338,       57.2588729858
813.708008,       57.1696090698
814.031433,       57.1715240479
814.354919,       57.0770187378
814.678345,       57.0732002258
815.001709,       57.0121536255
815.325073,       56.9872093201
815.648376,       56.9105033875
815.971558,       56.8757705688
816.294678,       56.9045066833
816.617798,       56.9416236877
816.940918,       56.9424629211
817.263977,       56.9131202698
817.586853,       57.0107345581
817.909851,       56.9649467468
818.232727,       56.9737625122
818.555542,       56.9529228210
818.878296,       56.9603614807
819.201050,       57.0022506714
819.523682,       57.0391426086
819.846375,       57.0351943970
820.168884,       57.0690078735
820.491455,       57.1600570679
820.813904,       57.3136253357
821.136353,       57.3863525391
821.458740,       57.4896163940
821.781128,       57.3875198364
822.103333,       57.3766098022
822.425598,       57.5269622803
822.747803,       57.4875946045
823.069824,       57.4612312317
823.391968,       57.3987426758
823.713989,       57.5133857727
824.035950,       57.5946197510
824.357849,       57.5190429688
824.679810,       57.5352439880
825.001587,       57.6070480347
825.323425,       57.6427879333
825.645142,       57.6856155396
825.966736,       57.6650161743
826.288391,       57.6203994751
826.610046,       57.6231307983
826.931458,       57.5476837158
827.253052,       57.5501632690
827.574402,       57.4481010437
827.895813,       57.4527816772
828.217163,       57.3832168579
828.538391,       57.4393920898
828.859619,       57.4283485413
829.180786,       57.3749084473
829.501953,       57.4520225525
829.822998,       57.4665832520
830.144043,       57.5493736267
830.464966,       57.5515747070
830.785950,       57.4037971497
831.106812,       57.3985023499
831.427673,       57.3811721802
831.748474,       57.2585525513
832.069214,       57.2852630615
832.389771,       57.2209777832
832.710449,       57.1523666382
833.031067,       57.1616401672
833.351563,       57.1610031128
833.672058,       57.1943092346
833.992371,       57.1106033325
834.312805,       57.0349082947
834.633179,       56.9379882813
834.953369,       56.8678550720
835.273621,       56.8559341431
835.593811,       56.8491706848
835.913940,       56.8059501648
836.234009,       56.7348556519
836.554077,       56.7026977539
836.874023,       56.9324417114
837.193909,       56.8694114685
837.513794,       56.9799842834
837.833618,       56.9824638367
838.153381,       57.0380134583
838.473145,       57.0878791809
838.792786,       57.0634307861
839.112366,       56.9963150024
839.432007,       57.0614929199
839.751465,       56.9835662842
840.070984,       56.9676589966
840.390381,       56.9351501465
840.709656,       56.9278717041
841.028992,       57.0577430725
841.348267,       57.1454658508
841.667480,       57.1235122681
841.986633,       57.0940322876
842.305725,       57.1357421875
842.624817,       57.1450653076
842.943848,       57.2554283142
843.262756,       57.3254165649
843.581665,       57.0154190063
843.900574,       57.0498695374
844.219360,       56.9832801819
844.538147,       57.0320472717
844.856812,       57.0199623108
845.175415,       56.9892005920
845.494080,       56.9281234741
845.812683,       56.9965248108
846.131104,       57.1806182861
846.449585,       57.2276878357
846.768005,       57.3455047607
847.086304,       57.4171829224
847.404663,       57.4466705322
847.722839,       57.2601013184
848.041077,       57.2640647888
848.359192,       57.2939224243
848.677246,       57.3321685791
848.995361,       57.3116416931
849.313354,       57.2839431763
849.631226,       57.1745567322
849.949158,       57.1663131714
850.267029,       57.1929512024
850.584778,       57.1972007751
850.902527,       57.2825737000
851.220276,       57.2579803467
851.537842,       57.2647209167
851.855469,       57.2692794800
852.173035,       57.4024314880
852.490417,       57.5439643860
852.807861,       57.3439941406
853.125305,       57.4231224060
853.442627,       57.3126296997
853.759888,       57.2138557434
854.077087,       57.1654815674
854.394287,       57.2479438782
854.711426,       57.2829437256
855.028442,       57.2706985474
855.345459,       57.3294143677
855.662537,       57.3421058655
855.979370,       57.3620491028
856.296265,       57.3481979370
856.613098,       57.3079757690
856.929871,       57.3099441528
857.246582,       57.3199195862
857.563232,       57.2590065002
857.879822,       57.3091583252
858.196411,       57.2402877808
858.512939,       57.2206268311
858.829346,       57.1347122192
859.145813,       57.0863533020
859.462158,       57.0828552246
859.778442,       57.0891914368
860.094666,       57.0601654053
860.410889,       57.0257492065
860.726990,       57.1142082214
861.043152,       57.1202507019
861.359192,       57.0667572021
861.675232,       57.0914039612
861.991150,       57.0483207703
862.307007,       57.1016235352
862.622864,       57.1694259644
862.938660,       57.2700309753
863.254333,       57.3421707153
863.570068,       57.4509010315
863.885742,       57.4898605347
864.201233,       57.3853416443
864.516846,       57.4105682373
864.832336,       57.4130287170
865.147766,       57.4795913696
865.463135,       57.4666442871
865.778503,       57.3748245239
866.093750,       57.4571151733
866.408997,       57.5621528625
866.724182,       57.6599464417
867.039246,       57.6883201599
867.354309,       57.6022911072
867.669312,       57.6255874634
867.984314,       57.5778007507
868.299194,       57.5292167664
868.614075,       57.4962196350
868.928833,       57.4893722534
869.243652,       57.3965415955
869.558289,       57.4054946899
869.872986,       57.3543777466
870.187622,       57.2831497192
870.502136,       57.2341613770
870.816650,       57.3552436829
871.131165,       57.3337860107
871.445496,       57.3555603027
871.759827,       57.3444786072
872.074158,       57.3941345215
872.388367,       57.3999328613
872.702576,       57.3810691833
873.016785,       57.2515029907
873.330750,       57.2273674011
873.644897,       57.2802352905
873.958801,       57.3123512268
874.272705,       57.2162437439
874.586670,       57.2695541382
874.900452,       57.2685470581
875.214172,       57.2439270020
875.527954,       57.1961746216
875.841614,       57.1612701416
876.155273,       57.1009559631
876.468811,       57.0893211365
876.782288,       57.0705642700
877.095764,       57.0541839600
877.409241,       57.0200729370
877.722534,       56.9984092712
878.035889,       56.9958877563
878.349121,       57.0525093079
878.662292,       56.9621505737
878.975464,       56.9329910278
879.288574,       56.9621582031
879.601624,       56.9495506287
879.914612,       56.9183044434
880.227600,       56.8322486877
880.540405,       56.7266006470
880.853271,       56.7460670471
881.166016,       56.6727523804
881.478821,       56.7126998901
881.791504,       56.7456665039
882.104065,       56.7853813171
882.416626,       56.8312950134
882.729187,       56.8002281189
883.041626,       56.8540763855
883.354065,       56.9593238831
883.666443,       56.8964309692
883.978760,       56.8301544189
884.291016,       56.8689804077
884.603271,       56.8873710632
884.915344,       56.8193664551
885.227539,       56.9766273499
885.539551,       56.9518394470
885.851501,       56.8773689270
886.163513,       56.8683738708
886.475464,       56.8602066040
886.787231,       56.8823280334
887.099060,       56.9462280273
887.410767,       56.9389152527
887.722412,       57.0343208313
888.034119,       57.1001815796
888.345642,       57.0864677429
888.657227,       57.0270004272
888.968689,       57.0959548950
889.280090,       57.1128540039
889.591492,       57.0720558167
889.902832,       56.9679374695
890.213989,       56.9833030701
890.525269,       57.0033302307
890.836487,       56.9568214417
891.147522,       57.1282997131
891.458618,       58.7314262390
891.769653,       58.5736274719
892.080566,       58.6237373352
892.391479,       58.6212997437
892.702332,       58.6507186890
893.013123,       58.7014503479
893.323853,       58.6957283020
893.634521,       58.7059631348
893.945129,       58.8856506348
894.255798,       58.8574523926
894.566223,       58.7814750671
894.876770,       58.8077964783
895.187195,       58.8509788513
895.497498,       58.8535194397
895.807861,       58.8602371216
896.118164,       58.8380813599
896.428345,       58.8236732483
896.738525,       58.9515457153
897.048645,       58.9731559753
897.358643,       59.0025825500
897.668701,       59.0077934265
897.978638,       57.3100204468
898.288513,       57.4264755249
898.598389,       57.4146690369
898.908142,       57.4500274658
899.217896,       57.4380149841
899.527588,       57.5429382324
899.837219,       57.5774841309
900.146790,       57.7964897156
900.456360,       57.6672325134
900.765747,       57.6373710632
901.075195,       57.7371482849
901.384583,       57.7692337036
901.693848,       57.7689514160
902.003174,       57.7085914612
902.312378,       57.7632713318
902.621460,       57.7981529236
902.930603,       57.8327293396
903.239685,       57.7394714355
903.548645,       57.7589645386
903.857605,       57.8142929077
904.166504,       57.7038650513
904.475281,       57.7033233643
904.784058,       57.6446990967
905.092896,       57.6635360718
905.401489,       57.7013015747
905.710144,       57.6277236938
906.018738,       57.4961662292
906.327209,       57.5612564087
906.635681,       57.3793716431
906.944031,       57.3303298950
907.252441,       57.3932228088
907.560730,       57.2973861694
907.869019,       57.2946739197
908.177185,       57.3662338257
908.485352,       57.4121551514
908.793396,       57.5984725952
909.101501,       57.6233367920
909.409485,       57.7360916138
909.717407,       57.8118209839
910.025269,       57.8406829834
910.333130,       57.8197059631
910.640869,       57.7616920471
910.948608,       57.8762779236
911.256287,       57.9689903259
911.563843,       57.9272499084
911.871399,       57.8116226196
912.178955,       57.9285392761
912.486389,       58.0586357117
912.793823,       58.0169868469
913.101135,       58.0367431641
913.408386,       58.2558631897
913.715637,       58.2826499939
914.022827,       58.8270835876
914.329956,       58.8415451050
914.637085,       58.8205566406
914.944031,       58.8142051697
915.251038,       58.5972595215
915.557983,       58.6129417419
915.864807,       58.4784088135
916.171631,       58.4473495483
916.478455,       58.4946861267
916.785095,       58.5246505737
917.091736,       58.5317802429
917.398376,       58.5451889038
917.704834,       58.4990844727
918.011414,       58.5125045776
918.317810,       58.5707855225
918.624207,       58.5700759888
918.930542,       58.3588371277
919.236816,       58.3203620911
919.542969,       58.2518272400
919.849182,       57.9445838928
920.155273,       57.8283195496
920.461304,       57.4317169189
920.767334,       57.4074745178
921.073242,       57.3986167908
921.379211,       57.5111999512
921.685059,       57.5045509338
921.990784,       57.4290885925
922.296570,       57.4331741333
922.602295,       57.3742561340
922.907898,       57.6867942810
923.213440,       57.4552459717
923.518982,       57.4635314941
923.824463,       57.3026313782
924.129883,       57.1955070496
924.435242,       57.2882537842
924.740540,       57.2830200195
925.045776,       57.2464447021
925.351013,       57.5064010620
925.656128,       57.5522499084
925.961243,       57.8155441284
926.266235,       57.8711814880
926.571167,       58.1511993408
926.876160,       57.8859977722
927.181030,       57.9799423218
927.485840,       57.9786605835
927.790588,       57.8166503906
928.095276,       57.7569770813
928.399963,       58.0854339600
928.704590,       58.1978797913
929.009094,       58.3841514587
929.313599,       58.2802963257
929.618103,       58.4611778259
929.922424,       58.4523277283
930.226807,       58.4444694519
930.531067,       58.4889717102
930.835266,       58.5479545593
931.139465,       58.4967079163
931.443542,       58.5414047241
931.747620,       58.3479156494
932.051697,       58.4105491638
932.355652,       58.1869468689
932.659485,       58.3696365356
932.963379,       58.1170921326
933.267090,       58.3159866333
933.570801,       58.1680603027
933.874573,       58.1142425537
934.178162,       58.1201972961
934.481689,       58.4266204834
934.785278,       58.1544456482
935.088745,       58.0298614502
935.392151,       58.0250549316
935.695496,       57.6987190247
935.998779,       57.5104827881
936.302063,       57.5502204895
936.605225,       57.7231941223
936.908386,       57.9458961487
937.211426,       57.8736648560
937.514465,       57.9495086670
937.817444,       57.7426986694
938.120422,       57.9776687622
938.423279,       57.9550743103
938.726013,       58.3803367615
939.028809,       58.2473869324
939.331482,       58.3502578735
939.634155,       58.1543807983
939.936768,       58.2596282959
940.239258,       58.1765785217
940.541809,       58.1876029968
940.844238,       58.0323829651
941.146606,       58.0638999939
941.448914,       58.0519676208
941.751221,       57.9984893799
942.053345,       57.9563026428
942.355530,       57.9732055664
942.657654,       57.8181762695
942.959656,       57.7929077148
943.261658,       57.6196746826
943.563599,       57.5143165588
943.865479,       57.5936203003
944.167358,       57.7107505798
944.469177,       57.5208358765
944.770813,       57.5756416321
945.072510,       57.0768432617
945.374084,       57.0674552917
945.675659,       56.8595428467
945.977173,       57.0052070618
946.278564,       57.0704879761
946.580017,       57.2777633667
946.881348,       57.1198997498
947.182617,       57.1459159851
947.483826,       57.0477714539
947.785034,       57.1023063660
948.086060,       57.1227684021
948.387207,       57.1428604126
948.688232,       57.4222335815
948.989075,       57.6067924500
949.290039,       57.3879432678
949.590942,       57.3187637329
949.891663,       57.3960494995
950.192444,       57.2670516968
950.493164,       57.3784713745
950.793701,       57.4748268127
951.094299,       57.2321128845
951.394836,       57.2376365662
951.695251,       58.5999488831
951.995667,       58.7331695557
952.295959,       58.5871810913
952.596313,       58.4657325745
952.896545,       58.4978561401
953.196716,       58.5776557922
953.496826,       58.4817123413
953.796936,       58.6020774841
954.096863,       58.5398139954
954.396912,       58.2997436523
954.696777,       58.3898468018
954.996643,       58.3065910339
955.296448,       58.4416923523
955.596191,       58.5049934387
955.895813,       58.6247100830
956.195496,       58.7149314880
956.495117,       59.0305786133
956.794556,       58.9710884094
957.094055,       58.6687316895
957.393494,       59.2863807678
957.692810,       59.3115272522
957.992126,       57.8143615723
958.291321,       57.6520729065
958.590637,       57.6280403137
958.889709,       57.5598716736
959.188782,       57.4701004028
959.487793,       57.3669548035
959.786804,       57.3275260925
960.085693,       57.2223777771
960.384460,       57.3610916138
960.683472,       57.6035156250
960.982056,       57.4401206970
961.280823,       57.5134353638
961.579407,       57.3725395203
961.877930,       57.2855224609
962.176575,       57.2588195801
962.474915,       56.9773674011
962.773376,       56.8012847900
963.071777,       56.7196769714
963.370056,       56.8942909241
963.668335,       56.1430740356
963.966431,       56.2503471375
964.264709,       56.1608810425
964.562744,       56.4048690796
964.860718,       56.6670951843
965.158691,       56.8439712524
965.456543,       56.7270812988
965.754578,       57.0737915039
966.052307,       57.2179336548
966.350037,       57.3535308838
966.647705,       57.1785926819
966.945251,       57.3950958252
967.243042,       57.3424339294
967.540405,       57.0579223633
967.837952,       57.2165908813
968.135376,       57.2851791382
968.432739,       57.5794296265
968.730042,       57.9169349670
969.027222,       57.7390022278
969.324524,       57.6692161560
969.621521,       57.5143699646
969.918701,       57.6186523438
970.215698,       57.5611534119
970.512573,       57.6211624146
970.809631,       57.6578140259
971.106384,       57.4695510864
971.403198,       57.6001396179
971.700012,       57.7912101746
971.996521,       57.5681762695
972.293335,       57.4332962036
972.589783,       57.4636039734
972.886353,       57.4303627014
973.182861,       56.8887481689
973.479309,       57.0635604858
973.775635,       57.1686515808
974.071838,       57.2291297913
974.368225,       57.1285438538
974.664368,       56.8549766541
974.960449,       56.5788688660
975.256592,       56.5168914795
975.552490,       56.9989700317
975.848633,       57.2796211243
976.144409,       57.6058998108
976.440247,       57.5340728760
976.736023,       58.0725746155
977.031738,       57.9088020325
977.327515,       57.9591979980
977.623047,       58.1016311646
977.918640,       58.0156517029
978.214172,       58.1453857422
978.509644,       57.8919639587
978.805115,       57.7559356689
979.100281,       57.9099845886
979.395752,       58.1669502258
979.690857,       58.4310951233
979.986084,       58.4058761597
980.281250,       58.1816024780
980.576172,       58.3909645081
980.871338,       58.3305244446
981.166199,       58.4904861450
981.461121,       58.5901336670
981.755920,       58.1191139221
982.050781,       58.4137840271
982.345520,       58.2088012695
982.640076,       58.0645065308
982.934814,       57.4299812317
983.229309,       57.2059211731
983.523804,       57.3240509033
983.818298,       57.1422576904
984.112610,       56.9815826416
984.407043,       58.9585227966
984.701233,       59.3581275940
984.995483,       59.3240318298
985.289612,       59.2896881104
985.583618,       58.8955230713
985.877869,       58.8343963623
986.171753,       58.6087951660
986.465698,       58.6534576416
986.759583,       58.6716423035
987.053467,       59.5052490234
987.347290,       59.1959419250
987.640869,       59.1123580933
987.934631,       59.1790733337
988.228149,       58.7323684692
988.521667,       58.6029891968
988.815186,       58.8946762085
989.108582,       59.1058845520
989.402039,       59.1809616089
989.695313,       59.2208442688
989.988525,       59.0028839111
990.281738,       59.2899436951
990.574829,       57.3805503845
990.868042,       57.2964668274
991.161011,       57.5385932922
991.453979,       57.8518104553
991.746948,       58.7865104675
992.039795,       59.0516510010
992.332642,       60.1106033325
992.625305,       59.7477378845
992.918091,       59.5457077026
993.210632,       59.9130744934
993.503235,       60.4532775879
993.795837,       61.9568901062
994.088196,       62.0324325562
994.380676,       62.3226394653
994.672913,       62.6962547302
994.965271,       63.8493728638
995.257568,       63.9248237610
995.549622,       64.5711898804
995.841858,       65.0085906982
996.133850,       65.0943222046
996.425903,       65.2228546143
996.717834,       64.9480667114
997.009766,       64.5419235229
997.301636,       64.2202377319
997.593323,       63.9527931213
997.885193,       63.2677268982
998.176758,       62.6379089355
998.468384,       62.7230415344
998.760010,       62.7490043640
999.051392,       63.1548118591
999.342957,       62.0804481506
999.634277,       61.6538658142
999.925598,       60.1188316345
1000.216919,       60.2864913940
1000.508118,       60.5252571106
1000.799255,       60.2239723206
1001.090271,       58.8622817993
1001.381470,       58.8035469055
1001.672363,       58.6768379211
1001.963257,       57.6956253052
1002.254150,       57.3955535889
1002.544922,       57.1278343201
1002.835815,       56.7900886536
1003.126404,       57.1428527832
1003.417114,       57.4244384766
1003.707703,       57.4571495056
1003.998108,       57.6321945190
1004.288757,       57.9625549316
1004.579041,       56.8224029541
1004.869385,       56.9945449829
1005.159729,       56.8547554016
1005.450012,       56.1436729431
1005.740173,       56.2233085632
1006.030212,       56.2152748108
1006.320435,       56.3420066833
1006.610352,       55.9518089294
1006.900330,       55.6500930786
1007.190247,       56.2897682190
1007.479980,       56.1335906982
1007.769897,       55.1993446350
1008.059509,       55.8285522461
1008.349243,       56.3773040771
1008.638855,       56.2807540894
1008.928345,       56.9463729858
1009.217896,       57.1681900024
1009.507263,       56.9153556824
1009.796753,       56.4740409851
1010.086060,       56.4637489319
1010.375366,       55.8972434998
1010.664551,       55.5449485779
1010.953674,       55.3405227661
1011.242920,       56.1972312927
1011.531738,       56.7087173462
1011.820801,       56.5382194519
1012.109741,       56.5025405884
1012.398499,       56.7794494629
1012.687439,       57.4268455505
1012.976074,       57.8510742188
1013.264771,       57.5387115479
1013.553406,       57.4411926270
1013.842041,       57.8293266296
1014.130554,       56.9566001892
1014.418884,       56.4451293945
1014.707336,       56.5536689758
1014.995789,       56.0961723328
1015.284058,       55.7925758362
1015.572327,       56.0407714844
1015.860413,       56.0233192444
1016.148621,       55.7673377991
1016.436523,       56.3647994995
1016.724609,       56.7311706543
1017.012573,       57.1984405518
1017.300354,       56.3826141357
1017.588318,       55.7029953003
1017.875977,       57.3143310547
1018.163757,       57.5450553894
1018.451416,       57.0993309021
1018.739014,       57.8726997375
1019.026611,       58.2044525146
1019.313904,       57.8744697571
1019.601440,       58.2708358765
1019.888733,       58.1160125732
1020.176086,       59.2160301208
1020.463318,       59.9150772095
1020.750549,       60.0615310669
1021.037720,       61.1745719910
1021.324707,       62.9914512634
1021.611694,       63.1321296692
1021.898682,       64.1833267212
1022.185547,       64.2471160889
1022.472595,       63.9065933228
1022.759216,       64.3883743286
1023.045959,       64.6870574951
1023.332581,       66.3678283691
1023.619324,       67.5624542236
1023.905884,       66.5950927734
1024.192261,       66.6932830811
1024.478882,       66.2919158936
1024.765137,       64.6146621704
1025.051514,       64.9511642456
1025.337769,       64.7949905396
1025.623779,       64.7387008667
1025.910034,       66.8441390991
1026.196045,       88.8468933105
1026.482178,       73.2233581543
1026.768066,       58.9385452271
1027.053955,       58.6956481934
1027.339966,       44.7562828064
1027.625610,       60.8247413635
1027.911377,       69.4162521362
1028.197144,       57.7348098755
1028.482666,       54.7554321289
1028.768311,       90.8794708252
