339.817139,        0.0000000000
340.196106,        0.0000000000
340.575104,     2064.2851562500
340.954010,     9766.5273437500
341.332886,     1610.5274658203
341.711761,     3533.3454589844
342.090576,       42.7834892273
342.469360,      108.8642578125
342.848114,      -49.5412368774
343.226868,        0.0000000000
343.605560,        6.6086845398
343.984192,        5.7834486961
344.362854,        3.4102230072
344.741425,       10.2982845306
345.119995,       20.5234165192
345.498535,       28.5069313049
345.877014,       35.6622772217
346.255463,       40.2404327393
346.633881,       45.2697830200
347.012299,       46.8457565308
347.390625,       45.3756332397
347.768951,       42.6474304199
348.147278,       44.6746139526
348.525513,       50.2977600098
348.903748,       56.0451507568
349.281952,       58.8384017944
349.660126,       58.4354858398
350.038239,       58.4782829285
350.416321,       61.3478660583
350.794373,       62.2134094238
351.172394,       62.7763137817
351.550385,       60.0550308228
351.928375,       60.1274070740
352.306305,       68.7644805908
352.684174,       69.3702545166
353.062042,       70.1490020752
353.439880,       70.3789062500
353.817657,       71.6837921143
354.195404,       75.1538162231
354.573151,       68.5339965820
354.950836,       72.2638626099
355.328461,       74.6201782227
355.706116,       75.0462265015
356.083710,      114.5416259766
356.461243,      114.4837951660
356.838806,      113.2067794800
357.216248,      113.0118713379
357.593719,      113.8584823608
357.971161,      114.9452056885
358.348541,      112.6855239868
358.725891,      110.0586776733
359.103210,      110.1584472656
359.480530,      107.8567657471
359.857758,      108.8516845703
360.234955,      105.1670227051
360.612183,      104.7180862427
360.989319,      103.8234329224
361.366425,      103.4134063721
361.743530,      105.9313430786
362.120575,      102.4110565186
362.497559,      101.4277496338
362.874573,       99.1134796143
363.251526,       96.3423995972
363.628418,       95.6105804443
364.005310,       37.8186187744
364.382202,       35.5157661438
364.759003,       30.4836044312
365.135773,       30.9747123718
365.512482,       34.3440971375
365.889221,       36.6010971069
366.265900,       36.8225631714
366.642517,       38.4986686707
367.019165,       37.2889175415
367.395721,       44.3462257385
367.772278,       43.3477058411
368.148804,       41.2666206360
368.525269,       40.9666557312
368.901672,       39.5163269043
369.278107,       36.7242012024
369.654480,       22.8851070404
370.030823,       29.8180217743
370.407104,       28.1827449799
370.783386,       24.9872894287
371.159637,       27.2357940674
371.535828,       31.7097148895
371.912018,       34.0273208618
372.288116,       31.8041057587
372.664246,       34.7614631653
373.040283,       36.0436058044
373.416351,       29.4241733551
373.792328,       23.1763801575
374.168274,       23.8164577484
374.544250,       25.6186962128
374.920105,       30.0706138611
375.295959,       23.7830181122
375.671814,       27.9404754639
376.047607,       28.3250961304
376.423370,       28.5915145874
376.799103,       31.4178905487
377.174774,       34.1870498657
377.550415,       36.5491867065
377.926056,       27.7919406891
378.301636,       31.8515300751
378.677185,       34.8748168945
379.052673,       44.4085388184
379.428192,       47.1465148926
379.803650,       47.0785789490
380.179047,       47.0128936768
380.554443,       47.8741226196
380.929779,       47.6670608521
381.305084,       46.2385826111
381.680359,       48.1658096313
382.055634,       47.0247001648
382.430817,       43.7889709473
382.805969,       40.0590133667
383.181152,       44.9344978333
383.556244,       42.6143074036
383.931274,       43.4392089844
384.306366,       46.2319335938
384.681366,       43.9394340515
385.056305,       42.7772712708
385.431274,       45.4831008911
385.806152,       52.8260421753
386.181000,       50.6079864502
386.555817,       49.7228927612
386.930634,       37.6458969116
387.305389,       31.7355575562
387.680084,       31.4895095825
388.054810,       32.3271713257
388.429474,       29.9559593201
388.804047,       26.3972454071
389.178650,       29.6421203613
389.553192,       27.1295318604
389.927734,       28.5714874268
390.302185,       32.2340927124
390.676666,       31.1436443329
391.051086,       25.8226089478
391.425446,       25.4658603668
391.799805,       25.7482414246
392.174133,       24.1435489655
392.548370,       24.0431537628
392.922638,       22.2782192230
393.296844,       27.3120040894
393.670990,       18.9166393280
394.045135,       17.3170185089
394.419220,       14.3608121872
394.793304,       20.8350143433
395.167328,       23.6474266052
395.541321,       28.1232032776
395.915283,       28.5931529999
396.289185,       34.4144363403
396.663116,       36.7714576721
397.036957,       33.6892662048
397.410736,       34.2231483459
397.784546,       35.1481590271
398.158325,       32.2197647095
398.532013,       34.0613517761
398.905670,       35.6063156128
399.279358,       45.5784301758
399.652954,       46.4273529053
400.026520,       44.3538856506
400.400085,       46.5475692749
400.773560,       48.0820808411
401.147034,       42.2067565918
401.520508,       41.1413955688
401.893890,       43.1991271973
402.267242,       45.4089851379
402.640564,       45.0093040466
403.013855,       44.5989723206
403.387146,       40.8934669495
403.760345,       41.5650405884
404.133514,       45.6596717834
404.506683,       46.3514518738
404.879791,       50.5961647034
405.252869,       52.3482551575
405.625946,       50.0069007874
405.998962,       47.4660682678
406.371918,       51.1954193115
406.744873,       51.5034751892
407.117798,       42.4545669556
407.490631,       41.9556159973
407.863525,       41.9983863831
408.236298,       42.2825927734
408.609039,       51.9213562012
408.981842,       51.0605278015
409.354523,       54.8973426819
409.727173,       53.9454574585
410.099792,       52.0396957397
410.472382,       49.9937820435
410.844910,       50.0185241699
411.217438,       47.7997550964
411.589935,       46.5268440247
411.962402,       39.3597831726
412.334778,       45.5837821960
412.707153,       44.2160263062
413.079498,       40.6787796021
413.451813,       40.6322708130
413.824066,       43.9169006348
414.196350,       38.5193290710
414.568512,       38.2788162231
414.940674,       38.9663772583
415.312805,       38.0958290100
415.684906,       38.0691871643
416.056946,       51.3442573547
416.429016,       43.8396377563
416.800964,       43.7123603821
417.172913,       40.1292457581
417.544830,       40.6456413269
417.916718,       42.0758018494
418.288574,       42.4155998230
418.660370,       41.1429901123
419.032135,       41.9074668884
419.403870,       41.6399154663
419.775574,       41.9562683105
420.147247,       35.3208923340
420.518860,       36.6140708923
420.890472,       37.3068809509
421.262024,       37.9056930542
421.633545,       36.4070701599
422.005005,       37.1669044495
422.376495,       35.4495239258
422.747925,       33.9755058289
423.119293,       32.8495559692
423.490601,       34.2123107910
423.861938,       18.3469734192
424.233215,       28.1997985840
424.604462,       31.1253547668
424.975647,       30.0246334076
425.346832,       28.3282794952
425.717926,       26.9288806915
426.089050,       25.4689903259
426.460083,       24.5221710205
426.831085,       23.6755332947
427.202087,       22.9201183319
427.572998,       23.1200008392
427.943939,       25.3273696899
428.314819,       23.9431877136
428.685669,       23.5425701141
429.056458,       24.2783374786
429.427246,       24.2388725281
429.797943,       23.3496894836
430.168701,       24.0339832306
430.539337,       25.1468029022
430.909943,       26.4922084808
431.280548,       27.9558124542
431.651093,       30.2507705688
432.021606,       24.6910972595
432.392120,       21.2332782745
432.762543,       21.2022609711
433.132965,       21.1099567413
433.503326,       22.0418148041
433.873688,       23.1438293457
434.243958,       22.7462787628
434.614227,       21.6003589630
434.984467,       23.0554618835
435.354645,       22.0498428345
435.724792,       19.4859676361
436.094910,       17.7249526978
436.464996,       18.3623332977
436.835052,       22.6121482849
437.205048,       21.9564914703
437.575043,       24.3011608124
437.944977,       24.0647792816
438.314880,       24.5862579346
438.684753,       24.3352031708
439.054565,       22.3653049469
439.424377,       22.1749782562
439.794128,       20.6271305084
440.163849,       22.1268234253
440.533508,       26.3712139130
440.903198,       26.6397171021
441.272797,       27.9727840424
441.642334,       28.9546699524
442.011902,       29.8845386505
442.381409,       31.5890884399
442.750854,       31.1385898590
443.120300,       31.6414775848
443.489655,       31.8660831451
443.859039,       33.4278869629
444.228333,       33.1103286743
444.597626,       28.9945087433
444.966888,       29.8707332611
445.336060,       27.4349365234
445.705231,       26.1485729218
446.074402,       24.8710861206
446.443512,       24.3457794189
446.812531,       24.1729736328
447.181610,       22.6066169739
447.550568,       22.8659286499
447.919525,       22.5424919128
448.288483,       18.8373603821
448.657349,       18.7046394348
449.026154,       16.6317367554
449.394989,       16.0238170624
449.763763,       16.9724178314
450.132477,       15.5529918671
450.501190,       14.7881374359
450.869812,       13.9651479721
451.238464,       13.4701490402
451.607025,       12.4510002136
451.975586,       14.2164897919
452.344116,       14.5434799194
452.712585,       15.2666034698
453.081024,       15.8691997528
453.449463,       16.5765953064
453.817810,       16.9299488068
454.186127,       16.5945034027
454.554413,       51.5990905762
454.922668,       51.8973960876
455.290894,       50.9753837585
455.659088,       50.0406379700
456.027222,       49.2245330811
456.395325,       48.5617828369
456.763428,       48.6219062805
457.131439,       47.5974349976
457.499420,       46.1419563293
457.867371,       46.0561027527
458.235321,       45.3248672485
458.603210,       45.0828971863
458.971039,       45.3894538879
459.338867,       44.8642349243
459.706635,       43.2238311768
460.074371,       42.3954772949
460.442047,       41.0873947144
460.809753,       43.0419998169
461.177368,       42.5817947388
461.544952,       42.4123420715
461.912537,       42.1085166931
462.280029,       12.9858922958
462.647522,       12.0024900436
463.014984,       11.7736663818
463.382355,       12.3530025482
463.749725,       12.5858497620
464.117065,       12.4547929764
464.484344,       11.7814283371
464.851593,       11.5865755081
465.218842,       11.5369615555
465.586029,       11.7322244644
465.953156,       11.9071388245
466.320282,       11.5644884109
466.687317,       11.7684125900
467.054352,       11.7378253937
467.421356,       12.0274991989
467.788300,       11.9107284546
468.155243,       12.0383224487
468.522095,        9.4270458221
468.888947,        9.8009757996
469.255768,       10.0647506714
469.622559,       10.9918336868
469.989258,       11.2288513184
470.355988,       11.2810516357
470.722626,       11.6407794952
471.089233,       11.2372264862
471.455841,       11.5911741257
471.822388,       11.4361820221
472.188873,       11.4993162155
472.555389,       11.3855581284
472.921753,       11.4903459549
473.288208,       11.3327045441
473.654602,       11.2306413651
474.020874,       11.5525846481
474.387177,       10.7447910309
474.753387,       10.2749156952
475.119629,        9.8227672577
475.485809,       10.1496753693
475.851929,        9.7976598740
476.218018,        9.7232151031
476.584076,        9.8109226227
476.950104,        9.0670261383
477.316101,        8.3285779953
477.682037,        7.9240746498
478.047974,        7.5633592606
478.413818,        7.8074002266
478.779663,        7.9848909378
479.145477,        7.4407181740
479.511200,        7.5592293739
479.876953,        7.9728021622
480.242615,        8.3357686996
480.608276,        8.3509597778
480.973907,        8.0748252869
481.339417,        8.5569124222
481.704987,        8.5401620865
482.070465,        8.2665042877
482.435913,        8.5614585876
482.801331,        8.6291265488
483.166718,        8.4454460144
483.532043,        8.7474098206
483.897369,        9.1448736191
484.262634,        9.0061655045
484.627869,        9.1236352921
484.993073,        8.9623336792
485.358215,        9.1164131165
485.723297,        9.2123231888
486.088409,        9.0572509766
486.453461,        8.8338966370
486.818451,        8.8288869858
487.183411,        8.9735727310
487.548370,        8.8311843872
487.913239,        8.6425008774
488.278107,        8.3866586685
488.642883,        8.2931442261
489.007660,        8.0371875763
489.372437,        7.7667489052
489.737091,        7.6705679893
490.101746,        7.4547061920
490.466370,        7.3914847374
490.830963,        7.3718681335
491.195526,        7.1101198196
491.559998,        6.6198596954
491.924500,        6.4196972847
492.288940,        6.3417882919
492.653320,        6.4376420975
493.017670,        6.2457256317
493.382019,        6.1141080856
493.746277,        5.7838039398
494.110504,        5.6017150879
494.474731,        5.8107633591
494.838898,        5.7119755745
495.203033,        5.6001882553
495.567108,        5.6195740700
495.931122,        6.9909152985
496.295166,        6.9489727020
496.659149,        6.6104822159
497.023041,        6.6825709343
497.386963,        6.7430272102
497.750824,        6.6960039139
498.114624,        6.8763418198
498.478455,        6.9793581963
498.842163,        6.9219985008
499.205872,        6.9053897858
499.569580,        6.9446125031
499.933167,        7.1191048622
500.296753,        7.0193977356
500.660339,        7.1515879631
501.023834,        7.2190256119
501.387299,        7.2072086334
501.750763,        7.3433399200
502.114166,        7.2109222412
502.477509,        7.0895671844
502.840851,        7.2250089645
503.204102,        7.3541402817
503.567352,        6.2156505585
503.930573,        6.3453359604
504.293732,        6.4032764435
504.656860,        6.5387530327
505.019989,        6.8500080109
505.382996,        6.9468302727
505.746033,        6.8922677040
506.109009,        6.7995758057
506.471924,        6.7556424141
506.834839,        6.7536621094
507.197662,        6.6883983612
507.560486,        6.7256593704
507.923309,        6.7550382614
508.286041,        6.7111535072
508.648743,        6.7173256874
509.011414,        6.7109084129
509.373993,        6.6889204979
509.736633,        6.7179670334
510.099213,        6.7330875397
510.461731,        6.4946508408
510.824158,        6.4450955391
511.186615,        6.4032883644
511.548950,        6.3222727776
511.911346,        6.3681082726
512.273682,        6.2442750931
512.635925,        6.0267629623
512.998169,        5.9103956223
513.360352,        5.8533635139
513.722534,        6.1192045212
514.084717,        6.3157291412
514.446777,        6.3115916252
514.808777,        6.4136323929
515.170776,        6.3358240128
515.532776,        6.3896565437
515.894714,        6.3811736107
516.256592,        6.4138889313
516.618469,        7.9022011757
516.980286,        8.1647720337
517.342041,        8.1958904266
517.703735,        8.2325563431
518.065430,        8.4924507141
518.427185,        8.5275421143
518.788696,        8.5712213516
519.150330,        8.5541696548
519.511902,        8.7206373215
519.873291,        8.7412376404
520.234802,        8.9332323074
520.596252,        9.0211906433
520.957581,        9.1214857101
521.318970,        8.8607835770
521.680237,        8.7852058411
522.041565,        8.8791093826
522.402771,        8.9228649139
522.763977,        9.0427742004
523.125061,        9.1244392395
523.486206,        9.6878995895
523.847229,        9.8493251801
524.208252,        8.7038669586
524.569275,        8.4783506393
524.930237,        8.4603471756
525.291138,        8.5269594193
525.652100,        8.5365009308
526.012817,        8.5446987152
526.373657,        8.5962362289
526.734436,        8.6111564636
527.095093,        8.7707128525
527.455811,        8.8208265305
527.816528,        8.7531557083
528.177002,        8.8591718674
528.537598,        8.9384002686
528.898132,        9.0180625916
529.258606,        9.0389299393
529.619080,        9.0850753784
529.979431,        9.6205348969
530.339844,        9.4746341705
530.700134,        9.4748239517
531.060425,        9.1259984970
531.420654,        9.0954313278
531.780884,        9.3932476044
532.140991,        9.4563674927
532.501160,        9.4492549896
532.861267,        9.5826034546
533.221375,        9.4964036942
533.581299,        9.4624853134
533.941284,        9.6192350388
534.301208,        9.7918043137
534.661133,        9.7236099243
535.020996,        9.8113040924
535.380798,        9.8836536407
535.740540,        9.9383802414
536.100220,        9.9117021561
536.459900,        9.9559078217
536.819641,        9.9604759216
537.179260,        9.9448623657
537.538757,        9.4820308685
537.898376,        9.5334577560
538.257813,        9.5249233246
538.617249,        9.4401073456
538.976685,        9.3935680389
539.336121,        9.2055320740
539.695374,        9.2182025909
540.054688,        9.3214645386
540.413879,        9.3161096573
540.773132,        9.2700414658
541.132385,        9.2720937729
541.491516,        9.2563400269
541.850525,        9.3503170013
542.209595,        9.2157783508
542.568604,        9.3205270767
542.927612,        9.2786674500
543.286560,        9.1922683716
543.645386,        9.1659088135
544.004333,        9.2230510712
544.363098,        9.2379341125
544.721924,        9.3119983673
545.080688,        9.3721475601
545.439331,        9.4981822968
545.797974,        9.4648208618
546.156616,        9.6760969162
546.515137,        9.6568727493
546.873657,        9.6235504150
547.232239,        9.6922321320
547.590698,        9.6248254776
547.949097,        9.6001825333
548.307495,        9.6559877396
548.665833,        9.5962972641
549.024109,        9.5335216522
549.382385,        9.4131078720
549.740540,        9.6152067184
550.098755,        9.4305286407
550.456909,        9.4365196228
550.815002,        9.4095573425
551.173096,        9.3911876678
551.531128,        9.3061399460
551.888977,        9.3123893738
552.247009,        9.2203674316
552.604797,        9.4259614944
552.962708,        9.4279041290
553.320557,        9.5425176620
553.678345,        9.5934600830
554.036011,        9.5820455551
554.393738,        9.5948266983
554.751404,        9.5174016953
555.109009,        9.5552330017
555.466614,        9.4730482101
555.824158,        9.4054975510
556.181641,        9.5458669662
556.539063,        9.5061874390
556.896423,        9.4611129761
557.253845,        9.2728166580
557.611206,        9.5495491028
557.968445,        9.5365610123
558.325745,        9.5614547729
558.682922,        9.6189785004
559.040161,        9.6672449112
559.397278,        9.6608314514
559.754395,        9.7532253265
560.111389,        9.5029115677
560.468445,        9.3872938156
560.825378,        9.3379497528
561.182251,        9.1332292557
561.539185,        9.1287250519
561.896057,        9.1514844894
562.252869,        9.2009496689
562.609619,        9.1533203125
562.966309,        9.2264413834
563.323059,        9.2051210403
563.679688,        9.1671237946
564.036316,        9.1456832886
564.392822,        9.2997589111
564.749390,        9.2953367233
565.105835,        9.0555477142
565.462280,        9.0712757111
565.818726,        9.1048192978
566.175049,        9.0165929794
566.531372,        8.9395999908
566.887573,        8.8729534149
567.243896,        8.7185764313
567.600098,        8.7356758118
567.956299,        8.7519865036
568.312378,        8.6692466736
568.668457,        8.6376104355
569.024475,        8.5876550674
569.380493,        8.4815664291
569.736389,        8.4686622620
570.092346,        8.5341339111
570.448181,        8.5273504257
570.804077,        8.5042800903
571.159790,        8.4598283768
571.515564,        8.4538412094
571.871338,        8.2980470657
572.226929,        8.2926797867
572.582581,        8.2772369385
572.938171,        8.2070350647
573.293701,        8.1170635223
573.649231,        8.0935306549
574.004700,        8.1102867126
574.360107,        8.0987157822
574.715515,        8.1184396744
575.070801,        8.1235370636
575.426086,        7.9980363846
575.781433,        7.9255051613
576.136658,        7.8639812469
576.491821,        7.8663482666
576.846985,        7.8324542046
577.202026,        7.7434859276
577.557129,        7.6842331886
577.912109,        7.5906715393
578.267090,        7.5834898949
578.621948,        7.5615286827
578.976929,        7.4925661087
579.331726,        7.4129900932
579.686523,        7.6034078598
580.041321,        7.6422495842
580.396057,        7.6458702087
580.750732,        7.8345508575
581.105408,        7.8045725822
581.459961,        7.7433815002
581.814575,        7.7462491989
582.169067,        7.6920723915
582.523499,        7.6235280037
582.877991,        7.7010006905
583.232361,        7.8056497574
583.586731,        7.8428492546
583.941040,        7.7898249626
584.295349,        7.7840380669
584.649536,        7.8258581161
585.003784,        7.7956972122
585.357849,        8.0489768982
585.712036,        8.0403413773
586.066040,        8.0225677490
586.420166,        8.0536346436
586.774048,        8.0636491776
587.128052,        7.8376932144
587.481934,        7.7490987778
587.835815,        7.6591863632
588.189636,        7.4823431969
588.543396,        7.5306444168
588.897095,        7.5225634575
589.250732,        7.5096101761
589.604431,        7.5264973640
589.958069,        7.4840641022
590.311646,        7.4249372482
590.665161,        7.3891663551
591.018677,        7.4129776955
591.372070,        7.4843688011
591.725525,        7.5859727859
592.078857,        7.5434126854
592.432190,        7.5227289200
592.785461,        7.3742136955
593.138733,        7.3689913750
593.491821,        7.3707914352
593.845032,        7.3751235008
594.198181,        7.4357671738
594.551270,        7.5098934174
594.904236,        7.4737658501
595.257202,        7.5545492172
595.610168,        7.5215072632
595.963074,        7.5010151863
596.315979,        7.4823856354
596.668823,        7.4897990227
597.021606,        7.7223143578
597.374268,        7.7195100784
597.726990,        7.7978663445
598.079651,        7.7989392281
598.432312,        7.7876315117
598.784851,        7.6985807419
599.137390,        7.6758093834
599.489868,        7.8282094002
599.842285,        7.8080868721
600.194702,        7.6647877693
600.547119,        7.6093130112
600.899414,        7.5661940575
601.251648,        7.5157179832
601.603882,        7.4069490433
601.956116,        7.3213124275
602.308289,        7.3285727501
602.660400,        7.2612628937
603.012451,        7.2940931320
603.364441,        7.2359538078
603.716370,        7.2217493057
604.068359,        7.3698558807
604.420288,        7.2099847794
604.772156,        7.1711688042
605.123962,        7.0974187851
605.475708,        7.0452065468
605.827515,        7.0418996811
606.179138,        7.0861539841
606.530884,        7.0751338005
606.882385,        6.8941922188
607.233948,        7.0113954544
607.585449,        7.0344576836
607.936951,        7.0566868782
608.288452,        7.1038141251
608.639893,        7.0977339745
608.991150,        7.1328029633
609.342468,        7.1675748825
609.693726,        7.3642196655
610.044983,        7.3584771156
610.396240,        7.3245444298
610.747314,        7.3158798218
611.098389,        7.3185057640
611.449463,        7.1415276527
611.800476,        7.0643911362
612.151489,        7.1259565353
612.502441,        7.0737390518
612.853271,        7.0551047325
613.204102,        6.9970259666
613.554932,        6.9785475731
613.905701,        7.0084667206
614.256470,        7.0166840553
614.607178,        6.8997988701
614.957764,        6.9626679420
615.308350,        6.9828972816
615.658875,        6.8741097450
616.009399,        6.8702855110
616.359924,        6.9153828621
616.710327,        6.9064989090
617.060669,        6.7378149033
617.411011,        6.7343378067
617.761292,        6.7531423569
618.111572,        6.7916336060
618.461853,        6.7323813438
618.812012,        6.7529120445
619.162109,        6.7761683464
619.512146,        6.7168407440
619.862183,        6.7377462387
620.212219,        6.7838850021
620.562195,        6.7370362282
620.912048,        6.7085466385
621.261963,        6.6607465744
621.611755,        6.6940860748
621.961548,        6.6807188988
622.311340,        6.5859875679
622.661072,        6.6333613396
623.010681,        6.6542744637
623.360229,        6.7229366302
623.709839,        6.6687574387
624.059387,        6.6093287468
624.408936,        6.5845570564
624.758423,        7.0267663002
625.107727,        6.9745883942
625.457031,        6.9074640274
625.806458,        6.9591841698
626.155762,        6.9977917671
626.504944,        6.9607005119
626.854126,        6.9856176376
627.203308,        6.9673223495
627.552368,        6.9317622185
627.901428,        6.9817595482
628.250488,        6.9902138710
628.599487,        7.0004315376
628.948364,        6.9749960899
629.297241,        6.9705896378
629.646118,        7.0036554337
629.994934,        6.9288411140
630.343689,        6.9082350731
630.692444,        6.8145036697
631.041077,        6.8039693832
631.389648,        6.9644732475
631.738281,        6.9516577721
632.086853,        6.5555906296
632.435364,        6.6219835281
632.783875,        6.8475670815
633.132263,        6.8462886810
633.480591,        6.7423982620
633.828918,        6.6995487213
634.177246,        6.7010879517
634.525513,        6.7067399025
634.873657,        6.6625247002
635.221863,        6.6484732628
635.569946,        6.6238360405
635.918030,        6.5313086510
636.266052,        6.4614624977
636.614136,        6.6587009430
636.962036,        6.6275782585
637.309937,        6.6130084991
637.657776,        6.6938543320
638.005615,        6.8475375175
638.353394,        6.8847656250
638.701111,        6.7116165161
639.048767,        6.6741609573
639.396423,        6.6224575043
639.743958,        6.5505080223
640.091614,        6.3108882904
640.439087,        6.3456716537
640.786560,        6.3617205620
641.133972,        6.3784770966
641.481323,        6.4007630348
641.828735,        6.4039764404
642.176025,        6.4661083221
642.523315,        6.4189543724
642.870483,        6.5040426254
643.217651,        6.5244154930
643.564758,        6.6300601959
643.911804,        6.3961439133
644.258911,        6.8257675171
644.605896,        6.8308882713
644.952820,        6.7708277702
645.299683,        6.6675662994
645.646606,        6.6550889015
645.993469,        6.6965794563
646.340210,        6.7131533623
646.687012,        6.6879711151
647.033630,        6.7564139366
647.380249,        6.8121962547
647.726868,        6.7173609734
648.073425,        6.7099242210
648.419983,        6.6818714142
648.766418,        6.5881671906
649.112854,        6.5443120003
649.459229,        6.5239176750
649.805603,        6.5484576225
650.151855,        6.4987649918
650.498169,        6.4427204132
650.844360,        6.3228020668
651.190552,        6.3195629120
651.536621,        5.8449916840
651.882751,        5.8456263542
652.228760,        5.8191270828
652.574829,        5.7565221786
652.920715,        5.7082271576
653.266602,        5.7341156006
653.612488,        5.7759304047
653.958252,        5.8309707642
654.304077,        5.7271189690
654.649841,        5.6798586845
654.995483,        5.7037653923
655.341064,        5.6828598976
655.686707,        6.3269624710
656.032288,        6.3930602074
656.377808,        6.3839783669
656.723267,        6.3368439674
657.068726,        6.3357076645
657.414063,        6.3060717583
657.759399,        6.4716496468
658.104736,        6.5668463707
658.449951,        6.6324839592
658.795166,        6.6196823120
659.140381,        6.6573200226
659.485474,        6.7081394196
659.830505,        6.7127242088
660.175598,        6.7382559776
660.520569,        6.7136445045
660.865479,        6.6561288834
661.210327,        6.5906734467
661.555237,        6.6544866562
661.900085,        6.6792554855
662.244812,        6.6934967041
662.589539,        6.6715083122
662.934265,        6.0970420837
663.278809,        6.0517816544
663.623413,        6.1087036133
663.968018,        6.1871156693
664.312500,        6.1907434464
664.656921,        6.1943111420
665.001343,        6.0566000938
665.345703,        6.1258645058
665.690063,        6.0938787460
666.034302,        6.1532011032
666.378662,        6.0987615585
666.722778,        6.0976223946
667.066895,        6.0747103691
667.410950,        6.0224318504
667.755066,        5.9624896049
668.099121,        5.9509887695
668.443054,        5.9491772652
668.786987,        5.9401454926
669.130798,        5.9083347321
669.474731,        5.9031605721
669.818481,        5.9773917198
670.162292,        5.9919519424
670.506042,        5.9641413689
670.849670,        5.8999066353
671.193176,        5.8656291962
671.536804,        5.8559236526
671.880371,        5.8561921120
672.223816,        5.8514852524
672.567261,        5.7154679298
672.910645,        5.6705474854
673.254028,        5.6217269897
673.597290,        5.6068530083
673.940613,        5.5322098732
674.283875,        5.5625252724
674.626953,        5.5622444153
674.970093,        5.5725774765
675.313232,        5.6412463188
675.656250,        5.7512435913
675.999268,        5.7820487022
676.342224,        5.8226852417
676.685120,        5.8736057281
677.027893,        5.7981057167
677.370789,        5.7525362968
677.713562,        5.7511582375
678.056335,        5.8354363441
678.398987,        5.8787932396
678.741577,        5.8673834801
679.084167,        5.8754148483
679.426758,        5.8993825912
679.769287,        5.8728265762
680.111755,        5.9691081047
680.454163,        5.9796996117
680.796509,        6.0065445900
681.138794,        6.0273008347
681.481140,        6.0448222160
681.823364,        6.0580577850
682.165588,        6.0967235565
682.507751,        6.0132169724
682.849792,        5.9020304680
683.191833,        5.8367633820
683.533875,        5.8355598450
683.875854,        5.7377367020
684.217834,        5.7720942497
684.559692,        5.7992286682
684.901428,        6.0451922417
685.243286,        6.0436811447
685.585022,        5.9866347313
685.926819,        6.0176196098
686.268372,        5.9654488564
686.609985,        5.9901213646
686.951538,        6.0770044327
687.293091,        6.0066590309
687.634583,        6.0339202881
687.976013,        6.0420780182
688.317322,        6.0438299179
688.658630,        6.0256700516
689.000000,        6.0238361359
689.341248,        6.0015931129
689.682495,        6.0861067772
690.023682,        6.0964717865
690.364746,        6.1085948944
690.705811,        6.1674957275
691.046814,        6.2150688171
691.387817,        6.2720351219
691.728760,        6.2564940453
692.069702,        6.1901001930
692.410522,        6.3036680222
692.751282,        6.3482522964
693.092102,        6.3372058868
693.432800,        6.4787397385
693.773499,        6.4838476181
694.114075,        6.4577608109
694.454651,        6.5204434395
694.795105,        6.5580935478
695.135620,        6.6979722977
695.476135,        6.7963147163
695.816528,        6.9272985458
696.156799,        7.0647068024
696.497131,        7.1943717003
696.837402,        7.2286844254
697.177612,        7.4480481148
697.517822,        7.5486788750
697.857971,        7.5842490196
698.197937,        7.7755703926
698.538025,        7.8629946709
698.877991,        8.0696687698
699.217957,        8.1323328018
699.557922,        8.1367607117
699.897705,        8.2709312439
700.237549,        8.4856462479
700.577271,        8.6020469666
700.916992,        8.8040647507
701.256653,        9.0357351303
701.596313,        9.1828260422
701.935852,        9.3918514252
702.275391,        9.4516563416
702.614868,        9.8535137177
702.954346,       10.0196723938
703.293701,       10.1778383255
703.633118,       10.4637031555
703.972412,       10.7071142197
704.311646,       10.8555250168
704.650818,       11.0761146545
704.990051,       11.3336963654
705.329163,       11.4651336670
705.668274,       11.8942871094
706.007263,       12.0059604645
706.346252,       12.2079420090
706.685181,       12.4244546890
707.024109,       12.6096649170
707.362976,       12.8461360931
707.701721,       13.0972442627
708.040527,       13.2853107452
708.379211,       13.4493141174
708.717896,       13.6923227310
709.056519,       13.9664325714
709.395142,       14.2484111786
709.733582,       14.3124837875
710.072144,       14.5473690033
710.410522,       14.7709817886
710.748962,       14.8396997452
711.087341,       15.0598497391
711.425598,       15.3404664993
711.763855,       15.7011766434
712.102051,       16.1543807983
712.440247,       16.4727458954
712.778320,       16.5467720032
713.116455,       16.8488540649
713.454468,       17.1445617676
713.792419,       17.4457817078
714.130310,       17.7835979462
714.468262,       18.0151653290
714.806091,       18.2376270294
715.143921,       18.4987430573
715.481628,       18.8157672882
715.819397,       19.1176261902
716.156982,       19.3849124908
716.494629,       19.7372093201
716.832214,       20.0078639984
717.169739,       20.3766365051
717.507202,       20.7127075195
717.844543,       21.1868095398
718.182007,       21.5216312408
718.519348,       21.8047294617
718.856689,       21.9706401825
719.193970,       22.0596370697
719.531067,       22.3651752472
719.868164,       22.6513862610
720.205322,       22.9174785614
720.542419,       23.1489582062
720.879456,       23.4125175476
721.216431,       23.6851844788
721.553345,       23.9884605408
721.890198,       24.2855281830
722.227051,       24.5713157654
722.563782,       24.8954467773
722.900635,       25.2540168762
723.237244,       25.5723381042
723.573914,       25.8234252930
723.910461,       26.1112518311
724.247070,       26.2551479340
724.583557,       26.4899024963
724.920044,       26.6080226898
725.256409,       26.8843231201
725.592773,       27.1061992645
725.929077,       27.3842391968
726.265442,       27.6667423248
726.601685,       28.4786758423
726.937866,       28.8096313477
727.273987,       29.1077079773
727.609985,       29.4424095154
727.946045,       29.7501354218
728.282043,       30.0181217194
728.618042,       30.2851085663
728.953979,       30.5203380585
729.289795,       30.8507862091
729.625610,       31.0904464722
729.961426,       31.3603401184
730.297119,       31.7139682770
730.632813,       31.9303607941
730.968384,       32.1184158325
731.304016,       32.3636474609
731.639465,       32.6317863464
731.974976,       32.8732490540
732.310425,       33.0900955200
732.645874,       33.3310623169
732.981201,       33.6054039001
733.316467,       33.8294372559
733.651733,       33.4676437378
733.986938,       33.6706771851
734.322144,       33.8998298645
734.657288,       34.1669349670
734.992310,       34.3770256042
735.327271,       34.8318977356
735.662292,       35.1197052002
735.997253,       35.3141174316
736.332092,       35.6176757813
736.666931,       35.8503112793
737.001709,       36.0381469727
737.336426,       36.0926818848
737.671143,       36.2879371643
738.005798,       36.5020446777
738.340393,       36.6907806396
738.674988,       36.9586448669
739.009399,       37.1833038330
739.343933,       37.4494895935
739.678345,       37.5954513550
740.012756,       37.7846832275
740.347046,       37.9297828674
740.681274,       38.1103439331
741.015503,       38.2303733826
741.349731,       38.3451919556
741.683838,       38.3566017151
742.017944,       38.4811096191
742.351929,       38.4315834045
742.685974,       38.5592689514
743.019897,       38.8091278076
743.353821,       38.8425712585
743.687622,       38.9735946655
744.021484,       39.1010971069
744.355225,       39.1750106812
744.688965,       39.2783927917
745.022583,       39.4441299438
745.356201,       39.6496963501
745.689819,       39.7547798157
746.023376,       39.8758163452
746.356812,       39.8912849426
746.690186,       40.0384826660
747.023621,       40.1714820862
747.356934,       40.3298263550
747.690247,       40.5795021057
748.023499,       40.6990699768
748.356689,       40.9129333496
748.689758,       41.0333251953
749.022888,       41.1669654846
749.355957,       41.2032203674
749.688965,       41.2142143250
750.021912,       41.2346420288
750.354858,       41.3056449890
750.687683,       41.3689956665
751.020447,       41.4346046448
751.353271,       41.5588798523
751.686035,       41.6559333801
752.018677,       41.7119636536
752.351257,       41.7662849426
752.683838,       41.8387947083
753.016357,       41.9238128662
753.348877,       41.9848136902
753.681396,       42.0417404175
754.013672,       42.0987777710
754.346008,       42.1635208130
754.678345,       42.0734252930
755.010559,       42.1242637634
755.342834,       42.1356124878
755.674988,       42.2363357544
756.007080,       42.3027114868
756.339050,       42.4500656128
756.671082,       42.4898223877
757.003052,       42.5570793152
757.335022,       42.5963325500
757.666870,       42.9158363342
757.998657,       43.1175041199
758.330444,       43.3105392456
758.662170,       43.4159812927
758.993896,       43.4686775208
759.325562,       43.4879035950
759.657043,       43.5339546204
759.988586,       43.5521049500
760.320129,       43.6289329529
760.651489,       43.7198905945
760.982971,       43.7625007629
761.314331,       43.7645149231
761.645569,       43.8477783203
761.976807,       43.9122276306
762.308044,       43.9302177429
762.639160,       43.9792900085
762.970276,       43.9656753540
763.301331,       43.8715362549
763.632385,       43.9872856140
763.963257,       44.0297050476
764.294250,       44.0327606201
764.625122,       43.8321342468
764.955933,       44.0509948730
765.286743,       43.8833312988
765.617432,       43.9351081848
765.948120,       43.8985443115
766.278748,       43.9239578247
766.609314,       44.0761222839
766.939880,       44.0916557312
767.270325,       44.1089439392
767.600708,       44.0884132385
767.931152,       44.0023460388
768.261536,       44.0436553955
768.591858,       44.0354347229
768.922119,       44.0641860962
769.252258,       44.1734313965
769.582397,       44.1896400452
769.912537,       44.2665824890
770.242615,       44.5199508667
770.572632,       44.5325279236
770.902588,       44.5663604736
771.232483,       44.8143615723
771.562256,       44.7296066284
771.892151,       44.3231658936
772.221863,       44.3561096191
772.551697,       44.3123779297
772.881287,       44.4270553589
773.210938,       44.4023475647
773.540466,       44.2234268188
773.870056,       44.2905082703
774.199463,       44.3251800537
774.528992,       44.6160850525
774.858337,       44.6953735352
775.187622,       44.7224159241
775.516968,       44.7592506409
775.846191,       44.7394332886
776.175415,       44.7363357544
776.504578,       44.7067146301
776.833618,       44.7525672913
777.162598,       44.6198501587
777.491638,       44.5472488403
777.820618,       44.4945259094
778.149536,       44.2823219299
778.478394,       44.3307685852
778.807190,       44.3750457764
779.135864,       44.5177459717
779.464600,       44.4690589905
779.793335,       44.3949508667
780.121948,       44.4668769836
780.450439,       44.4523124695
780.778931,       44.5559883118
781.107422,       44.5767631531
781.435913,       44.4190559387
781.764282,       44.3907203674
782.092651,       44.3666992188
782.420837,       44.3012390137
782.749023,       44.3030128479
783.077209,       44.3002738953
783.405396,       44.3576736450
783.733521,       44.3198814392
784.061462,       44.3268623352
784.389465,       44.4028015137
784.717346,       44.4437217712
785.045288,       44.4419403076
785.373108,       44.4522438049
785.700928,       44.4382705688
786.028625,       44.2734756470
786.356384,       44.3406524658
786.683960,       44.4422683716
787.011536,       44.4160614014
787.339111,       44.4879837036
787.666687,       44.3594741821
787.994019,       44.3045387268
788.321411,       44.2014007568
788.648804,       44.2665977478
788.976135,       44.1996650696
789.303406,       44.3962860107
789.630615,       44.4582862854
789.957703,       44.3376197815
790.284851,       44.3461837769
790.611877,       44.3566741943
790.938904,       44.2623443604
791.265930,       44.2401733398
791.592773,       44.2820892334
791.919678,       44.3387031555
792.246460,       44.3709259033
792.573242,       44.3883934021
792.899963,       44.5824203491
793.226685,       44.6123657227
793.553284,       44.5483436584
793.879822,       44.6154594421
794.206299,       44.5864028931
794.532776,       44.6217041016
794.859253,       44.6718215942
795.185669,       44.7208595276
795.511902,       44.6852684021
795.838196,       44.7903785706
796.164490,       44.5878295898
796.490601,       44.5032463074
796.816833,       44.5737915039
797.142883,       44.5199928284
797.468933,       44.4092254639
797.794861,       44.4447250366
798.120789,       44.4917984009
798.446716,       44.5201148987
798.772583,       44.4983634949
799.098328,       44.4634742737
799.424072,       44.5298233032
799.749756,       44.4507789612
800.075439,       44.4191741943
800.401001,       44.3957176208
800.726624,       44.3741912842
801.052063,       44.5765495300
801.377441,       44.5393791199
801.702881,       44.5149917603
802.028198,       44.5973396301
802.353516,       44.8292732239
802.678833,       44.8902854919
803.004028,       44.9529266357
803.329102,       45.0763702393
803.654236,       45.0154075623
803.979248,       45.1394767761
804.304321,       45.2540893555
804.629272,       45.1905441284
804.954163,       45.1910514832
805.278931,       45.1776580811
805.603821,       45.2038002014
805.928589,       45.1824989319
806.253357,       45.1341781616
806.577942,       45.1976699829
806.902588,       45.2916374207
807.227112,       45.3235549927
807.551575,       45.4270629883
807.876099,       45.3280258179
808.200500,       45.5659446716
808.524841,       45.6041069031
808.849121,       45.6032218933
809.173401,       45.5119590759
809.497620,       45.4686012268
809.821838,       45.4907722473
810.145996,       45.4379844666
810.469971,       45.6073303223
810.793945,       45.5598869324
811.117981,       45.5621376038
811.441956,       45.6801872253
811.765808,       45.6923141479
812.089600,       45.6851272583
812.413391,       45.6693267822
812.737061,       45.7012901306
813.060730,       45.7019996643
813.384338,       45.6775665283
813.708008,       45.6139564514
814.031433,       45.5885124207
814.354919,       45.5008773804
814.678345,       45.4021492004
815.001709,       45.2940254211
815.325073,       45.2945747375
815.648376,       45.1931076050
815.971558,       45.1184616089
816.294678,       45.0902481079
816.617798,       45.1829147339
816.940918,       45.1564865112
817.263977,       45.1010131836
817.586853,       45.1021957397
817.909851,       45.1269836426
818.232727,       45.0893058777
818.555542,       45.0941352844
818.878296,       45.1747322083
819.201050,       45.2811584473
819.523682,       45.4078826904
819.846375,       45.4495773315
820.168884,       45.5446205139
820.491455,       45.5592880249
820.813904,       45.8659172058
821.136353,       45.9534034729
821.458740,       46.1245880127
821.781128,       46.0268135071
822.103333,       46.0583877563
822.425598,       46.1964302063
822.747803,       46.2213363647
823.069824,       46.2203636169
823.391968,       46.1087837219
823.713989,       46.2506637573
824.035950,       46.3339767456
824.357849,       46.3001289368
824.679810,       46.3024368286
825.001587,       46.3233222961
825.323425,       46.3288459778
825.645142,       46.3111648560
825.966736,       46.2830696106
826.288391,       46.1635551453
826.610046,       46.1538391113
826.931458,       46.0689353943
827.253052,       46.1208267212
827.574402,       45.9368553162
827.895813,       46.0150947571
828.217163,       45.9509925842
828.538391,       46.0000953674
828.859619,       45.9606857300
829.180786,       45.8583450317
829.501953,       45.8950614929
829.822998,       45.9049797058
830.144043,       45.9535789490
830.464966,       45.9267768860
830.785950,       45.7616462708
831.106812,       45.7880706787
831.427673,       45.7469444275
831.748474,       45.7563247681
832.069214,       45.9082679749
832.389771,       45.9299545288
832.710449,       45.8265914917
833.031067,       45.8867912292
833.351563,       45.8763694763
833.672058,       45.9304695129
833.992371,       45.8599548340
834.312805,       45.8001937866
834.633179,       45.6181297302
834.953369,       45.4944763184
835.273621,       45.5283622742
835.593811,       45.5611839294
835.913940,       45.5559043884
836.234009,       45.5120887756
836.554077,       45.5687026978
836.874023,       45.9109497070
837.193909,       45.9431991577
837.513794,       46.0230064392
837.833618,       46.0446662903
838.153381,       46.0719146729
838.473145,       46.1252822876
838.792786,       45.9740142822
839.112366,       45.9165420532
839.432007,       45.9773941040
839.751465,       45.9574356079
840.070984,       45.9309310913
840.390381,       45.9547309875
840.709656,       45.9682884216
841.028992,       46.1875152588
841.348267,       46.3397636414
841.667480,       46.4398803711
841.986633,       46.3410453796
842.305725,       46.3355522156
842.624817,       46.3455314636
842.943848,       46.4450645447
843.262756,       46.5191917419
843.581665,       46.1598930359
843.900574,       46.1414756775
844.219360,       46.1136093140
844.538147,       46.1909675598
844.856812,       46.2415657043
845.175415,       46.1609115601
845.494080,       46.1366004944
845.812683,       46.1798515320
846.131104,       46.3845176697
846.449585,       46.3614425659
846.768005,       46.5854187012
847.086304,       46.6502761841
847.404663,       46.6870040894
847.722839,       46.4114570618
848.041077,       46.3380584717
848.359192,       46.3963851929
848.677246,       46.5097427368
848.995361,       46.6250076294
849.313354,       46.6423377991
849.631226,       46.5427894592
849.949158,       46.4677734375
850.267029,       46.5270385742
850.584778,       46.5505256653
850.902527,       46.6826934814
851.220276,       46.5792503357
851.537842,       46.5965843201
851.855469,       46.6464729309
852.173035,       46.7546958923
852.490417,       46.8354454041
852.807861,       46.6802062988
853.125305,       46.9373016357
853.442627,       46.7571372986
853.759888,       46.5728683472
854.077087,       46.5201835632
854.394287,       46.5638923645
854.711426,       46.6354980469
855.028442,       46.5228996277
855.345459,       46.5832748413
855.662537,       46.6103324890
855.979370,       46.6278762817
856.296265,       46.6128158569
856.613098,       46.5834426880
856.929871,       46.5721893311
857.246582,       46.4438934326
857.563232,       46.4245758057
857.879822,       46.6103515625
858.196411,       46.5175018311
858.512939,       46.5166664124
858.829346,       46.4752311707
859.145813,       46.4681854248
859.462158,       46.4683036804
859.778442,       46.4252014160
860.094666,       46.4231224060
860.410889,       46.3661193848
860.726990,       46.4115867615
861.043152,       46.4465522766
861.359192,       46.3144035339
861.675232,       46.3611564636
861.991150,       46.3472938538
862.307007,       46.3706893921
862.622864,       46.5048294067
862.938660,       46.6259689331
863.254333,       46.6381530762
863.570068,       46.7254371643
863.885742,       46.8954582214
864.201233,       46.7704391479
864.516846,       46.7149696350
864.832336,       46.8140373230
865.147766,       46.8650665283
865.463135,       46.8879585266
865.778503,       46.8391227722
866.093750,       46.7861518860
866.408997,       46.7725830078
866.724182,       46.8369903564
867.039246,       46.9732933044
867.354309,       46.9913444519
867.669312,       47.0308876038
867.984314,       47.1088409424
868.299194,       47.1182632446
868.614075,       47.0049362183
868.928833,       46.9547233582
869.243652,       46.8125839233
869.558289,       46.8230590820
869.872986,       46.8974266052
870.187622,       46.7711715698
870.502136,       46.7003746033
870.816650,       46.8212738037
871.131165,       46.7657012939
871.445496,       46.6812248230
871.759827,       46.6976242065
872.074158,       46.7056655884
872.388367,       46.6766433716
872.702576,       46.7134132385
873.016785,       46.6284484863
873.330750,       46.5486564636
873.644897,       46.6759490967
873.958801,       46.6738090515
874.272705,       46.5970764160
874.586670,       46.5843086243
874.900452,       46.5399284363
875.214172,       46.5915298462
875.527954,       46.5404014587
875.841614,       46.5321922302
876.155273,       46.4387626648
876.468811,       46.3974342346
876.782288,       46.4753684998
877.095764,       46.4953918457
877.409241,       46.4043273926
877.722534,       46.4552078247
878.035889,       46.5416831970
878.349121,       46.6407432556
878.662292,       46.4800224304
878.975464,       46.4987373352
879.288574,       46.7336540222
879.601624,       46.7446174622
879.914612,       46.7390480042
880.227600,       46.6723213196
880.540405,       46.7065887451
880.853271,       46.7123794556
881.166016,       46.7602996826
881.478821,       46.8546981812
881.791504,       46.8304290771
882.104065,       46.8844032288
882.416626,       46.8580055237
882.729187,       46.8972816467
883.041626,       47.0179672241
883.354065,       47.1115570068
883.666443,       47.0394744873
883.978760,       47.0221138000
884.291016,       47.1370201111
884.603271,       47.0722732544
884.915344,       46.9860343933
885.227539,       47.2776374817
885.539551,       47.2526473999
885.851501,       47.0750045776
886.163513,       47.0442886353
886.475464,       47.0590362549
886.787231,       46.9633483887
887.099060,       46.9250373840
887.410767,       46.9179573059
887.722412,       46.9478912354
888.034119,       46.9624862671
888.345642,       46.9002838135
888.657227,       46.7875595093
888.968689,       46.8550148010
889.280090,       46.8950576782
889.591492,       46.8187294006
889.902832,       46.7228050232
890.213989,       46.8041229248
890.525269,       46.8739204407
890.836487,       46.6857299805
891.147522,       47.0345268250
891.458618,       48.9175796509
891.769653,       48.7185440063
892.080566,       48.7676277161
892.391479,       48.7344703674
892.702332,       48.7949562073
893.013123,       48.7929534912
893.323853,       48.9037017822
893.634521,       48.8909835815
893.945129,       49.0297393799
894.255798,       49.0333633423
894.566223,       48.9877853394
894.876770,       49.0960350037
895.187195,       49.1740264893
895.497498,       49.1242027283
895.807861,       49.0937385559
896.118164,       49.1550521851
896.428345,       49.1669158936
896.738525,       49.2403411865
897.048645,       49.2186889648
897.358643,       49.3075408936
897.668701,       49.1794242859
897.978638,       47.2783012390
898.288513,       47.3435363770
898.598389,       47.3774871826
898.908142,       47.4421424866
899.217896,       47.3177528381
899.527588,       47.6265258789
899.837219,       47.5911598206
900.146790,       47.8638725281
900.456360,       47.8739547729
900.765747,       47.8828544617
901.075195,       47.9350318909
901.384583,       48.0591468811
901.693848,       48.0388717651
902.003174,       48.0630378723
902.312378,       48.1525421143
902.621460,       48.0950660706
902.930603,       48.0840187073
903.239685,       47.9662704468
903.548645,       47.9496650696
903.857605,       48.0021820068
904.166504,       47.8107032776
904.475281,       47.6889419556
904.784058,       47.6908416748
905.092896,       47.6926879883
905.401489,       47.6879653931
905.710144,       47.6478233337
906.018738,       47.4255371094
906.327209,       47.5209960938
906.635681,       47.3830909729
906.944031,       47.2673339844
907.252441,       47.2905960083
907.560730,       47.2678260803
907.869019,       47.1280326843
908.177185,       47.1627845764
908.485352,       47.3217926025
908.793396,       47.5114212036
909.101501,       47.5757598877
909.409485,       47.7148933411
909.717407,       47.7154998779
910.025269,       47.7878265381
910.333130,       47.7446861267
910.640869,       47.7162437439
910.948608,       47.7514266968
911.256287,       47.7924804688
911.563843,       47.7008323669
911.871399,       47.5841598511
912.178955,       47.7172317505
912.486389,       47.8153495789
912.793823,       47.7148933411
913.101135,       47.6112899780
913.408386,       47.6950378418
913.715637,       47.6838150024
914.022827,       47.8527832031
914.329956,       47.8316497803
914.637085,       47.8175849915
914.944031,       47.7664337158
915.251038,       47.4637260437
915.557983,       47.3923492432
915.864807,       47.1988525391
916.171631,       47.2938842773
916.478455,       47.2801704407
916.785095,       47.4222412109
917.091736,       47.5761070251
917.398376,       47.7288665771
917.704834,       47.6515045166
918.011414,       47.6261100769
918.317810,       47.7145957947
918.624207,       47.7121887207
918.930542,       47.5277824402
919.236816,       47.4818725586
919.542969,       47.5210380554
919.849182,       47.4296913147
920.155273,       47.3131637573
920.461304,       47.2293243408
920.767334,       47.3194007874
921.073242,       47.3276214600
921.379211,       47.3727607727
921.685059,       47.3556900024
921.990784,       47.3547706604
922.296570,       47.3791503906
922.602295,       47.1816711426
922.907898,       47.8592529297
923.213440,       47.6181640625
923.518982,       47.5103721619
923.824463,       47.3453445435
924.129883,       47.3161849976
924.435242,       47.3989410400
924.740540,       47.4276046753
925.045776,       47.3744430542
925.351013,       47.6721572876
925.656128,       47.6705894470
925.961243,       47.7609710693
926.266235,       47.7618064880
926.571167,       48.1201972961
926.876160,       48.0063934326
927.181030,       48.0726852417
927.485840,       48.0633239746
927.790588,       47.9722213745
928.095276,       48.0424461365
928.399963,       48.4937286377
928.704590,       48.7663803101
929.009094,       49.0457725525
929.313599,       48.7242126465
929.618103,       48.8735008240
929.922424,       48.9263954163
930.226807,       48.9539909363
930.531067,       48.8918952942
930.835266,       49.1358947754
931.139465,       49.0384483337
931.443542,       49.2217254639
931.747620,       49.0482902527
932.051697,       49.1055564880
932.355652,       48.9471092224
932.659485,       49.0400695801
932.963379,       48.7638015747
933.267090,       48.8326110840
933.570801,       48.7045135498
933.874573,       48.6960258484
934.178162,       48.6808166504
934.481689,       48.8796081543
934.785278,       48.4740524292
935.088745,       48.1783218384
935.392151,       48.2547721863
935.695496,       47.8159828186
935.998779,       47.6423301697
936.302063,       47.6507949829
936.605225,       47.9517135620
936.908386,       48.3378753662
937.211426,       48.0514068604
937.514465,       48.1327934265
937.817444,       47.8600006104
938.120422,       48.1978378296
938.423279,       48.3404808044
938.726013,       48.9210891724
939.028809,       48.8476333618
939.331482,       48.9314613342
939.634155,       48.8542289734
939.936768,       48.9222412109
940.239258,       48.8487930298
940.541809,       48.9154930115
940.844238,       48.7093849182
941.146606,       48.6620979309
941.448914,       48.6927299500
941.751221,       48.5572204590
942.053345,       48.5964851379
942.355530,       48.4898986816
942.657654,       48.4437217712
942.959656,       48.4357490540
943.261658,       48.1353416443
943.563599,       48.0300865173
943.865479,       48.1748123169
944.167358,       48.2206001282
944.469177,       48.1168441772
944.770813,       48.0504493713
945.072510,       47.5227813721
945.374084,       47.6376342773
945.675659,       47.3511352539
945.977173,       47.4894065857
946.278564,       47.6529655457
946.580017,       47.8921051025
946.881348,       47.6626892090
947.182617,       47.8773460388
947.483826,       47.8197593689
947.785034,       47.8297500610
948.086060,       47.8492240906
948.387207,       47.8010787964
948.688232,       48.1329612732
948.989075,       48.1985015869
949.290039,       47.8281173706
949.590942,       47.8294029236
949.891663,       48.0591964722
950.192444,       47.8593025208
950.493164,       48.0720214844
950.793701,       47.7802505493
951.094299,       47.6258049011
951.394836,       47.5996971130
951.695251,       49.4754028320
951.995667,       49.7258262634
952.295959,       49.5330543518
952.596313,       49.2554435730
952.896545,       49.4786453247
953.196716,       49.5872917175
953.496826,       49.3702011108
953.796936,       49.4320678711
954.096863,       49.4128837585
954.396912,       49.3180580139
954.696777,       49.2820014954
954.996643,       49.2364959717
955.296448,       49.5446357727
955.596191,       49.7380867004
955.895813,       49.9171676636
956.195496,       50.0886917114
956.495117,       50.6264076233
956.794556,       50.5006484985
957.094055,       50.3212585449
957.393494,       50.9988594055
957.692810,       51.1227378845
957.992126,       49.1258201599
958.291321,       48.9223022461
958.590637,       48.9595336914
958.889709,       49.0667572021
959.188782,       48.6782569885
959.487793,       48.6869621277
959.786804,       48.7263870239
960.085693,       48.6761474609
960.384460,       48.8924026489
960.683472,       49.0767250061
960.982056,       49.1510848999
961.280823,       49.5141181946
961.579407,       49.2256927490
961.877930,       48.8445854187
962.176575,       48.6526374817
962.474915,       48.3370285034
962.773376,       47.9846496582
963.071777,       48.0494384766
963.370056,       48.0989341736
963.668335,       47.1651000977
963.966431,       46.9893264771
964.264709,       46.6891098022
964.562744,       47.0656242371
964.860718,       47.3344039917
965.158691,       47.5534057617
965.456543,       47.8408470154
965.754578,       48.1711883545
966.052307,       48.7796554565
966.350037,       48.8855857849
966.647705,       48.4834327698
966.945251,       48.8580131531
967.243042,       48.7174224854
967.540405,       48.1180496216
967.837952,       48.2174835205
968.135376,       48.4658317566
968.432739,       49.1286087036
968.730042,       49.4095191956
969.027222,       49.1795196533
969.324524,       48.9838523865
969.621521,       48.9484710693
969.918701,       49.0931320190
970.215698,       49.2162322998
970.512573,       49.2889251709
970.809631,       49.4321022034
971.106384,       49.3451118469
971.403198,       49.5305480957
971.700012,       49.5827064514
971.996521,       49.1058540344
972.293335,       48.7107315063
972.589783,       49.0291137695
972.886353,       49.1450462341
973.182861,       48.3159751892
973.479309,       48.5057067871
973.775635,       48.7041244507
974.071838,       48.9406394958
974.368225,       48.6202125549
974.664368,       48.1721038818
974.960449,       48.0227661133
975.256592,       48.0017471313
975.552490,       48.5901260376
975.848633,       48.8459701538
976.144409,       49.2332305908
976.440247,       49.1023025513
976.736023,       49.8825645447
977.031738,       49.6653137207
977.327515,       49.6666412354
977.623047,       49.7565879822
977.918640,       49.5694999695
978.214172,       49.8063545227
978.509644,       49.1618194580
978.805115,       48.6826972961
979.100281,       48.7758483887
979.395752,       49.1866531372
979.690857,       49.3810958862
979.986084,       49.1773185730
980.281250,       48.8738937378
980.576172,       49.3730621338
980.871338,       49.1981697083
981.166199,       49.1727294922
981.461121,       49.5670776367
981.755920,       49.1458740234
982.050781,       49.5751571655
982.345520,       49.4713821411
982.640076,       49.5365867615
982.934814,       48.5525207520
983.229309,       48.0483856201
983.523804,       48.0973014832
983.818298,       47.7231254578
984.112610,       47.4332389832
984.407043,       50.5391998291
984.701233,       51.3990707397
984.995483,       51.3618927002
985.289612,       51.4625358582
985.583618,       51.1533660889
985.877869,       51.1974868774
986.171753,       51.0190429688
986.465698,       51.0409889221
986.759583,       50.9237823486
987.053467,       52.1384963989
987.347290,       51.9544143677
987.640869,       51.4863662720
987.934631,       51.6448554993
988.228149,       51.1337738037
988.521667,       50.9444885254
988.815186,       51.3071365356
989.108582,       51.6700325012
989.402039,       51.7276420593
989.695313,       51.9389762878
989.988525,       51.8765945435
990.281738,       52.1104087830
990.574829,       48.7440986633
990.868042,       48.2525787354
991.161011,       48.9454460144
991.453979,       49.3698272705
991.746948,       50.3458480835
992.039795,       51.0881309509
992.332642,       52.5388488770
992.625305,       52.2211074829
992.918091,       52.2318725586
993.210632,       53.1406822205
993.503235,       53.6464576721
993.795837,       56.1726989746
994.088196,       55.9801025391
994.380676,       56.1136054993
994.672913,       56.5295104980
994.965271,       58.0782356262
995.257568,       58.3173522949
995.549622,       59.4408760071
995.841858,       60.1443519592
996.133850,       60.4186706543
996.425903,       60.7785148621
996.717834,       60.6223526001
997.009766,       60.0961265564
997.301636,       59.2981987000
997.593323,       59.0801353455
997.885193,       58.3191986084
998.176758,       57.2481384277
998.468384,       57.1302108765
998.760010,       57.2920074463
999.051392,       57.8465652466
999.342957,       55.8863983154
999.634277,       55.4511184692
999.925598,       52.6869277954
1000.216919,       52.8910636902
1000.508118,       53.4436569214
1000.799255,       52.8800125122
1001.090271,       50.7588691711
1001.381470,       50.4033317566
1001.672363,       50.0386772156
1001.963257,       48.5057449341
1002.254150,       47.9008407593
1002.544922,       47.3658180237
1002.835815,       47.1538391113
1003.126404,       47.7500724792
1003.417114,       48.1914672852
1003.707703,       48.1606788635
1003.998108,       48.4208068848
1004.288757,       48.6996421814
1004.579041,       47.3405838013
1004.869385,       47.1242256165
1005.159729,       47.1297340393
1005.450012,       46.3152809143
1005.740173,       46.2884483337
1006.030212,       46.1730346680
1006.320435,       46.2251205444
1006.610352,       45.7847671509
1006.900330,       45.4320564270
1007.190247,       46.2790145874
1007.479980,       46.5410995483
1007.769897,       45.7424468994
1008.059509,       46.4050559998
1008.349243,       46.8196067810
1008.638855,       46.5840072632
1008.928345,       47.4484748840
1009.217896,       47.7645683289
1009.507263,       47.6753082275
1009.796753,       47.2673645020
1010.086060,       46.3416709900
1010.375366,       45.6432609558
1010.664551,       45.1963043213
1010.953674,       45.0709724426
1011.242920,       45.7736778259
1011.531738,       46.7369956970
1011.820801,       47.2533912659
1012.109741,       47.6076889038
1012.398499,       48.5881042480
1012.687439,       49.4039268494
1012.976074,       50.5003623962
1013.264771,       49.8650360107
1013.553406,       49.7358512878
1013.842041,       49.6469497681
1014.130554,       48.8503265381
1014.418884,       48.3996467590
1014.707336,       49.2569122314
1014.995789,       48.7242546082
1015.284058,       48.4994544983
1015.572327,       48.9410324097
1015.860413,       49.0483245850
1016.148621,       49.0830230713
1016.436523,       50.0278015137
1016.724609,       50.5870704651
1017.012573,       51.7468223572
1017.300354,       50.5039100647
1017.588318,       49.2988624573
1017.875977,       50.9597434998
1018.163757,       51.0554389954
1018.451416,       50.0202484131
1018.739014,       51.6588439941
1019.026611,       51.1069717407
1019.313904,       50.5271835327
1019.601440,       50.7296562195
1019.888733,       50.6300582886
1020.176086,       52.1555252075
1020.463318,       53.4819107056
1020.750549,       53.4924697876
1021.037720,       55.1902542114
1021.324707,       57.3219108582
1021.611694,       57.2289581299
1021.898682,       58.6509094238
1022.185547,       59.2642593384
1022.472595,       58.1097068787
1022.759216,       58.4728965759
1023.045959,       58.6267814636
1023.332581,       61.6683120728
1023.619324,       62.9338455200
1023.905884,       61.2241096497
1024.192261,       62.1481132507
1024.478882,       62.1548042297
1024.765137,       59.2009544373
1025.051514,       60.1138229370
1025.337769,       60.2530708313
1025.623779,       60.6488456726
1025.910034,       63.1239700317
1026.196045,      104.4350509644
1026.482178,       60.1902198792
1026.768066,       47.7150459290
1027.053955,       62.5194473267
1027.339966,       38.6759643555
1027.625610,       55.0212211609
1027.911377,       62.4331550598
1028.197144,       46.2499961853
1028.482666,       55.0304946899
1028.768311,       85.2420425415
