339.817139,        0.0000000000
340.196106,        0.0000000000
340.575104,      322.8568725586
340.954010,      515.3845214844
341.332886,      228.5710296631
341.711761,     2150.0080566406
342.090576,       73.0769195557
342.469360,      100.6818084717
342.848114,      110.2272949219
343.226868,        0.0000000000
343.605560,       80.6106719971
343.984192,       80.3070449829
344.362854,       79.9545364380
344.741425,       81.3757705688
345.119995,       84.3317947388
345.498535,       84.7718353271
345.877014,       84.8411865234
346.255463,       86.0995330811
346.633881,       86.5877532959
347.012299,       85.8059005737
347.390625,       84.2701416016
347.768951,       83.1458511353
348.147278,       82.4258728027
348.525513,       84.0995101929
348.903748,       85.7954406738
349.281952,       86.0945739746
349.660126,       86.2213668823
350.038239,       87.0477294922
350.416321,       87.7868041992
350.794373,       87.3029327393
351.172394,       86.8332595825
351.550385,       85.3721771240
351.928375,       85.6713790894
352.306305,       86.9080963135
352.684174,       86.6635818481
353.062042,       85.8556594849
353.439880,       85.4653472900
353.817657,       85.6558761597
354.195404,       85.7917327881
354.573151,       83.9438705444
354.950836,       83.8607635498
355.328461,       84.1772308350
355.706116,       84.3282470703
356.083710,       93.4079742432
356.461243,       93.3081512451
356.838806,       92.4154434204
357.216248,       92.3776473999
357.593719,       92.4248809814
357.971161,       92.7373657227
358.348541,       92.6729583740
358.725891,       92.7061080933
359.103210,       93.0539703369
359.480530,       92.7156753540
359.857758,       92.6669616699
360.234955,       91.7611312866
360.612183,       91.7774505615
360.989319,       91.8875732422
361.366425,       92.0093078613
361.743530,       93.2157135010
362.120575,       92.9385757446
362.497559,       93.1268920898
362.874573,       93.2802581787
363.251526,       93.1938552856
363.628418,       93.2764434814
364.005310,       79.8668975830
364.382202,       77.8556900024
364.759003,       76.9750900269
365.135773,       75.3904190063
365.512482,       76.3521575928
365.889221,       76.4729766846
366.265900,       76.6998138428
366.642517,       77.3835678101
367.019165,       77.1181411743
367.395721,       78.4930496216
367.772278,       78.1651458740
368.148804,       78.4333801270
368.525269,       78.5033798218
368.901672,       78.3836975098
369.278107,       78.1028060913
369.654480,       74.8616561890
370.030823,       76.0788040161
370.407104,       75.9815063477
370.783386,       75.7424316406
371.159637,       75.9648437500
371.535828,       77.4327163696
371.912018,       78.1333618164
372.288116,       77.6708984375
372.664246,       78.3014755249
373.040283,       79.1605987549
373.416351,       76.7990417480
373.792328,       75.4317398071
374.168274,       73.7797470093
374.544250,       73.6786117554
374.920105,       73.6218948364
375.295959,       73.0218734741
375.671814,       74.2997970581
376.047607,       73.9253540039
376.423370,       74.0205154419
376.799103,       73.8317871094
377.174774,       74.3135681152
377.550415,       74.5461959839
377.926056,       72.5868072510
378.301636,       73.2248687744
378.677185,       73.3470535278
379.052673,       75.2390899658
379.428192,       76.1267929077
379.803650,       75.7736053467
380.179047,       75.8685531616
380.554443,       75.7523880005
380.929779,       75.4566421509
381.305084,       76.2592163086
381.680359,       76.5529556274
382.055634,       77.4633865356
382.430817,       77.2790451050
382.805969,       77.3826751709
383.181152,       78.3037033081
383.556244,       76.5575866699
383.931274,       77.0740966797
384.306366,       77.8033142090
384.681366,       77.0750503540
385.056305,       76.9153366089
385.431274,       77.9599456787
385.806152,       78.9893569946
386.181000,       77.8205795288
386.555817,       77.8683013916
386.930634,       75.4379730225
387.305389,       72.4692916870
387.680084,       72.4026260376
388.054810,       71.8205337524
388.429474,       70.9741592407
388.804047,       71.1784439087
389.178650,       71.3825683594
389.553192,       70.5269165039
389.927734,       69.7114486694
390.302185,       69.7397766113
390.676666,       69.0657119751
391.051086,       66.8019027710
391.425446,       66.1187667847
391.799805,       65.6002502441
392.174133,       64.6374130249
392.548370,       63.9800834656
392.922638,       62.6408576965
393.296844,       62.8874359131
393.670990,       60.0323600769
394.045135,       60.2169380188
394.419220,       58.8740692139
394.793304,       59.6221160889
395.167328,       60.4820785522
395.541321,       61.9055252075
395.915283,       62.8379364014
396.289185,       65.0118026733
396.663116,       64.4204330444
397.036957,       63.9527931213
397.410736,       63.0967636108
397.784546,       63.9510269165
398.158325,       62.2815322876
398.532013,       61.7018089294
398.905670,       62.9848365784
399.279358,       67.1414642334
399.652954,       66.8832702637
400.026520,       66.2286148071
400.400085,       67.3733596802
400.773560,       67.1337814331
401.147034,       65.4444427490
401.520508,       65.5001831055
401.893890,       65.4487075806
402.267242,       65.5027008057
402.640564,       65.9121246338
403.013855,       65.1886291504
403.387146,       63.3207092285
403.760345,       63.0267753601
404.133514,       63.5750961304
404.506683,       62.7999839783
404.879791,       63.3509712219
405.252869,       64.5914993286
405.625946,       63.4665908813
405.998962,       62.7500343323
406.371918,       64.0169982910
406.744873,       63.4397277832
407.117798,       59.2596931458
407.490631,       58.3958206177
407.863525,       57.3842773438
408.236298,       56.4202842712
408.609039,       59.2879219055
408.981842,       58.4676017761
409.354523,       59.5388603210
409.727173,       58.8285140991
410.099792,       57.9745292664
410.472382,       56.5002326965
410.844910,       56.6350479126
411.217438,       56.0342025757
411.589935,       55.3944053650
411.962402,       51.9891510010
412.334778,       55.1413459778
412.707153,       54.4423866272
413.079498,       52.8036537170
413.451813,       52.2259712219
413.824066,       52.9177436829
414.196350,       50.6903648376
414.568512,       50.5104789734
414.940674,       50.5587692261
415.312805,       50.1394996643
415.684906,       50.1819610596
416.056946,       55.1714668274
416.429016,       52.3386459351
416.800964,       52.0223731995
417.172913,       50.2894172668
417.544830,       50.0884475708
417.916718,       50.5069007874
418.288574,       50.7372970581
418.660370,       49.8921012878
419.032135,       49.6831893921
419.403870,       49.5008163452
419.775574,       49.3987922668
420.147247,       46.1806907654
420.518860,       46.6630668640
420.890472,       46.5438156128
421.262024,       46.7967605591
421.633545,       45.5941581726
422.005005,       45.9374389648
422.376495,       44.8303070068
422.747925,       43.7734947205
423.119293,       43.7055130005
423.490601,       44.0203933716
423.861938,       37.0719032288
424.233215,       37.5431709290
424.604462,       38.9260368347
424.975647,       38.2766799927
425.346832,       37.4268951416
425.717926,       36.5285835266
426.089050,       35.0932197571
426.460083,       34.4536437988
426.831085,       33.8990249634
427.202087,       32.5842628479
427.572998,       32.6989326477
427.943939,       33.4668350220
428.314819,       32.5438957214
428.685669,       32.0728111267
429.056458,       32.4848709106
429.427246,       32.8548851013
429.797943,       32.2193450928
430.168701,       32.1974258423
430.539337,       33.1536216736
430.909943,       33.1805915833
431.280548,       34.3063430786
431.651093,       35.2662658691
432.021606,       35.2737579346
432.392120,       33.6564636230
432.762543,       33.2920455933
433.132965,       33.1335563660
433.503326,       33.2955398560
433.873688,       33.1966438293
434.243958,       32.4768524170
434.614227,       31.7811584473
434.984467,       32.5944709778
435.354645,       31.9923973083
435.724792,       30.4262733459
436.094910,       29.2542839050
436.464996,       29.6345806122
436.835052,       31.4394531250
437.205048,       30.9630489349
437.575043,       31.8132038116
437.944977,       31.2995815277
438.314880,       31.4295024872
438.684753,       31.1730537415
439.054565,       29.5123462677
439.424377,       29.4342136383
439.794128,       28.6660995483
440.163849,       28.7463665009
440.533508,       30.8338794708
440.903198,       30.8635921478
441.272797,       31.7173690796
441.642334,       32.2714958191
442.011902,       32.7902030945
442.381409,       33.7698745728
442.750854,       33.6309814453
443.120300,       34.0916290283
443.489655,       34.0173187256
443.859039,       34.7152519226
444.228333,       34.4008941650
444.597626,       32.1747322083
444.966888,       32.3486824036
445.336060,       31.0476398468
445.705231,       30.6205635071
446.074402,       29.6533107758
446.443512,       29.2904434204
446.812531,       29.1805000305
447.181610,       28.0407047272
447.550568,       28.0368709564
447.919525,       27.8471527100
448.288483,       25.7737751007
448.657349,       25.6189022064
449.026154,       24.1272258759
449.394989,       23.8451232910
449.763763,       24.1974773407
450.132477,       22.9711475372
450.501190,       22.2725639343
450.869812,       21.5857105255
451.238464,       21.3878746033
451.607025,       20.9915561676
451.975586,       21.6270275116
452.344116,       21.3315238953
452.712585,       21.7961883545
453.081024,       22.0529880524
453.449463,       21.9163684845
453.817810,       21.8132324219
454.186127,       21.6152343750
454.554413,       40.9288711548
454.922668,       41.1382102966
455.290894,       40.4531669617
455.659088,       39.9677314758
456.027222,       39.5713882446
456.395325,       39.2049179077
456.763428,       39.0776329041
457.131439,       38.4458351135
457.499420,       37.6261215210
457.867371,       37.6528091431
458.235321,       37.3178024292
458.603210,       37.1597175598
458.971039,       36.9950027466
459.338867,       36.4348068237
459.706635,       35.4842796326
460.074371,       35.2595405579
460.442047,       34.5789566040
460.809753,       35.4127540588
461.177368,       35.2444534302
461.544952,       35.2092132568
461.912537,       34.9003639221
462.280029,       18.3015441895
462.647522,       17.6174736023
463.014984,       17.4839801788
463.382355,       17.5696468353
463.749725,       17.4569530487
464.117065,       17.1677207947
464.484344,       16.7495307922
464.851593,       16.5680313110
465.218842,       16.5237255096
465.586029,       16.4077472687
465.953156,       16.2384357452
466.320282,       15.8937292099
466.687317,       16.0861244202
467.054352,       16.1508216858
467.421356,       16.3490829468
467.788300,       16.0895576477
468.155243,       15.9612073898
468.522095,       14.4804220200
468.888947,       14.9674806595
469.255768,       15.0030527115
469.622559,       15.4249057770
469.989258,       15.4137592316
470.355988,       15.3161315918
470.722626,       15.4041423798
471.089233,       15.2623624802
471.455841,       15.4174757004
471.822388,       15.2592315674
472.188873,       15.2719888687
472.555389,       15.3094406128
472.921753,       15.3089122772
473.288208,       15.1565923691
473.654602,       15.0592689514
474.020874,       14.9775867462
474.387177,       14.3351631165
474.753387,       13.9920759201
475.119629,       13.5484905243
475.485809,       13.5734577179
475.851929,       13.3088369370
476.218018,       13.1289911270
476.584076,       12.7740278244
476.950104,       12.2326536179
477.316101,       11.7754344940
477.682037,       11.4671859741
478.047974,       11.2932872772
478.413818,       11.3499317169
478.779663,       11.3563890457
479.145477,       10.9117145538
479.511200,       10.9515590668
479.876953,       11.0502433777
480.242615,       11.0832719803
480.608276,       10.9868392944
480.973907,       10.7586011887
481.339417,       10.9195823669
481.704987,       10.8722324371
482.070465,       10.7604789734
482.435913,       10.7198257446
482.801331,       10.5957260132
483.166718,       10.4154996872
483.532043,       10.4684486389
483.897369,       10.7487173080
484.262634,       10.6206111908
484.627869,       10.6181907654
484.993073,       10.3914747238
485.358215,       10.4170827866
485.723297,       10.4159898758
486.088409,       10.2793636322
486.453461,       10.0638237000
486.818451,       10.0371170044
487.183411,        9.9816045761
487.548370,        9.8472919464
487.913239,        9.6536293030
488.278107,        9.4644603729
488.642883,        9.3983535767
489.007660,        9.2654886246
489.372437,        9.1415452957
489.737091,        9.0232181549
490.101746,        8.9320087433
490.466370,        8.9453611374
490.830963,        9.0024299622
491.195526,        8.8839035034
491.559998,        8.5776262283
491.924500,        8.4311141968
492.288940,        8.3862056732
492.653320,        8.4260587692
493.017670,        8.3039093018
493.382019,        8.2146129608
493.746277,        8.0019769669
494.110504,        7.9336633682
494.474731,        8.0671968460
494.838898,        8.0469741821
495.203033,        7.9398608208
495.567108,        7.9631795883
495.931122,        8.7400550842
496.295166,        8.6917495728
496.659149,        8.5132713318
497.023041,        8.4717683792
497.386963,        8.4958038330
497.750824,        8.4597873688
498.114624,        8.5791587830
498.478455,        8.5256586075
498.842163,        8.4578800201
499.205872,        8.4152126312
499.569580,        8.4323434830
499.933167,        8.4837293625
500.296753,        8.4593048096
500.660339,        8.5324373245
501.023834,        8.5144195557
501.387299,        8.5177974701
501.750763,        8.5262861252
502.114166,        8.4112071991
502.477509,        8.2955884933
502.840851,        8.4013614655
503.204102,        8.4728679657
503.567352,        7.8291697502
503.930573,        7.9170727730
504.293732,        7.8877859116
504.656860,        7.9677662849
505.019989,        8.1550569534
505.382996,        8.1942930222
505.746033,        8.1322441101
506.109009,        8.1215391159
506.471924,        8.0889129639
506.834839,        8.1033420563
507.197662,        8.0846214294
507.560486,        8.1060724258
507.923309,        8.1054515839
508.286041,        8.0525951385
508.648743,        8.0639410019
509.011414,        8.1134366989
509.373993,        8.1261692047
509.736633,        8.1355085373
510.099213,        8.1548299789
510.461731,        8.0062541962
510.824158,        7.9825596809
511.186615,        7.9247431755
511.548950,        7.8797726631
511.911346,        7.9353785515
512.273682,        7.8875942230
512.635925,        7.8111729622
512.998169,        7.7693529129
513.360352,        7.7082962990
513.722534,        7.8095331192
514.084717,        7.9734921455
514.446777,        7.9267883301
514.808777,        7.9709825516
515.170776,        7.9652733803
515.532776,        8.0490665436
515.894714,        8.0905466080
516.256592,        8.0932092667
516.618469,        8.9489955902
516.980286,        9.0822601318
517.342041,        9.1260986328
517.703735,        9.1668128967
518.065430,        9.3873271942
518.427185,        9.4345207214
518.788696,        9.5057859421
519.150330,        9.5015840530
519.511902,        9.6123065948
519.873291,        9.6153326035
520.234802,        9.6870660782
520.596252,        9.7321453094
520.957581,        9.8434734344
521.318970,        9.7723035812
521.680237,        9.6955280304
522.041565,        9.7365627289
522.402771,        9.8726854324
522.763977,        9.9772834778
523.125061,        9.9937715530
523.486206,       10.3068313599
523.847229,       10.4381532669
524.208252,        9.7539987564
524.569275,        9.6799764633
524.930237,        9.7281866074
525.291138,        9.7878818512
525.652100,        9.7444562912
526.012817,        9.7350883484
526.373657,        9.7748250961
526.734436,        9.7963294983
527.095093,        9.8808231354
527.455811,        9.9523696899
527.816528,        9.9747238159
528.177002,       10.0330514908
528.537598,       10.0468482971
528.898132,       10.1215753555
529.258606,       10.1369428635
529.619080,       10.1833820343
529.979431,       10.4081144333
530.339844,       10.2856550217
530.700134,       10.2871637344
531.060425,       10.1069717407
531.420654,       10.1465091705
531.780884,       10.4051866531
532.140991,       10.4123373032
532.501160,       10.3787536621
532.861267,       10.4684190750
533.221375,       10.4548845291
533.581299,       10.4637527466
533.941284,       10.5693016052
534.301208,       10.6583356857
534.661133,       10.5540294647
535.020996,       10.5800018311
535.380798,       10.6222219467
535.740540,       10.6918764114
536.100220,       10.7144680023
536.459900,       10.7197790146
536.819641,       10.7385206223
537.179260,       10.8017768860
537.538757,       10.5834856033
537.898376,       10.6204805374
538.257813,       10.6247997284
538.617249,       10.5862770081
538.976685,       10.5445928574
539.336121,       10.3635044098
539.695374,       10.3907632828
540.054688,       10.4638576508
540.413879,       10.4386892319
540.773132,       10.4340190887
541.132385,       10.4077463150
541.491516,       10.4062232971
541.850525,       10.4439325333
542.209595,       10.4863529205
542.568604,       10.5468559265
542.927612,       10.5021429062
543.286560,       10.4625959396
543.645386,       10.4341154099
544.004333,       10.4163570404
544.363098,       10.4302892685
544.721924,       10.4504318237
545.080688,       10.4424562454
545.439331,       10.5805492401
545.797974,       10.5741281509
546.156616,       10.8183383942
546.515137,       10.7919359207
546.873657,       10.7625741959
547.232239,       10.7849817276
547.590698,       10.7340431213
547.949097,       10.7635173798
548.307495,       10.7413625717
548.665833,       10.7370138168
549.024109,       10.6610050201
549.382385,       10.6301250458
549.740540,       10.7287931442
550.098755,       10.6305465698
550.456909,       10.6097879410
550.815002,       10.6632337570
551.173096,       10.6706619263
551.531128,       10.6629781723
551.888977,       10.6740980148
552.247009,       10.5646696091
552.604797,       10.6867742538
552.962708,       10.6223850250
553.320557,       10.6615686417
553.678345,       10.5872230530
554.036011,       10.5708580017
554.393738,       10.5936136246
554.751404,       10.5331611633
555.109009,       10.5343046188
555.466614,       10.4396419525
555.824158,       10.4205274582
556.181641,       10.4949159622
556.539063,       10.4659976959
556.896423,       10.4188556671
557.253845,       10.3047819138
557.611206,       10.4774627686
557.968445,       10.4731121063
558.325745,       10.3881807327
558.682922,       10.3722362518
559.040161,       10.4138040543
559.397278,       10.3808326721
559.754395,       10.4529380798
560.111389,       10.2939395905
560.468445,       10.2068758011
560.825378,       10.1870479584
561.182251,       10.0304384232
561.539185,       10.0108814240
561.896057,        9.9714822769
562.252869,        9.9874238968
562.609619,        9.9616279602
562.966309,       10.0018463135
563.323059,        9.9913835526
563.679688,        9.9297065735
564.036316,        9.8973159790
564.392822,        9.9383621216
564.749390,        9.8886375427
565.105835,        9.7137317657
565.462280,        9.7000799179
565.818726,        9.6830110550
566.175049,        9.6414928436
566.531372,        9.5321540833
566.887573,        9.4738454819
567.243896,        9.3530998230
567.600098,        9.3277921677
567.956299,        9.3260889053
568.312378,        9.2605953217
568.668457,        9.1973628998
569.024475,        9.1324357986
569.380493,        9.0569152832
569.736389,        9.0551309586
570.092346,        9.1037626266
570.448181,        9.0610666275
570.804077,        8.9979906082
571.159790,        8.9733095169
571.515564,        8.9567193985
571.871338,        8.8737134933
572.226929,        8.8772449493
572.582581,        8.8518400192
572.938171,        8.8032398224
573.293701,        8.7587127686
573.649231,        8.7146396637
574.004700,        8.7326774597
574.360107,        8.7219257355
574.715515,        8.7289533615
575.070801,        8.7226715088
575.426086,        8.6205167770
575.781433,        8.5357551575
576.136658,        8.5130958557
576.491821,        8.5197906494
576.846985,        8.4928836823
577.202026,        8.4293422699
577.557129,        8.3630504608
577.912109,        8.2953710556
578.267090,        8.2915954590
578.621948,        8.2541408539
578.976929,        8.2044315338
579.331726,        8.1364002228
579.686523,        8.2117080688
580.041321,        8.1902780533
580.396057,        8.1605234146
580.750732,        8.2362604141
581.105408,        8.2208251953
581.459961,        8.1756639481
581.814575,        8.1716270447
582.169067,        8.1321172714
582.523499,        8.0921525955
582.877991,        8.1400957108
583.232361,        8.2024440765
583.586731,        8.2064647675
583.941040,        8.1637306213
584.295349,        8.1632661819
584.649536,        8.1650485992
585.003784,        8.1162137985
585.357849,        8.2692232132
585.712036,        8.2378215790
586.066040,        8.2326192856
586.420166,        8.2573308945
586.774048,        8.2691507339
587.128052,        8.1249694824
587.481934,        8.0779905319
587.835815,        8.0538644791
588.189636,        7.9565567970
588.543396,        7.9739513397
588.897095,        7.9685158730
589.250732,        7.9406409264
589.604431,        7.9442238808
589.958069,        7.9092922211
590.311646,        7.8806548119
590.665161,        7.8401355743
591.018677,        7.8711533546
591.372070,        7.9089426994
591.725525,        7.9635338783
592.078857,        7.9427556992
592.432190,        7.9320111275
592.785461,        7.8416900635
593.138733,        7.8462853432
593.491821,        7.8449792862
593.845032,        7.8265094757
594.198181,        7.8489341736
594.551270,        7.8711643219
594.904236,        7.8682117462
595.257202,        7.9060435295
595.610168,        7.8710675240
595.963074,        7.8642592430
596.315979,        7.8335418701
596.668823,        7.8371748924
597.021606,        7.9545745850
597.374268,        7.9375505447
597.726990,        7.9970889091
598.079651,        8.0175800323
598.432312,        7.9837217331
598.784851,        7.9237074852
599.137390,        7.8847703934
599.489868,        7.9505734444
599.842285,        7.9369544983
600.194702,        7.8449273109
600.547119,        7.7955813408
600.899414,        7.7443704605
601.251648,        7.6977396011
601.603882,        7.6372027397
601.956116,        7.6039471626
602.308289,        7.6005039215
602.660400,        7.5572466850
603.012451,        7.5878324509
603.364441,        7.5314817429
603.716370,        7.5249814987
604.068359,        7.6187810898
604.420288,        7.5416936874
604.772156,        7.5400061607
605.123962,        7.4726476669
605.475708,        7.4433512688
605.827515,        7.4265189171
606.179138,        7.4609375000
606.530884,        7.4701442719
606.882385,        7.3632607460
607.233948,        7.4286751747
607.585449,        7.4294924736
607.936951,        7.4539728165
608.288452,        7.4741640091
608.639893,        7.4976773262
608.991150,        7.5216212273
609.342468,        7.5628228188
609.693726,        7.6905465126
610.044983,        7.6967716217
610.396240,        7.6822094917
610.747314,        7.6943678856
611.098389,        7.6951966286
611.449463,        7.5835385323
611.800476,        7.5375566483
612.151489,        7.5376987457
612.502441,        7.5189442635
612.853271,        7.5147485733
613.204102,        7.4916057587
613.554932,        7.4870839119
613.905701,        7.5212969780
614.256470,        7.5259299278
614.607178,        7.4606208801
614.957764,        7.5082464218
615.308350,        7.5078530312
615.658875,        7.4760599136
616.009399,        7.4542031288
616.359924,        7.4569597244
616.710327,        7.4280948639
617.060669,        7.3073253632
617.411011,        7.2873487473
617.761292,        7.2778649330
618.111572,        7.2935233116
618.461853,        7.2634019852
618.812012,        7.3444709778
619.162109,        7.3550887108
619.512146,        7.3499808311
619.862183,        7.3612823486
620.212219,        7.3729572296
620.562195,        7.3373227119
620.912048,        7.3005208969
621.261963,        7.2746591568
621.611755,        7.3099851608
621.961548,        7.2922849655
622.311340,        7.2326660156
622.661072,        7.2573957443
623.010681,        7.2456240654
623.360229,        7.2994871140
623.709839,        7.2894759178
624.059387,        7.2702341080
624.408936,        7.2509860992
624.758423,        7.2467694283
625.107727,        7.2098865509
625.457031,        7.1693496704
625.806458,        7.1997799873
626.155762,        7.1468076706
626.504944,        7.1134963036
626.854126,        7.1369500160
627.203308,        7.1230754852
627.552368,        7.1010293961
627.901428,        7.1524939537
628.250488,        7.1439185143
628.599487,        7.1093668938
628.948364,        7.0982837677
629.297241,        7.1114249229
629.646118,        7.1328783035
629.994934,        7.1301569939
630.343689,        7.1175670624
630.692444,        7.0433149338
631.041077,        7.0402979851
631.389648,        7.1404399872
631.738281,        7.1328573227
632.086853,        7.1591005325
632.435364,        7.1986145973
632.783875,        7.3434710503
633.132263,        7.3455224037
633.480591,        7.2967052460
633.828918,        7.2893776894
634.177246,        7.2736024857
634.525513,        7.2683291435
634.873657,        7.2506203651
635.221863,        7.2421274185
635.569946,        7.2351722717
635.918030,        7.1920514107
636.266052,        7.1394591331
636.614136,        7.2538385391
636.962036,        7.2301821709
637.309937,        7.1757135391
637.657776,        7.2364292145
638.005615,        7.3349108696
638.353394,        7.3386011124
638.701111,        7.2230405807
639.048767,        7.2120070457
639.396423,        7.1714920998
639.743958,        7.1427211761
640.091614,        6.9824986458
640.439087,        6.9749264717
640.786560,        6.9756193161
641.133972,        6.9554276466
641.481323,        6.9894065857
641.828735,        6.9685964584
642.176025,        6.9872045517
642.523315,        6.9272441864
642.870483,        6.9542536736
643.217651,        6.9600009918
643.564758,        7.0045232773
643.911804,        6.8313746452
644.258911,        7.0828161240
644.605896,        7.0962519646
644.952820,        7.0326423645
645.299683,        6.9786677361
645.646606,        6.9869384766
645.993469,        6.9947848320
646.340210,        6.9999775887
646.687012,        6.9989399910
647.033630,        7.0450372696
647.380249,        7.0691213608
647.726868,        7.0169582367
648.073425,        6.9905681610
648.419983,        6.9889364243
648.766418,        6.8959007263
649.112854,        6.8750748634
649.459229,        6.8586506844
649.805603,        6.8691143990
650.151855,        6.8726429939
650.498169,        6.8406715393
650.844360,        6.7865662575
651.190552,        6.8113403320
651.536621,        6.5331788063
651.882751,        6.5408120155
652.228760,        6.5538153648
652.574829,        6.5192198753
652.920715,        6.4697647095
653.266602,        6.4855761528
653.612488,        6.5273947716
653.958252,        6.5494589806
654.304077,        6.4805955887
654.649841,        6.4691634178
654.995483,        6.4911899567
655.341064,        6.5022287369
655.686707,        6.8738884926
656.032288,        6.9264421463
656.377808,        6.9498920441
656.723267,        6.9336524010
657.068726,        6.9533491135
657.414063,        6.9368681908
657.759399,        7.0268549919
658.104736,        7.0787019730
658.449951,        7.1331181526
658.795166,        7.1238770485
659.140381,        7.1360306740
659.485474,        7.1465859413
659.830505,        7.1544075012
660.175598,        7.1892948151
660.520569,        7.1768774986
660.865479,        7.1263418198
661.210327,        7.0900807381
661.555237,        7.1125240326
661.900085,        7.1085324287
662.244812,        7.1066446304
662.589539,        7.0697731972
662.934265,        6.7282361984
663.278809,        6.7093901634
663.623413,        6.7133650780
663.968018,        6.7510867119
664.312500,        6.7368326187
664.656921,        6.7347722054
665.001343,        6.6813173294
665.345703,        6.6621155739
665.690063,        6.6188664436
666.034302,        6.6638393402
666.378662,        6.6442236900
666.722778,        6.6422448158
667.066895,        6.6056609154
667.410950,        6.5631570816
667.755066,        6.5148973465
668.099121,        6.5255007744
668.443054,        6.5191946030
668.786987,        6.5170421600
669.130798,        6.5089025497
669.474731,        6.5050339699
669.818481,        6.5780878067
670.162292,        6.5815644264
670.506042,        6.5423479080
670.849670,        6.5116443634
671.193176,        6.5040016174
671.536804,        6.5082540512
671.880371,        6.5135016441
672.223816,        6.4991841316
672.567261,        6.4727401733
672.910645,        6.4501652718
673.254028,        6.4132409096
673.597290,        6.3836412430
673.940613,        6.3430013657
674.283875,        6.3562169075
674.626953,        6.3685684204
674.970093,        6.3998603821
675.313232,        6.4265661240
675.656250,        6.5019354820
675.999268,        6.5359792709
676.342224,        6.5764293671
676.685120,        6.6112461090
677.027893,        6.5585279465
677.370789,        6.5418190956
677.713562,        6.5530614853
678.056335,        6.5985426903
678.398987,        6.6416807175
678.741577,        6.6348738670
679.084167,        6.6442346573
679.426758,        6.6695394516
679.769287,        6.6590442657
680.111755,        6.7147827148
680.454163,        6.7314968109
680.796509,        6.7486085892
681.138794,        6.7589149475
681.481140,        6.7780590057
681.823364,        6.7788729668
682.165588,        6.7926354408
682.507751,        6.7415452003
682.849792,        6.6574335098
683.191833,        6.6236639023
683.533875,        6.6015892029
683.875854,        6.5568633080
684.217834,        6.5878181458
684.559692,        6.6034898758
684.901428,        6.7644858360
685.243286,        6.7604584694
685.585022,        6.7240452766
685.926819,        6.7708902359
686.268372,        6.7272953987
686.609985,        6.7467632294
686.951538,        6.7999429703
687.293091,        6.7694029808
687.634583,        6.7863454819
687.976013,        6.8169584274
688.317322,        6.8335442543
688.658630,        6.8481154442
689.000000,        6.8608856201
689.341248,        6.8628497124
689.682495,        6.9227089882
690.023682,        6.9712557793
690.364746,        6.9827213287
690.705811,        7.0420122147
691.046814,        7.0874094963
691.387817,        7.1392679214
691.728760,        7.1698613167
692.069702,        7.1608185768
692.410522,        7.2769036293
692.751282,        7.3167390823
693.092102,        7.3393716812
693.432800,        7.4632377625
693.773499,        7.5108714104
694.114075,        7.5491151810
694.454651,        7.6375670433
694.795105,        7.7132887840
695.135620,        7.8464798927
695.476135,        7.9607563019
695.816528,        8.1100273132
696.156799,        8.2403783798
696.497131,        8.3783540726
696.837402,        8.4773006439
697.177612,        8.7086811066
697.517822,        8.8630371094
697.857971,        8.9854049683
698.197937,        9.1842994690
698.538025,        9.3130273819
698.877991,        9.5365457535
699.217957,        9.6572380066
699.557922,        9.7601118088
699.897705,        9.9529008865
700.237549,       10.1893367767
700.577271,       10.3652076721
700.916992,       10.5838556290
701.256653,       10.8466339111
701.596313,       11.0677518845
701.935852,       11.3307189941
702.275391,       11.5198440552
702.614868,       11.9058713913
702.954346,       12.1010131836
703.293701,       12.3451509476
703.633118,       12.6739683151
703.972412,       12.9590091705
704.311646,       13.1483268738
704.650818,       13.4239692688
704.990051,       13.7213335037
705.329163,       13.9877538681
705.668274,       14.4148197174
706.007263,       14.6024332047
706.346252,       14.8902158737
706.685181,       15.1732473373
707.024109,       15.4116659164
707.362976,       15.6858053207
707.701721,       16.0243797302
708.040527,       16.2862339020
708.379211,       16.5709590912
708.717896,       16.8473014832
709.056519,       17.1351814270
709.395142,       17.4168281555
709.733582,       17.6059932709
710.072144,       17.9112796783
710.410522,       18.2076148987
710.748962,       18.4138736725
711.087341,       18.7165546417
711.425598,       19.0584716797
711.763855,       19.4067802429
712.102051,       19.8789749146
712.440247,       20.1755962372
712.778320,       20.3825092316
713.116455,       20.7715568542
713.454468,       21.0862941742
713.792419,       21.4535179138
714.130310,       21.8213386536
714.468262,       22.1695461273
714.806091,       22.4644393921
715.143921,       22.8230705261
715.481628,       23.1443634033
715.819397,       23.5295562744
716.156982,       23.9053153992
716.494629,       24.2921142578
716.832214,       24.6443233490
717.169739,       25.0709571838
717.507202,       25.4438171387
717.844543,       25.8755798340
718.182007,       26.2190818787
718.519348,       26.5951366425
718.856689,       26.9158325195
719.193970,       27.1000289917
719.531067,       27.5372886658
719.868164,       27.8840026855
720.205322,       28.2100791931
720.542419,       28.5369338989
720.879456,       28.8472137451
721.216431,       29.2161159515
721.553345,       29.5310459137
721.890198,       29.8722991943
722.227051,       30.2200107574
722.563782,       30.6248149872
722.900635,       30.9657001495
723.237244,       31.3327426910
723.573914,       31.6755466461
723.910461,       32.0032730103
724.247070,       32.2550277710
724.583557,       32.5597953796
724.920044,       32.8573150635
725.256409,       33.2569808960
725.592773,       33.5305900574
725.929077,       33.7997436523
726.265442,       34.1295852661
726.601685,       34.7008476257
726.937866,       35.0779495239
727.273987,       35.4079132080
727.609985,       35.7544937134
727.946045,       36.1198692322
728.282043,       36.4468841553
728.618042,       36.7895126343
728.953979,       37.1229820251
729.289795,       37.4662590027
729.625610,       37.7143287659
729.961426,       38.0674018860
730.297119,       38.4457893372
730.632813,       38.7553901672
730.968384,       39.0407562256
731.304016,       39.3158836365
731.639465,       39.6332244873
731.974976,       39.8984985352
732.310425,       40.1630592346
732.645874,       40.4765472412
732.981201,       40.8054046631
733.316467,       41.0963249207
733.651733,       41.0765342712
733.986938,       41.3296203613
734.322144,       41.6059875488
734.657288,       41.9213218689
734.992310,       42.1470298767
735.327271,       42.5168380737
735.662292,       42.8304023743
735.997253,       43.0522308350
736.332092,       43.3574829102
736.666931,       43.5942726135
737.001709,       43.8276748657
737.336426,       43.9479713440
737.671143,       44.1461753845
738.005798,       44.3559188843
738.340393,       44.6021423340
738.674988,       44.9007339478
739.009399,       45.1419868469
739.343933,       45.3733863831
739.678345,       45.5322189331
740.012756,       45.7299118042
740.347046,       45.8744049072
740.681274,       46.0142860413
741.015503,       46.1916313171
741.349731,       46.3327751160
741.683838,       46.4332389832
742.017944,       46.6236228943
742.351929,       46.7529945374
742.685974,       46.9124259949
743.019897,       47.1431274414
743.353821,       47.2245559692
743.687622,       47.3962326050
744.021484,       47.5034637451
744.355225,       47.6127357483
744.688965,       47.7272148132
745.022583,       47.8798789978
745.356201,       48.0645370483
745.689819,       48.1723327637
746.023376,       48.2653312683
746.356812,       48.3456916809
746.690186,       48.4961814880
747.023621,       48.6665916443
747.356934,       48.7831649780
747.690247,       48.9977874756
748.023499,       49.0995483398
748.356689,       49.2715225220
748.689758,       49.3637046814
749.022888,       49.4670104980
749.355957,       49.5140342712
749.688965,       49.5027351379
750.021912,       49.5322494507
750.354858,       49.6027755737
750.687683,       49.7271575928
751.020447,       49.8228034973
751.353271,       49.9056472778
751.686035,       50.0125999451
752.018677,       50.0920295715
752.351257,       50.1234664917
752.683838,       50.1340789795
753.016357,       50.2164421082
753.348877,       50.2477760315
753.681396,       50.3017005920
754.013672,       50.3809928894
754.346008,       50.5031280518
754.678345,       50.4894905090
755.010559,       50.4718017578
755.342834,       50.4718017578
755.674988,       50.5466804504
756.007080,       50.6045646667
756.339050,       50.6491012573
756.671082,       50.7181167603
757.003052,       50.7194976807
757.335022,       50.8071556091
757.666870,       50.9580192566
757.998657,       51.0389518738
758.330444,       51.1797027588
758.662170,       51.2606315613
758.993896,       51.2765655518
759.325562,       51.3007087708
759.657043,       51.3661270142
759.988586,       51.3681335449
760.320129,       51.3867874146
760.651489,       51.5009117126
760.982971,       51.5028877258
761.314331,       51.5088386536
761.645569,       51.5257911682
761.976807,       51.6457786560
762.308044,       51.6760215759
762.639160,       51.7137756348
762.970276,       51.6984710693
763.301331,       51.6593284607
763.632385,       51.7109756470
763.963257,       51.8329811096
764.294250,       51.7768211365
764.625122,       51.6357727051
764.955933,       51.7897109985
765.286743,       51.7184448242
765.617432,       51.7132415771
765.948120,       51.6941528320
766.278748,       51.7084732056
766.609314,       51.7364158630
766.939880,       51.7497482300
767.270325,       51.7690734863
767.600708,       51.6724700928
767.931152,       51.5766448975
768.261536,       51.5976486206
768.591858,       51.5560569763
768.922119,       51.5278892517
769.252258,       51.5889511108
769.582397,       51.6005630493
769.912537,       51.5852622986
770.242615,       51.6471214294
770.572632,       51.6180343628
770.902588,       51.5395507813
771.232483,       51.7001152039
771.562256,       51.6759452820
771.892151,       51.4566535950
772.221863,       51.4232444763
772.551697,       51.4337348938
772.881287,       51.4784927368
773.210938,       51.4630966187
773.540466,       51.4618339539
773.870056,       51.5160140991
774.199463,       51.4971809387
774.528992,       51.6164550781
774.858337,       51.6838150024
775.187622,       51.6747970581
775.516968,       51.6905021667
775.846191,       51.6738586426
776.175415,       51.5974502563
776.504578,       51.6073760986
776.833618,       51.7080497742
777.162598,       51.6981430054
777.491638,       51.7198905945
777.820618,       51.7184371948
778.149536,       51.5486907959
778.478394,       51.5460090637
778.807190,       51.5899772644
779.135864,       51.6412429810
779.464600,       51.5952873230
779.793335,       51.5655708313
780.121948,       51.5464248657
780.450439,       51.4650955200
780.778931,       51.4472656250
781.107422,       51.4774398804
781.435913,       51.4206657410
781.764282,       51.3979988098
782.092651,       51.3236656189
782.420837,       51.3428268433
782.749023,       51.3264236450
783.077209,       51.3328475952
783.405396,       51.2684898376
783.733521,       51.2006111145
784.061462,       51.1694488525
784.389465,       51.1091308594
784.717346,       51.1210441589
785.045288,       51.1142501831
785.373108,       51.0591697693
785.700928,       51.0102386475
786.028625,       50.9563255310
786.356384,       50.9439392090
786.683960,       50.9554939270
787.011536,       50.9834213257
787.339111,       51.0410003662
787.666687,       51.0123443604
787.994019,       50.9869880676
788.321411,       50.8921852112
788.648804,       50.9190788269
788.976135,       50.9147987366
789.303406,       51.0116233826
789.630615,       51.0041427612
789.957703,       50.9394149780
790.284851,       50.9953269958
790.611877,       51.0025367737
790.938904,       50.9239654541
791.265930,       50.9271278381
791.592773,       50.9457168579
791.919678,       50.9953613281
792.246460,       51.0499229431
792.573242,       51.0477600098
792.899963,       51.0772819519
793.226685,       51.0744628906
793.553284,       51.0191688538
793.879822,       50.9808540344
794.206299,       50.9490776062
794.532776,       50.8941650391
794.859253,       50.9044723511
795.185669,       50.8979988098
795.511902,       50.8340759277
795.838196,       50.8949203491
796.164490,       50.7457923889
796.490601,       50.7075119019
796.816833,       50.7673149109
797.142883,       50.7407379150
797.468933,       50.6767616272
797.794861,       50.7812194824
798.120789,       50.8094024658
798.446716,       50.8514099121
798.772583,       50.8131866455
799.098328,       50.8238792419
799.424072,       50.8500709534
799.749756,       50.8119926453
800.075439,       50.7818946838
800.401001,       50.7745628357
800.726624,       50.7610740662
801.052063,       50.8806648254
801.377441,       50.9314765930
801.702881,       50.9152908325
802.028198,       50.9738998413
802.353516,       51.1494979858
802.678833,       51.1835556030
803.004028,       51.2302207947
803.329102,       51.3277282715
803.654236,       51.2967605591
803.979248,       51.3723716736
804.304321,       51.3695411682
804.629272,       51.2754974365
804.954163,       51.2759628296
805.278931,       51.2096328735
805.603821,       51.2351455688
805.928589,       51.2202568054
806.253357,       51.2546119690
806.577942,       51.3545112610
806.902588,       51.4307022095
807.227112,       51.5081481934
807.551575,       51.6751785278
807.876099,       51.6272850037
808.200500,       51.7121963501
808.524841,       51.7355384827
808.849121,       51.7511558533
809.173401,       51.6519737244
809.497620,       51.5557708740
809.821838,       51.5215682983
810.145996,       51.4623641968
810.469971,       51.5589599609
810.793945,       51.4456863403
811.117981,       51.4513359070
811.441956,       51.5224876404
811.765808,       51.5509834290
812.089600,       51.6062507629
812.413391,       51.6083183289
812.737061,       51.6052360535
813.060730,       51.5641288757
813.384338,       51.5130043030
813.708008,       51.4300346375
814.031433,       51.4538764954
814.354919,       51.3847961426
814.678345,       51.2496528625
815.001709,       51.2009811401
815.325073,       51.2029953003
815.648376,       51.1446838379
815.971558,       51.1260757446
816.294678,       51.1605339050
816.617798,       51.2012405396
816.940918,       51.2034950256
817.263977,       51.1595916748
817.586853,       51.2163696289
817.909851,       51.2308883667
818.232727,       51.2333946228
818.555542,       51.1977195740
818.878296,       51.1460800171
819.201050,       51.1484222412
819.523682,       51.2068405151
819.846375,       51.2188415527
820.168884,       51.3386001587
820.491455,       51.4193191528
820.813904,       51.4718132019
821.136353,       51.4597663879
821.458740,       51.6027526855
821.781128,       51.5818901062
822.103333,       51.6087760925
822.425598,       51.6924438477
822.747803,       51.6821632385
823.069824,       51.6692390442
823.391968,       51.6532554626
823.713989,       51.7773857117
824.035950,       51.8054656982
824.357849,       51.7846527100
824.679810,       51.8200569153
825.001587,       51.7871665955
825.323425,       51.7976303101
825.645142,       51.8281822205
825.966736,       51.8152046204
826.288391,       51.6904411316
826.610046,       51.6723861694
826.931458,       51.5692100525
827.253052,       51.5372581482
827.574402,       51.4590034485
827.895813,       51.4793586731
828.217163,       51.4596328735
828.538391,       51.3984985352
828.859619,       51.3787994385
829.180786,       51.3463859558
829.501953,       51.4394874573
829.822998,       51.3755455017
830.144043,       51.4236984253
830.464966,       51.3865661621
830.785950,       51.3158988953
831.106812,       51.2906913757
831.427673,       51.2480621338
831.748474,       51.2699470520
832.069214,       51.2337379456
832.389771,       51.2133369446
832.710449,       51.2185020447
833.031067,       51.2443313599
833.351563,       51.2111740112
833.672058,       51.2103500366
833.992371,       51.1579971313
834.312805,       51.1162643433
834.633179,       51.0431213379
834.953369,       50.9421348572
835.273621,       51.0177536011
835.593811,       51.0162277222
835.913940,       51.0208740234
836.234009,       50.9307441711
836.554077,       51.0655593872
836.874023,       51.1533966064
837.193909,       51.0825233459
837.513794,       51.0781173706
837.833618,       51.0603485107
838.153381,       51.0915870667
838.473145,       51.0707130432
838.792786,       51.1011543274
839.112366,       51.1250381470
839.432007,       51.1315040588
839.751465,       51.1726150513
840.070984,       51.1729660034
840.390381,       51.1295127869
840.709656,       51.1778602600
841.028992,       51.3099021912
841.348267,       51.3633804321
841.667480,       51.4170341492
841.986633,       51.3736534119
842.305725,       51.3563995361
842.624817,       51.3036956787
842.943848,       51.3262329102
843.262756,       51.2841033936
843.581665,       51.1516036987
843.900574,       51.1789932251
844.219360,       51.2042236328
844.538147,       51.3057823181
844.856812,       51.3222389221
845.175415,       51.3498077393
845.494080,       51.3994636536
845.812683,       51.3569946289
846.131104,       51.4197235107
846.449585,       51.4734497070
846.768005,       51.5468063354
847.086304,       51.6397476196
847.404663,       51.6538810730
847.722839,       51.5464477539
848.041077,       51.4846801758
848.359192,       51.4828910828
848.677246,       51.5076980591
848.995361,       51.5227241516
849.313354,       51.5782852173
849.631226,       51.5801200867
849.949158,       51.6124114990
850.267029,       51.6228904724
850.584778,       51.6266479492
850.902527,       51.7330780029
851.220276,       51.7303161621
851.537842,       51.7483634949
851.855469,       51.7153968811
852.173035,       51.7272491455
852.490417,       51.8250885010
852.807861,       51.7981452942
853.125305,       51.8324012756
853.442627,       51.7637596130
853.759888,       51.6547431946
854.077087,       51.6129798889
854.394287,       51.6643104553
854.711426,       51.7448959351
855.028442,       51.7070007324
855.345459,       51.8377189636
855.662537,       51.8673400879
855.979370,       51.8055725098
856.296265,       51.7848854065
856.613098,       51.7772140503
856.929871,       51.7299194336
857.246582,       51.6574554443
857.563232,       51.5976295471
857.879822,       51.6014022827
858.196411,       51.5178146362
858.512939,       51.5185279846
858.829346,       51.4871711731
859.145813,       51.4734153748
859.462158,       51.3911781311
859.778442,       51.3327903748
860.094666,       51.3328094482
860.410889,       51.3430595398
860.726990,       51.3689498901
861.043152,       51.3087577820
861.359192,       51.2929496765
861.675232,       51.3563270569
861.991150,       51.2534980774
862.307007,       51.3201179504
862.622864,       51.3822479248
862.938660,       51.4397926331
863.254333,       51.4183235168
863.570068,       51.4552955627
863.885742,       51.5379486084
864.201233,       51.4581031799
864.516846,       51.3493194580
864.832336,       51.4446487427
865.147766,       51.5109710693
865.463135,       51.5303688049
865.778503,       51.4976043701
866.093750,       51.5556983948
866.408997,       51.6044273376
866.724182,       51.7330169678
867.039246,       51.7514877319
867.354309,       51.7144927979
867.669312,       51.7245101929
867.984314,       51.7094917297
868.299194,       51.6597671509
868.614075,       51.6156616211
868.928833,       51.5492973328
869.243652,       51.4730682373
869.558289,       51.4338302612
869.872986,       51.3991165161
870.187622,       51.3769035339
870.502136,       51.3406639099
870.816650,       51.3891563416
871.131165,       51.4695816040
871.445496,       51.4394645691
871.759827,       51.4024848938
872.074158,       51.3926162720
872.388367,       51.3636093140
872.702576,       51.3497962952
873.016785,       51.3744964600
873.330750,       51.2792778015
873.644897,       51.3832969666
873.958801,       51.4227142334
874.272705,       51.4061622620
874.586670,       51.3578834534
874.900452,       51.3311691284
875.214172,       51.3323440552
875.527954,       51.3158264160
875.841614,       51.3131904602
876.155273,       51.2984924316
876.468811,       51.3149490356
876.782288,       51.3102188110
877.095764,       51.2976150513
877.409241,       51.2640647888
877.722534,       51.3253631592
878.035889,       51.3279304504
878.349121,       51.4130477905
878.662292,       51.3767356873
878.975464,       51.3795013428
879.288574,       51.5207366943
879.601624,       51.4619483948
879.914612,       51.4489288330
880.227600,       51.3470993042
880.540405,       51.3315544128
880.853271,       51.3329620361
881.166016,       51.3182449341
881.478821,       51.3524398804
881.791504,       51.3631896973
882.104065,       51.4441261292
882.416626,       51.4605941772
882.729187,       51.4309463501
883.041626,       51.4475517273
883.354065,       51.5281982422
883.666443,       51.5362815857
883.978760,       51.5548782349
884.291016,       51.4648437500
884.603271,       51.4568023682
884.915344,       51.4309997559
885.227539,       51.4845085144
885.539551,       51.4804725647
885.851501,       51.4083251953
886.163513,       51.4073791504
886.475464,       51.4004173279
886.787231,       51.3641166687
887.099060,       51.3597373962
887.410767,       51.3658065796
887.722412,       51.4143218994
888.034119,       51.3951110840
888.345642,       51.3708000183
888.657227,       51.2097663879
888.968689,       51.2561073303
889.280090,       51.3023681641
889.591492,       51.3439941406
889.902832,       51.2980957031
890.213989,       51.2698898315
890.525269,       51.1796836853
890.836487,       51.2034606934
891.147522,       51.3201713562
891.458618,       56.2783355713
891.769653,       56.2364044189
892.080566,       56.2345161438
892.391479,       56.1747055054
892.702332,       56.1690406799
893.013123,       56.1828193665
893.323853,       56.2935485840
893.634521,       56.3018379211
893.945129,       56.4298706055
894.255798,       56.5376510620
894.566223,       56.5359573364
894.876770,       56.5779571533
895.187195,       56.7083587646
895.497498,       56.6899719238
895.807861,       56.6878433228
896.118164,       56.6786460876
896.428345,       56.6868438721
896.738525,       56.8136672974
897.048645,       56.8582992554
897.358643,       56.8550987244
897.668701,       56.8798294067
897.978638,       51.5983238220
898.288513,       51.5569229126
898.598389,       51.5987167358
898.908142,       51.6290550232
899.217896,       51.6227378845
899.527588,       51.6821632385
899.837219,       51.6273384094
900.146790,       51.8488159180
900.456360,       51.7272872925
900.765747,       51.6294898987
901.075195,       51.7260017395
901.384583,       51.7870597839
901.693848,       51.6708564758
902.003174,       51.6344795227
902.312378,       51.6567001343
902.621460,       51.6658439636
902.930603,       51.7146720886
903.239685,       51.6507797241
903.548645,       51.6462326050
903.857605,       51.6905174255
904.166504,       51.5503158569
904.475281,       51.5433006287
904.784058,       51.5862693787
905.092896,       51.6331176758
905.401489,       51.6123695374
905.710144,       51.6458168030
906.018738,       51.5962371826
906.327209,       51.6526985168
906.635681,       51.4766387939
906.944031,       51.4906768799
907.252441,       51.4710617065
907.560730,       51.3854980469
907.869019,       51.2916030884
908.177185,       51.4365501404
908.485352,       51.5668220520
908.793396,       51.6540298462
909.101501,       51.6433944702
909.409485,       51.6558456421
909.717407,       51.6424179077
910.025269,       51.6716232300
910.333130,       51.6581192017
910.640869,       51.6393547058
910.948608,       51.5851974487
911.256287,       51.6348342896
911.563843,       51.5413360596
911.871399,       51.4708709717
912.178955,       51.4607772827
912.486389,       51.5360832214
912.793823,       51.4946708679
913.101135,       51.5074081421
913.408386,       51.4931983948
913.715637,       51.5684127808
914.022827,       51.6399841309
914.329956,       51.7103958130
914.637085,       51.6038131714
914.944031,       51.5030746460
915.251038,       51.3850288391
915.557983,       51.4668655396
915.864807,       51.4240341187
916.171631,       51.5136604309
916.478455,       51.5446853638
916.785095,       51.5316123962
917.091736,       51.4865341187
917.398376,       51.6115798950
917.704834,       51.6522293091
918.011414,       51.7050971985
918.317810,       51.7962265015
918.624207,       51.8166007996
918.930542,       51.7642860413
919.236816,       51.7459144592
919.542969,       51.7127037048
919.849182,       51.6831741333
920.155273,       51.6324577332
920.461304,       51.6540718079
920.767334,       51.6285247803
921.073242,       51.6353607178
921.379211,       51.7209548950
921.685059,       51.7235336304
921.990784,       51.6029357910
922.296570,       51.5514183044
922.602295,       51.4556808472
922.907898,       51.7255477905
923.213440,       51.6833305359
923.518982,       51.7871513367
923.824463,       51.7003173828
924.129883,       51.5588684082
924.435242,       51.5089569092
924.740540,       51.5079307556
925.045776,       51.4731903076
925.351013,       51.5172958374
925.656128,       51.4970245361
925.961243,       51.5998840332
926.266235,       51.6173362732
926.571167,       51.7648391724
926.876160,       51.7458267212
927.181030,       51.8399734497
927.485840,       51.9001960754
927.790588,       51.8831863403
928.095276,       51.8996047974
928.399963,       52.0671005249
928.704590,       52.2039184570
929.009094,       52.2921485901
929.313599,       52.0543746948
929.618103,       52.1524963379
929.922424,       52.1165771484
930.226807,       52.0046348572
930.531067,       52.0337944031
930.835266,       52.1643142700
931.139465,       52.0897865295
931.443542,       52.0648727417
931.747620,       52.0224037170
932.051697,       52.0986785889
932.355652,       51.9949989319
932.659485,       52.0336151123
932.963379,       51.8280982971
933.267090,       51.8837852478
933.570801,       51.7621116638
933.874573,       51.7106933594
934.178162,       51.6858863831
934.481689,       51.7923469543
934.785278,       51.7108268738
935.088745,       51.5722084045
935.392151,       51.6014633179
935.695496,       51.6084594727
935.998779,       51.5794410706
936.302063,       51.5877189636
936.605225,       51.7949104309
936.908386,       51.8468971252
937.211426,       51.7900772095
937.514465,       51.8606109619
937.817444,       51.8552246094
938.120422,       51.9518547058
938.423279,       51.9707679749
938.726013,       51.9709396362
939.028809,       51.9142341614
939.331482,       51.9956398010
939.634155,       51.8121833801
939.936768,       51.8657035828
940.239258,       51.8648262024
940.541809,       51.9205627441
940.844238,       51.8040428162
941.146606,       51.7189025879
941.448914,       51.8048362732
941.751221,       51.7804222107
942.053345,       51.9052963257
942.355530,       51.8398590088
942.657654,       51.8386726379
942.959656,       51.7578048706
943.261658,       51.7841148376
943.563599,       51.6771774292
943.865479,       51.6837120056
944.167358,       51.6589584351
944.469177,       51.5911331177
944.770813,       51.5908851624
945.072510,       51.6216888428
945.374084,       51.7230987549
945.675659,       51.6814422607
945.977173,       51.7766838074
946.278564,       51.7580642700
946.580017,       51.9169044495
946.881348,       51.7660369873
947.182617,       51.8069076538
947.483826,       51.7748832703
947.785034,       51.8456687927
948.086060,       51.8454742432
948.387207,       51.7049369812
948.688232,       51.8477554321
948.989075,       51.8844413757
949.290039,       51.8382492065
949.590942,       51.8432731628
949.891663,       51.8633003235
950.192444,       51.8458976746
950.493164,       51.9521942139
950.793701,       52.0348663330
951.094299,       51.9048805237
951.394836,       51.8018188477
951.695251,       52.6222686768
951.995667,       52.7490501404
952.295959,       52.7488632202
952.596313,       52.7447280884
952.896545,       52.7524528503
953.196716,       52.8732757568
953.496826,       52.9581413269
953.796936,       53.0194816589
954.096863,       52.9292602539
954.396912,       52.8237342834
954.696777,       52.8449478149
954.996643,       52.8059654236
955.296448,       52.8975791931
955.596191,       52.9337158203
955.895813,       52.8945159912
956.195496,       53.0049400330
956.495117,       53.2158241272
956.794556,       53.2684936523
957.094055,       53.0448379517
957.393494,       53.4620933533
957.692810,       53.5951080322
957.992126,       52.7005844116
958.291321,       52.6322898865
958.590637,       52.7371749878
958.889709,       52.7166595459
959.188782,       52.5208587646
959.487793,       52.4682350159
959.786804,       52.4065971375
960.085693,       52.3721046448
960.384460,       52.4466323853
960.683472,       52.5735969543
960.982056,       52.5528717041
961.280823,       52.7437133789
961.579407,       52.7747154236
961.877930,       52.6435737610
962.176575,       52.5946388245
962.474915,       52.4569816589
962.773376,       52.3856506348
963.071777,       52.3158073425
963.370056,       52.4215583801
963.668335,       51.9558029175
963.966431,       51.8679733276
964.264709,       51.7082939148
964.562744,       51.7724914551
964.860718,       51.8264770508
965.158691,       51.9315109253
965.456543,       52.0756950378
965.754578,       52.1375045776
966.052307,       52.2870597839
966.350037,       52.3109245300
966.647705,       52.1371421814
966.945251,       52.0723152161
967.243042,       51.9619636536
967.540405,       51.4603729248
967.837952,       51.3717117310
968.135376,       51.5706901550
968.432739,       51.7823829651
968.730042,       51.9865570068
969.027222,       51.8132400513
969.324524,       51.7002410889
969.621521,       51.6497917175
969.918701,       51.7303771973
970.215698,       51.8685531616
970.512573,       51.9378967285
970.809631,       52.0024642944
971.106384,       51.8482131958
971.403198,       52.0326499939
971.700012,       52.1684188843
971.996521,       52.1150131226
972.293335,       52.0179100037
972.589783,       52.1775550842
972.886353,       52.3110466003
973.182861,       52.2769165039
973.479309,       52.4970359802
973.775635,       52.7518348694
974.071838,       52.9402961731
974.368225,       52.8602523804
974.664368,       52.8237953186
974.960449,       52.7418365479
975.256592,       52.7401847839
975.552490,       53.1232070923
975.848633,       53.2039642334
976.144409,       53.3044586182
976.440247,       53.3382720947
976.736023,       53.6570205688
977.031738,       53.5181274414
977.327515,       53.4985427856
977.623047,       53.5228805542
977.918640,       53.5356445313
978.214172,       53.7205696106
978.509644,       53.5913543701
978.805115,       53.2995834351
979.100281,       53.3054275513
979.395752,       53.5076446533
979.690857,       53.5841522217
979.986084,       53.6107559204
980.281250,       53.4640922546
980.576172,       53.5113983154
980.871338,       53.4483833313
981.166199,       53.3689308167
981.461121,       53.4002723694
981.755920,       53.1684036255
982.050781,       53.4363861084
982.345520,       53.3857154846
982.640076,       53.1904449463
982.934814,       53.0187263489
983.229309,       53.0577583313
983.523804,       53.3096122742
983.818298,       53.1750144958
984.112610,       52.8783454895
984.407043,       54.1599082947
984.701233,       54.4067459106
984.995483,       54.6900672913
985.289612,       54.6768074036
985.583618,       54.4734764099
985.877869,       54.4904632568
986.171753,       54.3199348450
986.465698,       54.4280357361
986.759583,       54.6085281372
987.053467,       55.2197151184
987.347290,       55.1164321899
987.640869,       55.1721153259
987.934631,       55.2261047363
988.228149,       54.9156188965
988.521667,       54.9795265198
988.815186,       55.3253402710
989.108582,       55.2971305847
989.402039,       55.1903648376
989.695313,       55.1724128723
989.988525,       55.0847549438
990.281738,       55.3752288818
990.574829,       53.9042167664
990.868042,       53.8295097351
991.161011,       54.0760574341
991.453979,       54.2496337891
991.746948,       54.6943893433
992.039795,       55.0564651489
992.332642,       55.8128128052
992.625305,       55.7827110291
992.918091,       55.6694869995
993.210632,       55.6718597412
993.503235,       56.0375823975
993.795837,       57.1686859131
994.088196,       57.0435600281
994.380676,       57.3587875366
994.672913,       57.4424095154
994.965271,       58.1714286804
995.257568,       58.4072456360
995.549622,       58.8422698975
995.841858,       59.2494316101
996.133850,       59.6315460205
996.425903,       59.9004325867
996.717834,       59.9535102844
997.009766,       59.6767234802
997.301636,       59.3095550537
997.593323,       59.2810211182
997.885193,       59.0370368958
998.176758,       58.7569770813
998.468384,       58.9754562378
998.760010,       58.7964134216
999.051392,       59.0018272400
999.342957,       58.5657882690
999.634277,       58.4902839661
999.925598,       57.3436279297
1000.216919,       57.4685935974
1000.508118,       57.5268249512
1000.799255,       57.5379981995
1001.090271,       56.5574188232
1001.381470,       56.3326416016
1001.672363,       56.5136375427
1001.963257,       55.7566223145
1002.254150,       55.4851875305
1002.544922,       55.1599159241
1002.835815,       55.0701332092
1003.126404,       55.3426132202
1003.417114,       55.5296363831
1003.707703,       55.5151100159
1003.998108,       55.7554702759
1004.288757,       55.6079101563
1004.579041,       54.6387023926
1004.869385,       54.7011680603
1005.159729,       54.6854972839
1005.450012,       54.4587554932
1005.740173,       54.4822578430
1006.030212,       54.6130790710
1006.320435,       54.8976974487
1006.610352,       54.7264022827
1006.900330,       54.5170173645
1007.190247,       55.1937713623
1007.479980,       55.1140670776
1007.769897,       54.6128807068
1008.059509,       55.3235778809
1008.349243,       55.4745597839
1008.638855,       55.2927780151
1008.928345,       55.4309005737
1009.217896,       55.6306114197
1009.507263,       55.4020767212
1009.796753,       55.4849319458
1010.086060,       55.0511550903
1010.375366,       54.9640960693
1010.664551,       55.0426902771
1010.953674,       55.2075042725
1011.242920,       55.6130828857
1011.531738,       55.9653701782
1011.820801,       56.2085494995
1012.109741,       56.2500114441
1012.398499,       56.6525230408
1012.687439,       57.1477661133
1012.976074,       57.5104484558
1013.264771,       56.9393768311
1013.553406,       57.2830657959
1013.842041,       57.2109298706
1014.130554,       56.6235656738
1014.418884,       56.5829391479
1014.707336,       56.9144554138
1014.995789,       56.9421844482
1015.284058,       56.9860038757
1015.572327,       57.4629554749
1015.860413,       57.2218971252
1016.148621,       57.2013397217
1016.436523,       57.6248931885
1016.724609,       57.6442794800
1017.012573,       58.0076828003
1017.300354,       57.6842079163
1017.588318,       57.2746582031
1017.875977,       58.2128639221
1018.163757,       58.4084014893
1018.451416,       57.9448509216
1018.739014,       58.4270668030
1019.026611,       58.3130187988
1019.313904,       58.3860054016
1019.601440,       58.1667900085
1019.888733,       58.3766937256
1020.176086,       59.2422904968
1020.463318,       59.9166564941
1020.750549,       60.1518821716
1021.037720,       60.7428359985
1021.324707,       61.8438072205
1021.611694,       62.2325439453
1021.898682,       63.0513496399
1022.185547,       63.6750564575
1022.472595,       63.2059288025
1022.759216,       63.6252937317
1023.045959,       63.6349067688
1023.332581,       65.0293502808
1023.619324,       65.8223953247
1023.905884,       65.1597824097
1024.192261,       65.1715087891
1024.478882,       65.3052291870
1024.765137,       64.3851623535
1025.051514,       65.2244796753
1025.337769,       65.1860656738
1025.623779,       65.7740402222
1025.910034,       65.7813644409
1026.196045,       84.1516036987
1026.482178,       69.8888854980
1026.768066,       63.6986312866
1027.053955,       59.1603050232
1027.339966,       56.2686576843
1027.625610,       57.4468002319
1027.911377,       73.2233581543
1028.197144,       56.4493789673
1028.482666,       64.3055572510
1028.768311,       59.9805297852
