339.817139,        0.0000000000
340.196106,        0.0000000000
340.575104,      275.0009155273
340.954010,      335.2943115234
341.332886,     -116.6656265259
341.711761,     -340.0010681152
342.090576,       98.4127044678
342.469360,       95.2038269043
342.848114,       89.6551742554
343.226868,        0.0000000000
343.605560,       92.7783813477
343.984192,       91.9363403320
344.362854,       90.2090454102
344.741425,       90.4977111816
345.119995,       92.4414367676
345.498535,       92.6116256714
345.877014,       93.0820846558
346.255463,       93.7987747192
346.633881,       93.7585601807
347.012299,       93.6805419922
347.390625,       92.2639617920
347.768951,       91.7095336914
348.147278,       92.2598724365
348.525513,       92.9144744873
348.903748,       92.6064910889
349.281952,       93.2253799438
349.660126,       92.9244613647
350.038239,       92.5143203735
350.416321,       93.6326751709
350.794373,       92.4820632935
351.172394,       92.2989044189
351.550385,       92.5378036499
351.928375,       93.1755981445
352.306305,       94.6293106079
352.684174,       94.8586425781
353.062042,       94.6483230591
353.439880,       94.2360229492
353.817657,       94.1054000854
354.195404,       93.4128646851
354.573151,       92.5771789551
354.950836,       92.7166213989
355.328461,       93.0503997803
355.706116,       93.1576004028
356.083710,       97.0189285278
356.461243,       96.4222793579
356.838806,       96.2485351563
357.216248,       95.7930679321
357.593719,       95.9764633179
357.971161,       95.9587249756
358.348541,       95.5017318726
358.725891,       95.7913970947
359.103210,       95.6494064331
359.480530,       94.9798126221
359.857758,       94.4450531006
360.234955,       94.2002563477
360.612183,       94.3268966675
360.989319,       93.7271957397
361.366425,       93.7014160156
361.743530,       94.5831832886
362.120575,       94.7603607178
362.497559,       94.9333419800
362.874573,       95.2168731689
363.251526,       95.0179901123
363.628418,       94.6363525391
364.005310,       88.6542434692
364.382202,       89.0836105347
364.759003,       89.4952468872
365.135773,       90.6831436157
365.512482,       90.6576538086
365.889221,       90.9740600586
366.265900,       90.9637298584
366.642517,       90.9583206177
367.019165,       90.6691284180
367.395721,       91.4843826294
367.772278,       92.2155380249
368.148804,       91.5029907227
368.525269,       90.2904968262
368.901672,       91.2864837646
369.278107,       91.1297531128
369.654480,       88.6639480591
370.030823,       89.5048217773
370.407104,       88.8911285400
370.783386,       87.3296585083
371.159637,       87.3820571899
371.535828,       88.0037765503
371.912018,       87.0578918457
372.288116,       86.5796051025
372.664246,       85.6772155762
373.040283,       84.3373947144
373.416351,       83.9245376587
373.792328,       82.8688201904
374.168274,       82.0597381592
374.544250,       81.4038314819
374.920105,       81.5307083130
375.295959,       80.9477615356
375.671814,       79.9629821777
376.047607,       80.4216537476
376.423370,       80.8915100098
376.799103,       80.0467987061
377.174774,       80.3363113403
377.550415,       80.7362136841
377.926056,       79.1643829346
378.301636,       80.2836685181
378.677185,       80.7417449951
379.052673,       81.7637176514
379.428192,       82.4991607666
379.803650,       82.8314743042
380.179047,       83.2530822754
380.554443,       83.9662246704
380.929779,       84.6165847778
381.305084,       83.6325912476
381.680359,       83.8084487915
382.055634,       84.3127288818
382.430817,       84.5907974243
382.805969,       83.7742004395
383.181152,       83.2510604858
383.556244,       83.9830780029
383.931274,       84.1155624390
384.306366,       84.2128829956
384.681366,       83.8608016968
385.056305,       84.8872451782
385.431274,       84.5545196533
385.806152,       84.6131744385
386.181000,       83.8622817993
386.555817,       83.7032165527
386.930634,       82.7209243774
387.305389,       81.0635833740
387.680084,       79.9905853271
388.054810,       79.4787979126
388.429474,       78.7975158691
388.804047,       76.7036056519
389.178650,       77.0833587646
389.553192,       76.9669418335
389.927734,       76.3285140991
390.302185,       76.4482116699
390.676666,       75.4867172241
391.051086,       74.8086547852
391.425446,       73.8167037964
391.799805,       72.4385452271
392.174133,       71.9741973877
392.548370,       71.2829742432
392.922638,       69.9044570923
393.296844,       70.9493865967
393.670990,       69.7177352905
394.045135,       69.3561553955
394.419220,       68.6779403687
394.793304,       68.6920623779
395.167328,       69.6893081665
395.541321,       70.5308761597
395.915283,       69.8274765015
396.289185,       71.0790634155
396.663116,       71.4223175049
397.036957,       71.0441436768
397.410736,       70.8721084595
397.784546,       69.9309844971
398.158325,       68.2969894409
398.532013,       68.2721633911
398.905670,       68.5913848877
399.279358,       70.9330291748
399.652954,       71.2582092285
400.026520,       70.3240356445
400.400085,       71.4361495972
400.773560,       71.4081497192
401.147034,       69.7705764771
401.520508,       68.7816772461
401.893890,       68.5892944336
402.267242,       68.2187728882
402.640564,       67.9580001831
403.013855,       65.8871078491
403.387146,       65.2435455322
403.760345,       65.5798110962
404.133514,       65.5903244019
404.506683,       65.7529067993
404.879791,       66.1968536377
405.252869,       66.6437072754
405.625946,       66.7328567505
405.998962,       66.8072586060
406.371918,       68.2840881348
406.744873,       67.6398239136
407.117798,       63.8562507629
407.490631,       63.4972648621
407.863525,       63.3886108398
408.236298,       62.4085845947
408.609039,       64.2282409668
408.981842,       63.4412117004
409.354523,       64.1587295532
409.727173,       63.9426536560
410.099792,       63.3065338135
410.472382,       62.4710693359
410.844910,       63.0466995239
411.217438,       62.4887542725
411.589935,       61.3633880615
411.962402,       59.0707893372
412.334778,       60.7953796387
412.707153,       59.7032318115
413.079498,       58.3695945740
413.451813,       57.8927536011
413.824066,       57.9900932312
414.196350,       56.0559501648
414.568512,       56.5798416138
414.940674,       57.4238166809
415.312805,       56.9785652161
415.684906,       56.4574966431
416.056946,       60.0383300781
416.429016,       57.5388031006
416.800964,       57.6328392029
417.172913,       56.6327514648
417.544830,       56.2462158203
417.916718,       56.4069557190
418.288574,       56.5898551941
418.660370,       55.8616714478
419.032135,       55.4492721558
419.403870,       55.1992607117
419.775574,       55.1003456116
420.147247,       52.5065231323
420.518860,       52.6483230591
420.890472,       51.7484855652
421.262024,       51.7141990662
421.633545,       51.1588287354
422.005005,       51.2369461060
422.376495,       50.0420799255
422.747925,       48.8599891663
423.119293,       48.1132736206
423.490601,       48.2922058105
423.861938,       42.6874084473
424.233215,       42.6103706360
424.604462,       43.3469047546
424.975647,       42.3773193359
425.346832,       41.7831192017
425.717926,       41.1700325012
426.089050,       39.6761360168
426.460083,       38.9330101013
426.831085,       38.2944908142
427.202087,       37.7217445374
427.572998,       37.6613807678
427.943939,       38.2098426819
428.314819,       37.6279640198
428.685669,       37.4874877930
429.056458,       37.6406707764
429.427246,       36.8966217041
429.797943,       36.0259475708
430.168701,       35.9988670349
430.539337,       36.5127754211
430.909943,       36.8966293335
431.280548,       37.5387649536
431.651093,       38.1952247620
432.021606,       38.2884140015
432.392120,       36.5349578857
432.762543,       36.2501602173
433.132965,       35.8521728516
433.503326,       36.1541481018
433.873688,       35.9788436890
434.243958,       35.6700706482
434.614227,       34.8565177917
434.984467,       35.1439132690
435.354645,       34.3287124634
435.724792,       32.9169807434
436.094910,       31.7384719849
436.464996,       31.9730663300
436.835052,       33.8042449951
437.205048,       33.6928215027
437.575043,       34.8248901367
437.944977,       34.1831665039
438.314880,       34.1210250854
438.684753,       33.6973800659
439.054565,       32.6700134277
439.424377,       32.3898239136
439.794128,       31.8984546661
440.163849,       32.2745132446
440.533508,       33.8860435486
440.903198,       33.6594429016
441.272797,       33.8724594116
441.642334,       34.2325057983
442.011902,       34.3523483276
442.381409,       35.0876464844
442.750854,       35.0582084656
443.120300,       35.3344345093
443.489655,       35.3644218445
443.859039,       36.3437309265
444.228333,       36.1937103271
444.597626,       33.9417572021
444.966888,       34.1319999695
445.336060,       32.7173042297
445.705231,       32.4144439697
446.074402,       31.7508182526
446.443512,       31.6765689850
446.812531,       31.2763156891
447.181610,       30.2644939423
447.550568,       30.2603206635
447.919525,       30.1268005371
448.288483,       28.3818206787
448.657349,       28.4163627625
449.026154,       27.4788112640
449.394989,       27.3386631012
449.763763,       27.7976951599
450.132477,       27.0717926025
450.501190,       26.3235836029
450.869812,       25.7009239197
451.238464,       25.3434143066
451.607025,       24.4073657990
451.975586,       24.7194728851
452.344116,       25.1077651978
452.712585,       25.1735839844
453.081024,       25.2194023132
453.449463,       25.1804237366
453.817810,       25.2105445862
454.186127,       24.7594871521
454.554413,       42.0880279541
454.922668,       42.3590316772
455.290894,       41.5776138306
455.659088,       40.9331665039
456.027222,       40.4760475159
456.395325,       39.9646224976
456.763428,       39.6594734192
457.131439,       39.1182289124
457.499420,       38.2059745789
457.867371,       38.0682449341
458.235321,       37.8693771362
458.603210,       37.6165008545
458.971039,       37.5202369690
459.338867,       37.2068519592
459.706635,       36.4042854309
460.074371,       35.6074104309
460.442047,       34.9875411987
460.809753,       35.7117080688
461.177368,       35.4387588501
461.544952,       35.1766128540
461.912537,       34.8060188293
462.280029,       19.2703838348
462.647522,       18.6922683716
463.014984,       18.5432529449
463.382355,       18.6637840271
463.749725,       18.5968360901
464.117065,       18.4980068207
464.484344,       18.0474166870
464.851593,       17.6453552246
465.218842,       17.6216812134
465.586029,       17.5021896362
465.953156,       17.3527393341
466.320282,       17.0150432587
466.687317,       17.1326103210
467.054352,       17.0514297485
467.421356,       17.2342815399
467.788300,       17.1142177582
468.155243,       16.9955997467
468.522095,       15.5699758530
468.888947,       15.9480543137
469.255768,       16.0314521790
469.622559,       16.6071987152
469.989258,       16.6815204620
470.355988,       16.4819927216
470.722626,       16.4484825134
471.089233,       16.3380565643
471.455841,       16.4670524597
471.822388,       16.3201828003
472.188873,       16.3544750214
472.555389,       16.3423709869
472.921753,       16.2377052307
473.288208,       16.0510330200
473.654602,       15.8638687134
474.020874,       15.8976669312
474.387177,       15.3172311783
474.753387,       14.9182338715
475.119629,       14.4666433334
475.485809,       14.4833488464
475.851929,       14.2202568054
476.218018,       14.1489582062
476.584076,       13.8934268951
476.950104,       13.3853168488
477.316101,       12.7289581299
477.682037,       12.2835292816
478.047974,       12.0491142273
478.413818,       12.2103967667
478.779663,       12.2060861588
479.145477,       11.7973957062
479.511200,       11.7182426453
479.876953,       11.7318124771
480.242615,       11.7819299698
480.608276,       11.6278734207
480.973907,       11.4623765945
481.339417,       11.6802129745
481.704987,       11.6227636337
482.070465,       11.4719495773
482.435913,       11.5247545242
482.801331,       11.4946994781
483.166718,       11.3122453690
483.532043,       11.3724079132
483.897369,       11.5742893219
484.262634,       11.4487133026
484.627869,       11.4505643845
484.993073,       11.3270225525
485.358215,       11.3507566452
485.723297,       11.3023357391
486.088409,       11.1342887878
486.453461,       10.9040889740
486.818451,       10.7951736450
487.183411,       10.8202981949
487.548370,       10.6582212448
487.913239,       10.5535211563
488.278107,       10.4293317795
488.642883,       10.2806835175
489.007660,       10.0497980118
489.372437,        9.7972927094
489.737091,        9.6852388382
490.101746,        9.5415334702
490.466370,        9.4614667892
490.830963,        9.4959783554
491.195526,        9.2914943695
491.559998,        8.9611015320
491.924500,        8.7672567368
492.288940,        8.7190408707
492.653320,        8.7607231140
493.017670,        8.6571578979
493.382019,        8.5572309494
493.746277,        8.3676567078
494.110504,        8.2666063309
494.474731,        8.4407072067
494.838898,        8.4266548157
495.203033,        8.4180030823
495.567108,        8.3553743362
495.931122,        9.0346536636
496.295166,        9.0330276489
496.659149,        8.8366718292
497.023041,        8.8674201965
497.386963,        8.8574781418
497.750824,        8.8373889923
498.114624,        8.9388866425
498.478455,        8.9194459915
498.842163,        8.8862848282
499.205872,        8.8431921005
499.569580,        8.8480329514
499.933167,        8.8558139801
500.296753,        8.7627258301
500.660339,        8.8098907471
501.023834,        8.8198966980
501.387299,        8.7858724594
501.750763,        8.8106861115
502.114166,        8.6579494476
502.477509,        8.5377616882
502.840851,        8.5702114105
503.204102,        8.6928730011
503.567352,        8.0750093460
503.930573,        8.1504707336
504.293732,        8.1911134720
504.656860,        8.3016147614
505.019989,        8.5197639465
505.382996,        8.5448026657
505.746033,        8.5164794922
506.109009,        8.4912719727
506.471924,        8.4476203918
506.834839,        8.4274520874
507.197662,        8.3622493744
507.560486,        8.3956718445
507.923309,        8.3979759216
508.286041,        8.4173240662
508.648743,        8.4462509155
509.011414,        8.4428720474
509.373993,        8.4533672333
509.736633,        8.5255537033
510.099213,        8.5177593231
510.461731,        8.4251184464
510.824158,        8.3672304153
511.186615,        8.3645086288
511.548950,        8.2625312805
511.911346,        8.2982196808
512.273682,        8.2206783295
512.635925,        8.0640897751
512.998169,        8.0379772186
513.360352,        7.9597787857
513.722534,        8.1127614975
514.084717,        8.2742671967
514.446777,        8.3032083511
514.808777,        8.4236717224
515.170776,        8.3745670319
515.532776,        8.4921541214
515.894714,        8.4636430740
516.256592,        8.4552602768
516.618469,        9.2619190216
516.980286,        9.3865346909
517.342041,        9.3866987228
517.703735,        9.4445438385
518.065430,        9.6123657227
518.427185,        9.6539258957
518.788696,        9.6763048172
519.150330,        9.7077140808
519.511902,        9.8234586716
519.873291,        9.8462629318
520.234802,        9.9186191559
520.596252,        9.9547224045
520.957581,       10.0371026993
521.318970,        9.9119033813
521.680237,        9.8475027084
522.041565,        9.8926258087
522.402771,        9.9919824600
522.763977,       10.1035928726
523.125061,       10.0906448364
523.486206,       10.4565696716
523.847229,       10.5862703323
524.208252,        9.9379234314
524.569275,        9.8726282120
524.930237,        9.8790845871
525.291138,        9.9298458099
525.652100,        9.9388122559
526.012817,        9.9614849091
526.373657,       10.0593900681
526.734436,       10.0927495956
527.095093,       10.1633348465
527.455811,       10.2347593307
527.816528,       10.2687597275
528.177002,       10.3297319412
528.537598,       10.3733787537
528.898132,       10.4486513138
529.258606,       10.5067815781
529.619080,       10.5806980133
529.979431,       10.8420534134
530.339844,       10.7725038528
530.700134,       10.8074560165
531.060425,       10.6158447266
531.420654,       10.6351432800
531.780884,       10.8910675049
532.140991,       10.8831510544
532.501160,       10.8826675415
532.861267,       10.9756498337
533.221375,       10.9319744110
533.581299,       10.9100084305
533.941284,       10.9808940887
534.301208,       11.0442962646
534.661133,       10.9873390198
535.020996,       10.9998188019
535.380798,       11.0343952179
535.740540,       11.1430215836
536.100220,       11.1456584930
536.459900,       11.0864629745
536.819641,       11.0300750732
537.179260,       10.9837579727
537.538757,       10.7409267426
537.898376,       10.7548055649
538.257813,       10.7396621704
538.617249,       10.6590662003
538.976685,       10.6071319580
539.336121,       10.4742593765
539.695374,       10.4846868515
540.054688,       10.5716342926
540.413879,       10.5343389511
540.773132,       10.5290164948
541.132385,       10.5704679489
541.491516,       10.5793485641
541.850525,       10.6649551392
542.209595,       10.6416006088
542.568604,       10.7027416229
542.927612,       10.6825370789
543.286560,       10.5696086884
543.645386,       10.5732555389
544.004333,       10.6591310501
544.363098,       10.7281475067
544.721924,       10.8016061783
545.080688,       10.7886810303
545.439331,       10.9022979736
545.797974,       10.9166212082
546.156616,       11.1660327911
546.515137,       11.1626729965
546.873657,       11.1319046021
547.232239,       11.1827602386
547.590698,       11.1293029785
547.949097,       11.1469755173
548.307495,       11.1469621658
548.665833,       11.0893831253
549.024109,       11.0080919266
549.382385,       10.9526023865
549.740540,       11.0511865616
550.098755,       10.9777164459
550.456909,       10.9517774582
550.815002,       11.0174694061
551.173096,       10.9969158173
551.531128,       10.9546403885
551.888977,       10.9634885788
552.247009,       10.8802366257
552.604797,       11.0177726746
552.962708,       10.9958105087
553.320557,       11.0319080353
553.678345,       10.9364833832
554.036011,       10.9088134766
554.393738,       10.8860654831
554.751404,       10.8315200806
555.109009,       10.8287000656
555.466614,       10.7551660538
555.824158,       10.7256145477
556.181641,       10.8186378479
556.539063,       10.7987298965
556.896423,       10.7656164169
557.253845,       10.6470470428
557.611206,       10.7712221146
557.968445,       10.8005332947
558.325745,       10.7079257965
558.682922,       10.7157926559
559.040161,       10.6989994049
559.397278,       10.6463279724
559.754395,       10.7105712891
560.111389,       10.5243711472
560.468445,       10.4375486374
560.825378,       10.4128684998
561.182251,       10.3046474457
561.539185,       10.2952442169
561.896057,       10.2834539413
562.252869,       10.2978143692
562.609619,       10.2610979080
562.966309,       10.3098659515
563.323059,       10.2762308121
563.679688,       10.1897897720
564.036316,       10.1508769989
564.392822,       10.1612129211
564.749390,       10.1278543472
565.105835,        9.9998426437
565.462280,        9.9514369965
565.818726,        9.9623546600
566.175049,        9.9092187881
566.531372,        9.8573913574
566.887573,        9.8224229813
567.243896,        9.6887807846
567.600098,        9.6863384247
567.956299,        9.6430273056
568.312378,        9.5614070892
568.668457,        9.4873228073
569.024475,        9.4210405350
569.380493,        9.3672275543
569.736389,        9.3299493790
570.092346,        9.3694305420
570.448181,        9.3252468109
570.804077,        9.2788743973
571.159790,        9.2369165421
571.515564,        9.2160921097
571.871338,        9.1344442368
572.226929,        9.1123065948
572.582581,        9.0581064224
572.938171,        9.0012502670
573.293701,        8.9437761307
573.649231,        8.9115152359
574.004700,        8.9095830917
574.360107,        8.8803110123
574.715515,        8.8716354370
575.070801,        8.8661603928
575.426086,        8.7954845428
575.781433,        8.7318983078
576.136658,        8.6905221939
576.491821,        8.6641712189
576.846985,        8.6252231598
577.202026,        8.5717391968
577.557129,        8.5096817017
577.912109,        8.4237308502
578.267090,        8.4005002975
578.621948,        8.3782501221
578.976929,        8.3267688751
579.331726,        8.2381038666
579.686523,        8.3482751846
580.041321,        8.3192319870
580.396057,        8.3184165955
580.750732,        8.4389715195
581.105408,        8.3793544769
581.459961,        8.3093204498
581.814575,        8.2777795792
582.169067,        8.2591161728
582.523499,        8.1872243881
582.877991,        8.2087631226
583.232361,        8.2507114410
583.586731,        8.2656173706
583.941040,        8.2160997391
584.295349,        8.1954994202
584.649536,        8.2014122009
585.003784,        8.1438112259
585.357849,        8.2762660980
585.712036,        8.2666969299
586.066040,        8.2431230545
586.420166,        8.2723379135
586.774048,        8.2772483826
587.128052,        8.1077604294
587.481934,        8.0648984909
587.835815,        8.0228281021
588.189636,        7.8865857124
588.543396,        7.9087972641
588.897095,        7.9213762283
589.250732,        7.9080657959
589.604431,        7.8798952103
589.958069,        7.8473911285
590.311646,        7.8297548294
590.665161,        7.7929601669
591.018677,        7.8170685768
591.372070,        7.8687081337
591.725525,        7.8938951492
592.078857,        7.8420734406
592.432190,        7.8354215622
592.785461,        7.7724618912
593.138733,        7.7443666458
593.491821,        7.7361812592
593.845032,        7.7019662857
594.198181,        7.7600731850
594.551270,        7.8043913841
594.904236,        7.8049988747
595.257202,        7.8210668564
595.610168,        7.7843732834
595.963074,        7.7988848686
596.315979,        7.7876753807
596.668823,        7.8038492203
597.021606,        7.9450645447
597.374268,        7.9452753067
597.726990,        7.9782853127
598.079651,        7.9802870750
598.432312,        7.9670219421
598.784851,        7.9037265778
599.137390,        7.8989648819
599.489868,        7.9911618233
599.842285,        7.9734907150
600.194702,        7.8544936180
600.547119,        7.8269133568
600.899414,        7.7904038429
601.251648,        7.7565774918
601.603882,        7.6610145569
601.956116,        7.6275572777
602.308289,        7.6229548454
602.660400,        7.5955891609
603.012451,        7.6044940948
603.364441,        7.5304231644
603.716370,        7.5006909370
604.068359,        7.5739688873
604.420288,        7.4710130692
604.772156,        7.4504280090
605.123962,        7.3937258720
605.475708,        7.3626570702
605.827515,        7.3207697868
606.179138,        7.3320374489
606.530884,        7.3392381668
606.882385,        7.2321205139
607.233948,        7.3054747581
607.585449,        7.3261723518
607.936951,        7.3386154175
608.288452,        7.3817124367
608.639893,        7.4047126770
608.991150,        7.4318623543
609.342468,        7.4361138344
609.693726,        7.5331301689
610.044983,        7.5040154457
610.396240,        7.4859132767
610.747314,        7.5027389526
611.098389,        7.5171799660
611.449463,        7.4008440971
611.800476,        7.3573360443
612.151489,        7.3757944107
612.502441,        7.3458065987
612.853271,        7.3269972801
613.204102,        7.2975807190
613.554932,        7.3179879189
613.905701,        7.3484869003
614.256470,        7.3393940926
614.607178,        7.2631330490
614.957764,        7.3068103790
615.308350,        7.3141694069
615.658875,        7.2421736717
616.009399,        7.1914949417
616.359924,        7.1988186836
616.710327,        7.1715703011
617.060669,        7.0692739487
617.411011,        7.0504298210
617.761292,        7.0555701256
618.111572,        7.0562510490
618.461853,        7.0107913017
618.812012,        7.0531420708
619.162109,        7.0638575554
619.512146,        7.0206246376
619.862183,        7.0303344727
620.212219,        7.0524716377
620.562195,        7.0175366402
620.912048,        6.9740386009
621.261963,        6.9268555641
621.611755,        6.9430470467
621.961548,        6.9249672890
622.311340,        6.8541736603
622.661072,        6.8758649826
623.010681,        6.8848595619
623.360229,        6.9341497421
623.709839,        6.9292106628
624.059387,        6.9096169472
624.408936,        6.8843045235
624.758423,        6.8924555779
625.107727,        6.8436579704
625.457031,        6.8066320419
625.806458,        6.8182253838
626.155762,        6.8335747719
626.504944,        6.7970528603
626.854126,        6.8336472511
627.203308,        6.8222217560
627.552368,        6.8052225113
627.901428,        6.8601436615
628.250488,        6.8551735878
628.599487,        6.8277635574
628.948364,        6.8210644722
629.297241,        6.8158907890
629.646118,        6.8159947395
629.994934,        6.7704401016
630.343689,        6.7542033195
630.692444,        6.6990113258
631.041077,        6.6899666786
631.389648,        6.8039784431
631.738281,        6.8116507530
632.086853,        6.8435354233
632.435364,        6.8919072151
632.783875,        7.0350875854
633.132263,        7.0278534889
633.480591,        6.9447770119
633.828918,        6.9485745430
634.177246,        6.9386372566
634.525513,        6.9372787476
634.873657,        6.9150762558
635.221863,        6.8873896599
635.569946,        6.8724579811
635.918030,        6.8286290169
636.266052,        6.7920870781
636.614136,        6.9423117638
636.962036,        6.9429717064
637.309937,        6.9154968262
637.657776,        6.9433107376
638.005615,        7.0346250534
638.353394,        7.0269541740
638.701111,        6.8959383965
639.048767,        6.8540110588
639.396423,        6.8233385086
639.743958,        6.7799797058
640.091614,        6.6359252930
640.439087,        6.6578836441
640.786560,        6.6776595116
641.133972,        6.6718807220
641.481323,        6.6820898056
641.828735,        6.6723165512
642.176025,        6.6924939156
642.523315,        6.6541013718
642.870483,        6.6952214241
643.217651,        6.7038445473
643.564758,        6.7509026527
643.911804,        6.5830731392
644.258911,        6.8237023354
644.605896,        6.8563342094
644.952820,        6.8091964722
645.299683,        6.7545266151
645.646606,        6.7507982254
645.993469,        6.7585682869
646.340210,        6.7719974518
646.687012,        6.7501492500
647.033630,        6.7867884636
647.380249,        6.7911443710
647.726868,        6.7340650558
648.073425,        6.6972637177
648.419983,        6.6774926186
648.766418,        6.6021189690
649.112854,        6.5790305138
649.459229,        6.5550408363
649.805603,        6.5630412102
650.151855,        6.5397329330
650.498169,        6.5082492828
650.844360,        6.4313278198
651.190552,        6.4378566742
651.536621,        6.1431536674
651.882751,        6.1187286377
652.228760,        6.1299009323
652.574829,        6.0690970421
652.920715,        6.0361113548
653.266602,        6.0350718498
653.612488,        6.0706491470
653.958252,        6.1007142067
654.304077,        6.0413436890
654.649841,        6.0400934219
654.995483,        6.0426387787
655.341064,        6.0456185341
655.686707,        6.4073286057
656.032288,        6.4453969002
656.377808,        6.4451651573
656.723267,        6.4289169312
657.068726,        6.4293489456
657.414063,        6.4123220444
657.759399,        6.5049304962
658.104736,        6.5642819405
658.449951,        6.6051626205
658.795166,        6.6224021912
659.140381,        6.6517243385
659.485474,        6.6800394058
659.830505,        6.7045507431
660.175598,        6.7338337898
660.520569,        6.7466340065
660.865479,        6.7021355629
661.210327,        6.6717529297
661.555237,        6.6803483963
661.900085,        6.6701769829
662.244812,        6.6946716309
662.589539,        6.6680736542
662.934265,        6.3361034393
663.278809,        6.3232789040
663.623413,        6.3381471634
663.968018,        6.3758344650
664.312500,        6.3749394417
664.656921,        6.3773603439
665.001343,        6.3028059006
665.345703,        6.2658710480
665.690063,        6.2251863480
666.034302,        6.2598524094
666.378662,        6.2190685272
666.722778,        6.1982707977
667.066895,        6.1619267464
667.410950,        6.1154775620
667.755066,        6.0488576889
668.099121,        6.0253648758
668.443054,        6.0024108887
668.786987,        6.0010728836
669.130798,        5.9817280769
669.474731,        5.9610614777
669.818481,        6.0071425438
670.162292,        6.0046162605
670.506042,        5.9831914902
670.849670,        5.9526686668
671.193176,        5.9525384903
671.536804,        5.9499835968
671.880371,        5.9507489204
672.223816,        5.9513812065
672.567261,        5.9594779015
672.910645,        5.9374713898
673.254028,        5.8826732635
673.597290,        5.8723950386
673.940613,        5.8331737518
674.283875,        5.8668317795
674.626953,        5.8897500038
674.970093,        5.9104719162
675.313232,        5.9602355957
675.656250,        6.0387930870
675.999268,        6.0807642937
676.342224,        6.1258487701
676.685120,        6.1762089729
677.027893,        6.1361064911
677.370789,        6.1240506172
677.713562,        6.1196212769
678.056335,        6.1850352287
678.398987,        6.2154464722
678.741577,        6.2293777466
679.084167,        6.2268199921
679.426758,        6.2352881432
679.769287,        6.2218384743
680.111755,        6.2794127464
680.454163,        6.3949384689
680.796509,        6.4258294106
681.138794,        6.4423093796
681.481140,        6.4459762573
681.823364,        6.4451432228
682.165588,        6.4795002937
682.507751,        6.4319624901
682.849792,        6.3697156906
683.191833,        6.3249816895
683.533875,        6.2950305939
683.875854,        6.2313690186
684.217834,        6.2590875626
684.559692,        6.2633728981
684.901428,        6.4185352325
685.243286,        6.4090394974
685.585022,        6.3745155334
685.926819,        6.3821182251
686.268372,        6.3561549187
686.609985,        6.3914351463
686.951538,        6.4434819221
687.293091,        6.4049491882
687.634583,        6.3530354500
687.976013,        6.3495121002
688.317322,        6.3568310738
688.658630,        6.3708820343
689.000000,        6.3700041771
689.341248,        6.3711853027
689.682495,        6.4508385658
690.023682,        6.4847559929
690.364746,        6.5232114792
690.705811,        6.6145887375
691.046814,        6.6728444099
691.387817,        6.7356929779
691.728760,        6.7676992416
692.069702,        6.7485275269
692.410522,        6.8619976044
692.751282,        6.9078578949
693.092102,        6.9533967972
693.432800,        7.0753974915
693.773499,        7.1096963882
694.114075,        7.1458044052
694.454651,        7.2354340553
694.795105,        7.3101372719
695.135620,        7.4553275108
695.476135,        7.5684571266
695.816528,        7.7156009674
696.156799,        7.8688912392
696.497131,        8.0209751129
696.837402,        8.1190013885
697.177612,        8.3271217346
697.517822,        8.4732475281
697.857971,        8.5660514832
698.197937,        8.7587718964
698.538025,        8.8938531876
698.877991,        9.1079921722
699.217957,        9.2725381851
699.557922,        9.3414430618
699.897705,        9.5384483337
700.237549,        9.7398576736
700.577271,        9.9137973785
700.916992,       10.1515407562
701.256653,       10.4015712738
701.596313,       10.5930299759
701.935852,       10.8358917236
702.275391,       11.0356693268
702.614868,       11.3963546753
702.954346,       11.5883235931
703.293701,       11.8195552826
703.633118,       12.1037225723
703.972412,       12.3791065216
704.311646,       12.5992956161
704.650818,       12.8522291183
704.990051,       13.1157264709
705.329163,       13.3369178772
705.668274,       13.7315511703
706.007263,       13.9050273895
706.346252,       14.1493635178
706.685181,       14.4237670898
707.024109,       14.6488771439
707.362976,       14.9460372925
707.701721,       15.2505283356
708.040527,       15.4707622528
708.379211,       15.7197523117
708.717896,       16.0284538269
709.056519,       16.3028621674
709.395142,       16.5302448273
709.733582,       16.6989479065
710.072144,       16.9766311646
710.410522,       17.2192077637
710.748962,       17.4093894958
711.087341,       17.6719627380
711.425598,       17.9609603882
711.763855,       18.2948322296
712.102051,       18.7091140747
712.440247,       19.0030574799
712.778320,       19.1531333923
713.116455,       19.4954967499
713.454468,       19.7649345398
713.792419,       20.0937290192
714.130310,       20.4129486084
714.468262,       20.6818962097
714.806091,       20.9372005463
715.143921,       21.3060665131
715.481628,       21.5894317627
715.819397,       21.9156761169
716.156982,       22.2140483856
716.494629,       22.5940475464
716.832214,       22.8964023590
717.169739,       23.2978248596
717.507202,       23.6106472015
717.844543,       24.0081176758
718.182007,       24.3161716461
718.519348,       24.5963878632
718.856689,       24.8768424988
719.193970,       25.1001987457
719.531067,       25.4653892517
719.868164,       25.8171253204
720.205322,       26.1004486084
720.542419,       26.4165821075
720.879456,       26.6849880219
721.216431,       26.9847984314
721.553345,       27.2894134521
721.890198,       27.6150665283
722.227051,       27.8563861847
722.563782,       28.2275352478
722.900635,       28.5358543396
723.237244,       28.8385772705
723.573914,       29.1500473022
723.910461,       29.4687099457
724.247070,       29.6405677795
724.583557,       29.9325370789
724.920044,       30.2068977356
725.256409,       30.5138378143
725.592773,       30.7975177765
725.929077,       31.0042743683
726.265442,       31.2754592896
726.601685,       31.8307762146
726.937866,       32.1538314819
727.273987,       32.4528160095
727.609985,       32.7488212585
727.946045,       33.0594902039
728.282043,       33.3745956421
728.618042,       33.6892433167
728.953979,       33.9342651367
729.289795,       34.2346725464
729.625610,       34.4441146851
729.961426,       34.7411079407
730.297119,       35.0943489075
730.632813,       35.3383941650
730.968384,       35.5972747803
731.304016,       35.8689689636
731.639465,       36.1802101135
731.974976,       36.4163627625
732.310425,       36.6621284485
732.645874,       36.9166297913
732.981201,       37.2229499817
733.316467,       37.4551582336
733.651733,       37.4129943848
733.986938,       37.6270561218
734.322144,       37.8737792969
734.657288,       38.1457557678
734.992310,       38.3648948669
735.327271,       38.7058753967
735.662292,       38.9930000305
735.997253,       39.2343635559
736.332092,       39.5527763367
736.666931,       39.8385391235
737.001709,       40.0685691833
737.336426,       40.2243118286
737.671143,       40.4231834412
738.005798,       40.5791778564
738.340393,       40.7913131714
738.674988,       41.0552368164
739.009399,       41.2855148315
739.343933,       41.5415458679
739.678345,       41.7229461670
740.012756,       41.9295196533
740.347046,       42.0590896606
740.681274,       42.2145080566
741.015503,       42.3427619934
741.349731,       42.4963340759
741.683838,       42.6400833130
742.017944,       42.8402671814
742.351929,       42.9439735413
742.685974,       43.0475349426
743.019897,       43.2418403625
743.353821,       43.3084487915
743.687622,       43.4101257324
744.021484,       43.5350227356
744.355225,       43.6609039307
744.688965,       43.8010215759
745.022583,       44.0093612671
745.356201,       44.2058639526
745.689819,       44.2905235291
746.023376,       44.3806457520
746.356812,       44.4455947876
746.690186,       44.5755462646
747.023621,       44.7249336243
747.356934,       44.9076995850
747.690247,       45.0835266113
748.023499,       45.2846450806
748.356689,       45.4778099060
748.689758,       45.5325317383
749.022888,       45.6649093628
749.355957,       45.7216720581
749.688965,       45.8066062927
750.021912,       45.9193382263
750.354858,       46.0089874268
750.687683,       46.1934738159
751.020447,       46.2964553833
751.353271,       46.3556442261
751.686035,       46.4074821472
752.018677,       46.4267654419
752.351257,       46.4630622864
752.683838,       46.5238914490
753.016357,       46.5921516418
753.348877,       46.6432647705
753.681396,       46.7205505371
754.013672,       46.8170700073
754.346008,       46.9542770386
754.678345,       46.8929748535
755.010559,       46.8675537109
755.342834,       46.9130859375
755.674988,       47.0057868958
756.007080,       47.0191764832
756.339050,       47.0795440674
756.671082,       47.0877304077
757.003052,       47.0913772583
757.335022,       47.1232032776
757.666870,       47.2172164917
757.998657,       47.2675666809
758.330444,       47.4036026001
758.662170,       47.4699707031
758.993896,       47.5607376099
759.325562,       47.5769653320
759.657043,       47.6283111572
759.988586,       47.6498260498
760.320129,       47.6780357361
760.651489,       47.7691879272
760.982971,       47.7847671509
761.314331,       47.7805938721
761.645569,       47.8669357300
761.976807,       47.9718322754
762.308044,       47.9393386841
762.639160,       47.9914894104
762.970276,       47.9933815002
763.301331,       47.9780273438
763.632385,       48.0871009827
763.963257,       48.2142944336
764.294250,       48.2526702881
764.625122,       48.1818351746
764.955933,       48.3615989685
765.286743,       48.2982406616
765.617432,       48.3840065002
765.948120,       48.3714981079
766.278748,       48.4478034973
766.609314,       48.5479125977
766.939880,       48.5684700012
767.270325,       48.5831718445
767.600708,       48.4899978638
767.931152,       48.4634323120
768.261536,       48.4264144897
768.591858,       48.4218254089
768.922119,       48.4041023254
769.252258,       48.4837417603
769.582397,       48.5117187500
769.912537,       48.5696220398
770.242615,       48.6646461487
770.572632,       48.6258430481
770.902588,       48.5583610535
771.232483,       48.6776466370
771.562256,       48.6153526306
771.892151,       48.3773117065
772.221863,       48.3945732117
772.551697,       48.3879013062
772.881287,       48.4443283081
773.210938,       48.3937759399
773.540466,       48.3166542053
773.870056,       48.3786926270
774.199463,       48.4315528870
774.528992,       48.6607894897
774.858337,       48.7157020569
775.187622,       48.7392044067
775.516968,       48.7549972534
775.846191,       48.7523612976
776.175415,       48.6473846436
776.504578,       48.5832824707
776.833618,       48.6226692200
777.162598,       48.6085281372
777.491638,       48.5828552246
777.820618,       48.5562973022
778.149536,       48.4352455139
778.478394,       48.4678916931
778.807190,       48.5357017517
779.135864,       48.5958213806
779.464600,       48.5653724670
779.793335,       48.4479026794
780.121948,       48.4801712036
780.450439,       48.4346542358
780.778931,       48.4480781555
781.107422,       48.4278793335
781.435913,       48.2923507690
781.764282,       48.2495498657
782.092651,       48.2158050537
782.420837,       48.2387619019
782.749023,       48.2244720459
783.077209,       48.2942161560
783.405396,       48.3440361023
783.733521,       48.2784309387
784.061462,       48.2962989807
784.389465,       48.3746948242
784.717346,       48.4136772156
785.045288,       48.4293746948
785.373108,       48.3728065491
785.700928,       48.2976036072
786.028625,       48.1610336304
786.356384,       48.1393547058
786.683960,       48.2406578064
787.011536,       48.2432975769
787.339111,       48.2842521667
787.666687,       48.2024421692
787.994019,       48.1905746460
788.321411,       48.1562004089
788.648804,       48.1550407410
788.976135,       48.1028099060
789.303406,       48.1141014099
789.630615,       48.1488227844
789.957703,       48.1319999695
790.284851,       48.1361885071
790.611877,       48.1462249756
790.938904,       48.0398139954
791.265930,       48.0068168640
791.592773,       48.0490531921
791.919678,       48.0673789978
792.246460,       48.0705871582
792.573242,       48.1027641296
792.899963,       48.2436256409
793.226685,       48.2541656494
793.553284,       48.1857032776
793.879822,       48.1957550049
794.206299,       48.1580200195
794.532776,       48.1694374084
794.859253,       48.2620697021
795.185669,       48.3046455383
795.511902,       48.2974395752
795.838196,       48.3784637451
796.164490,       48.3293571472
796.490601,       48.3299713135
796.816833,       48.3145256042
797.142883,       48.3382415771
797.468933,       48.3145790100
797.794861,       48.4166564941
798.120789,       48.4454269409
798.446716,       48.4395904541
798.772583,       48.4555587769
799.098328,       48.5166740417
799.424072,       48.5816421509
799.749756,       48.5513076782
800.075439,       48.5158462524
800.401001,       48.5434684753
800.726624,       48.5023880005
801.052063,       48.6510848999
801.377441,       48.6261634827
801.702881,       48.5731735229
802.028198,       48.5913352966
802.353516,       48.7572860718
802.678833,       48.7764778137
803.004028,       48.7837677002
803.329102,       48.7932548523
803.654236,       48.7539978027
803.979248,       48.8016815186
804.304321,       48.8179168701
804.629272,       48.7804489136
804.954163,       48.7295532227
805.278931,       48.6816177368
805.603821,       48.7184829712
805.928589,       48.6962623596
806.253357,       48.6865310669
806.577942,       48.6491394043
806.902588,       48.7180595398
807.227112,       48.7314987183
807.551575,       48.8049316406
807.876099,       48.7706985474
808.200500,       48.9258270264
808.524841,       48.9132881165
808.849121,       48.9080924988
809.173401,       48.7558708191
809.497620,       48.7644882202
809.821838,       48.8563041687
810.145996,       48.8101196289
810.469971,       48.9395599365
810.793945,       48.8749008179
811.117981,       48.9088325500
811.441956,       48.9440727234
811.765808,       49.0315513611
812.089600,       49.0102844238
812.413391,       48.9837837219
812.737061,       48.9445762634
813.060730,       48.9217147827
813.384338,       49.0283317566
813.708008,       48.9644966125
814.031433,       49.0123634338
814.354919,       48.9152145386
814.678345,       48.8279418945
815.001709,       48.7893867493
815.325073,       48.7736701965
815.648376,       48.7116737366
815.971558,       48.7380714417
816.294678,       48.7389068604
816.617798,       48.6844978333
816.940918,       48.6839141846
817.263977,       48.6326828003
817.586853,       48.6861839294
817.909851,       48.6696586609
818.232727,       48.6455307007
818.555542,       48.5919761658
818.878296,       48.6326980591
819.201050,       48.6595191956
819.523682,       48.7958793640
819.846375,       48.8016052246
820.168884,       48.8157463074
820.491455,       48.8387031555
820.813904,       48.8293342590
821.136353,       48.9445152283
821.458740,       49.0943031311
821.781128,       49.0113677979
822.103333,       49.0981712341
822.425598,       49.2293395996
822.747803,       49.1744155884
823.069824,       49.1305122375
823.391968,       49.1786079407
823.713989,       49.2791824341
824.035950,       49.4203186035
824.357849,       49.3628959656
824.679810,       49.3623161316
825.001587,       49.3659896851
825.323425,       49.3832817078
825.645142,       49.4104423523
825.966736,       49.3874053955
826.288391,       49.3007926941
826.610046,       49.2858161926
826.931458,       49.1689224243
827.253052,       49.2030754089
827.574402,       49.2297515869
827.895813,       49.2391586304
828.217163,       49.1637954712
828.538391,       49.1693458557
828.859619,       49.1176681519
829.180786,       49.0477676392
829.501953,       49.1803054810
829.822998,       49.2382926941
830.144043,       49.2708396912
830.464966,       49.2203369141
830.785950,       49.0775184631
831.106812,       49.1025657654
831.427673,       49.0608520508
831.748474,       49.0148429871
832.069214,       49.0589027405
832.389771,       49.0549736023
832.710449,       49.0541801453
833.031067,       49.1011810303
833.351563,       49.0791740417
833.672058,       49.0843849182
833.992371,       49.0319938660
834.312805,       48.9877853394
834.633179,       48.9223556519
834.953369,       48.8423385620
835.273621,       48.8886260986
835.593811,       48.8893241882
835.913940,       48.9082984924
836.234009,       48.8240127563
836.554077,       48.8383865356
836.874023,       48.9110183716
837.193909,       48.8739471436
837.513794,       48.8479804993
837.833618,       48.8215408325
838.153381,       48.8817977905
838.473145,       48.9285850525
838.792786,       48.8637771606
839.112366,       48.8503417969
839.432007,       48.8844985962
839.751465,       48.8686065674
840.070984,       48.8737602234
840.390381,       48.9730186462
840.709656,       49.0275917053
841.028992,       49.1508674622
841.348267,       49.1932640076
841.667480,       49.2511405945
841.986633,       49.2330970764
842.305725,       49.2953186035
842.624817,       49.2734451294
842.943848,       49.2640037537
843.262756,       49.2907295227
843.581665,       49.1529922485
843.900574,       49.1871261597
844.219360,       49.2732810974
844.538147,       49.3633384705
844.856812,       49.4206657410
845.175415,       49.4465293884
845.494080,       49.4650192261
845.812683,       49.4420166016
846.131104,       49.4663696289
846.449585,       49.4917945862
846.768005,       49.5954170227
847.086304,       49.5651359558
847.404663,       49.6636924744
847.722839,       49.4918632507
848.041077,       49.4474067688
848.359192,       49.4855461121
848.677246,       49.5112762451
848.995361,       49.4586448669
849.313354,       49.3853492737
849.631226,       49.4331970215
849.949158,       49.4330902100
850.267029,       49.5130729675
850.584778,       49.5269584656
850.902527,       49.5601081848
851.220276,       49.4721565247
851.537842,       49.4485397339
851.855469,       49.3720283508
852.173035,       49.3597259521
852.490417,       49.4616012573
852.807861,       49.4149780273
853.125305,       49.5057678223
853.442627,       49.4127655029
853.759888,       49.3301544189
854.077087,       49.2060165405
854.394287,       49.3391609192
854.711426,       49.3961791992
855.028442,       49.3380851746
855.345459,       49.3950843811
855.662537,       49.4198303223
855.979370,       49.5300102234
856.296265,       49.5457839966
856.613098,       49.4921417236
856.929871,       49.4343566895
857.246582,       49.4198760986
857.563232,       49.4185981750
857.879822,       49.4490699768
858.196411,       49.4232788086
858.512939,       49.4308204651
858.829346,       49.4761428833
859.145813,       49.4781112671
859.462158,       49.4492454529
859.778442,       49.4081840515
860.094666,       49.4271202087
860.410889,       49.5089454651
860.726990,       49.5128707886
861.043152,       49.4516296387
861.359192,       49.4420127869
861.675232,       49.4307174683
861.991150,       49.3475418091
862.307007,       49.4216957092
862.622864,       49.4229850769
862.938660,       49.4152488708
863.254333,       49.4486999512
863.570068,       49.4109878540
863.885742,       49.5638923645
864.201233,       49.4917221069
864.516846,       49.4695472717
864.832336,       49.4606437683
865.147766,       49.5197143555
865.463135,       49.5176010132
865.778503,       49.4605331421
866.093750,       49.4571228027
866.408997,       49.4518318176
866.724182,       49.4859619141
867.039246,       49.5068969727
867.354309,       49.5352363586
867.669312,       49.5428619385
867.984314,       49.5430297852
868.299194,       49.6193542480
868.614075,       49.6905059814
868.928833,       49.6580543518
869.243652,       49.5165634155
869.558289,       49.5185661316
869.872986,       49.5130729675
870.187622,       49.5117111206
870.502136,       49.3589935303
870.816650,       49.2997550964
871.131165,       49.3735771179
871.445496,       49.3718757629
871.759827,       49.4026527405
872.074158,       49.3723526001
872.388367,       49.3924903870
872.702576,       49.4247360229
873.016785,       49.4079551697
873.330750,       49.3973312378
873.644897,       49.4180259705
873.958801,       49.4240341187
874.272705,       49.4132919312
874.586670,       49.4155502319
874.900452,       49.3262939453
875.214172,       49.2822914124
875.527954,       49.2448692322
875.841614,       49.3628540039
876.155273,       49.3229980469
876.468811,       49.2946662903
876.782288,       49.3327903748
877.095764,       49.3286476135
877.409241,       49.3540458679
877.722534,       49.3736763000
878.035889,       49.4640998840
878.349121,       49.4900436401
878.662292,       49.4713325500
878.975464,       49.4414939880
879.288574,       49.5556488037
879.601624,       49.5689506531
879.914612,       49.5604934692
880.227600,       49.4923896790
880.540405,       49.4284553528
880.853271,       49.3997192383
881.166016,       49.3936500549
881.478821,       49.4172897339
881.791504,       49.4087677002
882.104065,       49.4451675415
882.416626,       49.3785362244
882.729187,       49.3510780334
883.041626,       49.4323539734
883.354065,       49.4604492188
883.666443,       49.4736366272
883.978760,       49.4234161377
884.291016,       49.4625053406
884.603271,       49.4140930176
884.915344,       49.3638610840
885.227539,       49.4286460876
885.539551,       49.4658927917
885.851501,       49.3853034973
886.163513,       49.2824478149
886.475464,       49.2582778931
886.787231,       49.2810707092
887.099060,       49.2980804443
887.410767,       49.2530212402
887.722412,       49.2540931702
888.034119,       49.2034606934
888.345642,       49.1762199402
888.657227,       49.1173744202
888.968689,       49.2135810852
889.280090,       49.1778564453
889.591492,       49.1644821167
889.902832,       49.1977081299
890.213989,       49.1637306213
890.525269,       49.2348403931
890.836487,       49.1217575073
891.147522,       49.2132453918
891.458618,       52.7306671143
891.769653,       52.7005729675
892.080566,       52.7098770142
892.391479,       52.7009506226
892.702332,       52.7064666748
893.013123,       52.7867202759
893.323853,       52.7718353271
893.634521,       52.7682113647
893.945129,       52.9253616333
894.255798,       52.9404869080
894.566223,       53.0011062622
894.876770,       53.1112861633
895.187195,       53.1518211365
895.497498,       53.1157913208
895.807861,       53.2298431396
896.118164,       53.2176666260
896.428345,       53.1901473999
896.738525,       53.2968177795
897.048645,       53.2761993408
897.358643,       53.3017807007
897.668701,       53.2971878052
897.978638,       49.6147537231
898.288513,       49.5202827454
898.598389,       49.5510292053
898.908142,       49.5128097534
899.217896,       49.5639648438
899.527588,       49.5828170776
899.837219,       49.5684967041
900.146790,       49.7587547302
900.456360,       49.7277488708
900.765747,       49.7312660217
901.075195,       49.7931251526
901.384583,       49.7594375610
901.693848,       49.7299423218
902.003174,       49.6915473938
902.312378,       49.7292404175
902.621460,       49.6858520508
902.930603,       49.6840705872
903.239685,       49.6220512390
903.548645,       49.6634407043
903.857605,       49.6353912354
904.166504,       49.5622978210
904.475281,       49.5128555298
904.784058,       49.6020355225
905.092896,       49.5321617126
905.401489,       49.5878982544
905.710144,       49.5652847290
906.018738,       49.5292167664
906.327209,       49.5659065247
906.635681,       49.4944419861
906.944031,       49.4413604736
907.252441,       49.4651336670
907.560730,       49.3394966125
907.869019,       49.3091964722
908.177185,       49.3281440735
908.485352,       49.4027328491
908.793396,       49.4844360352
909.101501,       49.5393104553
909.409485,       49.5812721252
909.717407,       49.5494613647
910.025269,       49.5337181091
910.333130,       49.6476097107
910.640869,       49.6542549133
910.948608,       49.6378288269
911.256287,       49.6284561157
911.563843,       49.5648345947
911.871399,       49.4805145264
912.178955,       49.5713310242
912.486389,       49.6381797791
912.793823,       49.6546821594
913.101135,       49.6851081848
913.408386,       49.6273803711
913.715637,       49.6553764343
914.022827,       49.8079566956
914.329956,       49.8342437744
914.637085,       49.9014816284
914.944031,       49.8615608215
915.251038,       49.7296524048
915.557983,       49.7643814087
915.864807,       49.7639312744
916.171631,       49.7868728638
916.478455,       49.7792243958
916.785095,       49.8026771545
917.091736,       49.6775970459
917.398376,       49.8503837585
917.704834,       49.8457450867
918.011414,       49.8800277710
918.317810,       49.9535331726
918.624207,       49.9389190674
918.930542,       49.8661308289
919.236816,       49.7992591858
919.542969,       49.6754455566
919.849182,       49.7219429016
920.155273,       49.7026748657
920.461304,       49.7752571106
920.767334,       49.7880821228
921.073242,       49.7036705017
921.379211,       49.8155517578
921.685059,       49.8813476563
921.990784,       49.7665290833
922.296570,       49.7016868591
922.602295,       49.7089653015
922.907898,       49.9770660400
923.213440,       49.9152717590
923.518982,       50.0717086792
923.824463,       49.8163490295
924.129883,       49.8698387146
924.435242,       49.9520339966
924.740540,       49.9477081299
925.045776,       49.9783859253
925.351013,       50.0331764221
925.656128,       50.0885772705
925.961243,       50.1607551575
926.266235,       50.1967353821
926.571167,       50.3204116821
926.876160,       50.1842689514
927.181030,       50.2234687805
927.485840,       50.2571563721
927.790588,       50.1929092407
928.095276,       50.1175270081
928.399963,       50.3812484741
928.704590,       50.4107666016
929.009094,       50.5867652893
929.313599,       50.4960289001
929.618103,       50.5736465454
929.922424,       50.5982933044
930.226807,       50.6395263672
930.531067,       50.5663261414
930.835266,       50.6033973694
931.139465,       50.5992660522
931.443542,       50.6190071106
931.747620,       50.6209297180
932.051697,       50.6013526917
932.355652,       50.4756278992
932.659485,       50.4645538330
932.963379,       50.2225761414
933.267090,       50.3016662598
933.570801,       50.2481994629
933.874573,       50.1987762451
934.178162,       50.1725006104
934.481689,       50.2539138794
934.785278,       50.0237998962
935.088745,       49.9916000366
935.392151,       49.8544731140
935.695496,       49.6783981323
935.998779,       49.4916229248
936.302063,       49.4558219910
936.605225,       49.6025886536
936.908386,       49.7388839722
937.211426,       49.6658325195
937.514465,       49.6939201355
937.817444,       49.4743804932
938.120422,       49.5038948059
938.423279,       49.5286407471
938.726013,       49.7014312744
939.028809,       49.7037086487
939.331482,       49.8945198059
939.634155,       49.8291816711
939.936768,       49.8505134583
940.239258,       49.9168014526
940.541809,       49.8965530396
940.844238,       49.9165649414
941.146606,       49.9418296814
941.448914,       49.9714660645
941.751221,       50.0287399292
942.053345,       50.0496749878
942.355530,       50.0949249268
942.657654,       50.0210037231
942.959656,       50.1028785706
943.261658,       50.0124855042
943.563599,       50.0269775391
943.865479,       50.1048011780
944.167358,       50.1128501892
944.469177,       50.0539169312
944.770813,       50.0599670410
945.072510,       50.0229759216
945.374084,       50.0259742737
945.675659,       49.8821601868
945.977173,       49.9464874268
946.278564,       49.9990272522
946.580017,       49.9960784912
946.881348,       49.9273986816
947.182617,       49.8715209961
947.483826,       49.7917785645
947.785034,       49.7851028442
948.086060,       49.7332649231
948.387207,       49.7725639343
948.688232,       49.8038482666
948.989075,       49.9015998840
949.290039,       49.6957588196
949.590942,       49.6961174011
949.891663,       49.7518997192
950.192444,       49.5946998596
950.493164,       49.7203369141
950.793701,       49.7158889771
951.094299,       49.6842002869
951.394836,       49.7532501221
951.695251,       50.4866485596
951.995667,       50.5861396790
952.295959,       50.5416336060
952.596313,       50.4827194214
952.896545,       50.6328887939
953.196716,       50.6878929138
953.496826,       50.6683158875
953.796936,       50.6891326904
954.096863,       50.6772270203
954.396912,       50.8212623596
954.696777,       50.8244018555
954.996643,       50.9155464172
955.296448,       51.0013885498
955.596191,       51.1166763306
955.895813,       51.2217292786
956.195496,       51.2492790222
956.495117,       51.5056915283
956.794556,       51.6195640564
957.094055,       51.5224800110
957.393494,       51.8111419678
957.692810,       51.8395118713
957.992126,       51.1780967712
958.291321,       51.0489692688
958.590637,       51.0689315796
958.889709,       51.1421623230
959.188782,       50.9662284851
959.487793,       51.0048255920
959.786804,       51.0185890198
960.085693,       51.0630378723
960.384460,       51.2154235840
960.683472,       51.1203308105
960.982056,       51.1691932678
961.280823,       51.2944297791
961.579407,       51.2588577271
961.877930,       51.1431999207
962.176575,       51.1958198547
962.474915,       50.9602470398
962.773376,       50.8786392212
963.071777,       50.8660240173
963.370056,       50.9445800781
963.668335,       50.6658782959
963.966431,       50.6504516602
964.264709,       50.5600738525
964.562744,       50.7897377014
964.860718,       50.8956985474
965.158691,       50.9415855408
965.456543,       51.0536270142
965.754578,       51.2417068481
966.052307,       51.4748649597
966.350037,       51.5167427063
966.647705,       51.3760032654
966.945251,       51.5140647888
967.243042,       51.4541625977
967.540405,       51.0611305237
967.837952,       51.0883560181
968.135376,       51.3279685974
968.432739,       51.4870109558
968.730042,       51.7042083740
969.027222,       51.7395973206
969.324524,       51.6268424988
969.621521,       51.6686019897
969.918701,       51.7627182007
970.215698,       51.6811676025
970.512573,       51.7587776184
970.809631,       51.8764419556
971.106384,       51.7565956116
971.403198,       51.9365081787
971.700012,       52.1108703613
971.996521,       51.8132743835
972.293335,       51.8282127380
972.589783,       51.9296722412
972.886353,       51.9956169128
973.182861,       51.7105979919
973.479309,       51.8005294800
973.775635,       52.0511627197
974.071838,       52.2450637817
974.368225,       52.0312919617
974.664368,       51.7416191101
974.960449,       51.8016738892
975.256592,       51.5583496094
975.552490,       51.8921775818
975.848633,       51.9122657776
976.144409,       52.0535659790
976.440247,       52.1295623779
976.736023,       52.3595390320
977.031738,       52.1627426147
977.327515,       52.3085784912
977.623047,       52.2785720825
977.918640,       52.2745590210
978.214172,       52.6563987732
978.509644,       52.4517822266
978.805115,       52.4428596497
979.100281,       52.4151306152
979.395752,       52.6320800781
979.690857,       52.7182159424
979.986084,       52.6275291443
980.281250,       52.5371093750
980.576172,       52.6416015625
980.871338,       52.8361091614
981.166199,       52.9817657471
981.461121,       53.2725028992
981.755920,       52.9661293030
982.050781,       53.2425155640
982.345520,       53.1944046021
982.640076,       53.0811424255
982.934814,       53.0188636780
983.229309,       53.0659370422
983.523804,       53.1870231628
983.818298,       53.0491409302
984.112610,       52.7666740417
984.407043,       53.7019729614
984.701233,       53.7871589661
984.995483,       53.8295822144
985.289612,       53.9386444092
985.583618,       53.8115310669
985.877869,       53.7140922546
986.171753,       53.8940238953
986.465698,       54.0237350464
986.759583,       54.1281929016
987.053467,       54.5306930542
987.347290,       54.2953262329
987.640869,       54.2196388245
987.934631,       54.3902626038
988.228149,       54.2290878296
988.521667,       54.2891998291
988.815186,       54.5590171814
989.108582,       54.4547004700
989.402039,       54.5031738281
989.695313,       54.3242797852
989.988525,       54.4055404663
990.281738,       54.7311134338
990.574829,       53.6394119263
990.868042,       53.6287002563
991.161011,       53.7517776489
991.453979,       53.9108505249
991.746948,       54.3248481750
992.039795,       54.8400344849
992.332642,       55.2159805298
992.625305,       54.9727630615
992.918091,       55.1404113770
993.210632,       55.5817375183
993.503235,       55.8837547302
993.795837,       56.7832489014
994.088196,       56.9740943909
994.380676,       57.0046081543
994.672913,       57.1848144531
994.965271,       57.7500267029
995.257568,       57.9271507263
995.549622,       58.1891174316
995.841858,       58.5772514343
996.133850,       58.8557319641
996.425903,       58.9155654907
996.717834,       58.8477210999
997.009766,       58.6996688843
997.301636,       58.4963874817
997.593323,       58.5484695435
997.885193,       58.4663734436
998.176758,       57.9279060364
998.468384,       58.2575607300
998.760010,       58.4026412964
999.051392,       58.4801063538
999.342957,       57.9159927368
999.634277,       57.7463607788
999.925598,       56.9355468750
1000.216919,       56.8494796753
1000.508118,       57.2333145142
1000.799255,       57.1307678223
1001.090271,       56.6427536011
1001.381470,       56.4661750793
1001.672363,       56.5836830139
1001.963257,       56.1412620544
1002.254150,       55.8144912720
1002.544922,       55.7117576599
1002.835815,       55.8993034363
1003.126404,       56.2335205078
1003.417114,       56.5124092102
1003.707703,       56.4976196289
1003.998108,       56.7404098511
1004.288757,       57.2681655884
1004.579041,       56.6010131836
1004.869385,       56.6434020996
1005.159729,       56.8244628906
1005.450012,       56.3919143677
1005.740173,       56.5135879517
1006.030212,       56.4299888611
1006.320435,       56.5188751221
1006.610352,       56.2433319092
1006.900330,       56.0999221802
1007.190247,       56.4697151184
1007.479980,       56.6132850647
1007.769897,       56.3001022339
1008.059509,       56.7228507996
1008.349243,       56.9826316833
1008.638855,       56.9685516357
1008.928345,       57.1258850098
1009.217896,       57.3791313171
1009.507263,       57.3986778259
1009.796753,       57.4625625610
1010.086060,       57.1553230286
1010.375366,       56.7111511230
1010.664551,       56.3946189880
1010.953674,       56.5071830750
1011.242920,       56.7319564819
1011.531738,       57.1211090088
1011.820801,       57.2223892212
1012.109741,       57.3267822266
1012.398499,       57.8394584656
1012.687439,       58.5997772217
1012.976074,       58.8643074036
1013.264771,       58.6758499146
1013.553406,       58.7599983215
1013.842041,       58.6672477722
1014.130554,       58.2496452332
1014.418884,       58.4827117920
1014.707336,       58.6697044373
1014.995789,       58.6710090637
1015.284058,       58.7026138306
1015.572327,       58.7931518555
1015.860413,       58.6167144775
1016.148621,       58.6203651428
1016.436523,       59.2011985779
1016.724609,       59.6300010681
1017.012573,       59.6120529175
1017.300354,       59.3524818420
1017.588318,       59.0148200989
1017.875977,       59.7174224854
1018.163757,       59.9564018250
1018.451416,       59.6319961548
1018.739014,       59.8794403076
1019.026611,       59.7976264954
1019.313904,       59.3760833740
1019.601440,       59.3847351074
1019.888733,       59.4293708801
1020.176086,       60.2902908325
1020.463318,       60.4175148010
1020.750549,       60.7518539429
1021.037720,       61.2908020020
1021.324707,       61.6131019592
1021.611694,       62.2251434326
1021.898682,       62.7126159668
1022.185547,       63.0960044861
1022.472595,       62.6903762817
1022.759216,       62.9426078796
1023.045959,       63.3572769165
1023.332581,       64.4077453613
1023.619324,       64.9115676880
1023.905884,       64.5691299438
1024.192261,       64.8482894897
1024.478882,       64.8208465576
1024.765137,       64.0008621216
1025.051514,       64.3728408813
1025.337769,       64.6124267578
1025.623779,       65.0177536011
1025.910034,       66.2868957520
1026.196045,       78.5657424927
1026.482178,       65.9019699097
1026.768066,       64.8009948730
1027.053955,       65.7657623291
1027.339966,       54.8386993408
1027.625610,       62.0025634766
1027.911377,       65.5421600342
1028.197144,       58.7976531982
1028.482666,       67.0184707642
1028.768311,       78.6536788940
