339.817139,        0.0000000000
340.196106,        0.0000000000
340.575104,      542.8572387695
340.954010,      904.3489379883
341.332886,      262.3656005859
341.711761,      347.9451293945
342.090576,       36.4406814575
342.469360,       96.7261886597
342.848114,       -1.3793052435
343.226868,        0.0000000000
343.605560,        9.2819671631
343.984192,        6.5839996338
344.362854,        4.9354915619
344.741425,       14.4089012146
345.119995,       25.8696384430
345.498535,       33.1243019104
345.877014,       39.3234977722
346.255463,       43.5598602295
346.633881,       49.1478462219
347.012299,       50.1851196289
347.390625,       49.6255035400
347.768951,       49.0679550171
348.147278,       49.9541130066
348.525513,       53.9982299805
348.903748,       57.9713478088
349.281952,       61.5066871643
349.660126,       61.2270774841
350.038239,       63.1063385010
350.416321,       64.0407562256
350.794373,       62.5739326477
351.172394,       62.0505523682
351.550385,       60.4121131897
351.928375,       60.4784965515
352.306305,       66.6091995239
352.684174,       66.9728851318
353.062042,       66.1839447021
353.439880,       66.0456924438
353.817657,       67.8302459717
354.195404,       70.0205230713
354.573151,       64.5062026978
354.950836,       67.3495178223
355.328461,       69.2853927612
355.706116,       69.0333175659
356.083710,      103.7367019653
356.461243,      104.1202545166
356.838806,      103.4339904785
357.216248,      101.9349060059
357.593719,      102.5740280151
357.971161,      102.2329711914
358.348541,      101.4400634766
358.725891,       99.9094467163
359.103210,       99.7896270752
359.480530,       97.4268264771
359.857758,       98.4999313354
360.234955,       95.8697738647
360.612183,       95.9683837891
360.989319,       95.0580444336
361.366425,       95.3443069458
361.743530,       95.6799468994
362.120575,       93.5524749756
362.497559,       92.7152175903
362.874573,       91.8769531250
363.251526,       90.6039047241
363.628418,       89.4200439453
364.005310,       37.8613395691
364.382202,       35.5454635620
364.759003,       31.2825412750
365.135773,       32.3683204651
365.512482,       34.2658271790
365.889221,       36.3469047546
366.265900,       37.0866966248
366.642517,       37.7963523865
367.019165,       36.9910316467
367.395721,       41.5801544189
367.772278,       41.7381553650
368.148804,       38.2574729919
368.525269,       36.0117187500
368.901672,       37.3697242737
369.278107,       36.6182289124
369.654480,       26.8436374664
370.030823,       32.4026794434
370.407104,       31.4042510986
370.783386,       27.5007896423
371.159637,       29.9226226807
371.535828,       35.8480529785
371.912018,       37.1307029724
372.288116,       34.8986015320
372.664246,       37.1591987610
373.040283,       38.6503334045
373.416351,       34.7941436768
373.792328,       30.1520824432
374.168274,       30.5593700409
374.544250,       32.5142097473
374.920105,       36.9369049072
375.295959,       34.9653854370
375.671814,       39.2016296387
376.047607,       38.1450843811
376.423370,       38.5542106628
376.799103,       38.1070365906
377.174774,       39.8387680054
377.550415,       42.3684272766
377.926056,       36.3911247253
378.301636,       39.7212562561
378.677185,       40.5525856018
379.052673,       45.3280143738
379.428192,       46.8584671021
379.803650,       46.9824447632
380.179047,       46.2346000671
380.554443,       46.3624496460
380.929779,       45.3752441406
381.305084,       43.6262741089
381.680359,       44.9307250977
382.055634,       44.0597381592
382.430817,       42.8212242126
382.805969,       39.0702438354
383.181152,       42.2705917358
383.556244,       40.0956382751
383.931274,       43.0116653442
384.306366,       45.9249420166
384.681366,       44.4539527893
385.056305,       43.0154991150
385.431274,       44.1009063721
385.806152,       50.0197830200
386.181000,       47.0727729797
386.555817,       47.1776580811
386.930634,       38.7220344543
387.305389,       34.3443412781
387.680084,       34.7962112427
388.054810,       35.9660949707
388.429474,       33.4858589172
388.804047,       31.6514129639
389.178650,       33.3107414246
389.553192,       31.4292163849
389.927734,       33.8530082703
390.302185,       35.9710350037
390.676666,       34.6831283569
391.051086,       29.8722209930
391.425446,       29.0768890381
391.799805,       28.6944446564
392.174133,       26.8314533234
392.548370,       27.1579685211
392.922638,       25.6410636902
393.296844,       30.5249538422
393.670990,       21.3985595703
394.045135,       20.2854537964
394.419220,       17.0748786926
394.793304,       21.5440387726
395.167328,       23.1622600555
395.541321,       25.8194179535
395.915283,       26.6377143860
396.289185,       33.7745857239
396.663116,       35.4179115295
397.036957,       33.3077850342
397.410736,       32.9691772461
397.784546,       32.3890380859
398.158325,       28.9458236694
398.532013,       29.7178268433
398.905670,       31.6654739380
399.279358,       39.4549713135
399.652954,       39.0294189453
400.026520,       37.8532791138
400.400085,       39.9316711426
400.773560,       42.8476371765
401.147034,       37.6423645020
401.520508,       38.1600990295
401.893890,       40.9868583679
402.267242,       43.7256317139
402.640564,       43.4170379639
403.013855,       42.9176940918
403.387146,       40.3180694580
403.760345,       40.2972717285
404.133514,       42.5114021301
404.506683,       43.8613052368
404.879791,       47.0220451355
405.252869,       48.1291313171
405.625946,       46.1322174072
405.998962,       45.2264328003
406.371918,       48.9361534119
406.744873,       48.5316886902
407.117798,       40.8877792358
407.490631,       40.7101135254
407.863525,       41.3588485718
408.236298,       41.4736938477
408.609039,       47.0475387573
408.981842,       46.1788558960
409.354523,       49.5126724243
409.727173,       48.3473739624
410.099792,       46.4192581177
410.472382,       45.1138343811
410.844910,       45.2268257141
411.217438,       42.6591262817
411.589935,       41.5446434021
411.962402,       36.5114135742
412.334778,       40.6903228760
412.707153,       39.7995491028
413.079498,       38.0771293640
413.451813,       38.3736953735
413.824066,       40.1074485779
414.196350,       35.8900833130
414.568512,       36.9330635071
414.940674,       38.1346778870
415.312805,       37.7060852051
415.684906,       37.0286865234
416.056946,       46.8329849243
416.429016,       40.4460144043
416.800964,       40.3645095825
417.172913,       37.6072273254
417.544830,       37.9103546143
417.916718,       38.6624069214
418.288574,       38.9581871033
418.660370,       38.2233886719
419.032135,       39.2076568604
419.403870,       38.5744552612
419.775574,       37.9479751587
420.147247,       33.1099014282
420.518860,       33.7298698425
420.890472,       33.5671463013
421.262024,       33.7920837402
421.633545,       32.8733100891
422.005005,       33.6001777649
422.376495,       31.2813720703
422.747925,       30.3212165833
423.119293,       29.6819915771
423.490601,       30.8964881897
423.861938,       18.3642673492
424.233215,       19.8445396423
424.604462,       22.8623638153
424.975647,       21.8017406464
425.346832,       20.5164470673
425.717926,       19.2869358063
426.089050,       18.1809253693
426.460083,       17.0176887512
426.831085,       16.2601776123
427.202087,       15.7452983856
427.572998,       15.9210233688
427.943939,       17.4068832397
428.314819,       16.3388099670
428.685669,       16.0085163116
429.056458,       16.4099559784
429.427246,       16.3343601227
429.797943,       15.2965221405
430.168701,       16.0765209198
430.539337,       17.0279693604
430.909943,       17.7151317596
431.280548,       18.9515380859
431.651093,       21.1151943207
432.021606,       21.8956356049
432.392120,       19.1985759735
432.762543,       19.1129112244
433.132965,       19.0562877655
433.503326,       20.2010459900
433.873688,       20.8366947174
434.243958,       20.6453475952
434.614227,       19.8162364960
434.984467,       21.3032703400
435.354645,       20.5518321991
435.724792,       18.3531532288
436.094910,       16.7406959534
436.464996,       17.7002067566
436.835052,       20.6645946503
437.205048,       20.3170871735
437.575043,       21.8119945526
437.944977,       21.4376773834
438.314880,       21.7719573975
438.684753,       21.6357097626
439.054565,       20.2973423004
439.424377,       19.9975261688
439.794128,       18.7306079865
440.163849,       19.7339439392
440.533508,       22.9022006989
440.903198,       22.9984951019
441.272797,       23.9602375031
441.642334,       24.6364383698
442.011902,       25.2741165161
442.381409,       26.8027667999
442.750854,       26.3764915466
443.120300,       27.0377960205
443.489655,       27.6101474762
443.859039,       29.2195110321
444.228333,       28.8543319702
444.597626,       26.2190303802
444.966888,       26.9465541840
445.336060,       25.3421878815
445.705231,       24.6395034790
446.074402,       23.6288928986
446.443512,       23.4972629547
446.812531,       23.2180385590
447.181610,       21.9674816132
447.550568,       22.1861534119
447.919525,       21.9255542755
448.288483,       19.0974025726
448.657349,       19.0126247406
449.026154,       16.9324226379
449.394989,       16.7620010376
449.763763,       17.5938777924
450.132477,       16.2897567749
450.501190,       15.4796409607
450.869812,       14.8912401199
451.238464,       14.1770954132
451.607025,       13.0946054459
451.975586,       14.2944679260
452.344116,       14.4324512482
452.712585,       14.5661239624
453.081024,       14.9539899826
453.449463,       15.3955240250
453.817810,       15.4135789871
454.186127,       15.0288000107
454.554413,       44.5288009644
454.922668,       44.8964767456
455.290894,       43.9642715454
455.659088,       43.1863594055
456.027222,       42.5051841736
456.395325,       41.9526023865
456.763428,       41.9960784912
457.131439,       40.9436569214
457.499420,       39.9126396179
457.867371,       40.0042457581
458.235321,       39.6870651245
458.603210,       39.2496948242
458.971039,       39.4113998413
459.338867,       38.9016036987
459.706635,       37.6966133118
460.074371,       37.0595588684
460.442047,       36.3068466187
460.809753,       37.9858894348
461.177368,       37.3805351257
461.544952,       37.4294853210
461.912537,       37.1858940125
462.280029,       12.8141088486
462.647522,       12.0519313812
463.014984,       12.0177049637
463.382355,       12.4764060974
463.749725,       12.6385583878
464.117065,       12.5117034912
464.484344,       12.1106090546
464.851593,       12.0305709839
465.218842,       11.9573535919
465.586029,       11.9690437317
465.953156,       12.0744657516
466.320282,       11.8420658112
466.687317,       12.0460729599
467.054352,       12.1400299072
467.421356,       12.3032283783
467.788300,       12.2048721313
468.155243,       12.3400611877
468.522095,       10.2108392715
468.888947,       11.1646232605
469.255768,       10.9553766251
469.622559,       11.6284418106
469.989258,       11.8887939453
470.355988,       11.7804193497
470.722626,       12.0668697357
471.089233,       11.7863721848
471.455841,       11.9988679886
471.822388,       11.9170560837
472.188873,       11.9934329987
472.555389,       12.0247974396
472.921753,       12.0631647110
473.288208,       11.8612880707
473.654602,       11.7084836960
474.020874,       11.8180799484
474.387177,       11.2156486511
474.753387,       10.8227643967
475.119629,       10.4012470245
475.485809,       10.4676065445
475.851929,       10.1466207504
476.218018,       10.0972576141
476.584076,        9.7156496048
476.950104,        9.2320461273
477.316101,        8.6852941513
477.682037,        8.1833753586
478.047974,        8.0293178558
478.413818,        8.2005605698
478.779663,        8.2872552872
479.145477,        7.8492851257
479.511200,        7.9027466774
479.876953,        8.0720272064
480.242615,        8.1457633972
480.608276,        8.1148605347
480.973907,        7.9815807343
481.339417,        8.3799476624
481.704987,        8.3850135803
482.070465,        8.1887502670
482.435913,        8.3156700134
482.801331,        8.3786277771
483.166718,        8.2975482941
483.532043,        8.4972410202
483.897369,        8.6811733246
484.262634,        8.5764999390
484.627869,        8.7041549683
484.993073,        8.5105247498
485.358215,        8.6308536530
485.723297,        8.6386289597
486.088409,        8.5196628571
486.453461,        8.3356838226
486.818451,        8.3679838181
487.183411,        8.4195108414
487.548370,        8.2878675461
487.913239,        8.2095127106
488.278107,        7.9480180740
488.642883,        7.8263111115
489.007660,        7.6583466530
489.372437,        7.4933156967
489.737091,        7.4287981987
490.101746,        7.2697682381
490.466370,        7.1929616928
490.830963,        7.2182512283
491.195526,        6.9719038010
491.559998,        6.6388764381
491.924500,        6.4404697418
492.288940,        6.3137092590
492.653320,        6.3119468689
493.017670,        6.2282953262
493.382019,        6.1210527420
493.746277,        5.8457937241
494.110504,        5.7374038696
494.474731,        5.9237608910
494.838898,        5.9482364655
495.203033,        6.0012106895
495.567108,        5.9894094467
495.931122,        7.7434444427
496.295166,        7.7748975754
496.659149,        7.4658961296
497.023041,        7.4534735680
497.386963,        7.5108489990
497.750824,        7.5290107727
498.114624,        7.7039585114
498.478455,        7.7990317345
498.842163,        7.8270764351
499.205872,        7.8646631241
499.569580,        7.9186530113
499.933167,        8.0954103470
500.296753,        8.1015510559
500.660339,        8.1390552521
501.023834,        8.1986999512
501.387299,        8.2278041840
501.750763,        8.3170843124
502.114166,        8.1631584167
502.477509,        8.0390958786
502.840851,        8.1064414978
503.204102,        8.2087421417
503.567352,        6.7548975945
503.930573,        6.8487725258
504.293732,        6.9000868797
504.656860,        7.0163669586
505.019989,        7.2690553665
505.382996,        7.3544197083
505.746033,        7.3609657288
506.109009,        7.2665715218
506.471924,        7.2284274101
506.834839,        7.2581710815
507.197662,        7.2321972847
507.560486,        7.2391071320
507.923309,        7.3234362602
508.286041,        7.3756999969
508.648743,        7.3929429054
509.011414,        7.4044427872
509.373993,        7.4110894203
509.736633,        7.4834108353
510.099213,        7.5059232712
510.461731,        7.3974990845
510.824158,        7.3956360817
511.186615,        7.4281954765
511.548950,        7.3481335640
511.911346,        7.4089789391
512.273682,        7.3517851830
512.635925,        7.2263436317
512.998169,        7.1818957329
513.360352,        7.1184539795
513.722534,        7.3502645493
514.084717,        7.5726108551
514.446777,        7.5080184937
514.808777,        7.6328477859
515.170776,        7.6111292839
515.532776,        7.6604471207
515.894714,        7.6648049355
516.256592,        7.7229237556
516.618469,        8.9625272751
516.980286,        9.1735305786
517.342041,        9.1892223358
517.703735,        9.2466592789
518.065430,        9.4252099991
518.427185,        9.5566902161
518.788696,        9.6080684662
519.150330,        9.6701574326
519.511902,        9.9136133194
519.873291,       10.0028772354
520.234802,       10.1213378906
520.596252,       10.1938695908
520.957581,       10.3334083557
521.318970,       10.2473754883
521.680237,       10.1829624176
522.041565,       10.3262262344
522.402771,       10.4185190201
522.763977,       10.5964479446
523.125061,       10.6960754395
523.486206,       11.1993532181
523.847229,       11.3811903000
524.208252,       10.4543685913
524.569275,       10.3936328888
524.930237,       10.5027923584
525.291138,       10.6465930939
525.652100,       10.6925582886
526.012817,       10.8133983612
526.373657,       10.9250764847
526.734436,       11.0069704056
527.095093,       11.1154260635
527.455811,       11.1983280182
527.816528,       11.2627220154
528.177002,       11.3875303268
528.537598,       11.4637479782
528.898132,       11.5570631027
529.258606,       11.6072320938
529.619080,       11.6861581802
529.979431,       12.1248159409
530.339844,       12.0396413803
530.700134,       12.0908575058
531.060425,       11.8607053757
531.420654,       11.8992214203
531.780884,       12.2804536819
532.140991,       12.3114433289
532.501160,       12.2843313217
532.861267,       12.4192008972
533.221375,       12.4338111877
533.581299,       12.3380908966
533.941284,       12.4503259659
534.301208,       12.5319261551
534.661133,       12.4767284393
535.020996,       12.5551147461
535.380798,       12.5983829498
535.740540,       12.7147388458
536.100220,       12.7728204727
536.459900,       12.8006830215
536.819641,       12.8271865845
537.179260,       12.8571453094
537.538757,       12.5015754700
537.898376,       12.5276269913
538.257813,       12.5019016266
538.617249,       12.4050474167
538.976685,       12.3771686554
539.336121,       12.1884326935
539.695374,       12.2266178131
540.054688,       12.3446531296
540.413879,       12.3189535141
540.773132,       12.3032522202
541.132385,       12.3049802780
541.491516,       12.3174495697
541.850525,       12.4278001785
542.209595,       12.3691616058
542.568604,       12.4278125763
542.927612,       12.4550285339
543.286560,       12.3786048889
543.645386,       12.3370971680
544.004333,       12.3285636902
544.363098,       12.3557853699
544.721924,       12.4341382980
545.080688,       12.5110330582
545.439331,       12.6909837723
545.797974,       12.6929502487
546.156616,       12.8808002472
546.515137,       12.8595533371
546.873657,       12.8018722534
547.232239,       12.8316135406
547.590698,       12.7786951065
547.949097,       12.8007526398
548.307495,       12.8291311264
548.665833,       12.8525209427
549.024109,       12.7874011993
549.382385,       12.7390804291
549.740540,       12.9066286087
550.098755,       12.8775463104
550.456909,       12.8652915955
550.815002,       12.8242645264
551.173096,       12.8206491470
551.531128,       12.8062086105
551.888977,       12.8408775330
552.247009,       12.7400350571
552.604797,       12.9044170380
552.962708,       12.8467454910
553.320557,       12.9274873734
553.678345,       12.9608945847
554.036011,       12.9688348770
554.393738,       12.9722833633
554.751404,       12.9459352493
555.109009,       12.9767160416
555.466614,       12.8593950272
555.824158,       12.7891902924
556.181641,       12.8701772690
556.539063,       12.8651885986
556.896423,       12.7828063965
557.253845,       12.6026945114
557.611206,       12.7434339523
557.968445,       12.7066154480
558.325745,       12.7299604416
558.682922,       12.7364559174
559.040161,       12.7613201141
559.397278,       12.7317380905
559.754395,       12.8177690506
560.111389,       12.5844841003
560.468445,       12.4624366760
560.825378,       12.4496517181
561.182251,       12.2909498215
561.539185,       12.2251701355
561.896057,       12.2226486206
562.252869,       12.1945180893
562.609619,       12.1405363083
562.966309,       12.2032041550
563.323059,       12.1324462891
563.679688,       12.0515642166
564.036316,       11.9947824478
564.392822,       12.0600852966
564.749390,       12.0584449768
565.105835,       11.8811693192
565.462280,       11.8688297272
565.818726,       11.8580904007
566.175049,       11.7847967148
566.531372,       11.6909275055
566.887573,       11.6238355637
567.243896,       11.4901552200
567.600098,       11.4841442108
567.956299,       11.4786005020
568.312378,       11.3559484482
568.668457,       11.3017854691
569.024475,       11.2557611465
569.380493,       11.1668024063
569.736389,       11.1526088715
570.092346,       11.1914730072
570.448181,       11.1681079865
570.804077,       11.1485157013
571.159790,       11.0755701065
571.515564,       11.0291423798
571.871338,       10.9301376343
572.226929,       10.8912315369
572.582581,       10.8611030579
572.938171,       10.8097667694
573.293701,       10.7558193207
573.649231,       10.7175273895
574.004700,       10.7058448792
574.360107,       10.6593580246
574.715515,       10.6433067322
575.070801,       10.6288614273
575.426086,       10.5203342438
575.781433,       10.4507493973
576.136658,       10.3817243576
576.491821,       10.3612442017
576.846985,       10.3306875229
577.202026,       10.2541742325
577.557129,       10.1806926727
577.912109,       10.0499887466
578.267090,       10.0019874573
578.621948,       10.0016546249
578.976929,        9.9774370193
579.331726,        9.8788766861
579.686523,       10.0051813126
580.041321,        9.9695577621
580.396057,        9.9240093231
580.750732,        9.9988965988
581.105408,        9.9333982468
581.459961,        9.8795194626
581.814575,        9.8723297119
582.169067,        9.8270606995
582.523499,        9.7535982132
582.877991,        9.7920007706
583.232361,        9.8442010880
583.586731,        9.8566951752
583.941040,        9.7928409576
584.295349,        9.7532634735
584.649536,        9.7488498688
585.003784,        9.6418476105
585.357849,        9.8660659790
585.712036,        9.8776330948
586.066040,        9.8391447067
586.420166,        9.8210210800
586.774048,        9.8221664429
587.128052,        9.6426429749
587.481934,        9.5904922485
587.835815,        9.5441026688
588.189636,        9.4438772202
588.543396,        9.4613895416
588.897095,        9.4410381317
589.250732,        9.4187049866
589.604431,        9.3800792694
589.958069,        9.3391647339
590.311646,        9.2992343903
590.665161,        9.2236213684
591.018677,        9.2393808365
591.372070,        9.2962961197
591.725525,        9.3626985550
592.078857,        9.3678340912
592.432190,        9.3695907593
592.785461,        9.2194604874
593.138733,        9.2054681778
593.491821,        9.1991167068
593.845032,        9.1971721649
594.198181,        9.2534828186
594.551270,        9.3187026978
594.904236,        9.2682723999
595.257202,        9.2960987091
595.610168,        9.2137813568
595.963074,        9.2341308594
596.315979,        9.2356967926
596.668823,        9.2258625031
597.021606,        9.4295091629
597.374268,        9.4068889618
597.726990,        9.4804840088
598.079651,        9.5054740906
598.432312,        9.4521503448
598.784851,        9.3888845444
599.137390,        9.3642988205
599.489868,        9.4669561386
599.842285,        9.4635334015
600.194702,        9.3621168137
600.547119,        9.3190135956
600.899414,        9.2417631149
601.251648,        9.2007131577
601.603882,        9.0937623978
601.956116,        9.0043087006
602.308289,        9.0042943954
602.660400,        8.9525003433
603.012451,        8.9953851700
603.364441,        8.8960266113
603.716370,        8.8667678833
604.068359,        8.9617156982
604.420288,        8.8061628342
604.772156,        8.7976322174
605.123962,        8.7081785202
605.475708,        8.6890087128
605.827515,        8.7025089264
606.179138,        8.7068862915
606.530884,        8.6950588226
606.882385,        8.5176572800
607.233948,        8.6122627258
607.585449,        8.6077833176
607.936951,        8.6025905609
608.288452,        8.6550331116
608.639893,        8.6550168991
608.991150,        8.6846504211
609.342468,        8.6944770813
609.693726,        8.8266763687
610.044983,        8.7953910828
610.396240,        8.7757492065
610.747314,        8.7760887146
611.098389,        8.7595138550
611.449463,        8.6298351288
611.800476,        8.5718469620
612.151489,        8.5845756531
612.502441,        8.5510921478
612.853271,        8.5109128952
613.204102,        8.4574470520
613.554932,        8.4476366043
613.905701,        8.4823999405
614.256470,        8.4901075363
614.607178,        8.3868570328
614.957764,        8.4007835388
615.308350,        8.4065532684
615.658875,        8.3191308975
616.009399,        8.2691125870
616.359924,        8.2601089478
616.710327,        8.2475986481
617.060669,        8.1184873581
617.411011,        8.1280403137
617.761292,        8.1084613800
618.111572,        8.1263265610
618.461853,        8.1001310349
618.812012,        8.1186323166
619.162109,        8.1298980713
619.512146,        8.0986642838
619.862183,        8.0978584290
620.212219,        8.1302690506
620.562195,        8.0890197754
620.912048,        8.0666618347
621.261963,        8.0244169235
621.611755,        8.0351972580
621.961548,        8.0095071793
622.311340,        7.9608135223
622.661072,        7.9898691177
623.010681,        8.0005474091
623.360229,        8.0725421906
623.709839,        8.0484943390
624.059387,        8.0070753098
624.408936,        7.9653234482
624.758423,        8.0021562576
625.107727,        7.9535541534
625.457031,        7.9056730270
625.806458,        7.9120593071
626.155762,        7.9271802902
626.504944,        7.8889002800
626.854126,        7.9144039154
627.203308,        7.8863844872
627.552368,        7.8352422714
627.901428,        7.8979439735
628.250488,        7.8773388863
628.599487,        7.8576259613
628.948364,        7.8337588310
629.297241,        7.8398346901
629.646118,        7.8618831635
629.994934,        7.8435659409
630.343689,        7.8183741570
630.692444,        7.7482352257
631.041077,        7.7544240952
631.389648,        7.8947372437
631.738281,        7.8892865181
632.086853,        7.8488917351
632.435364,        7.8915185928
632.783875,        8.0578002930
633.132263,        8.0409717560
633.480591,        7.9418301582
633.828918,        7.9340710640
634.177246,        7.9189243317
634.525513,        7.9207530022
634.873657,        7.9075107574
635.221863,        7.8815979958
635.569946,        7.8685626984
635.918030,        7.8011789322
636.266052,        7.7562184334
636.614136,        7.9007720947
636.962036,        7.8677511215
637.309937,        7.8123750687
637.657776,        7.8744301796
638.005615,        7.9515314102
638.353394,        7.9475121498
638.701111,        7.7950491905
639.048767,        7.7624373436
639.396423,        7.7334508896
639.743958,        7.6908826828
640.091614,        7.5071611404
640.439087,        7.5067996979
640.786560,        7.5293736458
641.133972,        7.4724698067
641.481323,        7.4858756065
641.828735,        7.4659757614
642.176025,        7.4843740463
642.523315,        7.4212298393
642.870483,        7.4531612396
643.217651,        7.4473648071
643.564758,        7.5061783791
643.911804,        7.2934842110
644.258911,        7.6068477631
644.605896,        7.6052861214
644.952820,        7.5180163383
645.299683,        7.4510784149
645.646606,        7.4546108246
645.993469,        7.4372196198
646.340210,        7.4347891808
646.687012,        7.4097118378
647.033630,        7.4538521767
647.380249,        7.4563555717
647.726868,        7.3914384842
648.073425,        7.3640413284
648.419983,        7.3745226860
648.766418,        7.2620549202
649.112854,        7.2349996567
649.459229,        7.1980876923
649.805603,        7.1879677773
650.151855,        7.1663675308
650.498169,        7.1221294403
650.844360,        7.0068502426
651.190552,        7.0252714157
651.536621,        6.6854939461
651.882751,        6.6814317703
652.228760,        6.6827692986
652.574829,        6.6267409325
652.920715,        6.5471024513
653.266602,        6.5793328285
653.612488,        6.6333575249
653.958252,        6.6587710381
654.304077,        6.5690145493
654.649841,        6.5527544022
654.995483,        6.5850272179
655.341064,        6.5659441948
655.686707,        7.0518574715
656.032288,        7.0938935280
656.377808,        7.0933504105
656.723267,        7.0702910423
657.068726,        7.0872941017
657.414063,        7.0530800819
657.759399,        7.1539378166
658.104736,        7.2355127335
658.449951,        7.2730636597
658.795166,        7.2216801643
659.140381,        7.2466516495
659.485474,        7.2777538300
659.830505,        7.2702298164
660.175598,        7.3090553284
660.520569,        7.2868747711
660.865479,        7.2061257362
661.210327,        7.1419782639
661.555237,        7.1561880112
661.900085,        7.1671380997
662.244812,        7.1670994759
662.589539,        7.1314153671
662.934265,        6.6815195084
663.278809,        6.6541271210
663.623413,        6.6904940605
663.968018,        6.7416610718
664.312500,        6.6963868141
664.656921,        6.6970558167
665.001343,        6.6069192886
665.345703,        6.5677499771
665.690063,        6.5183258057
666.034302,        6.5577926636
666.378662,        6.5019292831
666.722778,        6.4830222130
667.066895,        6.4604187012
667.410950,        6.4097089767
667.755066,        6.3341097832
668.099121,        6.3246855736
668.443054,        6.3235058784
668.786987,        6.3346614838
669.130798,        6.3051676750
669.474731,        6.2848620415
669.818481,        6.3526334763
670.162292,        6.3575291634
670.506042,        6.3303785324
670.849670,        6.2761344910
671.193176,        6.2881512642
671.536804,        6.3222594261
671.880371,        6.2949209213
672.223816,        6.2748236656
672.567261,        6.2618689537
672.910645,        6.2336735725
673.254028,        6.1987586021
673.597290,        6.1620736122
673.940613,        6.1196031570
674.283875,        6.1304178238
674.626953,        6.1448998451
674.970093,        6.1826901436
675.313232,        6.2424530983
675.656250,        6.3472366333
675.999268,        6.3681712151
676.342224,        6.4024605751
676.685120,        6.4162836075
677.027893,        6.3523607254
677.370789,        6.3124656677
677.713562,        6.3278646469
678.056335,        6.3672013283
678.398987,        6.3809432983
678.741577,        6.3619136810
679.084167,        6.4386787415
679.426758,        6.4592165947
679.769287,        6.4260854721
680.111755,        6.5186457634
680.454163,        6.5345005989
680.796509,        6.5652318001
681.138794,        6.5821094513
681.481140,        6.6123833656
681.823364,        6.6010346413
682.165588,        6.6183338165
682.507751,        6.5524601936
682.849792,        6.4549899101
683.191833,        6.4108924866
683.533875,        6.4077963829
683.875854,        6.3730068207
684.217834,        6.4167747498
684.559692,        6.4457707405
684.901428,        6.6363153458
685.243286,        6.6585054398
685.585022,        6.6263093948
685.926819,        6.6749582291
686.268372,        6.6042370796
686.609985,        6.6625909805
686.951538,        6.7493190765
687.293091,        6.6903777122
687.634583,        6.7345051765
687.976013,        6.7581520081
688.317322,        6.7960729599
688.658630,        6.8163318634
689.000000,        6.8672075272
689.341248,        6.8957924843
689.682495,        7.0013294220
690.023682,        7.0448718071
690.364746,        7.1022205353
690.705811,        7.2008891106
691.046814,        7.2884960175
691.387817,        7.3859443665
691.728760,        7.4383325577
692.069702,        7.4535551071
692.410522,        7.6022701263
692.751282,        7.6847643852
693.092102,        7.7571907043
693.432800,        7.9250364304
693.773499,        7.9884147644
694.114075,        8.0707397461
694.454651,        8.2115125656
694.795105,        8.3361492157
695.135620,        8.5416107178
695.476135,        8.7036046982
695.816528,        8.9185934067
696.156799,        9.0823831558
696.497131,        9.2793302536
696.837402,        9.3982553482
697.177612,        9.7004833221
697.517822,        9.8971605301
697.857971,       10.0389986038
698.197937,       10.2880916595
698.538025,       10.4685745239
698.877991,       10.7441759109
699.217957,       10.9111719131
699.557922,       11.0398187637
699.897705,       11.2630290985
700.237549,       11.5151796341
700.577271,       11.7609891891
700.916992,       12.0535287857
701.256653,       12.3559675217
701.596313,       12.6116065979
701.935852,       12.9039678574
702.275391,       13.1460304260
702.614868,       13.6033220291
702.954346,       13.8484535217
703.293701,       14.1471090317
703.633118,       14.5335941315
703.972412,       14.8821544647
704.311646,       15.1328010559
704.650818,       15.4334173203
704.990051,       15.7829790115
705.329163,       16.0707912445
705.668274,       16.5627517700
706.007263,       16.8026885986
706.346252,       17.1234302521
706.685181,       17.4636859894
707.024109,       17.7744922638
707.362976,       18.1336460114
707.701721,       18.4880275726
708.040527,       18.7727966309
708.379211,       19.0790691376
708.717896,       19.3972854614
709.056519,       19.7408123016
709.395142,       20.0555248260
709.733582,       20.2620067596
710.072144,       20.6184902191
710.410522,       20.9699993134
710.748962,       21.1804485321
711.087341,       21.5437850952
711.425598,       21.9482173920
711.763855,       22.4083881378
712.102051,       22.9765453339
712.440247,       23.3656425476
712.778320,       23.5799503326
713.116455,       23.9956264496
713.454468,       24.3730258942
713.792419,       24.7471084595
714.130310,       25.1705341339
714.468262,       25.5333251953
714.806091,       25.8585567474
715.143921,       26.2647037506
715.481628,       26.6646499634
715.819397,       27.1103229523
716.156982,       27.5457057953
716.494629,       28.0001411438
716.832214,       28.3301506042
717.169739,       28.7943401337
717.507202,       29.1734008789
717.844543,       29.6987304688
718.182007,       30.0965538025
718.519348,       30.4322185516
718.856689,       30.7336540222
719.193970,       30.9077301025
719.531067,       31.3097686768
719.868164,       31.7171936035
720.205322,       32.0626106262
720.542419,       32.4384155273
720.879456,       32.8199501038
721.216431,       33.1916618347
721.553345,       33.5540390015
721.890198,       33.9543266296
722.227051,       34.3166503906
722.563782,       34.7212409973
722.900635,       35.1360244751
723.237244,       35.4966506958
723.573914,       35.8659858704
723.910461,       36.2700271606
724.247070,       36.4930572510
724.583557,       36.8044128418
724.920044,       37.1173706055
725.256409,       37.5281906128
725.592773,       37.8989715576
725.929077,       38.2491188049
726.265442,       38.6053962708
726.601685,       39.3635864258
726.937866,       39.7462387085
727.273987,       40.1324615479
727.609985,       40.5017623901
727.946045,       40.8663406372
728.282043,       41.2504272461
728.618042,       41.6505241394
728.953979,       41.9618263245
729.289795,       42.3507575989
729.625610,       42.6464843750
729.961426,       42.9918327332
730.297119,       43.4434700012
730.632813,       43.7995719910
730.968384,       44.1097908020
731.304016,       44.4918365479
731.639465,       44.8531723022
731.974976,       45.0985870361
732.310425,       45.3496284485
732.645874,       45.6462593079
732.981201,       45.9891662598
733.316467,       46.3133468628
733.651733,       46.2563934326
733.986938,       46.5656318665
734.322144,       46.8483505249
734.657288,       47.1819000244
734.992310,       47.4671363831
735.327271,       47.8602981567
735.662292,       48.1818122864
735.997253,       48.5000190735
736.332092,       48.8370628357
736.666931,       49.1216278076
737.001709,       49.3583183289
737.336426,       49.4988975525
737.671143,       49.6601486206
738.005798,       49.9200859070
738.340393,       50.1350593567
738.674988,       50.5132789612
739.009399,       50.7740898132
739.343933,       51.0471458435
739.678345,       51.2919197083
740.012756,       51.5371742249
740.347046,       51.7157669067
740.681274,       51.8705711365
741.015503,       52.0410957336
741.349731,       52.2524604797
741.683838,       52.3437728882
742.017944,       52.5594596863
742.351929,       52.7108955383
742.685974,       52.8975563049
743.019897,       53.1463737488
743.353821,       53.2711677551
743.687622,       53.4570999146
744.021484,       53.6827087402
744.355225,       53.8153419495
744.688965,       54.0239639282
745.022583,       54.2009010315
745.356201,       54.3910446167
745.689819,       54.5289802551
746.023376,       54.6695480347
746.356812,       54.7521667480
746.690186,       54.9331054688
747.023621,       55.0812416077
747.356934,       55.2779121399
747.690247,       55.4849433899
748.023499,       55.6346244812
748.356689,       55.8230285645
748.689758,       55.9745178223
749.022888,       56.0738220215
749.355957,       56.1663436890
749.688965,       56.1889839172
750.021912,       56.2839698792
750.354858,       56.3804397583
750.687683,       56.5452461243
751.020447,       56.6611824036
751.353271,       56.7812690735
751.686035,       56.8143501282
752.018677,       56.8642845154
752.351257,       56.9667510986
752.683838,       57.0217247009
753.016357,       57.1446952820
753.348877,       57.1831054688
753.681396,       57.2361106873
754.013672,       57.3129577637
754.346008,       57.3680801392
754.678345,       57.3203964233
755.010559,       57.3277053833
755.342834,       57.3224143982
755.674988,       57.4187088013
756.007080,       57.4642944336
756.339050,       57.4889068604
756.671082,       57.5722084045
757.003052,       57.5223464966
757.335022,       57.5479049683
757.666870,       57.7129669189
757.998657,       57.7769050598
758.330444,       57.9074516296
758.662170,       58.0629692078
758.993896,       58.1448974609
759.325562,       58.1702041626
759.657043,       58.2478828430
759.988586,       58.2818260193
760.320129,       58.3985099792
760.651489,       58.4817543030
760.982971,       58.5993995667
761.314331,       58.6465911865
761.645569,       58.7198257446
761.976807,       58.7931213379
762.308044,       58.8384170532
762.639160,       58.9276847839
762.970276,       58.9727287292
763.301331,       58.9533882141
763.632385,       58.9575767517
763.963257,       59.1063423157
764.294250,       59.1325340271
764.625122,       59.0016670227
764.955933,       59.1922035217
765.286743,       59.0900955200
765.617432,       59.1072921753
765.948120,       59.0797500610
766.278748,       59.0989646912
766.609314,       59.0896148682
766.939880,       59.1077804565
767.270325,       59.0633735657
767.600708,       58.9924392700
767.931152,       58.8744697571
768.261536,       58.8465805054
768.591858,       58.8717041016
768.922119,       58.9249496460
769.252258,       59.0451736450
769.582397,       58.9444160461
769.912537,       58.9526939392
770.242615,       59.0252342224
770.572632,       59.1265373230
770.902588,       59.1222648621
771.232483,       59.2910995483
771.562256,       59.2208442688
771.892151,       58.9240303040
772.221863,       58.9524765015
772.551697,       58.9159126282
772.881287,       58.9625473022
773.210938,       58.9382247925
773.540466,       58.9323120117
773.870056,       58.9557952881
774.199463,       59.0496673584
774.528992,       59.2053947449
774.858337,       59.2412528992
775.187622,       59.2761573792
775.516968,       59.2697601318
775.846191,       59.2194366455
776.175415,       59.1413574219
776.504578,       59.2135314941
776.833618,       59.2791442871
777.162598,       59.2856597900
777.491638,       59.2201156616
777.820618,       59.2348022461
778.149536,       59.0633316040
778.478394,       59.1502799988
778.807190,       59.1677780151
779.135864,       59.2162055969
779.464600,       59.1751213074
779.793335,       59.1149864197
780.121948,       59.1116981506
780.450439,       59.0510864258
780.778931,       59.0516166687
781.107422,       59.0078125000
781.435913,       58.9353866577
781.764282,       58.9177970886
782.092651,       58.9421691895
782.420837,       58.9299125671
782.749023,       58.9711265564
783.077209,       59.0136184692
783.405396,       58.9669723511
783.733521,       58.9424209595
784.061462,       58.8975486755
784.389465,       58.9213790894
784.717346,       58.8463592529
785.045288,       58.8575477600
785.373108,       58.7686653137
785.700928,       58.7786560059
786.028625,       58.6950759888
786.356384,       58.7618637085
786.683960,       58.8969841003
787.011536,       58.9200019836
787.339111,       58.9372100830
787.666687,       58.9098625183
787.994019,       58.8698387146
788.321411,       58.8000526428
788.648804,       58.7869224548
788.976135,       58.6884078979
789.303406,       58.7496528625
789.630615,       58.7474822998
789.957703,       58.5963478088
790.284851,       58.5843276978
790.611877,       58.6093711853
790.938904,       58.5815544128
791.265930,       58.5505714417
791.592773,       58.5951690674
791.919678,       58.6622314453
792.246460,       58.7448348999
792.573242,       58.7776069641
792.899963,       58.8335342407
793.226685,       58.7910308838
793.553284,       58.6730346680
793.879822,       58.7232933044
794.206299,       58.7146339417
794.532776,       58.6883125305
794.859253,       58.7762947083
795.185669,       58.7950820923
795.511902,       58.8256416321
795.838196,       58.8717575073
796.164490,       58.7855110168
796.490601,       58.7180976868
796.816833,       58.8284263611
797.142883,       58.9129333496
797.468933,       58.8600349426
797.794861,       58.8535957336
798.120789,       58.8318710327
798.446716,       58.8376884460
798.772583,       58.8013420105
799.098328,       58.7410392761
799.424072,       58.7431297302
799.749756,       58.7603569031
800.075439,       58.7615890503
800.401001,       58.7555160522
800.726624,       58.7011032104
801.052063,       58.9670829773
801.377441,       58.9337997437
801.702881,       58.8727416992
802.028198,       58.9546966553
802.353516,       59.0428237915
802.678833,       59.0190353394
803.004028,       59.0723114014
803.329102,       59.1379814148
803.654236,       59.1237564087
803.979248,       59.1884536743
804.304321,       59.1547355652
804.629272,       59.0804595947
804.954163,       59.1258697510
805.278931,       59.0774536133
805.603821,       59.1213836670
805.928589,       59.1194686890
806.253357,       59.0997352600
806.577942,       59.1357650757
806.902588,       59.2331008911
807.227112,       59.2700424194
807.551575,       59.4030723572
807.876099,       59.2566986084
808.200500,       59.4365348816
808.524841,       59.5055999756
808.849121,       59.4371337891
809.173401,       59.3820686340
809.497620,       59.3874816895
809.821838,       59.3587341309
810.145996,       59.3218727112
810.469971,       59.4057426453
810.793945,       59.2661933899
811.117981,       59.3486557007
811.441956,       59.4570579529
811.765808,       59.4319839478
812.089600,       59.4599800110
812.413391,       59.3798637390
812.737061,       59.3930969238
813.060730,       59.3643951416
813.384338,       59.3068122864
813.708008,       59.2048187256
814.031433,       59.2115707397
814.354919,       59.0826911926
814.678345,       58.9824371338
815.001709,       58.9267807007
815.325073,       58.9171295166
815.648376,       58.8470764160
815.971558,       58.7820281982
816.294678,       58.7839012146
816.617798,       58.7898864746
816.940918,       58.7867317200
817.263977,       58.7606849670
817.586853,       58.7955589294
817.909851,       58.7715454102
818.232727,       58.7695999146
818.555542,       58.7301254272
818.878296,       58.7512435913
819.201050,       58.7939567566
819.523682,       58.8302688599
819.846375,       58.8896522522
820.168884,       59.0220031738
820.491455,       59.0688705444
820.813904,       59.2138061523
821.136353,       59.2681427002
821.458740,       59.3463439941
821.781128,       59.2699241638
822.103333,       59.3063774109
822.425598,       59.4949951172
822.747803,       59.4971961975
823.069824,       59.5294532776
823.391968,       59.5289039612
823.713989,       59.5782279968
824.035950,       59.6239433289
824.357849,       59.6259956360
824.679810,       59.6168212891
825.001587,       59.6063423157
825.323425,       59.7262306213
825.645142,       59.6920204163
825.966736,       59.6790428162
826.288391,       59.6180496216
826.610046,       59.5867271423
826.931458,       59.4651336670
827.253052,       59.4682617188
827.574402,       59.4060287476
827.895813,       59.4526367188
828.217163,       59.4749221802
828.538391,       59.4850120544
828.859619,       59.3723182678
829.180786,       59.3050613403
829.501953,       59.4140586853
829.822998,       59.4211158752
830.144043,       59.4431953430
830.464966,       59.4923019409
830.785950,       59.3180351257
831.106812,       59.2959594727
831.427673,       59.2371826172
831.748474,       59.2087669373
832.069214,       59.2122421265
832.389771,       59.2054672241
832.710449,       59.1972465515
833.031067,       59.2474441528
833.351563,       59.2263107300
833.672058,       59.2468910217
833.992371,       59.1742286682
834.312805,       59.0868721008
834.633179,       58.9909439087
834.953369,       58.8863372803
835.273621,       58.9624328613
835.593811,       58.9807624817
835.913940,       58.9388961792
836.234009,       58.8413963318
836.554077,       58.8548202515
836.874023,       59.0338401794
837.193909,       58.9815444946
837.513794,       59.0408020020
837.833618,       59.0836753845
838.153381,       59.1438751221
838.473145,       59.2176017761
838.792786,       59.1145210266
839.112366,       59.0814666748
839.432007,       59.0888900757
839.751465,       59.0361938477
840.070984,       59.0339050293
840.390381,       59.1051940918
840.709656,       59.1282005310
841.028992,       59.3071212769
841.348267,       59.4216651917
841.667480,       59.4145469666
841.986633,       59.3568496704
842.305725,       59.3208312988
842.624817,       59.2947196960
842.943848,       59.3422889709
843.262756,       59.3373832703
843.581665,       59.1271095276
843.900574,       59.1265678406
844.219360,       59.0784835815
844.538147,       59.1086311340
844.856812,       59.1485137939
845.175415,       59.0556678772
845.494080,       59.1048889160
845.812683,       59.1300430298
846.131104,       59.1953811646
846.449585,       59.2042312622
846.768005,       59.3156356812
847.086304,       59.2691497803
847.404663,       59.3461647034
847.722839,       59.1062850952
848.041077,       59.0323104858
848.359192,       59.1349105835
848.677246,       59.1267776489
848.995361,       59.2365493774
849.313354,       59.2219467163
849.631226,       59.1679382324
849.949158,       59.1844100952
850.267029,       59.2818336487
850.584778,       59.2789115906
850.902527,       59.3171310425
851.220276,       59.2719001770
851.537842,       59.2358055115
851.855469,       59.3280143738
852.173035,       59.3478317261
852.490417,       59.4169158936
852.807861,       59.3683242798
853.125305,       59.5439453125
853.442627,       59.4193267822
853.759888,       59.3783607483
854.077087,       59.2654342651
854.394287,       59.3273468018
854.711426,       59.3284606934
855.028442,       59.2325019836
855.345459,       59.3340034485
855.662537,       59.3312187195
855.979370,       59.3211784363
856.296265,       59.3399810791
856.613098,       59.2931137085
856.929871,       59.2590103149
857.246582,       59.2604866028
857.563232,       59.2778015137
857.879822,       59.3314704895
858.196411,       59.3228111267
858.512939,       59.2564926147
858.829346,       59.2450866699
859.145813,       59.2379989624
859.462158,       59.1899566650
859.778442,       59.0544052124
860.094666,       59.0017929077
860.410889,       58.8978271484
860.726990,       58.9616050720
861.043152,       58.9805068970
861.359192,       58.9654998779
861.675232,       58.9600448608
861.991150,       58.8749237061
862.307007,       58.9013404846
862.622864,       58.9228858948
862.938660,       58.9362983704
863.254333,       58.9189987183
863.570068,       58.9590415955
863.885742,       58.9839477539
864.201233,       59.0157203674
864.516846,       58.9749565125
864.832336,       58.9699821472
865.147766,       58.9728889465
865.463135,       58.8984069824
865.778503,       58.8704605103
866.093750,       58.9336471558
866.408997,       58.9783363342
866.724182,       59.0999603271
867.039246,       59.1966934204
867.354309,       59.1473655701
867.669312,       59.1609497070
867.984314,       59.0970153809
868.299194,       59.1177749634
868.614075,       59.0216979980
868.928833,       59.0869827271
869.243652,       59.1173591614
869.558289,       59.1584510803
869.872986,       59.1860847473
870.187622,       59.0741157532
870.502136,       59.0841293335
870.816650,       59.0261268616
871.131165,       59.0047760010
871.445496,       58.9516716003
871.759827,       59.0352478027
872.074158,       59.0878295898
872.388367,       59.0874252319
872.702576,       59.0772285461
873.016785,       59.0692863464
873.330750,       59.0338783264
873.644897,       59.1006088257
873.958801,       59.1180191040
874.272705,       59.1056060791
874.586670,       59.1759986877
874.900452,       59.1578140259
875.214172,       59.1510658264
875.527954,       58.9998168945
875.841614,       58.9577369690
876.155273,       58.9244728088
876.468811,       58.9508285522
876.782288,       59.0359344482
877.095764,       58.9200973511
877.409241,       58.9687957764
877.722534,       59.0181350708
878.035889,       59.0891647339
878.349121,       59.1092605591
878.662292,       59.0317001343
878.975464,       58.9958534241
879.288574,       59.0702171326
879.601624,       59.1053085327
879.914612,       59.0687446594
880.227600,       59.0248413086
880.540405,       59.0586471558
880.853271,       59.0126266479
881.166016,       58.9850196838
881.478821,       59.0501022339
881.791504,       59.0807418823
882.104065,       59.1337394714
882.416626,       59.1075363159
882.729187,       59.1161727905
883.041626,       59.1432266235
883.354065,       59.1222152710
883.666443,       59.1781730652
883.978760,       59.1096687317
884.291016,       59.1139297485
884.603271,       59.0158538818
884.915344,       58.9239540100
885.227539,       59.0598030090
885.539551,       59.0742721558
885.851501,       58.9567184448
886.163513,       58.8657913208
886.475464,       58.8863372803
886.787231,       58.8740692139
887.099060,       58.8007087708
887.410767,       58.7480659485
887.722412,       58.8552551270
888.034119,       58.8098640442
888.345642,       58.8612785339
888.657227,       58.7502708435
888.968689,       58.7925300598
889.280090,       58.7552070618
889.591492,       58.7249526978
889.902832,       58.7567443848
890.213989,       58.7619895935
890.525269,       58.8136138916
890.836487,       58.7276229858
891.147522,       59.0100784302
891.458618,       62.8292007446
891.769653,       62.7057800293
892.080566,       62.7357292175
892.391479,       62.7307586670
892.702332,       62.7544937134
893.013123,       62.7754325867
893.323853,       62.7965202332
893.634521,       62.8614959717
893.945129,       63.0734634399
894.255798,       63.0563316345
894.566223,       63.0241928101
894.876770,       63.0303382874
895.187195,       63.0494194031
895.497498,       63.0531501770
895.807861,       63.1398277283
896.118164,       63.1708908081
896.428345,       63.1326599121
896.738525,       63.2122268677
897.048645,       63.1045570374
897.358643,       63.1437225342
897.668701,       63.0803756714
897.978638,       59.0475273132
898.288513,       59.1000480652
898.598389,       59.1016426086
898.908142,       59.2045783997
899.217896,       59.1311874390
899.527588,       59.2672233582
899.837219,       59.2640228271
900.146790,       59.4060058594
900.456360,       59.3586616516
900.765747,       59.3051567078
901.075195,       59.3811798096
901.384583,       59.4767265320
901.693848,       59.5275955200
902.003174,       59.5395202637
902.312378,       59.5653724670
902.621460,       59.5312728882
902.930603,       59.4978942871
903.239685,       59.3675422668
903.548645,       59.5161895752
903.857605,       59.5507507324
904.166504,       59.4301338196
904.475281,       59.3664627075
904.784058,       59.4103088379
905.092896,       59.4064636230
905.401489,       59.2972259521
905.710144,       59.3147468567
906.018738,       59.2300338745
906.327209,       59.2469139099
906.635681,       59.0704269409
906.944031,       58.9598045349
907.252441,       58.9602355957
907.560730,       58.8962669373
907.869019,       58.7985801697
908.177185,       58.8966789246
908.485352,       58.9880867004
908.793396,       59.0679244995
909.101501,       59.0963249207
909.409485,       59.1953697205
909.717407,       59.1458015442
910.025269,       59.0550117493
910.333130,       59.1213150024
910.640869,       59.1634292603
910.948608,       59.3116302490
911.256287,       59.3169441223
911.563843,       59.2734451294
911.871399,       59.3206596375
912.178955,       59.4052314758
912.486389,       59.4135055542
912.793823,       59.4814605713
913.101135,       59.5057296753
913.408386,       59.6059608459
913.715637,       59.6845283508
914.022827,       60.2329139709
914.329956,       60.3062133789
914.637085,       60.1861839294
914.944031,       60.1609725952
915.251038,       59.9542083740
915.557983,       60.0161209106
915.864807,       59.8460922241
916.171631,       59.9791221619
916.478455,       60.0029411316
916.785095,       60.0505180359
917.091736,       59.9139328003
917.398376,       59.9771423340
917.704834,       59.8759117126
918.011414,       59.8657722473
918.317810,       59.9321823120
918.624207,       59.8848953247
918.930542,       59.7980499268
919.236816,       59.6727371216
919.542969,       59.5645446777
919.849182,       59.3990097046
920.155273,       59.2644920349
920.461304,       58.7255783081
920.767334,       58.6476974487
921.073242,       58.6833305359
921.379211,       58.6854515076
921.685059,       58.7184715271
921.990784,       58.6334152222
922.296570,       58.7390480042
922.602295,       58.6518707275
922.907898,       59.0504531860
923.213440,       58.8241271973
923.518982,       58.8902397156
923.824463,       58.6676826477
924.129883,       58.6984024048
924.435242,       58.7002258301
924.740540,       58.6563453674
925.045776,       58.6654891968
925.351013,       58.7942581177
925.656128,       58.8297615051
925.961243,       58.9697189331
926.266235,       58.9812889099
926.571167,       59.1621704102
926.876160,       59.0843315125
927.181030,       59.1403350830
927.485840,       59.2187995911
927.790588,       59.2239303589
928.095276,       59.1951484680
928.399963,       59.4954833984
928.704590,       59.6076354980
929.009094,       59.7789230347
929.313599,       59.6033020020
929.618103,       59.7152061462
929.922424,       59.6002159119
930.226807,       59.5396995544
930.531067,       59.5302505493
930.835266,       59.6225013733
931.139465,       59.5142135620
931.443542,       59.5801963806
931.747620,       59.4529647827
932.051697,       59.4670486450
932.355652,       59.4204597473
932.659485,       59.5318298340
932.963379,       59.3196258545
933.267090,       59.3356208801
933.570801,       59.2453613281
933.874573,       59.1684226990
934.178162,       59.1133766174
934.481689,       59.2237472534
934.785278,       58.9061203003
935.088745,       58.7061347961
935.392151,       58.7394905090
935.695496,       58.5085525513
935.998779,       58.3596992493
936.302063,       58.4560585022
936.605225,       58.7784042358
936.908386,       58.9617080688
937.211426,       58.9216842651
937.514465,       59.0577850342
937.817444,       58.9281387329
938.120422,       59.1259536743
938.423279,       59.1637077332
938.726013,       59.4941062927
939.028809,       59.4293136597
939.331482,       59.6506996155
939.634155,       59.7094955444
939.936768,       59.6803245544
940.239258,       59.5949897766
940.541809,       59.6176490784
940.844238,       59.5475196838
941.146606,       59.6627120972
941.448914,       59.7344207764
941.751221,       59.6976585388
942.053345,       59.6367073059
942.355530,       59.6841392517
942.657654,       59.6770477295
942.959656,       59.6142959595
943.261658,       59.4391708374
943.563599,       59.2028923035
943.865479,       59.1947479248
944.167358,       59.2304573059
944.469177,       59.1329345703
944.770813,       59.0179252625
945.072510,       58.6803894043
945.374084,       58.6131591797
945.675659,       58.2482032776
945.977173,       58.3234863281
946.278564,       58.5457572937
946.580017,       58.6905059814
946.881348,       58.4384498596
947.182617,       58.4500961304
947.483826,       58.2585868835
947.785034,       58.2431602478
948.086060,       58.2126274109
948.387207,       58.2547607422
948.688232,       58.3511047363
948.989075,       58.3597068787
949.290039,       58.1915931702
949.590942,       58.1341209412
949.891663,       58.3471069336
950.192444,       58.1838302612
950.493164,       58.3163452148
950.793701,       58.2515907288
951.094299,       58.2605438232
951.394836,       58.2904052734
951.695251,       59.5368576050
951.995667,       59.6805038452
952.295959,       59.5993919373
952.596313,       59.4360466003
952.896545,       59.5771560669
953.196716,       59.6812782288
953.496826,       59.5292282104
953.796936,       59.6358413696
954.096863,       59.5715599060
954.396912,       59.4022102356
954.696777,       59.3113555908
954.996643,       59.3226356506
955.296448,       59.5198135376
955.596191,       59.5513038635
955.895813,       59.6515769958
956.195496,       59.9221763611
956.495117,       60.3002204895
956.794556,       60.0079040527
957.094055,       59.7566184998
957.393494,       60.1540794373
957.692810,       60.0610427856
957.992126,       58.6549339294
958.291321,       58.6922225952
958.590637,       58.6262931824
958.889709,       58.5200843811
959.188782,       58.3023910522
959.487793,       58.3466529846
959.786804,       58.4724617004
960.085693,       58.3297805786
960.384460,       58.4488334656
960.683472,       58.6329765320
960.982056,       58.6900253296
961.280823,       58.9306182861
961.579407,       58.8333015442
961.877930,       58.6453323364
962.176575,       58.6186523438
962.474915,       58.1998367310
962.773376,       57.9440231323
963.071777,       58.1417846680
963.370056,       58.2225379944
963.668335,       57.6019477844
963.966431,       57.6157646179
964.264709,       57.4548416138
964.562744,       57.5288696289
964.860718,       57.5631904602
965.158691,       57.6503753662
965.456543,       57.7357940674
965.754578,       57.9028358459
966.052307,       58.0016326904
966.350037,       58.0534629822
966.647705,       57.8887062073
966.945251,       58.1592864990
967.243042,       58.0741539001
967.540405,       57.4963569641
967.837952,       57.3568458557
968.135376,       57.4156646729
968.432739,       57.7420539856
968.730042,       58.0376205444
969.027222,       57.7340774536
969.324524,       57.5419235229
969.621521,       57.5404090881
969.918701,       57.5226593018
970.215698,       57.5885887146
970.512573,       57.9187583923
970.809631,       58.0123710632
971.106384,       58.0477714539
971.403198,       58.2440719604
971.700012,       58.3496971130
971.996521,       58.0528068542
972.293335,       58.0983581543
972.589783,       58.1290016174
972.886353,       58.0701522827
973.182861,       57.5027046204
973.479309,       57.6502494812
973.775635,       57.9579010010
974.071838,       58.2768135071
974.368225,       58.1421928406
974.664368,       57.8094406128
974.960449,       57.6788253784
975.256592,       57.8692092896
975.552490,       58.4324913025
975.848633,       58.4564208984
976.144409,       58.8967742920
976.440247,       58.7425842285
976.736023,       58.9798278809
977.031738,       58.7570495605
977.327515,       58.6989212036
977.623047,       58.6375312805
977.918640,       58.3526382446
978.214172,       58.4907455444
978.509644,       58.1601867676
978.805115,       58.1430549622
979.100281,       58.4678955078
979.395752,       58.8164863586
979.690857,       58.9880867004
979.986084,       58.8384284973
980.281250,       58.5613670349
980.576172,       58.8241653442
980.871338,       58.9273757935
981.166199,       58.9119911194
981.461121,       58.9881172180
981.755920,       58.3015022278
982.050781,       58.6540031433
982.345520,       58.5088958740
982.640076,       58.4373779297
982.934814,       57.9183883667
983.229309,       57.8603210449
983.523804,       57.9457817078
983.818298,       57.7545623779
984.112610,       57.7399482727
984.407043,       59.7935791016
984.701233,       60.2612304688
984.995483,       60.3487739563
985.289612,       60.0396499634
985.583618,       59.6688499451
985.877869,       59.7911834717
986.171753,       59.7535781860
986.465698,       59.7447929382
986.759583,       59.5716934204
987.053467,       60.3900032043
987.347290,       60.1374435425
987.640869,       59.9266128540
987.934631,       60.0111465454
988.228149,       59.6259460449
988.521667,       59.5105781555
988.815186,       59.8809013367
989.108582,       60.1255226135
989.402039,       60.0470466614
989.695313,       60.0058021545
989.988525,       60.0766944885
990.281738,       60.3451080322
990.574829,       58.2968940735
990.868042,       57.9685325623
991.161011,       58.2392692566
991.453979,       58.5892066956
991.746948,       59.3682518005
992.039795,       59.6783294678
992.332642,       60.4843978882
992.625305,       60.3143043518
992.918091,       60.6260719299
993.210632,       60.7105979919
993.503235,       61.0575027466
993.795837,       62.8450698853
994.088196,       63.0188102722
994.380676,       63.3049621582
994.672913,       63.5581665039
994.965271,       64.4764099121
995.257568,       64.6026611328
995.549622,       65.0444869995
995.841858,       65.4653701782
996.133850,       65.5774765015
996.425903,       65.5482254028
996.717834,       65.0550842285
997.009766,       64.5237808228
997.301636,       63.8256797791
997.593323,       63.7920188904
997.885193,       63.1227684021
998.176758,       62.4452400208
998.468384,       62.2303543091
998.760010,       62.2033653259
999.051392,       62.4064979553
999.342957,       61.4484672546
999.634277,       61.1730651855
999.925598,       59.4501380920
1000.216919,       59.8212127686
1000.508118,       59.9952278137
1000.799255,       59.6063537598
1001.090271,       58.3764610291
1001.381470,       57.7284088135
1001.672363,       57.8752059937
1001.963257,       56.8166122437
1002.254150,       56.4818458557
1002.544922,       56.1247940063
1002.835815,       56.2272071838
1003.126404,       56.6352729797
1003.417114,       57.0344505310
1003.707703,       56.9285507202
1003.998108,       57.0899658203
1004.288757,       57.0359420776
1004.579041,       56.3519477844
1004.869385,       56.5760803223
1005.159729,       56.2934417725
1005.450012,       55.7889099121
1005.740173,       55.8013305664
1006.030212,       55.5124282837
1006.320435,       55.0691947937
1006.610352,       54.7052383423
1006.900330,       54.2740821838
1007.190247,       55.0045738220
1007.479980,       55.5912628174
1007.769897,       55.1926269531
1008.059509,       55.8181991577
1008.349243,       55.9810829163
1008.638855,       55.6996269226
1008.928345,       56.0960159302
1009.217896,       56.4707527161
1009.507263,       56.2256469727
1009.796753,       55.9031372070
1010.086060,       55.4349784851
1010.375366,       55.0571784973
1010.664551,       54.2691841125
1010.953674,       53.8116378784
1011.242920,       54.9947013855
1011.531738,       55.3414268494
1011.820801,       55.5522918701
1012.109741,       55.7756233215
1012.398499,       56.6888618469
1012.687439,       57.5111198425
1012.976074,       58.4884872437
1013.264771,       58.0315513611
1013.553406,       58.1290054321
1013.842041,       57.9193725586
1014.130554,       57.1615295410
1014.418884,       57.2751350403
1014.707336,       57.8189315796
1014.995789,       57.4293785095
1015.284058,       57.1389503479
1015.572327,       57.4798889160
1015.860413,       57.6030540466
1016.148621,       57.3200569153
1016.436523,       57.7305259705
1016.724609,       58.5315093994
1017.012573,       59.2447090149
1017.300354,       57.8105392456
1017.588318,       56.7910690308
1017.875977,       57.7145919800
1018.163757,       57.5645370483
1018.451416,       56.6283874512
1018.739014,       57.7630043030
1019.026611,       57.3392562866
1019.313904,       56.9880828857
1019.601440,       56.6446380615
1019.888733,       56.1690559387
1020.176086,       57.7445983887
1020.463318,       58.6617660522
1020.750549,       58.7086868286
1021.037720,       59.9914741516
1021.324707,       61.5069160461
1021.611694,       61.4394302368
1021.898682,       62.2520866394
1022.185547,       62.8324851990
1022.472595,       62.2987289429
1022.759216,       62.4650001526
1023.045959,       62.3517456055
1023.332581,       64.2348632813
1023.619324,       65.5381774902
1023.905884,       64.6942901611
1024.192261,       65.1214752197
1024.478882,       64.7794342041
1024.765137,       62.3643875122
1025.051514,       62.9398422241
1025.337769,       62.7469558716
1025.623779,       63.9106445313
1025.910034,       66.2946090698
1026.196045,       88.0928421021
1026.482178,       68.2403488159
1026.768066,       53.8812866211
1027.053955,       59.2471466064
1027.339966,       38.6206932068
1027.625610,       56.1815261841
1027.911377,       67.0816040039
1028.197144,       53.8715019226
1028.482666,       76.0000076294
1028.768311,       89.1566238403
