339.817139,        0.0000000000
340.196106,        0.0000000000
340.575104,      879.1658325195
340.954010,      469.7672729492
341.332886,      266.2789916992
341.711761,      431.1110839844
342.090576,       90.5797042847
342.469360,       99.6466293335
342.848114,       -3.7735714912
343.226868,        0.0000000000
343.605560,       14.5911102295
343.984192,       12.0017795563
344.362854,       10.6630563736
344.741425,       17.9983234406
345.119995,       30.3987598419
345.498535,       36.5780754089
345.877014,       40.6931228638
346.255463,       42.6066741943
346.633881,       46.6729812622
347.012299,       46.8263969421
347.390625,       45.9416694641
347.768951,       45.8753089905
348.147278,       48.3475837708
348.525513,       53.0406837463
348.903748,       56.1068840027
349.281952,       58.1676254272
349.660126,       59.2973060608
350.038239,       58.2700843811
350.416321,       59.9794807434
350.794373,       56.0313835144
351.172394,       57.8444824219
351.550385,       55.6086616516
351.928375,       54.4012527466
352.306305,       59.1826629639
352.684174,       59.2083320618
353.062042,       57.3094978333
353.439880,       57.5827178955
353.817657,       58.7953796387
354.195404,       59.7642364502
354.573151,       54.0076179504
354.950836,       58.2048492432
355.328461,       59.5178947449
355.706116,       60.2358322144
356.083710,       90.4184570313
356.461243,       89.6257934570
356.838806,       88.7510375977
357.216248,       88.6731109619
357.593719,       88.6367416382
357.971161,       89.7174148560
358.348541,       88.9176940918
358.725891,       89.3763275146
359.103210,       89.1387252808
359.480530,       87.2053756714
359.857758,       89.3526611328
360.234955,       87.1910629272
360.612183,       88.1783828735
360.989319,       87.7219390869
361.366425,       88.4772796631
361.743530,       91.4451065063
362.120575,       90.5993270874
362.497559,       90.2225952148
362.874573,       87.9409332275
363.251526,       86.3748931885
363.628418,       85.9457321167
364.005310,       47.2569465637
364.382202,       44.3118972778
364.759003,       40.4748306274
365.135773,       42.3271293640
365.512482,       44.5368385315
365.889221,       46.7864913940
366.265900,       48.0537223816
366.642517,       48.1787033081
367.019165,       46.2843399048
367.395721,       51.3297805786
367.772278,       50.6336402893
368.148804,       48.2152748108
368.525269,       47.0782165527
368.901672,       46.7183876038
369.278107,       45.3769836426
369.654480,       33.5242614746
370.030823,       43.8450927734
370.407104,       43.1262855530
370.783386,       40.8857498169
371.159637,       41.9255790710
371.535828,       45.8642463684
371.912018,       46.3567390442
372.288116,       45.9105911255
372.664246,       47.9005699158
373.040283,       47.7968292236
373.416351,       44.9087829590
373.792328,       39.1735649109
374.168274,       37.8475570679
374.544250,       38.2010688782
374.920105,       41.9178009033
375.295959,       38.4739646912
375.671814,       40.6475028992
376.047607,       39.9439506531
376.423370,       39.4046058655
376.799103,       39.3800468445
377.174774,       39.7838439941
377.550415,       42.1561584473
377.926056,       30.4736976624
378.301636,       32.4635620117
378.677185,       35.3305053711
379.052673,       40.2594375610
379.428192,       39.3647003174
379.803650,       40.4805870056
380.179047,       39.9719314575
380.554443,       40.9839668274
380.929779,       40.3685340881
381.305084,       39.6844787598
381.680359,       41.0688667297
382.055634,       40.5632553101
382.430817,       39.4939727783
382.805969,       36.8395233154
383.181152,       39.8853759766
383.556244,       39.0984840393
383.931274,       41.9525032043
384.306366,       45.3890724182
384.681366,       44.3411331177
385.056305,       44.9609107971
385.431274,       46.7470626831
385.806152,       51.9516754150
386.181000,       49.8349380493
386.555817,       48.5914268494
386.930634,       41.1300582886
387.305389,       35.8288269043
387.680084,       35.0451660156
388.054810,       36.0621032715
388.429474,       33.3645210266
388.804047,       31.4718341827
389.178650,       33.5079345703
389.553192,       33.6175460815
389.927734,       36.5358390808
390.302185,       37.3424263000
390.676666,       35.6203842163
391.051086,       31.7511444092
391.425446,       30.3717193604
391.799805,       29.7352676392
392.174133,       27.3736534119
392.548370,       27.8320159912
392.922638,       26.7199687958
393.296844,       29.9152488708
393.670990,       22.8326473236
394.045135,       22.3488407135
394.419220,       19.3152523041
394.793304,       23.9793052673
395.167328,       27.9372386932
395.541321,       30.3206501007
395.915283,       30.9063816071
396.289185,       35.2858161926
396.663116,       36.7811660767
397.036957,       33.4070014954
397.410736,       32.1614265442
397.784546,       31.2145347595
398.158325,       28.6164665222
398.532013,       28.9228496552
398.905670,       29.2994804382
399.279358,       36.7193374634
399.652954,       37.3628997803
400.026520,       35.5623855591
400.400085,       36.7340316772
400.773560,       37.7603187561
401.147034,       32.8598937988
401.520508,       33.4551162720
401.893890,       34.8983459473
402.267242,       36.8683738708
402.640564,       35.8889083862
403.013855,       34.4616127014
403.387146,       32.1759910583
403.760345,       32.7291412354
404.133514,       36.4619102478
404.506683,       37.3101158142
404.879791,       40.1036071777
405.252869,       41.9823455811
405.625946,       40.1479644775
405.998962,       38.8621444702
406.371918,       42.5544204712
406.744873,       43.1333465576
407.117798,       36.5398712158
407.490631,       35.5744018555
407.863525,       35.9994010925
408.236298,       36.0341644287
408.609039,       41.4544067383
408.981842,       41.3289260864
409.354523,       43.4257354736
409.727173,       42.2361183167
410.099792,       41.3908004761
410.472382,       40.6484527588
410.844910,       40.8591651917
411.217438,       38.8986968994
411.589935,       37.0211944580
411.962402,       31.2786884308
412.334778,       34.5259132385
412.707153,       33.8611259460
413.079498,       31.7506141663
413.451813,       31.9840221405
413.824066,       33.9531135559
414.196350,       30.7369194031
414.568512,       30.6931724548
414.940674,       31.6544437408
415.312805,       30.6620426178
415.684906,       30.9849090576
416.056946,       39.1601486206
416.429016,       33.7955093384
416.800964,       33.7087478638
417.172913,       30.8795490265
417.544830,       31.6770877838
417.916718,       32.3443756104
418.288574,       32.0892677307
418.660370,       31.6224269867
419.032135,       32.0850677490
419.403870,       32.2135581970
419.775574,       32.2939720154
420.147247,       28.1540775299
420.518860,       28.3734550476
420.890472,       27.9976310730
421.262024,       28.0107078552
421.633545,       26.7159786224
422.005005,       26.7315902710
422.376495,       25.5963363647
422.747925,       24.6893577576
423.119293,       24.4747238159
423.490601,       25.1878414154
423.861938,       15.0165033340
424.233215,       15.9200782776
424.604462,       17.9663219452
424.975647,       17.7586784363
425.346832,       16.4709300995
425.717926,       14.7960443497
426.089050,       13.5043649673
426.460083,       12.3618621826
426.831085,       10.8321247101
427.202087,       10.2431077957
427.572998,       10.5890798569
427.943939,       12.8256740570
428.314819,       12.1957740784
428.685669,       12.0321979523
429.056458,       12.8202810287
429.427246,       13.1325006485
429.797943,       12.6974954605
430.168701,       13.0536928177
430.539337,       13.6460971832
430.909943,       14.8684158325
431.280548,       15.7682676315
431.651093,       17.8365612030
432.021606,       18.5636558533
432.392120,       16.4017162323
432.762543,       16.3704357147
433.132965,       16.4945735931
433.503326,       17.7300643921
433.873688,       17.9269752502
434.243958,       17.4695644379
434.614227,       17.2446022034
434.984467,       18.0888690948
435.354645,       17.5345783234
435.724792,       15.4170379639
436.094910,       14.2374629974
436.464996,       15.1439990997
436.835052,       17.9933910370
437.205048,       17.5973720551
437.575043,       18.8630142212
437.944977,       18.4824733734
438.314880,       18.9167327881
438.684753,       18.3575725555
439.054565,       16.9763488770
439.424377,       16.6312332153
439.794128,       15.9616336823
440.163849,       16.4912319183
440.533508,       19.1973247528
440.903198,       19.3765563965
441.272797,       20.1277751923
441.642334,       21.1534385681
442.011902,       21.8931179047
442.381409,       23.3691654205
442.750854,       23.1627426147
443.120300,       23.3809967041
443.489655,       23.4744567871
443.859039,       24.2938003540
444.228333,       24.1100807190
444.597626,       21.1546936035
444.966888,       21.8639469147
445.336060,       20.3257522583
445.705231,       19.8971176147
446.074402,       18.5604820251
446.443512,       18.5660152435
446.812531,       18.6359786987
447.181610,       17.5931053162
447.550568,       17.7306690216
447.919525,       17.7910709381
448.288483,       15.3424577713
448.657349,       15.2044010162
449.026154,       13.9129695892
449.394989,       13.6217298508
449.763763,       14.3128156662
450.132477,       13.2869539261
450.501190,       12.5730428696
450.869812,       12.1174621582
451.238464,       11.9466114044
451.607025,       11.4003820419
451.975586,       12.0480852127
452.344116,       12.3365211487
452.712585,       12.4462080002
453.081024,       12.8922891617
453.449463,       13.1508827209
453.817810,       13.6809511185
454.186127,       13.2912931442
454.554413,       37.7592277527
454.922668,       38.0776176453
455.290894,       37.1629333496
455.659088,       36.5783081055
456.027222,       36.2192802429
456.395325,       35.6901054382
456.763428,       35.3917808533
457.131439,       34.5355644226
457.499420,       33.4787940979
457.867371,       33.3943023682
458.235321,       33.2730064392
458.603210,       33.1330375671
458.971039,       32.9039039612
459.338867,       32.5216712952
459.706635,       31.5573787689
460.074371,       31.1249523163
460.442047,       30.3683795929
460.809753,       31.6021595001
461.177368,       31.0453510284
461.544952,       30.7657623291
461.912537,       30.4488220215
462.280029,       10.0882167816
462.647522,        9.2138843536
463.014984,        9.1453742981
463.382355,        9.5017366409
463.749725,        9.5213088989
464.117065,        9.3703012466
464.484344,        9.1089324951
464.851593,        9.0328979492
465.218842,        9.0243759155
465.586029,        9.0458745956
465.953156,        9.0446109772
466.320282,        8.8021793365
466.687317,        9.1525430679
467.054352,        9.2892055511
467.421356,        9.7440261841
467.788300,        9.5575923920
468.155243,        9.5738010406
468.522095,        7.7860927582
468.888947,        8.5122385025
469.255768,        8.7750749588
469.622559,        9.4428625107
469.989258,        9.6282882690
470.355988,        9.7037162781
470.722626,        9.8861217499
471.089233,        9.7286920547
471.455841,        9.8590326309
471.822388,        9.9287881851
472.188873,        9.9040813446
472.555389,        9.8562545776
472.921753,        9.9104185104
473.288208,        9.7275104523
473.654602,        9.5895833969
474.020874,        9.9042224884
474.387177,        9.4156703949
474.753387,        9.0811462402
475.119629,        8.5278024673
475.485809,        8.6715879440
475.851929,        8.4682302475
476.218018,        8.4741277695
476.584076,        8.1463899612
476.950104,        7.6490345001
477.316101,        7.2688593864
477.682037,        6.9686369896
478.047974,        6.8492965698
478.413818,        7.0427427292
478.779663,        7.0880851746
479.145477,        6.7676067352
479.511200,        6.7493929863
479.876953,        6.8785347939
480.242615,        7.0582761765
480.608276,        7.0274152756
480.973907,        6.9717483521
481.339417,        7.2800383568
481.704987,        7.1116552353
482.070465,        6.9753065109
482.435913,        6.9935026169
482.801331,        7.0367960930
483.166718,        6.9389028549
483.532043,        7.0644879341
483.897369,        7.4203305244
484.262634,        7.4304528236
484.627869,        7.5178294182
484.993073,        7.2747220993
485.358215,        7.3719081879
485.723297,        7.3736691475
486.088409,        7.2301096916
486.453461,        7.0601077080
486.818451,        7.0058093071
487.183411,        7.0455431938
487.548370,        6.9799461365
487.913239,        6.8294167519
488.278107,        6.6989870071
488.642883,        6.5890245438
489.007660,        6.4440393448
489.372437,        6.2977762222
489.737091,        6.2336153984
490.101746,        6.2086000443
490.466370,        6.1491999626
490.830963,        6.1458158493
491.195526,        5.9672055244
491.559998,        5.5493259430
491.924500,        5.4316124916
492.288940,        5.4043912888
492.653320,        5.4373416901
493.017670,        5.3285303116
493.382019,        5.2196850777
493.746277,        5.0303444862
494.110504,        4.9946365356
494.474731,        5.1466331482
494.838898,        5.1671104431
495.203033,        5.1582956314
495.567108,        5.1709561348
495.931122,        6.4556913376
496.295166,        6.4720907211
496.659149,        6.2690987587
497.023041,        6.3051757813
497.386963,        6.3434748650
497.750824,        6.3430705070
498.114624,        6.4972839355
498.478455,        6.5252990723
498.842163,        6.5654611588
499.205872,        6.6115388870
499.569580,        6.6167774200
499.933167,        6.6581344604
500.296753,        6.6260538101
500.660339,        6.7226781845
501.023834,        6.7835063934
501.387299,        6.7655353546
501.750763,        6.8100085258
502.114166,        6.7013354301
502.477509,        6.6043510437
502.840851,        6.7059106827
503.204102,        6.8290395737
503.567352,        5.7481126785
503.930573,        5.8194680214
504.293732,        5.8780641556
504.656860,        5.9457378387
505.019989,        6.1100902557
505.382996,        6.1417236328
505.746033,        6.1349925995
506.109009,        6.1286044121
506.471924,        6.1369867325
506.834839,        6.1638717651
507.197662,        6.1392645836
507.560486,        6.1789636612
507.923309,        6.2730340958
508.286041,        6.2876200676
508.648743,        6.3142895699
509.011414,        6.3708686829
509.373993,        6.3748745918
509.736633,        6.4507350922
510.099213,        6.4869537354
510.461731,        6.3950524330
510.824158,        6.4329295158
511.186615,        6.4247002602
511.548950,        6.3886933327
511.911346,        6.4152956009
512.273682,        6.3960881233
512.635925,        6.3426928520
512.998169,        6.3743038177
513.360352,        6.3309779167
513.722534,        6.5508713722
514.084717,        6.7008829117
514.446777,        6.7715921402
514.808777,        6.9119849205
515.170776,        6.9990038872
515.532776,        7.1339650154
515.894714,        7.1547679901
516.256592,        7.2293372154
516.618469,        8.1415758133
516.980286,        8.3801584244
517.342041,        8.5186443329
517.703735,        8.6183423996
518.065430,        8.8448820114
518.427185,        8.9135894775
518.788696,        9.0564336777
519.150330,        9.1877479553
519.511902,        9.4174737930
519.873291,        9.5294971466
520.234802,        9.6947650909
520.596252,        9.8090410233
520.957581,        9.9806394577
521.318970,        9.9274263382
521.680237,        9.9841480255
522.041565,       10.0622406006
522.402771,       10.1592617035
522.763977,       10.3258094788
523.125061,       10.4451284409
523.486206,       10.9076709747
523.847229,       11.1366252899
524.208252,       10.5734453201
524.569275,       10.5554981232
524.930237,       10.6304044724
525.291138,       10.7984142303
525.652100,       10.8672361374
526.012817,       10.9719457626
526.373657,       11.0660915375
526.734436,       11.1580705643
527.095093,       11.3362483978
527.455811,       11.4691438675
527.816528,       11.5794763565
528.177002,       11.6602268219
528.537598,       11.7989454269
528.898132,       11.9269123077
529.258606,       11.9717998505
529.619080,       12.0838279724
529.979431,       12.4516744614
530.339844,       12.3772974014
530.700134,       12.4236059189
531.060425,       12.2718381882
531.420654,       12.2938480377
531.780884,       12.5158863068
532.140991,       12.5884103775
532.501160,       12.5840816498
532.861267,       12.6703414917
533.221375,       12.6522455215
533.581299,       12.6595716476
533.941284,       12.7722263336
534.301208,       12.8203897476
534.661133,       12.7608718872
535.020996,       12.8297958374
535.380798,       12.8320188522
535.740540,       12.9433689117
536.100220,       12.9471216202
536.459900,       12.9500713348
536.819641,       12.9838705063
537.179260,       13.0068416595
537.538757,       12.7795915604
537.898376,       12.8354759216
538.257813,       12.8411159515
538.617249,       12.7626819611
538.976685,       12.7633914948
539.336121,       12.6801595688
539.695374,       12.6908884048
540.054688,       12.8202047348
540.413879,       12.8159236908
540.773132,       12.8471717834
541.132385,       12.8695745468
541.491516,       12.9221220016
541.850525,       13.0371932983
542.209595,       13.0342035294
542.568604,       13.0462217331
542.927612,       13.0373563766
543.286560,       12.9815120697
543.645386,       12.9953746796
544.004333,       13.0719480515
544.363098,       13.0866556168
544.721924,       13.1530370712
545.080688,       13.1806116104
545.439331,       13.3140115738
545.797974,       13.3162860870
546.156616,       13.4878902435
546.515137,       13.4708251953
546.873657,       13.4501771927
547.232239,       13.5101299286
547.590698,       13.4862155914
547.949097,       13.5080795288
548.307495,       13.5266513824
548.665833,       13.5113372803
549.024109,       13.4636354446
549.382385,       13.4233236313
549.740540,       13.5394630432
550.098755,       13.5505409241
550.456909,       13.6010494232
550.815002,       13.6052246094
551.173096,       13.5830459595
551.531128,       13.5319766998
551.888977,       13.5462360382
552.247009,       13.4874849319
552.604797,       13.6156673431
552.962708,       13.5617036819
553.320557,       13.6376934052
553.678345,       13.6528301239
554.036011,       13.6546163559
554.393738,       13.6398162842
554.751404,       13.5674734116
555.109009,       13.5631961823
555.466614,       13.4845275879
555.824158,       13.4478073120
556.181641,       13.5043058395
556.539063,       13.4674091339
556.896423,       13.4211177826
557.253845,       13.2886390686
557.611206,       13.3801097870
557.968445,       13.3486585617
558.325745,       13.3341922760
558.682922,       13.3277158737
559.040161,       13.3372631073
559.397278,       13.3063077927
559.754395,       13.3385848999
560.111389,       13.1611633301
560.468445,       13.0613536835
560.825378,       12.9908456802
561.182251,       12.8533630371
561.539185,       12.8072900772
561.896057,       12.8070640564
562.252869,       12.8161172867
562.609619,       12.7400741577
562.966309,       12.7733993530
563.323059,       12.6899290085
563.679688,       12.6305904388
564.036316,       12.5779819489
564.392822,       12.6143646240
564.749390,       12.5623865128
565.105835,       12.3743457794
565.462280,       12.3139209747
565.818726,       12.2824163437
566.175049,       12.1918926239
566.531372,       12.0756683350
566.887573,       11.9823093414
567.243896,       11.8210687637
567.600098,       11.7801942825
567.956299,       11.7649345398
568.312378,       11.6567325592
568.668457,       11.5683774948
569.024475,       11.4807090759
569.380493,       11.3680381775
569.736389,       11.3116960526
570.092346,       11.3314857483
570.448181,       11.2314510345
570.804077,       11.1747579575
571.159790,       11.1246366501
571.515564,       11.0418510437
571.871338,       10.9184923172
572.226929,       10.8504114151
572.582581,       10.7891206741
572.938171,       10.7023553848
573.293701,       10.6037693024
573.649231,       10.5415935516
574.004700,       10.5386610031
574.360107,       10.5182514191
574.715515,       10.5070247650
575.070801,       10.4647407532
575.426086,       10.3360996246
575.781433,       10.2531614304
576.136658,       10.1729173660
576.491821,       10.1289281845
576.846985,       10.0716505051
577.202026,        9.9767322540
577.557129,        9.8705396652
577.912109,        9.7850294113
578.267090,        9.7317123413
578.621948,        9.6464319229
578.976929,        9.5812702179
579.331726,        9.4960069656
579.686523,        9.6157121658
580.041321,        9.5771970749
580.396057,        9.5476741791
580.750732,        9.6192693710
581.105408,        9.5836029053
581.459961,        9.5072622299
581.814575,        9.4802923203
582.169067,        9.3914623260
582.523499,        9.3078985214
582.877991,        9.3151330948
583.232361,        9.3414249420
583.586731,        9.3318481445
583.941040,        9.2748928070
584.295349,        9.2355670929
584.649536,        9.2195396423
585.003784,        9.1755247116
585.357849,        9.3475704193
585.712036,        9.3081932068
586.066040,        9.2773647308
586.420166,        9.2902126312
586.774048,        9.2539224625
587.128052,        9.0510416031
587.481934,        9.0070133209
587.835815,        8.9615564346
588.189636,        8.8552446365
588.543396,        8.8449468613
588.897095,        8.8172359467
589.250732,        8.7951011658
589.604431,        8.8017473221
589.958069,        8.7585353851
590.311646,        8.7337818146
590.665161,        8.7013177872
591.018677,        8.7341423035
591.372070,        8.7809829712
591.725525,        8.8069200516
592.078857,        8.7771587372
592.432190,        8.7851228714
592.785461,        8.6771383286
593.138733,        8.6784543991
593.491821,        8.6842250824
593.845032,        8.6772594452
594.198181,        8.7187509537
594.551270,        8.7305479050
594.904236,        8.7023916245
595.257202,        8.7341432571
595.610168,        8.6685247421
595.963074,        8.6524877548
596.315979,        8.6338844299
596.668823,        8.5993089676
597.021606,        8.7494831085
597.374268,        8.7364072800
597.726990,        8.7688226700
598.079651,        8.7581319809
598.432312,        8.7375659943
598.784851,        8.6804332733
599.137390,        8.6974906921
599.489868,        8.7673645020
599.842285,        8.7201128006
600.194702,        8.6092138290
600.547119,        8.5800218582
600.899414,        8.5246391296
601.251648,        8.4673137665
601.603882,        8.3876552582
601.956116,        8.3754339218
602.308289,        8.3839740753
602.660400,        8.3349857330
603.012451,        8.3731126785
603.364441,        8.3233413696
603.716370,        8.3015699387
604.068359,        8.4028463364
604.420288,        8.2650108337
604.772156,        8.2496728897
605.123962,        8.1908187866
605.475708,        8.1588249207
605.827515,        8.1211433411
606.179138,        8.1117639542
606.530884,        8.0737743378
606.882385,        7.9655580521
607.233948,        8.0354385376
607.585449,        8.0386400223
607.936951,        8.0415697098
608.288452,        8.0570983887
608.639893,        8.0722246170
608.991150,        8.0728645325
609.342468,        8.0848178864
609.693726,        8.1761236191
610.044983,        8.1476268768
610.396240,        8.1162672043
610.747314,        8.1140947342
611.098389,        8.1071224213
611.449463,        7.9763612747
611.800476,        7.9421362877
612.151489,        7.9559206963
612.502441,        7.9358072281
612.853271,        7.9097943306
613.204102,        7.8858280182
613.554932,        7.8857002258
613.905701,        7.9098129272
614.256470,        7.8988184929
614.607178,        7.8037672043
614.957764,        7.7959852219
615.308350,        7.7670106888
615.658875,        7.6906228065
616.009399,        7.6518149376
616.359924,        7.6617360115
616.710327,        7.6168751717
617.060669,        7.4966773987
617.411011,        7.4908509254
617.761292,        7.4930453300
618.111572,        7.5043268204
618.461853,        7.4663877487
618.812012,        7.4885964394
619.162109,        7.4791336060
619.512146,        7.4618115425
619.862183,        7.4356703758
620.212219,        7.4427018166
620.562195,        7.3928556442
620.912048,        7.3475112915
621.261963,        7.3115916252
621.611755,        7.3282332420
621.961548,        7.3200054169
622.311340,        7.2953701019
622.661072,        7.3415665627
623.010681,        7.3565168381
623.360229,        7.3839879036
623.709839,        7.3422985077
624.059387,        7.3112649918
624.408936,        7.2830042839
624.758423,        7.2743668556
625.107727,        7.2103443146
625.457031,        7.1650266647
625.806458,        7.1793360710
626.155762,        7.1830806732
626.504944,        7.1665391922
626.854126,        7.1597857475
627.203308,        7.1546301842
627.552368,        7.1473026276
627.901428,        7.1876244545
628.250488,        7.1961984634
628.599487,        7.1689844131
628.948364,        7.1555981636
629.297241,        7.1345577240
629.646118,        7.1476569176
629.994934,        7.0960431099
630.343689,        7.0855937004
630.692444,        7.0345497131
631.041077,        7.0464158058
631.389648,        7.1661033630
631.738281,        7.1826262474
632.086853,        7.2025003433
632.435364,        7.2532119751
632.783875,        7.3886423111
633.132263,        7.3720121384
633.480591,        7.2981305122
633.828918,        7.2743349075
634.177246,        7.2757430077
634.525513,        7.2515258789
634.873657,        7.2218189240
635.221863,        7.1933007240
635.569946,        7.1656928062
635.918030,        7.1043677330
636.266052,        7.0482721329
636.614136,        7.1748256683
636.962036,        7.1326389313
637.309937,        7.1003675461
637.657776,        7.1072988510
638.005615,        7.1846117973
638.353394,        7.1782054901
638.701111,        7.0489211082
639.048767,        7.0012035370
639.396423,        6.9528927803
639.743958,        6.9084444046
640.091614,        6.7467980385
640.439087,        6.7465820313
640.786560,        6.7450957298
641.133972,        6.7245712280
641.481323,        6.7211694717
641.828735,        6.7287988663
642.176025,        6.7421817780
642.523315,        6.6807985306
642.870483,        6.6986255646
643.217651,        6.6920018196
643.564758,        6.7359566689
643.911804,        6.5584816933
644.258911,        6.8002529144
644.605896,        6.8111920357
644.952820,        6.7702369690
645.299683,        6.6947231293
645.646606,        6.6689343452
645.993469,        6.6439390182
646.340210,        6.6307916641
646.687012,        6.5983786583
647.033630,        6.6154823303
647.380249,        6.6229171753
647.726868,        6.5600371361
648.073425,        6.5269036293
648.419983,        6.5069713593
648.766418,        6.4173431396
649.112854,        6.3612565994
649.459229,        6.3328447342
649.805603,        6.3417696953
650.151855,        6.3312678337
650.498169,        6.3057622910
650.844360,        6.2209906578
651.190552,        6.2265887260
651.536621,        5.9372682571
651.882751,        5.9146857262
652.228760,        5.9052739143
652.574829,        5.8542566299
652.920715,        5.8225841522
653.266602,        5.8395934105
653.612488,        5.8712868690
653.958252,        5.8864836693
654.304077,        5.8158149719
654.649841,        5.7958421707
654.995483,        5.8205342293
655.341064,        5.8137407303
655.686707,        6.1726965904
656.032288,        6.2202219963
656.377808,        6.2237782478
656.723267,        6.1959791183
657.068726,        6.2014079094
657.414063,        6.1649994850
657.759399,        6.2562747002
658.104736,        6.3072295189
658.449951,        6.3319010735
658.795166,        6.3085422516
659.140381,        6.3310036659
659.485474,        6.3622140884
659.830505,        6.3749022484
660.175598,        6.3841710091
660.520569,        6.3637366295
660.865479,        6.3199238777
661.210327,        6.2764539719
661.555237,        6.2873749733
661.900085,        6.2770605087
662.244812,        6.2652363777
662.589539,        6.2409005165
662.934265,        5.9143023491
663.278809,        5.8921976089
663.623413,        5.9141182899
663.968018,        5.9461240768
664.312500,        5.9275379181
664.656921,        5.9219284058
665.001343,        5.8271279335
665.345703,        5.8036317825
665.690063,        5.7802243233
666.034302,        5.8190083504
666.378662,        5.7798962593
666.722778,        5.7588820457
667.066895,        5.7334856987
667.410950,        5.7134480476
667.755066,        5.6782851219
668.099121,        5.6661195755
668.443054,        5.6846737862
668.786987,        5.7042765617
669.130798,        5.6855278015
669.474731,        5.6701140404
669.818481,        5.7235589027
670.162292,        5.7043557167
670.506042,        5.6645698547
670.849670,        5.6374788284
671.193176,        5.6287641525
671.536804,        5.6361794472
671.880371,        5.6194739342
672.223816,        5.6178865433
672.567261,        5.5903043747
672.910645,        5.5611090660
673.254028,        5.5164823532
673.597290,        5.4900770187
673.940613,        5.4538464546
674.283875,        5.4743275642
674.626953,        5.4898386002
674.970093,        5.5056033134
675.313232,        5.5283374786
675.656250,        5.5877346992
675.999268,        5.6218299866
676.342224,        5.6539773941
676.685120,        5.7068548203
677.027893,        5.6533923149
677.370789,        5.6363215446
677.713562,        5.6654791832
678.056335,        5.7013092041
678.398987,        5.7332229614
678.741577,        5.7199873924
679.084167,        5.7875432968
679.426758,        5.8053455353
679.769287,        5.8093981743
680.111755,        5.8824529648
680.454163,        5.9283537865
680.796509,        5.9644026756
681.138794,        5.9721102715
681.481140,        5.9872851372
681.823364,        5.9735879898
682.165588,        5.9895691872
682.507751,        5.9614214897
682.849792,        5.8931941986
683.191833,        5.8424940109
683.533875,        5.8464689255
683.875854,        5.7943067551
684.217834,        5.8397097588
684.559692,        5.8554501534
684.901428,        6.0127701759
685.243286,        6.0323047638
685.585022,        6.0361862183
685.926819,        6.0727925301
686.268372,        6.0194721222
686.609985,        6.0647687912
686.951538,        6.1277294159
687.293091,        6.1509504318
687.634583,        6.1959033012
687.976013,        6.2371072769
688.317322,        6.2787771225
688.658630,        6.3197665215
689.000000,        6.3641457558
689.341248,        6.3942933083
689.682495,        6.4960532188
690.023682,        6.5787048340
690.364746,        6.6491522789
690.705811,        6.7715635300
691.046814,        6.8844294548
691.387817,        6.9835500717
691.728760,        7.0785150528
692.069702,        7.1218228340
692.410522,        7.2811527252
692.751282,        7.3892421722
693.092102,        7.5068869591
693.432800,        7.7250986099
693.773499,        7.8371248245
694.114075,        7.9644055367
694.454651,        8.0949821472
694.795105,        8.2583084106
695.135620,        8.5053100586
695.476135,        8.7404346466
695.816528,        8.9736204147
696.156799,        9.2019844055
696.497131,        9.4622526169
696.837402,        9.6683530807
697.177612,       10.0228738785
697.517822,       10.2894954681
697.857971,       10.4968595505
698.197937,       10.7874670029
698.538025,       11.0429563522
698.877991,       11.3838520050
699.217957,       11.6469173431
699.557922,       11.8735904694
699.897705,       12.1806755066
700.237549,       12.5203685760
700.577271,       12.8173379898
700.916992,       13.1768751144
701.256653,       13.5605859756
701.596313,       13.8976049423
701.935852,       14.2685098648
702.275391,       14.5267648697
702.614868,       15.0189533234
702.954346,       15.3364267349
703.293701,       15.7189760208
703.633118,       16.1375827789
703.972412,       16.5394783020
704.311646,       16.8145675659
704.650818,       17.1935253143
704.990051,       17.5924167633
705.329163,       17.9307231903
705.668274,       18.4391059875
706.007263,       18.7140769958
706.346252,       19.0603084564
706.685181,       19.4111785889
707.024109,       19.7491626740
707.362976,       20.1479949951
707.701721,       20.5142345428
708.040527,       20.8431777954
708.379211,       21.1814785004
708.717896,       21.5746879578
709.056519,       21.9090709686
709.395142,       22.3076610565
709.733582,       22.5382232666
710.072144,       22.9366874695
710.410522,       23.2619590759
710.748962,       23.5464267731
711.087341,       23.9156360626
711.425598,       24.3518142700
711.763855,       24.7424278259
712.102051,       25.2371215820
712.440247,       25.6320629120
712.778320,       25.8914108276
713.116455,       26.3372058868
713.454468,       26.7184944153
713.792419,       27.1515674591
714.130310,       27.5665397644
714.468262,       27.9083099365
714.806091,       28.2693920135
715.143921,       28.7025451660
715.481628,       29.0754489899
715.819397,       29.4344844818
716.156982,       29.8770942688
716.494629,       30.3039379120
716.832214,       30.6757030487
717.169739,       31.0911598206
717.507202,       31.5152397156
717.844543,       32.0179634094
718.182007,       32.3965339661
718.519348,       32.7458801270
718.856689,       33.1144332886
719.193970,       33.3785133362
719.531067,       33.7874412537
719.868164,       34.1611518860
720.205322,       34.5279808044
720.542419,       34.9206924438
720.879456,       35.2701034546
721.216431,       35.6264495850
721.553345,       36.0070648193
721.890198,       36.4161300659
722.227051,       36.7710876465
722.563782,       37.2058677673
722.900635,       37.6507530212
723.237244,       38.0222778320
723.573914,       38.3468170166
723.910461,       38.7247619629
724.247070,       39.0075683594
724.583557,       39.3794670105
724.920044,       39.6571655273
725.256409,       40.0693321228
725.592773,       40.3895530701
725.929077,       40.7539787292
726.265442,       41.0923995972
726.601685,       41.6508979797
726.937866,       42.1012001038
727.273987,       42.4421157837
727.609985,       42.7830772400
727.946045,       43.1371726990
728.282043,       43.5082588196
728.618042,       43.8904838562
728.953979,       44.2158508301
729.289795,       44.5830230713
729.625610,       44.8388938904
729.961426,       45.1889915466
730.297119,       45.5565109253
730.632813,       45.9226531982
730.968384,       46.2281837463
731.304016,       46.5384788513
731.639465,       46.8240127563
731.974976,       47.0951538086
732.310425,       47.3498153687
732.645874,       47.6548805237
732.981201,       47.9492530823
733.316467,       48.2335853577
733.651733,       48.3388290405
733.986938,       48.5509071350
734.322144,       48.8192138672
734.657288,       49.1033401489
734.992310,       49.3611640930
735.327271,       49.7657546997
735.662292,       50.0322265625
735.997253,       50.2778167725
736.332092,       50.5520591736
736.666931,       50.8288269043
737.001709,       51.0324058533
737.336426,       51.2013931274
737.671143,       51.3793830872
738.005798,       51.6327667236
738.340393,       51.8679428101
738.674988,       52.1533508301
739.009399,       52.3915100098
739.343933,       52.6762008667
739.678345,       52.9322624207
740.012756,       53.0995864868
740.347046,       53.2677955627
740.681274,       53.4167366028
741.015503,       53.5999488831
741.349731,       53.7842979431
741.683838,       53.9986000061
742.017944,       54.2176361084
742.351929,       54.2844009399
742.685974,       54.4634895325
743.019897,       54.6909332275
743.353821,       54.8017044067
743.687622,       55.0144386292
744.021484,       55.2000236511
744.355225,       55.3468475342
744.688965,       55.5377006531
745.022583,       55.6622695923
745.356201,       55.8380203247
745.689819,       56.0074501038
746.023376,       56.1408042908
746.356812,       56.2148170471
746.690186,       56.3264770508
747.023621,       56.4997596741
747.356934,       56.6504783630
747.690247,       56.8610916138
748.023499,       56.9755477905
748.356689,       57.1666946411
748.689758,       57.1968193054
749.022888,       57.3007392883
749.355957,       57.3673782349
749.688965,       57.3782157898
750.021912,       57.4084701538
750.354858,       57.4869346619
750.687683,       57.5262260437
751.020447,       57.6014938354
751.353271,       57.6268920898
751.686035,       57.6655502319
752.018677,       57.6902084351
752.351257,       57.7596244812
752.683838,       57.7773094177
753.016357,       57.8173446655
753.348877,       57.8559455872
753.681396,       57.8664588928
754.013672,       57.9729080200
754.346008,       58.0856437683
754.678345,       58.0519485474
755.010559,       58.0828590393
755.342834,       58.1072502136
755.674988,       58.2175254822
756.007080,       58.2132682800
756.339050,       58.2162857056
756.671082,       58.2431564331
757.003052,       58.2676162720
757.335022,       58.2661857605
757.666870,       58.4174499512
757.998657,       58.4570808411
758.330444,       58.5878067017
758.662170,       58.6759681702
758.993896,       58.7821960449
759.325562,       58.7588081360
759.657043,       58.7936210632
759.988586,       58.8151931763
760.320129,       58.8468093872
760.651489,       58.9295272827
760.982971,       58.9535522461
761.314331,       58.9543952942
761.645569,       59.0007133484
761.976807,       59.0515251160
762.308044,       58.9973258972
762.639160,       58.9753494263
762.970276,       59.0050086975
763.301331,       59.0424041748
763.632385,       59.1465606689
763.963257,       59.2099609375
764.294250,       59.2554740906
764.625122,       59.1217498779
764.955933,       59.2958030701
765.286743,       59.2566490173
765.617432,       59.2909812927
765.948120,       59.2654724121
766.278748,       59.3062095642
766.609314,       59.3983154297
766.939880,       59.3941574097
767.270325,       59.4038543701
767.600708,       59.3621902466
767.931152,       59.2980728149
768.261536,       59.3007392883
768.591858,       59.2499313354
768.922119,       59.2336120605
769.252258,       59.3078804016
769.582397,       59.3257255554
769.912537,       59.3520507813
770.242615,       59.4147567749
770.572632,       59.4073715210
770.902588,       59.3910102844
771.232483,       59.5430564880
771.562256,       59.5813980103
771.892151,       59.3740005493
772.221863,       59.3384742737
772.551697,       59.3158493042
772.881287,       59.3510437012
773.210938,       59.3358268738
773.540466,       59.2476425171
773.870056,       59.3351478577
774.199463,       59.3816642761
774.528992,       59.5361175537
774.858337,       59.5307273865
775.187622,       59.4973640442
775.516968,       59.5038757324
775.846191,       59.5135154724
776.175415,       59.4664497375
776.504578,       59.4625282288
776.833618,       59.5282211304
777.162598,       59.5063819885
777.491638,       59.4469490051
777.820618,       59.4186172485
778.149536,       59.2363548279
778.478394,       59.2619056702
778.807190,       59.2340354919
779.135864,       59.2695312500
779.464600,       59.2155761719
779.793335,       59.1387863159
780.121948,       59.1630172729
780.450439,       59.1395568848
780.778931,       59.1544075012
781.107422,       59.0718688965
781.435913,       58.9558715820
781.764282,       58.9397087097
782.092651,       58.9261398315
782.420837,       58.9193763733
782.749023,       58.9201622009
783.077209,       58.9196815491
783.405396,       58.8887405396
783.733521,       58.7781791687
784.061462,       58.7182540894
784.389465,       58.7648277283
784.717346,       58.7617530823
785.045288,       58.7738227844
785.373108,       58.6827812195
785.700928,       58.6582794189
786.028625,       58.6395606995
786.356384,       58.6459884644
786.683960,       58.7480125427
787.011536,       58.7267875671
787.339111,       58.7429656982
787.666687,       58.6785392761
787.994019,       58.6617126465
788.321411,       58.5905265808
788.648804,       58.6005134583
788.976135,       58.5473556519
789.303406,       58.6357116699
789.630615,       58.6478309631
789.957703,       58.6496353149
790.284851,       58.6924057007
790.611877,       58.7524070740
790.938904,       58.7413558960
791.265930,       58.7047157288
791.592773,       58.6974334717
791.919678,       58.7457847595
792.246460,       58.7163314819
792.573242,       58.6939277649
792.899963,       58.7337837219
793.226685,       58.7326583862
793.553284,       58.6307983398
793.879822,       58.6702690125
794.206299,       58.6506538391
794.532776,       58.6164550781
794.859253,       58.6571807861
795.185669,       58.6966857910
795.511902,       58.6680335999
795.838196,       58.7834014893
796.164490,       58.6613349915
796.490601,       58.6365356445
796.816833,       58.6062774658
797.142883,       58.5860862732
797.468933,       58.5304718018
797.794861,       58.5597763062
798.120789,       58.5826530457
798.446716,       58.6343994141
798.772583,       58.6265144348
799.098328,       58.7055854797
799.424072,       58.7298812866
799.749756,       58.7262802124
800.075439,       58.6766967773
800.401001,       58.6731262207
800.726624,       58.6166038513
801.052063,       58.6928596497
801.377441,       58.7377243042
801.702881,       58.7265434265
802.028198,       58.7592658997
802.353516,       58.8981742859
802.678833,       58.8297538757
803.004028,       58.8555679321
803.329102,       58.8961372375
803.654236,       58.8782615662
803.979248,       58.9503707886
804.304321,       58.9265823364
804.629272,       58.8745346069
804.954163,       58.8610877991
805.278931,       58.8185615540
805.603821,       58.7868804932
805.928589,       58.8092613220
806.253357,       58.8445854187
806.577942,       58.8711433411
806.902588,       58.9362678528
807.227112,       58.9927368164
807.551575,       59.0874862671
807.876099,       59.0920867920
808.200500,       59.1866569519
808.524841,       59.2171783447
808.849121,       59.2059745789
809.173401,       59.1056404114
809.497620,       59.1433715820
809.821838,       59.1513099670
810.145996,       59.1070938110
810.469971,       59.2210426331
810.793945,       59.1071128845
811.117981,       59.1422576904
811.441956,       59.2323303223
811.765808,       59.2643814087
812.089600,       59.2831802368
812.413391,       59.3306617737
812.737061,       59.2807350159
813.060730,       59.2562484741
813.384338,       59.2560234070
813.708008,       59.2175598145
814.031433,       59.1900405884
814.354919,       59.1277351379
814.678345,       59.0526771545
815.001709,       58.9857521057
815.325073,       58.9241333008
815.648376,       58.9000091553
815.971558,       58.9307060242
816.294678,       58.9597473145
816.617798,       58.9975662231
816.940918,       58.9869918823
817.263977,       58.9056625366
817.586853,       58.9395103455
817.909851,       58.8928565979
818.232727,       58.8416824341
818.555542,       58.8277473450
818.878296,       58.9054336548
819.201050,       58.9204978943
819.523682,       58.9283599854
819.846375,       59.0000267029
820.168884,       59.0451126099
820.491455,       59.0540161133
820.813904,       59.1928939819
821.136353,       59.2472724915
821.458740,       59.3414535522
821.781128,       59.2983245850
822.103333,       59.3876342773
822.425598,       59.4079742432
822.747803,       59.3369827271
823.069824,       59.2528533936
823.391968,       59.2014389038
823.713989,       59.2344169617
824.035950,       59.3649101257
824.357849,       59.3047065735
824.679810,       59.3661613464
825.001587,       59.3936462402
825.323425,       59.4336013794
825.645142,       59.3794708252
825.966736,       59.2783927917
826.288391,       59.2455978394
826.610046,       59.1807289124
826.931458,       59.0894050598
827.253052,       59.0727081299
827.574402,       58.9874076843
827.895813,       59.0629463196
828.217163,       59.0122871399
828.538391,       59.0117034912
828.859619,       58.9422836304
829.180786,       58.9566574097
829.501953,       59.0254478455
829.822998,       59.0231552124
830.144043,       59.0547142029
830.464966,       59.1032218933
830.785950,       58.9319114685
831.106812,       58.9362792969
831.427673,       58.8112220764
831.748474,       58.6971702576
832.069214,       58.6916694641
832.389771,       58.6507568359
832.710449,       58.6810417175
833.031067,       58.6928977966
833.351563,       58.6621894836
833.672058,       58.6990356445
833.992371,       58.6807136536
834.312805,       58.6065940857
834.633179,       58.4100608826
834.953369,       58.3151283264
835.273621,       58.3232116699
835.593811,       58.3355979919
835.913940,       58.2588005066
836.234009,       58.1828956604
836.554077,       58.2229537964
836.874023,       58.3719444275
837.193909,       58.2907905579
837.513794,       58.3293991089
837.833618,       58.3361549377
838.153381,       58.4748611450
838.473145,       58.5815429688
838.792786,       58.5148315430
839.112366,       58.5594520569
839.432007,       58.5494461060
839.751465,       58.5721092224
840.070984,       58.5741462708
840.390381,       58.5185356140
840.709656,       58.5517997742
841.028992,       58.7325096130
841.348267,       58.8515701294
841.667480,       58.8674964905
841.986633,       58.8326873779
842.305725,       58.8056869507
842.624817,       58.8126411438
842.943848,       58.8362922668
843.262756,       58.8339500427
843.581665,       58.6273193359
843.900574,       58.6457481384
844.219360,       58.6840744019
844.538147,       58.7502822876
844.856812,       58.7438507080
845.175415,       58.7257080078
845.494080,       58.6856842041
845.812683,       58.6618881226
846.131104,       58.6790084839
846.449585,       58.6389961243
846.768005,       58.7172393799
847.086304,       58.8262138367
847.404663,       58.8272819519
847.722839,       58.6219367981
848.041077,       58.5924339294
848.359192,       58.5947380066
848.677246,       58.6129608154
848.995361,       58.6790313721
849.313354,       58.6943931580
849.631226,       58.7299156189
849.949158,       58.7230796814
850.267029,       58.7756385803
850.584778,       58.8285789490
850.902527,       58.8724555969
851.220276,       58.8096809387
851.537842,       58.7520599365
851.855469,       58.7704048157
852.173035,       58.8982391357
852.490417,       58.9384307861
852.807861,       58.9900436401
853.125305,       59.0558471680
853.442627,       58.9681434631
853.759888,       58.8090133667
854.077087,       58.7917251587
854.394287,       58.8076896667
854.711426,       58.7986183167
855.028442,       58.7766952515
855.345459,       58.8662796021
855.662537,       58.8021621704
855.979370,       58.8305702209
856.296265,       58.8110046387
856.613098,       58.7993392944
856.929871,       58.7704849243
857.246582,       58.7100753784
857.563232,       58.6349601746
857.879822,       58.7258987427
858.196411,       58.6551856995
858.512939,       58.6242599487
858.829346,       58.5780868530
859.145813,       58.5414047241
859.462158,       58.5201187134
859.778442,       58.5103225708
860.094666,       58.4882926941
860.410889,       58.4606094360
860.726990,       58.4129104614
861.043152,       58.3995361328
861.359192,       58.3624114990
861.675232,       58.4055671692
861.991150,       58.3419151306
862.307007,       58.4233360291
862.622864,       58.4693794250
862.938660,       58.4843025208
863.254333,       58.4605140686
863.570068,       58.4593963623
863.885742,       58.5456657410
864.201233,       58.4758834839
864.516846,       58.4405441284
864.832336,       58.5178604126
865.147766,       58.5857048035
865.463135,       58.5108833313
865.778503,       58.4952583313
866.093750,       58.5050582886
866.408997,       58.6058616638
866.724182,       58.6637420654
867.039246,       58.7518806458
867.354309,       58.7958335876
867.669312,       58.8301849365
867.984314,       58.7946128845
868.299194,       58.7369079590
868.614075,       58.6729507446
868.928833,       58.6550407410
869.243652,       58.5750236511
869.558289,       58.5418815613
869.872986,       58.5486335754
870.187622,       58.5654869080
870.502136,       58.4942283630
870.816650,       58.5323028564
871.131165,       58.5490837097
871.445496,       58.5669288635
871.759827,       58.5094566345
872.074158,       58.5448608398
872.388367,       58.5967559814
872.702576,       58.6157073975
873.016785,       58.4816856384
873.330750,       58.4202995300
873.644897,       58.4624824524
873.958801,       58.4810066223
874.272705,       58.4797973633
874.586670,       58.5479545593
874.900452,       58.5473480225
875.214172,       58.6063270569
875.527954,       58.5710983276
875.841614,       58.5064811707
876.155273,       58.5380630493
876.468811,       58.5108108521
876.782288,       58.4780349731
877.095764,       58.4706077576
877.409241,       58.4810485840
877.722534,       58.4807281494
878.035889,       58.5184211731
878.349121,       58.5961151123
878.662292,       58.5184822083
878.975464,       58.4655456543
879.288574,       58.4861679077
879.601624,       58.6079101563
879.914612,       58.6395263672
880.227600,       58.5908279419
880.540405,       58.5398902893
880.853271,       58.5545539856
881.166016,       58.4596328735
881.478821,       58.4519042969
881.791504,       58.4538383484
882.104065,       58.4332962036
882.416626,       58.4433555603
882.729187,       58.4003906250
883.041626,       58.4283294678
883.354065,       58.4984283447
883.666443,       58.4584732056
883.978760,       58.4327354431
884.291016,       58.4141006470
884.603271,       58.3397369385
884.915344,       58.2822685242
885.227539,       58.3637580872
885.539551,       58.3491935730
885.851501,       58.2834892273
886.163513,       58.1699142456
886.475464,       58.1116867065
886.787231,       58.0289115906
887.099060,       58.0266189575
887.410767,       57.9459953308
887.722412,       58.0642623901
888.034119,       58.1381683350
888.345642,       58.0943107605
888.657227,       58.0525398254
888.968689,       58.1211204529
889.280090,       58.1350936890
889.591492,       58.1399841309
889.902832,       58.0561981201
890.213989,       58.0508003235
890.525269,       58.0312538147
890.836487,       57.9959526062
891.147522,       58.1788558960
891.458618,       59.4555435181
891.769653,       59.4151573181
892.080566,       59.4463958740
892.391479,       59.3723716736
892.702332,       59.3688621521
893.013123,       59.4380569458
893.323853,       59.5222167969
893.634521,       59.5589866638
893.945129,       59.7244606018
894.255798,       59.6695404053
894.566223,       59.6410408020
894.876770,       59.6911926270
895.187195,       59.7677688599
895.497498,       59.7469749451
895.807861,       59.7241325378
896.118164,       59.7658805847
896.428345,       59.8714370728
896.738525,       59.9738311768
897.048645,       59.9521713257
897.358643,       59.9957351685
897.668701,       59.9224967957
897.978638,       58.5702552795
898.288513,       58.4877777100
898.598389,       58.5016593933
898.908142,       58.6434669495
899.217896,       58.6304435730
899.527588,       58.7441520691
899.837219,       58.7434425354
900.146790,       58.8127593994
900.456360,       58.7643547058
900.765747,       58.7820510864
901.075195,       58.7763290405
901.384583,       58.8724479675
901.693848,       58.8855438232
902.003174,       58.9333114624
902.312378,       58.9988059998
902.621460,       58.9336471558
902.930603,       58.8558540344
903.239685,       58.7710189819
903.548645,       58.8459014893
903.857605,       58.8365974426
904.166504,       58.7379341125
904.475281,       58.6880493164
904.784058,       58.7735404968
905.092896,       58.7464981079
905.401489,       58.6864128113
905.710144,       58.6955413818
906.018738,       58.6072158813
906.327209,       58.6386756897
906.635681,       58.5907516479
906.944031,       58.5137481689
907.252441,       58.5497436523
907.560730,       58.5257339478
907.869019,       58.3263854980
908.177185,       58.3480949402
908.485352,       58.2875366211
908.793396,       58.4136886597
909.101501,       58.4118423462
909.409485,       58.3824996948
909.717407,       58.4113960266
910.025269,       58.4286880493
910.333130,       58.4646759033
910.640869,       58.4540977478
910.948608,       58.4047775269
911.256287,       58.3961257935
911.563843,       58.3314590454
911.871399,       58.2639694214
912.178955,       58.2966079712
912.486389,       58.3296470642
912.793823,       58.2533912659
913.101135,       58.2238540649
913.408386,       58.1823463440
913.715637,       58.1387519836
914.022827,       58.2064399719
914.329956,       58.3911285400
914.637085,       58.2847671509
914.944031,       58.3284301758
915.251038,       58.1358604431
915.557983,       58.1995735168
915.864807,       58.2155418396
916.171631,       58.1731033325
916.478455,       58.0326156616
916.785095,       58.1310691833
917.091736,       58.1990356445
917.398376,       58.3537406921
917.704834,       58.3568916321
918.011414,       58.3902664185
918.317810,       58.4060249329
918.624207,       58.4629364014
918.930542,       58.3452453613
919.236816,       58.3671150208
919.542969,       58.3322105408
919.849182,       58.4257736206
920.155273,       58.3272209167
920.461304,       58.2693214417
920.767334,       58.1118698120
921.073242,       58.1478462219
921.379211,       58.1999015808
921.685059,       58.2249641418
921.990784,       58.1417846680
922.296570,       58.1094970703
922.602295,       58.0688591003
922.907898,       58.5150375366
923.213440,       58.2402534485
923.518982,       58.1828842163
923.824463,       58.0812759399
924.129883,       58.0801544189
924.435242,       58.0851249695
924.740540,       58.0958442688
925.045776,       57.9445533752
925.351013,       57.9874992371
925.656128,       57.9692916870
925.961243,       58.0669059753
926.266235,       58.0510330200
926.571167,       58.3162956238
926.876160,       58.3278884888
927.181030,       58.3710441589
927.485840,       58.2261619568
927.790588,       58.1735076904
928.095276,       58.1091804504
928.399963,       58.2827682495
928.704590,       58.4482002258
929.009094,       58.5472106934
929.313599,       58.2492065430
929.618103,       58.4250640869
929.922424,       58.4225425720
930.226807,       58.4173965454
930.531067,       58.3662757874
930.835266,       58.4542083740
931.139465,       58.4230308533
931.443542,       58.5704078674
931.747620,       58.5145225525
932.051697,       58.5646018982
932.355652,       58.4825210571
932.659485,       58.4155006409
932.963379,       58.1859893799
933.267090,       58.2529258728
933.570801,       58.2548217773
933.874573,       58.2954940796
934.178162,       58.2543716431
934.481689,       58.2749252319
934.785278,       58.2360763550
935.088745,       58.0218925476
935.392151,       58.1336784363
935.695496,       57.9908447266
935.998779,       57.7595481873
936.302063,       57.7236404419
936.605225,       57.8653106689
936.908386,       58.0080223083
937.211426,       57.9189949036
937.514465,       57.8922500610
937.817444,       57.6688461304
938.120422,       57.7913398743
938.423279,       57.7880516052
938.726013,       57.7044067383
939.028809,       57.7353897095
939.331482,       57.8476676941
939.634155,       57.7341957092
939.936768,       57.7203140259
940.239258,       57.7130851746
940.541809,       57.6704483032
940.844238,       57.6798553467
941.146606,       57.4576492310
941.448914,       57.4584846497
941.751221,       57.2880096436
942.053345,       57.2289352417
942.355530,       57.2757797241
942.657654,       57.2598762512
942.959656,       57.2890357971
943.261658,       57.1678504944
943.563599,       57.0959548950
943.865479,       57.2305679321
944.167358,       57.3878898621
944.469177,       57.3620719910
944.770813,       57.3674621582
945.072510,       57.4470214844
945.374084,       57.3538970947
945.675659,       57.1565551758
945.977173,       57.2691268921
946.278564,       57.1653251648
946.580017,       57.2921218872
946.881348,       57.1725730896
947.182617,       57.1975898743
947.483826,       57.2505722046
947.785034,       57.2881088257
948.086060,       57.2503967285
948.387207,       57.3840560913
948.688232,       57.5440063477
948.989075,       57.5910034180
949.290039,       57.4140319824
949.590942,       57.3406143188
949.891663,       57.4787216187
950.192444,       57.2725219727
950.493164,       57.2366294861
950.793701,       57.1689147949
951.094299,       57.0608978271
951.394836,       57.1244583130
951.695251,       58.2735137939
951.995667,       58.3473930359
952.295959,       58.0965652466
952.596313,       58.1136360168
952.896545,       58.2476844788
953.196716,       58.3091430664
953.496826,       58.3447875977
953.796936,       58.2523765564
954.096863,       58.1241607666
954.396912,       58.1194229126
954.696777,       58.0649909973
954.996643,       57.9780502319
955.296448,       58.0993461609
955.596191,       57.9802322388
955.895813,       58.1279220581
956.195496,       58.1688537598
956.495117,       58.4990615845
956.794556,       58.4276428223
957.094055,       58.2598152161
957.393494,       58.5403518677
957.692810,       58.3486099243
957.992126,       57.2062072754
958.291321,       57.0778770447
958.590637,       57.1597099304
958.889709,       57.1815299988
959.188782,       56.9570884705
959.487793,       57.2029762268
959.786804,       57.0992469788
960.085693,       57.1291809082
960.384460,       57.2566795349
960.683472,       57.3984680176
960.982056,       57.3988990784
961.280823,       57.5551147461
961.579407,       57.5224876404
961.877930,       57.3607673645
962.176575,       57.4298439026
962.474915,       57.1673698425
962.773376,       56.8990592957
963.071777,       56.9100074768
963.370056,       56.9370155334
963.668335,       56.5240745544
963.966431,       56.6087303162
964.264709,       56.5506858826
964.562744,       56.7016296387
964.860718,       56.7302055359
965.158691,       56.7823181152
965.456543,       56.9426307678
965.754578,       56.8567504883
966.052307,       57.0009765625
966.350037,       57.1438980103
966.647705,       57.0646209717
966.945251,       56.8046226501
967.243042,       56.7057609558
967.540405,       56.2788124084
967.837952,       56.3452529907
968.135376,       56.6159858704
968.432739,       56.7201271057
968.730042,       56.8328399658
969.027222,       56.7773399353
969.324524,       56.6068344116
969.621521,       56.5759849548
969.918701,       56.4867134094
970.215698,       56.5365066528
970.512573,       56.4475708008
970.809631,       56.6161231995
971.106384,       56.5991325378
971.403198,       56.8339881897
971.700012,       56.8299636841
971.996521,       56.5748405457
972.293335,       56.5140609741
972.589783,       56.5314788818
972.886353,       56.6808815002
973.182861,       56.6002922058
973.479309,       56.6944847107
973.775635,       56.9575614929
974.071838,       56.9481925964
974.368225,       56.7009696960
974.664368,       56.6207275391
974.960449,       56.4784164429
975.256592,       56.4470367432
975.552490,       56.9952659607
975.848633,       57.1489410400
976.144409,       57.6578254700
976.440247,       57.5704498291
976.736023,       58.0758819580
977.031738,       57.9886970520
977.327515,       57.9903259277
977.623047,       57.8313751221
977.918640,       57.5989952087
978.214172,       57.6662406921
978.509644,       57.3744583130
978.805115,       57.0453414917
979.100281,       57.0004768372
979.395752,       57.2946472168
979.690857,       57.4592704773
979.986084,       57.3412017822
980.281250,       57.1932182312
980.576172,       57.6192665100
980.871338,       57.3856887817
981.166199,       57.4540328979
981.461121,       57.9088821411
981.755920,       57.3414916992
982.050781,       57.4670600891
982.345520,       57.1966781616
982.640076,       57.2715835571
982.934814,       56.7018966675
983.229309,       56.3902091980
983.523804,       56.7325248718
983.818298,       56.7428283691
984.112610,       56.6391754150
984.407043,       58.1970138550
984.701233,       58.5720672607
984.995483,       58.8322944641
985.289612,       58.6758308411
985.583618,       58.2171745300
985.877869,       58.2462539673
986.171753,       58.2530364990
986.465698,       58.1185150146
986.759583,       57.9386405945
987.053467,       58.4939193726
987.347290,       58.3297500610
987.640869,       57.8513221741
987.934631,       57.9458045959
988.228149,       57.7622909546
988.521667,       57.7322311401
988.815186,       57.9357757568
989.108582,       58.2202606201
989.402039,       58.3474578857
989.695313,       58.1617469788
989.988525,       58.0258064270
990.281738,       58.2176284790
990.574829,       56.3159866333
990.868042,       56.1642646790
991.161011,       56.3667755127
991.453979,       56.7085380554
991.746948,       57.4107093811
992.039795,       57.7108993530
992.332642,       58.5257530212
992.625305,       58.6129608154
992.918091,       58.5730247498
993.210632,       59.0079116821
993.503235,       59.4298782349
993.795837,       60.6311187744
994.088196,       60.7316360474
994.380676,       60.8416671753
994.672913,       60.9925765991
994.965271,       61.6006088257
995.257568,       61.6146202087
995.549622,       61.9513320923
995.841858,       62.2826271057
996.133850,       62.3584098816
996.425903,       62.5960578918
996.717834,       62.6349029541
997.009766,       62.4634628296
997.301636,       62.0247077942
997.593323,       61.9340782166
997.885193,       61.5722885132
998.176758,       60.8595428467
998.468384,       60.6134185791
998.760010,       60.3901863098
999.051392,       60.6640586853
999.342957,       59.7956008911
999.634277,       59.6930999756
999.925598,       58.3093223572
1000.216919,       58.4802322388
1000.508118,       58.7821350098
1000.799255,       58.4345588684
1001.090271,       57.4272270203
1001.381470,       57.1376571655
1001.672363,       57.2063026428
1001.963257,       56.3944625854
1002.254150,       56.2858505249
1002.544922,       56.1193695068
1002.835815,       55.9911918640
1003.126404,       56.1837844849
1003.417114,       56.2197265625
1003.707703,       56.1773300171
1003.998108,       56.4000854492
1004.288757,       56.5629882813
1004.579041,       55.9982490540
1004.869385,       56.1290092468
1005.159729,       56.2133369446
1005.450012,       55.7963142395
1005.740173,       55.6785507202
1006.030212,       55.5610580444
1006.320435,       55.5290031433
1006.610352,       55.0789604187
1006.900330,       55.1063728333
1007.190247,       55.7892265320
1007.479980,       55.8062133789
1007.769897,       54.9943084717
1008.059509,       55.5137977600
1008.349243,       55.6959991455
1008.638855,       55.4489593506
1008.928345,       55.7951850891
1009.217896,       55.8029060364
1009.507263,       56.1256866455
1009.796753,       55.9104156494
1010.086060,       55.4928054810
1010.375366,       55.2655754089
1010.664551,       54.6145248413
1010.953674,       54.2924804688
1011.242920,       54.5658531189
1011.531738,       54.9210662842
1011.820801,       54.9557876587
1012.109741,       55.2613258362
1012.398499,       55.7322731018
1012.687439,       56.7150573730
1012.976074,       56.8183822632
1013.264771,       56.2814407349
1013.553406,       56.6174736023
1013.842041,       57.2045631409
1014.130554,       56.6044158936
1014.418884,       56.3869285583
1014.707336,       56.6261711121
1014.995789,       56.3700485229
1015.284058,       56.4437675476
1015.572327,       56.5428924561
1015.860413,       56.5181808472
1016.148621,       56.2580566406
1016.436523,       56.8297805786
1016.724609,       57.4915885925
1017.012573,       58.3337554932
1017.300354,       57.6114311218
1017.588318,       57.2104377747
1017.875977,       58.2753829956
1018.163757,       58.0912933350
1018.451416,       57.4727554321
1018.739014,       57.5841369629
1019.026611,       57.8271522522
1019.313904,       57.4643669128
1019.601440,       57.0365982056
1019.888733,       56.3751144409
1020.176086,       57.0118064880
1020.463318,       57.5545082092
1020.750549,       57.6296195984
1021.037720,       59.5461921692
1021.324707,       60.2319717407
1021.611694,       60.2187271118
1021.898682,       60.5271949768
1022.185547,       60.9323196411
1022.472595,       60.3184585571
1022.759216,       60.3447265625
1023.045959,       60.3898391724
1023.332581,       62.4844436646
1023.619324,       63.0603561401
1023.905884,       62.1639442444
1024.192261,       62.3764801025
1024.478882,       62.3018913269
1024.765137,       60.8420791626
1025.051514,       61.1275444031
1025.337769,       61.0743751526
1025.623779,       61.3513107300
1025.910034,       63.0312805176
1026.196045,       93.8155212402
1026.482178,       64.0811538696
1026.768066,       56.7335243225
1027.053955,       53.9393959045
1027.339966,       50.5216140747
1027.625610,       51.6759681702
1027.911377,       62.7795410156
1028.197144,       50.7389183044
1028.482666,       57.8625984192
1028.768311,       81.2413711548
