339.817139,        0.0000000000
340.196106,        0.0000000000
340.575104,     2378.5708007813
340.954010,     9633.1962890625
341.332886,     1526.3168945313
341.711761,     3377.7897949219
342.090576,       37.1134071350
342.469360,      110.2492828369
342.848114,      -25.6880226135
343.226868,        0.0000000000
343.605560,        9.2173700333
343.984192,        4.7411108017
344.362854,        2.0461485386
344.741425,        9.9843387604
345.119995,       21.0820846558
345.498535,       27.7448692322
345.877014,       33.8279266357
346.255463,       38.2807388306
346.633881,       43.7641716003
347.012299,       44.7511558533
347.390625,       43.3424072266
347.768951,       39.4330558777
348.147278,       41.7652893066
348.525513,       48.3508987427
348.903748,       52.8978157043
349.281952,       56.6842918396
349.660126,       57.1036148071
350.038239,       56.7176742554
350.416321,       57.8416938782
350.794373,       57.2738456726
351.172394,       57.0543212891
351.550385,       54.3032646179
351.928375,       57.2309036255
352.306305,       65.2702484131
352.684174,       65.9732666016
353.062042,       66.1056365967
353.439880,       66.5135955811
353.817657,       69.0422515869
354.195404,       71.3886947632
354.573151,       63.8458328247
354.950836,       66.9551696777
355.328461,       70.5870971680
355.706116,       72.0702514648
356.083710,      112.4850845337
356.461243,      112.6934509277
356.838806,      111.7485198975
357.216248,      111.4325637817
357.593719,      112.2110137939
357.971161,      114.4931793213
358.348541,      112.2044906616
358.725891,      110.0726852417
359.103210,      110.6448211670
359.480530,      108.6636810303
359.857758,      108.8659896851
360.234955,      105.8946380615
360.612183,      105.8753814697
360.989319,      104.8567810059
361.366425,      104.2338409424
361.743530,      105.7336578369
362.120575,      103.0936813354
362.497559,      102.4621124268
362.874573,      100.2216491699
363.251526,       96.7171325684
363.628418,       95.0030288696
364.005310,       36.3949584961
364.382202,       34.0084648132
364.759003,       29.8729743958
365.135773,       30.6137027740
365.512482,       33.2863273621
365.889221,       34.1965675354
366.265900,       35.5488700867
366.642517,       36.4494590759
367.019165,       34.2401885986
367.395721,       41.2191581726
367.772278,       40.2775154114
368.148804,       36.7169876099
368.525269,       35.0057907104
368.901672,       34.4969673157
369.278107,       32.7811851501
369.654480,       18.1280994415
370.030823,       25.0312023163
370.407104,       23.0654087067
370.783386,       20.7802391052
371.159637,       23.0691528320
371.535828,       28.8314971924
371.912018,       30.5815372467
372.288116,       27.6463623047
372.664246,       30.4539051056
373.040283,       31.6147747040
373.416351,       26.1002063751
373.792328,       20.3220615387
374.168274,       21.1701831818
374.544250,       23.1683673859
374.920105,       27.4117584229
375.295959,       21.4337806702
375.671814,       26.0509719849
376.047607,       27.3800811768
376.423370,       28.4744567871
376.799103,       30.2499256134
377.174774,       33.2266120911
377.550415,       35.8394050598
377.926056,       27.7918910980
378.301636,       32.4014549255
378.677185,       35.0326576233
379.052673,       42.3400001526
379.428192,       44.4817352295
379.803650,       46.3036117554
380.179047,       46.0840492249
380.554443,       46.7695045471
380.929779,       47.1416473389
381.305084,       45.3485679626
381.680359,       46.9015846252
382.055634,       45.2208518982
382.430817,       42.9581031799
382.805969,       39.7428321838
383.181152,       44.5921096802
383.556244,       42.5333633423
383.931274,       44.6374816895
384.306366,       47.7938346863
384.681366,       46.0448875427
385.056305,       44.6354064941
385.431274,       47.4862594604
385.806152,       54.2297897339
386.181000,       51.7133407593
386.555817,       51.1456413269
386.930634,       39.9406852722
387.305389,       33.7396888733
387.680084,       31.5509700775
388.054810,       32.2048225403
388.429474,       30.0608634949
388.804047,       26.1178379059
389.178650,       28.1053237915
389.553192,       25.1917114258
389.927734,       27.8447513580
390.302185,       31.6308383942
390.676666,       30.7030239105
391.051086,       25.0104751587
391.425446,       24.6791210175
391.799805,       24.1902694702
392.174133,       21.2922935486
392.548370,       21.6205310822
392.922638,       20.3225955963
393.296844,       25.4074306488
393.670990,       16.6041698456
394.045135,       14.4273281097
394.419220,       10.9966697693
394.793304,       18.0314693451
395.167328,       21.4637050629
395.541321,       25.2743339539
395.915283,       26.3148040771
396.289185,       32.1621818542
396.663116,       34.1045379639
397.036957,       32.6392517090
397.410736,       32.9417839050
397.784546,       33.1845664978
398.158325,       30.0839576721
398.532013,       30.5776233673
398.905670,       31.2126483917
399.279358,       42.5531997681
399.652954,       43.3344650269
400.026520,       41.7928085327
400.400085,       44.7610397339
400.773560,       46.1089439392
401.147034,       40.1004562378
401.520508,       39.5453796387
401.893890,       41.7881965637
402.267242,       44.4218177795
402.640564,       43.5988845825
403.013855,       43.6408615112
403.387146,       41.0028152466
403.760345,       41.9818038940
404.133514,       45.5700225830
404.506683,       46.5703506470
404.879791,       50.3717422485
405.252869,       52.1285476685
405.625946,       49.1141586304
405.998962,       46.3999061584
406.371918,       51.0084342957
406.744873,       52.2219352722
407.117798,       41.6354255676
407.490631,       40.3883438110
407.863525,       40.3423233032
408.236298,       39.0117988586
408.609039,       48.0655403137
408.981842,       47.3649787903
409.354523,       51.1636810303
409.727173,       50.1720657349
410.099792,       48.6050796509
410.472382,       47.7043609619
410.844910,       47.1306991577
411.217438,       45.1297874451
411.589935,       43.6274032593
411.962402,       37.0038528442
412.334778,       42.9352569580
412.707153,       41.2237014771
413.079498,       37.7243614197
413.451813,       38.5982627869
413.824066,       41.3412628174
414.196350,       36.0838737488
414.568512,       35.8200263977
414.940674,       37.1967658997
415.312805,       36.7157821655
415.684906,       37.0878067017
416.056946,       50.5986328125
416.429016,       43.6223220825
416.800964,       43.6693763733
417.172913,       40.2497482300
417.544830,       40.8731498718
417.916718,       42.0863761902
418.288574,       41.7616119385
418.660370,       40.7422981262
419.032135,       40.7767753601
419.403870,       40.8116531372
419.775574,       40.7195358276
420.147247,       34.2406082153
420.518860,       35.1945343018
420.890472,       35.6680755615
421.262024,       36.0481834412
421.633545,       35.2378959656
422.005005,       36.1851577759
422.376495,       34.8869895935
422.747925,       33.4337005615
423.119293,       32.8095397949
423.490601,       33.8202018738
423.861938,       17.6748695374
424.233215,       28.0815811157
424.604462,       31.9305992126
424.975647,       30.8020420074
425.346832,       29.3021831512
425.717926,       28.0418663025
426.089050,       26.6635684967
426.460083,       25.7097682953
426.831085,       25.2154083252
427.202087,       24.2092075348
427.572998,       24.2303962708
427.943939,       26.4346599579
428.314819,       25.2157249451
428.685669,       25.0816860199
429.056458,       25.5819835663
429.427246,       25.0167217255
429.797943,       23.5744552612
430.168701,       24.2382278442
430.539337,       25.4766368866
430.909943,       26.5791778564
431.280548,       28.3110713959
431.651093,       31.1619911194
432.021606,       25.1411323547
432.392120,       21.3481597900
432.762543,       21.5661087036
433.132965,       21.4028263092
433.503326,       21.8416290283
433.873688,       22.5811405182
434.243958,       22.5155181885
434.614227,       21.2997665405
434.984467,       22.6155567169
435.354645,       21.8063106537
435.724792,       18.9062824249
436.094910,       17.2718925476
436.464996,       18.2733097076
436.835052,       22.8628044128
437.205048,       22.2447929382
437.575043,       24.6721706390
437.944977,       24.2235622406
438.314880,       24.5611724854
438.684753,       24.1616439819
439.054565,       22.1413421631
439.424377,       21.6450996399
439.794128,       20.2732048035
440.163849,       21.3663749695
440.533508,       25.7203750610
440.903198,       25.9252815247
441.272797,       27.8459930420
441.642334,       28.9263248444
442.011902,       29.5146255493
442.381409,       31.3084602356
442.750854,       31.1932716370
443.120300,       31.4362754822
443.489655,       31.7430458069
443.859039,       33.6117553711
444.228333,       33.2096366882
444.597626,       29.0636367798
444.966888,       30.1597213745
445.336060,       27.6724910736
445.705231,       26.4699573517
446.074402,       25.1867733002
446.443512,       24.9307823181
446.812531,       24.8625812531
447.181610,       23.4637184143
447.550568,       23.8605518341
447.919525,       23.8721179962
448.288483,       20.0495223999
448.657349,       20.0490818024
449.026154,       17.6849670410
449.394989,       17.2857742310
449.763763,       18.4661674500
450.132477,       17.2861232758
450.501190,       16.3339824677
450.869812,       16.0552043915
451.238464,       15.9210700989
451.607025,       14.6952257156
451.975586,       16.1548957825
452.344116,       16.6130065918
452.712585,       17.2310714722
453.081024,       18.0399227142
453.449463,       18.6339282990
453.817810,       19.0495452881
454.186127,       18.6356887817
454.554413,       53.2155799866
454.922668,       53.2916717529
455.290894,       52.0905723572
455.659088,       51.0734863281
456.027222,       50.3399963379
456.395325,       49.6984405518
456.763428,       49.7648849487
457.131439,       48.7128105164
457.499420,       47.1761474609
457.867371,       46.9201660156
458.235321,       46.3219718933
458.603210,       46.0514144897
458.971039,       46.1239471436
459.338867,       45.4908752441
459.706635,       43.9666595459
460.074371,       42.9795036316
460.442047,       41.5713996887
460.809753,       43.3359184265
461.177368,       42.9249458313
461.544952,       42.6866531372
461.912537,       42.4225425720
462.280029,       13.2805738449
462.647522,       12.5467119217
463.014984,       12.2565288544
463.382355,       12.8183021545
463.749725,       12.8882837296
464.117065,       12.6418542862
464.484344,       11.9575042725
464.851593,       11.8452787399
465.218842,       11.8708858490
465.586029,       12.0320692062
465.953156,       12.1390008926
466.320282,       11.6399917603
466.687317,       11.8256788254
467.054352,       11.8450021744
467.421356,       12.1972990036
467.788300,       12.1421709061
468.155243,       12.3241090775
468.522095,        9.8509464264
468.888947,       10.3320617676
469.255768,       10.6462249756
469.622559,       11.5311927795
469.989258,       11.8277978897
470.355988,       11.7672424316
470.722626,       12.2366552353
471.089233,       11.8195686340
471.455841,       12.3299026489
471.822388,       12.2233924866
472.188873,       12.3277988434
472.555389,       12.2658739090
472.921753,       12.4526901245
473.288208,       12.3036956787
473.654602,       12.0791349411
474.020874,       12.3689222336
474.387177,       11.5094747543
474.753387,       11.1135082245
475.119629,       10.6577033997
475.485809,       10.9053974152
475.851929,       10.5875310898
476.218018,       10.4749298096
476.584076,       10.5124225616
476.950104,        9.8214483261
477.316101,        9.0975198746
477.682037,        8.6162433624
478.047974,        8.3699626923
478.413818,        8.7580118179
478.779663,        8.9648151398
479.145477,        8.2492904663
479.511200,        8.2662296295
479.876953,        8.5177574158
480.242615,        8.7620115280
480.608276,        8.6961708069
480.973907,        8.4953393936
481.339417,        9.1124515533
481.704987,        9.1421241760
482.070465,        9.0398445129
482.435913,        9.2235193253
482.801331,        9.1678695679
483.166718,        9.0506420135
483.532043,        9.3150749207
483.897369,        9.6551990509
484.262634,        9.5009965897
484.627869,        9.6338939667
484.993073,        9.4319038391
485.358215,        9.6816329956
485.723297,        9.6954021454
486.088409,        9.3833541870
486.453461,        9.0939064026
486.818451,        9.1514472961
487.183411,        9.3449106216
487.548370,        9.3429355621
487.913239,        9.2368984222
488.278107,        8.9673891068
488.642883,        8.8446464539
489.007660,        8.5675497055
489.372437,        8.2589330673
489.737091,        8.1232280731
490.101746,        7.8966312408
490.466370,        7.8833355904
490.830963,        7.7910461426
491.195526,        7.5471467972
491.559998,        7.1486449242
491.924500,        6.9809904099
492.288940,        6.8658204079
492.653320,        7.0139703751
493.017670,        6.8258533478
493.382019,        6.7428789139
493.746277,        6.4944453239
494.110504,        6.4128174782
494.474731,        6.6152324677
494.838898,        6.5890865326
495.203033,        6.4827690125
495.567108,        6.4908614159
495.931122,        7.8557057381
496.295166,        7.8656225204
496.659149,        7.5336747169
497.023041,        7.6105155945
497.386963,        7.6421608925
497.750824,        7.7055821419
498.114624,        7.9361438751
498.478455,        8.0945816040
498.842163,        8.0722150803
499.205872,        8.0347700119
499.569580,        8.0443630219
499.933167,        8.2294139862
500.296753,        8.1303367615
500.660339,        8.1867952347
501.023834,        8.2274074554
501.387299,        8.1631174088
501.750763,        8.2633838654
502.114166,        8.1147394180
502.477509,        7.9697666168
502.840851,        8.0716867447
503.204102,        8.2535552979
503.567352,        7.1728444099
503.930573,        7.2547965050
504.293732,        7.3364539146
504.656860,        7.4813380241
505.019989,        7.8390784264
505.382996,        7.9347386360
505.746033,        7.8859291077
506.109009,        7.7871532440
506.471924,        7.7866287231
506.834839,        7.8669667244
507.197662,        7.8479752541
507.560486,        7.8385396004
507.923309,        7.9013834000
508.286041,        7.9356350899
508.648743,        8.0138931274
509.011414,        8.0494174957
509.373993,        8.0577096939
509.736633,        8.1535863876
510.099213,        8.1696271896
510.461731,        8.0302906036
510.824158,        7.9876790047
511.186615,        7.9506101608
511.548950,        7.9370918274
511.911346,        7.9856114388
512.273682,        7.9281320572
512.635925,        7.7320089340
512.998169,        7.6707167625
513.360352,        7.6176347733
513.722534,        7.8888812065
514.084717,        8.1362705231
514.446777,        8.1444358826
514.808777,        8.2469205856
515.170776,        8.2807521820
515.532776,        8.3735427856
515.894714,        8.3792572021
516.256592,        8.4028644562
516.618469,       10.6780834198
516.980286,       11.0077791214
517.342041,       11.0351133347
517.703735,       11.1303157806
518.065430,       11.3842592239
518.427185,       11.4411849976
518.788696,       11.5196552277
519.150330,       11.5191135406
519.511902,       11.7287464142
519.873291,       11.7709693909
520.234802,       12.0082263947
520.596252,       12.1214027405
520.957581,       12.2846460342
521.318970,       12.0716857910
521.680237,       11.9559097290
522.041565,       12.0289411545
522.402771,       12.0894975662
522.763977,       12.2063140869
523.125061,       12.3347473145
523.486206,       12.9092369080
523.847229,       13.1429176331
524.208252,       11.3959255219
524.569275,       11.2156534195
524.930237,       11.2743835449
525.291138,       11.3918886185
525.652100,       11.4104442596
526.012817,       11.4262142181
526.373657,       11.5143260956
526.734436,       11.5811319351
527.095093,       11.7151136398
527.455811,       11.8109073639
527.816528,       11.7628593445
528.177002,       11.8794326782
528.537598,       11.9505128860
528.898132,       12.0631599426
529.258606,       12.1371631622
529.619080,       12.2247638702
529.979431,       12.7857055664
530.339844,       12.6592855453
530.700134,       12.6905755997
531.060425,       12.3859319687
531.420654,       12.3661460876
531.780884,       12.7205610275
532.140991,       12.7625436783
532.501160,       12.7382516861
532.861267,       12.8732814789
533.221375,       12.8175992966
533.581299,       12.8113527298
533.941284,       12.9612684250
534.301208,       13.1049346924
534.661133,       13.0817089081
535.020996,       13.1783123016
535.380798,       13.2344617844
535.740540,       13.3204612732
536.100220,       13.3432626724
536.459900,       13.4143505096
536.819641,       13.4485168457
537.179260,       13.4789333344
537.538757,       13.0431022644
537.898376,       13.1226720810
538.257813,       13.0815534592
538.617249,       13.0201044083
538.976685,       12.9943962097
539.336121,       12.7996292114
539.695374,       12.8266515732
540.054688,       12.9748764038
540.413879,       13.0100297928
540.773132,       12.9941225052
541.132385,       13.0029392242
541.491516,       12.9995613098
541.850525,       13.1292228699
542.209595,       13.0429210663
542.568604,       13.2012205124
542.927612,       13.2418441772
543.286560,       13.1778392792
543.645386,       13.1422090530
544.004333,       13.1976623535
544.363098,       13.2343750000
544.721924,       13.3357448578
545.080688,       13.3955841064
545.439331,       13.5781602859
545.797974,       13.5884866714
546.156616,       13.8156814575
546.515137,       13.7734384537
546.873657,       13.7541036606
547.232239,       13.8423786163
547.590698,       13.8157758713
547.949097,       13.7821254730
548.307495,       13.8331499100
548.665833,       13.8280334473
549.024109,       13.8074922562
549.382385,       13.7076034546
549.740540,       13.8747949600
550.098755,       13.7200756073
550.456909,       13.6974439621
550.815002,       13.6826944351
551.173096,       13.6654481888
551.531128,       13.5984230042
551.888977,       13.6013956070
552.247009,       13.4744377136
552.604797,       13.6903553009
552.962708,       13.6455268860
553.320557,       13.7502775192
553.678345,       13.7959327698
554.036011,       13.8285894394
554.393738,       13.8154048920
554.751404,       13.7492475510
555.109009,       13.7471971512
555.466614,       13.6487197876
555.824158,       13.5870218277
556.181641,       13.7374801636
556.539063,       13.7213125229
556.896423,       13.7123765945
557.253845,       13.5537366867
557.611206,       13.7784366608
557.968445,       13.7644319534
558.325745,       13.7541112900
558.682922,       13.8327684402
559.040161,       13.8905677795
559.397278,       13.8780889511
559.754395,       14.0174150467
560.111389,       13.7690181732
560.468445,       13.6464405060
560.825378,       13.6247997284
561.182251,       13.4318504333
561.539185,       13.4083690643
561.896057,       13.4347810745
562.252869,       13.4634389877
562.609619,       13.4050045013
562.966309,       13.4951963425
563.323059,       13.4839792252
563.679688,       13.4228448868
564.036316,       13.3822011948
564.392822,       13.5083627701
564.749390,       13.4857149124
565.105835,       13.2471475601
565.462280,       13.2564115524
565.818726,       13.3145542145
566.175049,       13.2395772934
566.531372,       13.1565256119
566.887573,       13.0766105652
567.243896,       12.8638687134
567.600098,       12.8727722168
567.956299,       12.9128341675
568.312378,       12.8044605255
568.668457,       12.7374496460
569.024475,       12.6577062607
569.380493,       12.5724506378
569.736389,       12.5504283905
570.092346,       12.6371498108
570.448181,       12.6101646423
570.804077,       12.5662384033
571.159790,       12.4978933334
571.515564,       12.4707708359
571.871338,       12.2697725296
572.226929,       12.2527418137
572.582581,       12.2394475937
572.938171,       12.1609659195
573.293701,       12.0572042465
573.649231,       11.9906387329
574.004700,       11.9911012650
574.360107,       11.9491863251
574.715515,       11.9836940765
575.070801,       12.0172252655
575.426086,       11.8470039368
575.781433,       11.7259578705
576.136658,       11.6722841263
576.491821,       11.6687612534
576.846985,       11.6337347031
577.202026,       11.5382947922
577.557129,       11.4438037872
577.912109,       11.3007698059
578.267090,       11.2788763046
578.621948,       11.2555875778
578.976929,       11.1800956726
579.331726,       11.1113872528
579.686523,       11.2980279922
580.041321,       11.3148889542
580.396057,       11.3171777725
580.750732,       11.4614162445
581.105408,       11.4420280457
581.459961,       11.3804197311
581.814575,       11.3898935318
582.169067,       11.3112707138
582.523499,       11.2081375122
582.877991,       11.3144330978
583.232361,       11.4066066742
583.586731,       11.4124603271
583.941040,       11.3549585342
584.295349,       11.2961683273
584.649536,       11.3079442978
585.003784,       11.2768449783
585.357849,       11.5764484406
585.712036,       11.5435237885
586.066040,       11.5185232162
586.420166,       11.5286912918
586.774048,       11.5179948807
587.128052,       11.2723436356
587.481934,       11.1483554840
587.835815,       11.0602836609
588.189636,       10.8964395523
588.543396,       10.9073944092
588.897095,       10.8768959045
589.250732,       10.8738288879
589.604431,       10.8796987534
589.958069,       10.8108015060
590.311646,       10.7482213974
590.665161,       10.7007284164
591.018677,       10.7338781357
591.372070,       10.8026266098
591.725525,       10.8790197372
592.078857,       10.8169097900
592.432190,       10.7872915268
592.785461,       10.6157875061
593.138733,       10.6151390076
593.491821,       10.5746450424
593.845032,       10.5706911087
594.198181,       10.6331796646
594.551270,       10.7184829712
594.904236,       10.6963520050
595.257202,       10.7849359512
595.610168,       10.7164850235
595.963074,       10.7308282852
596.315979,       10.7136840820
596.668823,       10.6893243790
597.021606,       10.9114875793
597.374268,       10.8934040070
597.726990,       10.9538803101
598.079651,       10.9767751694
598.432312,       10.9567289352
598.784851,       10.8695182800
599.137390,       10.8619709015
599.489868,       11.0142974854
599.842285,       10.9939098358
600.194702,       10.8232135773
600.547119,       10.7765426636
600.899414,       10.7424287796
601.251648,       10.7029542923
601.603882,       10.5769910812
601.956116,       10.4650249481
602.308289,       10.4574308395
602.660400,       10.3343601227
603.012451,       10.3928003311
603.364441,       10.2843294144
603.716370,       10.2674875259
604.068359,       10.4274787903
604.420288,       10.2624502182
604.772156,       10.2642440796
605.123962,       10.1801080704
605.475708,       10.1320543289
605.827515,       10.1064214706
606.179138,       10.1294736862
606.530884,       10.1130905151
606.882385,        9.9149341583
607.233948,       10.0187606812
607.585449,       10.0510444641
607.936951,       10.0424537659
608.288452,       10.0719299316
608.639893,       10.0432624817
608.991150,       10.0911283493
609.342468,       10.1204242706
609.693726,       10.3082857132
610.044983,       10.3002500534
610.396240,       10.2437477112
610.747314,       10.2703933716
611.098389,       10.2231750488
611.449463,       10.0148048401
611.800476,        9.9255819321
612.151489,        9.9461355209
612.502441,        9.8748788834
612.853271,        9.8390836716
613.204102,        9.8028469086
613.554932,        9.7866859436
613.905701,        9.8078508377
614.256470,        9.8248567581
614.607178,        9.7063932419
614.957764,        9.7795295715
615.308350,        9.7894630432
615.658875,        9.6852540970
616.009399,        9.6477003098
616.359924,        9.6192274094
616.710327,        9.5905828476
617.060669,        9.3998937607
617.411011,        9.3920230865
617.761292,        9.4205055237
618.111572,        9.3971366882
618.461853,        9.3786888123
618.812012,        9.4095726013
619.162109,        9.4426994324
619.512146,        9.3802165985
619.862183,        9.3926219940
620.212219,        9.4150657654
620.562195,        9.3048591614
620.912048,        9.2720499039
621.261963,        9.2258415222
621.611755,        9.2542390823
621.961548,        9.2212934494
622.311340,        9.0938768387
622.661072,        9.1310234070
623.010681,        9.1494197845
623.360229,        9.2205972672
623.709839,        9.2211771011
624.059387,        9.1751518250
624.408936,        9.1438322067
624.758423,        9.6024332047
625.107727,        9.5209789276
625.457031,        9.4461383820
625.806458,        9.4626626968
626.155762,        9.4866189957
626.504944,        9.4380464554
626.854126,        9.4697294235
627.203308,        9.4673347473
627.552368,        9.4391689301
627.901428,        9.5351028442
628.250488,        9.5272417068
628.599487,        9.5269536972
628.948364,        9.4968099594
629.297241,        9.5023040771
629.646118,        9.5297899246
629.994934,        9.4713497162
630.343689,        9.4438152313
630.692444,        9.3576173782
631.041077,        9.3493022919
631.389648,        9.5441255569
631.738281,        9.5256166458
632.086853,        9.1139097214
632.435364,        9.1650304794
632.783875,        9.4092960358
633.132263,        9.3882551193
633.480591,        9.2761774063
633.828918,        9.2291078568
634.177246,        9.2015399933
634.525513,        9.1727924347
634.873657,        9.1451425552
635.221863,        9.0916986465
635.569946,        9.0608444214
635.918030,        8.9735555649
636.266052,        8.9145488739
636.614136,        9.1004285812
636.962036,        9.0707826614
637.309937,        9.0133409500
637.657776,        9.0729122162
638.005615,        9.2083568573
638.353394,        9.2051591873
638.701111,        8.9743728638
639.048767,        8.9247179031
639.396423,        8.8760747910
639.743958,        8.7935829163
640.091614,        8.5387716293
640.439087,        8.5619773865
640.786560,        8.5587739944
641.133972,        8.5440921783
641.481323,        8.5521316528
641.828735,        8.5307645798
642.176025,        8.5473594666
642.523315,        8.5002756119
642.870483,        8.5340347290
643.217651,        8.5247716904
643.564758,        8.5892496109
643.911804,        8.3258695602
644.258911,        8.7361717224
644.605896,        8.7478904724
644.952820,        8.6548805237
645.299683,        8.5309066772
645.646606,        8.5008316040
645.993469,        8.5043621063
646.340210,        8.5049409866
646.687012,        8.4318552017
647.033630,        8.4945363998
647.380249,        8.5106277466
647.726868,        8.4128532410
648.073425,        8.3862209320
648.419983,        8.3539390564
648.766418,        8.2477159500
649.112854,        8.1977796555
649.459229,        8.1715087891
649.805603,        8.1553506851
650.151855,        8.1154899597
650.498169,        8.0510845184
650.844360,        7.9297676086
651.190552,        7.9079799652
651.536621,        7.4057250023
651.882751,        7.3685483932
652.228760,        7.3464550972
652.574829,        7.2779917717
652.920715,        7.2110834122
653.266602,        7.2433204651
653.612488,        7.2753353119
653.958252,        7.3279819489
654.304077,        7.2279520035
654.649841,        7.1939601898
654.995483,        7.2079529762
655.341064,        7.1924700737
655.686707,        7.8317260742
656.032288,        7.8802576065
656.377808,        7.8523917198
656.723267,        7.7697558403
657.068726,        7.7749533653
657.414063,        7.7389297485
657.759399,        7.8683333397
658.104736,        7.9345202446
658.449951,        8.0165071487
658.795166,        7.9918026924
659.140381,        8.0449123383
659.485474,        8.0907325745
659.830505,        8.0839395523
660.175598,        8.1131353378
660.520569,        8.0812826157
660.865479,        8.0084276199
661.210327,        7.9295740128
661.555237,        7.9331188202
661.900085,        7.9127302170
662.244812,        7.9042339325
662.589539,        7.8567214012
662.934265,        7.2623119354
663.278809,        7.2100839615
663.623413,        7.2705664635
663.968018,        7.3533630371
664.312500,        7.3405580521
664.656921,        7.3309569359
665.001343,        7.2011895180
665.345703,        7.2578868866
665.690063,        7.1832699776
666.034302,        7.2406849861
666.378662,        7.1817822456
666.722778,        7.1530332565
667.066895,        7.1356115341
667.410950,        7.0782542229
667.755066,        6.9910230637
668.099121,        6.9824905396
668.443054,        6.9690761566
668.786987,        6.9960899353
669.130798,        6.9827704430
669.474731,        6.9694766998
669.818481,        7.0533938408
670.162292,        7.0540504456
670.506042,        7.0234446526
670.849670,        6.9489316940
671.193176,        6.9067373276
671.536804,        6.8956799507
671.880371,        6.8854093552
672.223816,        6.8773398399
672.567261,        6.7437658310
672.910645,        6.6932930946
673.254028,        6.6387920380
673.597290,        6.5870890617
673.940613,        6.5234184265
674.283875,        6.5253553391
674.626953,        6.5189571381
674.970093,        6.5471687317
675.313232,        6.6114993095
675.656250,        6.7224063873
675.999268,        6.7444734573
676.342224,        6.7820563316
676.685120,        6.8397178650
677.027893,        6.7763199806
677.370789,        6.7362928391
677.713562,        6.7466201782
678.056335,        6.8207912445
678.398987,        6.8592972755
678.741577,        6.8441076279
679.084167,        6.8621158600
679.426758,        6.8971977234
679.769287,        6.8674669266
680.111755,        6.9706172943
680.454163,        6.9961614609
680.796509,        7.0425434113
681.138794,        7.0704975128
681.481140,        7.0928359032
681.823364,        7.1124258041
682.165588,        7.1402201653
682.507751,        7.0509529114
682.849792,        6.9391636848
683.191833,        6.8868346214
683.533875,        6.9021778107
683.875854,        6.8136057854
684.217834,        6.8466706276
684.559692,        6.8700408936
684.901428,        7.1051588058
685.243286,        7.1403002739
685.585022,        7.1187758446
685.926819,        7.1919021606
686.268372,        7.1674070358
686.609985,        7.2086229324
686.951538,        7.3372592926
687.293091,        7.3064274788
687.634583,        7.3648304939
687.976013,        7.4149260521
688.317322,        7.4599447250
688.658630,        7.5041203499
689.000000,        7.5541377068
689.341248,        7.5902647972
689.682495,        7.7490949631
690.023682,        7.8325085640
690.364746,        7.8997054100
690.705811,        8.0447454453
691.046814,        8.1831588745
691.387817,        8.3231992722
691.728760,        8.4062423706
692.069702,        8.4601860046
692.410522,        8.6613426208
692.751282,        8.7950420380
693.092102,        8.8835668564
693.432800,        9.1328554153
693.773499,        9.2494535446
694.114075,        9.3420686722
694.454651,        9.5281400681
694.795105,        9.6852998734
695.135620,        9.9703903198
695.476135,       10.2038211823
695.816528,       10.4821052551
696.156799,       10.7023735046
696.497131,       10.9674806595
696.837402,       11.1672315598
697.177612,       11.5780858994
697.517822,       11.8398962021
697.857971,       12.0113191605
698.197937,       12.3515567780
698.538025,       12.5714302063
698.877991,       12.9451484680
699.217957,       13.1563720703
699.557922,       13.3283271790
699.897705,       13.6257705688
700.237549,       14.0008869171
700.577271,       14.2834300995
700.916992,       14.6562366486
701.256653,       15.0450487137
701.596313,       15.3494176865
701.935852,       15.6926259995
702.275391,       15.9259681702
702.614868,       16.5091133118
702.954346,       16.7834434509
703.293701,       17.1255912781
703.633118,       17.5801067352
703.972412,       17.9667892456
704.311646,       18.2095146179
704.650818,       18.5473270416
704.990051,       18.9286651611
705.329163,       19.2187156677
705.668274,       19.7844982147
706.007263,       19.9987468719
706.346252,       20.3424663544
706.685181,       20.6652660370
707.024109,       20.9553775787
707.362976,       21.2881755829
707.701721,       21.6370677948
708.040527,       21.9094486237
708.379211,       22.1816978455
708.717896,       22.5201625824
709.056519,       22.8985958099
709.395142,       23.2624549866
709.733582,       23.3585052490
710.072144,       23.7062644958
710.410522,       24.0421466827
710.748962,       24.1942424774
711.087341,       24.4981327057
711.425598,       24.8663482666
711.763855,       25.3106956482
712.102051,       25.8338146210
712.440247,       26.1868858337
712.778320,       26.3353672028
713.116455,       26.7396450043
713.454468,       27.0316982269
713.792419,       27.3875331879
714.130310,       27.7663269043
714.468262,       28.0312633514
714.806091,       28.3038654327
715.143921,       28.6427345276
715.481628,       29.0091133118
715.819397,       29.3575553894
716.156982,       29.6571998596
716.494629,       29.9826583862
716.832214,       30.2697296143
717.169739,       30.6515159607
717.507202,       30.9879150391
717.844543,       31.4487419128
718.182007,       31.7288074493
718.519348,       32.0275726318
718.856689,       32.2469787598
719.193970,       32.3789062500
719.531067,       32.7154731750
719.868164,       32.9923439026
720.205322,       33.2593040466
720.542419,       33.5363960266
720.879456,       33.7769203186
721.216431,       34.0817260742
721.553345,       34.3988265991
721.890198,       34.6947212219
722.227051,       34.9486083984
722.563782,       35.2681732178
722.900635,       35.5794754028
723.237244,       35.8678245544
723.573914,       36.1092948914
723.910461,       36.4507637024
724.247070,       36.5840034485
724.583557,       36.8006629944
724.920044,       36.9302444458
725.256409,       37.2620353699
725.592773,       37.4682769775
725.929077,       37.7124023438
726.265442,       37.9407615662
726.601685,       38.6832466125
726.937866,       39.0149345398
727.273987,       39.2705574036
727.609985,       39.5340194702
727.946045,       39.8512115479
728.282043,       40.1069831848
728.618042,       40.3503227234
728.953979,       40.5208663940
729.289795,       40.8041191101
729.625610,       40.9605522156
729.961426,       41.2402153015
730.297119,       41.5625801086
730.632813,       41.7624893188
730.968384,       41.8489227295
731.304016,       42.0751762390
731.639465,       42.3204765320
731.974976,       42.5194664001
732.310425,       42.6784934998
732.645874,       42.8825683594
732.981201,       43.0748519897
733.316467,       43.2373542786
733.651733,       42.8805770874
733.986938,       43.0029792786
734.322144,       43.1704330444
734.657288,       43.3935165405
734.992310,       43.5450744629
735.327271,       43.9103202820
735.662292,       44.1941566467
735.997253,       44.3853950500
736.332092,       44.6474609375
736.666931,       44.8400726318
737.001709,       44.9947967529
737.336426,       45.0399017334
737.671143,       45.1741485596
738.005798,       45.3817253113
738.340393,       45.5284576416
738.674988,       45.7640571594
739.009399,       45.9179382324
739.343933,       46.1294250488
739.678345,       46.2618865967
740.012756,       46.3833541870
740.347046,       46.5200767517
740.681274,       46.6010093689
741.015503,       46.7080650330
741.349731,       46.7720069885
741.683838,       46.7853164673
742.017944,       46.8725776672
742.351929,       46.7716293335
742.685974,       46.8305587769
743.019897,       47.0127029419
743.353821,       47.0168380737
743.687622,       47.1291999817
744.021484,       47.1831092834
744.355225,       47.2506027222
744.688965,       47.3170700073
745.022583,       47.4534530640
745.356201,       47.6150054932
745.689819,       47.6954116821
746.023376,       47.8292236328
746.356812,       47.7888603210
746.690186,       47.9112586975
747.023621,       48.0801849365
747.356934,       48.2265510559
747.690247,       48.4426765442
748.023499,       48.5419883728
748.356689,       48.7092170715
748.689758,       48.7867622375
749.022888,       48.8935699463
749.355957,       48.9158172607
749.688965,       48.9000778198
750.021912,       48.9452133179
750.354858,       48.9651794434
750.687683,       49.0204391479
751.020447,       49.0891342163
751.353271,       49.2064285278
751.686035,       49.3557853699
752.018677,       49.4011802673
752.351257,       49.4009170532
752.683838,       49.4509811401
753.016357,       49.4963302612
753.348877,       49.5443420410
753.681396,       49.5315666199
754.013672,       49.5637435913
754.346008,       49.5646476746
754.678345,       49.5151329041
755.010559,       49.5417518616
755.342834,       49.5709075928
755.674988,       49.6850090027
756.007080,       49.7150077820
756.339050,       49.8125419617
756.671082,       49.8464126587
757.003052,       49.8737106323
757.335022,       49.9263687134
757.666870,       50.2217483521
757.998657,       50.3675575256
758.330444,       50.4942970276
758.662170,       50.5755615234
758.993896,       50.5986557007
759.325562,       50.5949897766
759.657043,       50.6492156982
759.988586,       50.6805305481
760.320129,       50.7462921143
760.651489,       50.8264198303
760.982971,       50.8341674805
761.314331,       50.8605651855
761.645569,       50.9484367371
761.976807,       50.9960899353
762.308044,       51.0277252197
762.639160,       51.0328941345
762.970276,       51.0410537720
763.301331,       51.0129737854
763.632385,       51.1395225525
763.963257,       51.1612548828
764.294250,       51.1705169678
764.625122,       50.9608802795
764.955933,       51.1617584229
765.286743,       50.9719924927
765.617432,       50.9668807983
765.948120,       50.9161300659
766.278748,       50.9352760315
766.609314,       51.0228042603
766.939880,       51.0720558167
767.270325,       51.1310348511
767.600708,       51.0995140076
767.931152,       50.9968414307
768.261536,       51.0282821655
768.591858,       50.9442558289
768.922119,       50.9557838440
769.252258,       51.0253601074
769.582397,       51.0189056396
769.912537,       51.0346298218
770.242615,       51.2277374268
770.572632,       51.1844177246
770.902588,       51.2360496521
771.232483,       51.4526481628
771.562256,       51.3074264526
771.892151,       50.9693336487
772.221863,       50.9845314026
772.551697,       50.9360542297
772.881287,       51.0164070129
773.210938,       51.0539474487
773.540466,       50.9196815491
773.870056,       50.9377975464
774.199463,       50.9060935974
774.528992,       51.0922241211
774.858337,       51.1528663635
775.187622,       51.1525878906
775.516968,       51.2046470642
775.846191,       51.1629714966
776.175415,       51.1267166138
776.504578,       51.1254844666
776.833618,       51.2075843811
777.162598,       51.0948791504
777.491638,       51.0283241272
777.820618,       50.9746017456
778.149536,       50.7694778442
778.478394,       50.8540382385
778.807190,       50.8369216919
779.135864,       50.9678077698
779.464600,       50.9474678040
779.793335,       50.8804130554
780.121948,       50.8846206665
780.450439,       50.8364982605
780.778931,       50.9249382019
781.107422,       50.9257659912
781.435913,       50.8439407349
781.764282,       50.8705253601
782.092651,       50.8871917725
782.420837,       50.8630447388
782.749023,       50.9048652649
783.077209,       50.9415740967
783.405396,       50.9941406250
783.733521,       50.9111061096
784.061462,       50.8833007813
784.389465,       50.9508590698
784.717346,       50.9661750793
785.045288,       50.9682044983
785.373108,       50.9463233948
785.700928,       50.9463958740
786.028625,       50.8459396362
786.356384,       50.9206314087
786.683960,       51.0254554749
787.011536,       51.0201988220
787.339111,       51.0930938721
787.666687,       50.8813514709
787.994019,       50.8528366089
788.321411,       50.7623786926
788.648804,       50.7704429626
788.976135,       50.6945915222
789.303406,       50.8069801331
789.630615,       50.8179435730
789.957703,       50.7038459778
790.284851,       50.7134017944
790.611877,       50.7776794434
790.938904,       50.6870574951
791.265930,       50.7017326355
791.592773,       50.7172927856
791.919678,       50.7611465454
792.246460,       50.8259544373
792.573242,       50.8319931030
792.899963,       50.9798164368
793.226685,       50.9395599365
793.553284,       50.8644218445
793.879822,       50.9403152466
794.206299,       50.8357276917
794.532776,       50.8821792603
794.859253,       50.9855918884
795.185669,       51.0141563416
795.511902,       51.0171432495
795.838196,       51.0486145020
796.164490,       50.8709487915
796.490601,       50.8086967468
796.816833,       50.8607864380
797.142883,       50.8474693298
797.468933,       50.7361488342
797.794861,       50.7713966370
798.120789,       50.7251510620
798.446716,       50.7351646423
798.772583,       50.7061195374
799.098328,       50.6313934326
799.424072,       50.6988449097
799.749756,       50.6214065552
800.075439,       50.6159172058
800.401001,       50.5737495422
800.726624,       50.5243606567
801.052063,       50.7934989929
801.377441,       50.7948989868
801.702881,       50.6825637817
802.028198,       50.7541885376
802.353516,       50.9659347534
802.678833,       51.0474205017
803.004028,       51.1153411865
803.329102,       51.1839981079
803.654236,       51.1152038574
803.979248,       51.1706771851
804.304321,       51.2390556335
804.629272,       51.1804122925
804.954163,       51.2094383240
805.278931,       51.1758460999
805.603821,       51.1631317139
805.928589,       51.1955337524
806.253357,       51.1727409363
806.577942,       51.2471275330
806.902588,       51.3610229492
807.227112,       51.3947486877
807.551575,       51.5107765198
807.876099,       51.4065933228
808.200500,       51.6022453308
808.524841,       51.7166328430
808.849121,       51.6889038086
809.173401,       51.5632438660
809.497620,       51.4789237976
809.821838,       51.5015487671
810.145996,       51.4996948242
810.469971,       51.6721191406
810.793945,       51.5395927429
811.117981,       51.5827598572
811.441956,       51.7545280457
811.765808,       51.7944679260
812.089600,       51.8487815857
812.413391,       51.8291473389
812.737061,       51.8565292358
813.060730,       51.8243484497
813.384338,       51.7873878479
813.708008,       51.6918716431
814.031433,       51.7210731506
814.354919,       51.6521224976
814.678345,       51.5117301941
815.001709,       51.4335289001
815.325073,       51.3967170715
815.648376,       51.3288154602
815.971558,       51.2618904114
816.294678,       51.2587471008
816.617798,       51.2647438049
816.940918,       51.2422866821
817.263977,       51.1595916748
817.586853,       51.2686424255
817.909851,       51.2670822144
818.232727,       51.1957817078
818.555542,       51.1445236206
818.878296,       51.1310386658
819.201050,       51.2663345337
819.523682,       51.3838272095
819.846375,       51.3957633972
820.168884,       51.4846572876
820.491455,       51.4835128784
820.813904,       51.7132682800
821.136353,       51.7219543457
821.458740,       51.9207077026
821.781128,       51.8288116455
822.103333,       51.8525123596
822.425598,       51.9875450134
822.747803,       52.0218925476
823.069824,       52.0455284119
823.391968,       52.0142478943
823.713989,       52.1416053772
824.035950,       52.2182273865
824.357849,       52.1481285095
824.679810,       52.1133728027
825.001587,       52.1138839722
825.323425,       52.0943641663
825.645142,       52.1426963806
825.966736,       52.0685424805
826.288391,       51.9513549805
826.610046,       51.9805984497
826.931458,       51.8916969299
827.253052,       51.9271545410
827.574402,       51.7838249207
827.895813,       51.8948860168
828.217163,       51.8024635315
828.538391,       51.7917747498
828.859619,       51.7501754761
829.180786,       51.6431465149
829.501953,       51.6835708618
829.822998,       51.6884155273
830.144043,       51.7491569519
830.464966,       51.7460289001
830.785950,       51.6160430908
831.106812,       51.6523056030
831.427673,       51.6406669617
831.748474,       51.6273574829
832.069214,       51.8107223511
832.389771,       51.7681884766
832.710449,       51.7445869446
833.031067,       51.7731246948
833.351563,       51.7151947021
833.672058,       51.7749176025
833.992371,       51.6950263977
834.312805,       51.5643119812
834.633179,       51.4423065186
834.953369,       51.3502197266
835.273621,       51.4196319580
835.593811,       51.4398880005
835.913940,       51.4378967285
836.234009,       51.3528404236
836.554077,       51.3808021545
836.874023,       51.6805458069
837.193909,       51.6857452393
837.513794,       51.8071784973
837.833618,       51.7755813599
838.153381,       51.7681121826
838.473145,       51.8461341858
838.792786,       51.6986923218
839.112366,       51.6906013489
839.432007,       51.6811447144
839.751465,       51.6246566772
840.070984,       51.6534347534
840.390381,       51.6344375610
840.709656,       51.6741676331
841.028992,       51.9012908936
841.348267,       52.0105476379
841.667480,       52.0413169861
841.986633,       51.9826354980
842.305725,       51.9459304810
842.624817,       51.9158172607
842.943848,       52.0266838074
843.262756,       52.0467872620
843.581665,       51.7298507690
843.900574,       51.6992492676
844.219360,       51.6193847656
844.538147,       51.7349967957
844.856812,       51.8550262451
845.175415,       51.8037376404
845.494080,       51.8288536072
845.812683,       51.8432693481
846.131104,       52.0795898438
846.449585,       52.0936431885
846.768005,       52.2280349731
847.086304,       52.3506240845
847.404663,       52.4349975586
847.722839,       52.2208137512
848.041077,       52.1188201904
848.359192,       52.1430015564
848.677246,       52.2130012512
848.995361,       52.3521499634
849.313354,       52.4060478210
849.631226,       52.2911186218
849.949158,       52.2692260742
850.267029,       52.3480224609
850.584778,       52.3377113342
850.902527,       52.4122848511
851.220276,       52.3026046753
851.537842,       52.3011016846
851.855469,       52.2878761292
852.173035,       52.3263473511
852.490417,       52.4061546326
852.807861,       52.2571907043
853.125305,       52.4772872925
853.442627,       52.3457832336
853.759888,       52.1002693176
854.077087,       51.9887809753
854.394287,       51.9346008301
854.711426,       52.0120620728
855.028442,       51.9489364624
855.345459,       52.0421867371
855.662537,       52.0443191528
855.979370,       52.0453567505
856.296265,       52.0458221436
856.613098,       52.0450706482
856.929871,       51.9644241333
857.246582,       51.8769340515
857.563232,       51.9008560181
857.879822,       52.1105690002
858.196411,       52.0142478943
858.512939,       52.0124626160
858.829346,       51.9204139709
859.145813,       51.9195632935
859.462158,       51.8065147400
859.778442,       51.8266563416
860.094666,       51.8095970154
860.410889,       51.7790603638
860.726990,       51.8354110718
861.043152,       51.9358329773
861.359192,       51.7944107056
861.675232,       51.8838272095
861.991150,       51.7976226807
862.307007,       51.8106651306
862.622864,       51.9385147095
862.938660,       52.0296630859
863.254333,       51.9971084595
863.570068,       52.0862274170
863.885742,       52.1889572144
864.201233,       52.0684852600
864.516846,       51.8839416504
864.832336,       51.8662376404
865.147766,       51.9183883667
865.463135,       52.0286483765
865.778503,       52.0045928955
866.093750,       52.0615692139
866.408997,       51.9871940613
866.724182,       52.0450401306
867.039246,       52.1857452393
867.354309,       52.2384948730
867.669312,       52.3110275269
867.984314,       52.3861465454
868.299194,       52.3431015015
868.614075,       52.2548789978
868.928833,       52.2171478271
869.243652,       51.9816055298
869.558289,       51.9856567383
869.872986,       52.0353507996
870.187622,       51.8692741394
870.502136,       51.8101577759
870.816650,       51.8844261169
871.131165,       51.9251174927
871.445496,       51.9319076538
871.759827,       51.9058532715
872.074158,       51.9090728760
872.388367,       51.8611450195
872.702576,       51.8747520447
873.016785,       51.7966041565
873.330750,       51.7744255066
873.644897,       51.8548316956
873.958801,       51.7496223450
874.272705,       51.6227836609
874.586670,       51.6226272583
874.900452,       51.5857238770
875.214172,       51.5924530029
875.527954,       51.5330314636
875.841614,       51.5685195923
876.155273,       51.5262489319
876.468811,       51.4380378723
876.782288,       51.5483245850
877.095764,       51.5507354736
877.409241,       51.5195960999
877.722534,       51.4699211121
878.035889,       51.5233917236
878.349121,       51.6331253052
878.662292,       51.4781723022
878.975464,       51.5388717651
879.288574,       51.7440147400
879.601624,       51.7573051453
879.914612,       51.7030105591
880.227600,       51.6255798340
880.540405,       51.6904602051
880.853271,       51.6908416748
881.166016,       51.6795883179
881.478821,       51.7162208557
881.791504,       51.6813583374
882.104065,       51.6891250610
882.416626,       51.6809463501
882.729187,       51.7164764404
883.041626,       51.8410606384
883.354065,       51.9332427979
883.666443,       51.8700904846
883.978760,       51.8107643127
884.291016,       51.9754638672
884.603271,       51.9269180298
884.915344,       51.8069076538
885.227539,       51.9863891602
885.539551,       51.9571723938
885.851501,       51.7381324768
886.163513,       51.6492729187
886.475464,       51.6651916504
886.787231,       51.6287193298
887.099060,       51.5860443115
887.410767,       51.5970153809
887.722412,       51.6420021057
888.034119,       51.6881599426
888.345642,       51.6855049133
888.657227,       51.6286506653
888.968689,       51.7199935913
889.280090,       51.7321281433
889.591492,       51.7129287720
889.902832,       51.6073646545
890.213989,       51.7137641907
890.525269,       51.6949729919
890.836487,       51.5660820007
891.147522,       51.8643989563
891.458618,       53.4933204651
891.769653,       53.3577919006
892.080566,       53.3532218933
892.391479,       53.3547210693
892.702332,       53.3953475952
893.013123,       53.4413566589
893.323853,       53.4907951355
893.634521,       53.5032806396
893.945129,       53.6082382202
894.255798,       53.6493721008
894.566223,       53.6254653931
894.876770,       53.7217140198
895.187195,       53.7573738098
895.497498,       53.6988677979
895.807861,       53.6818923950
896.118164,       53.7202415466
896.428345,       53.7073440552
896.738525,       53.7395248413
897.048645,       53.7444000244
897.358643,       53.7476730347
897.668701,       53.6396675110
897.978638,       51.9903945923
898.288513,       52.0416145325
898.598389,       52.0690040588
898.908142,       52.1116142273
899.217896,       52.1307182312
899.527588,       52.3312759399
899.837219,       52.2604408264
900.146790,       52.3967666626
900.456360,       52.4072570801
900.765747,       52.3448638916
901.075195,       52.4243774414
901.384583,       52.5337677002
901.693848,       52.5033493042
902.003174,       52.5147514343
902.312378,       52.5111122131
902.621460,       52.4601440430
902.930603,       52.5015830994
903.239685,       52.4561538696
903.548645,       52.4743270874
903.857605,       52.5074882507
904.166504,       52.3900794983
904.475281,       52.3498344421
904.784058,       52.3171920776
905.092896,       52.3234176636
905.401489,       52.3498725891
905.710144,       52.2323837280
906.018738,       52.0269050598
906.327209,       52.2251319885
906.635681,       52.1265487671
906.944031,       52.0277137756
907.252441,       52.0471992493
907.560730,       52.0087661743
907.869019,       51.8554763794
908.177185,       52.0061683655
908.485352,       52.1339721680
908.793396,       52.4068107605
909.101501,       52.4694366455
909.409485,       52.5598297119
909.717407,       52.5666656494
910.025269,       52.5921096802
910.333130,       52.6706466675
910.640869,       52.5967407227
910.948608,       52.5767860413
911.256287,       52.6514358521
911.563843,       52.5440025330
911.871399,       52.3909263611
912.178955,       52.4650650024
912.486389,       52.5750656128
912.793823,       52.3707695007
913.101135,       52.2889976501
913.408386,       52.3335685730
913.715637,       52.3743629456
914.022827,       52.4440765381
914.329956,       52.4411697388
914.637085,       52.3435592651
914.944031,       52.2878952026
915.251038,       51.9970550537
915.557983,       51.9492759705
915.864807,       51.7182998657
916.171631,       51.7245216370
916.478455,       51.8003158569
916.785095,       51.8838806152
917.091736,       51.9913787842
917.398376,       52.1833000183
917.704834,       52.1209831238
918.011414,       52.1283493042
918.317810,       52.2499504089
918.624207,       52.2720222473
918.930542,       52.0557479858
919.236816,       52.0906143188
919.542969,       52.1746406555
919.849182,       52.1371726990
920.155273,       52.0411605835
920.461304,       51.9127006531
920.767334,       51.9957237244
921.073242,       52.0301895142
921.379211,       52.1675643921
921.685059,       52.1245422363
921.990784,       51.9757041931
922.296570,       52.0759239197
922.602295,       51.9225616455
922.907898,       52.4714660645
923.213440,       52.1761016846
923.518982,       52.0520858765
923.824463,       51.8327941895
924.129883,       51.7938728333
924.435242,       51.8573455811
924.740540,       51.9199829102
925.045776,       51.9059524536
925.351013,       52.1689643860
925.656128,       52.0667152405
925.961243,       52.1616439819
926.266235,       52.1344528198
926.571167,       52.3945693970
926.876160,       52.3648376465
927.181030,       52.3690147400
927.485840,       52.2703361511
927.790588,       52.1350517273
928.095276,       52.1644248962
928.399963,       52.7427024841
928.704590,       52.8664360046
929.009094,       53.0810050964
929.313599,       52.7563629150
929.618103,       53.0168342590
929.922424,       53.0998153687
930.226807,       53.1010856628
930.531067,       53.1132049561
930.835266,       53.3689956665
931.139465,       53.3029975891
931.443542,       53.4025115967
931.747620,       53.2921066284
932.051697,       53.4039077759
932.355652,       53.2626991272
932.659485,       53.3624038696
932.963379,       53.1424217224
933.267090,       53.2012405396
933.570801,       53.0317382813
933.874573,       53.0812988281
934.178162,       53.0044746399
934.481689,       53.2059173584
934.785278,       52.7986640930
935.088745,       52.6282386780
935.392151,       52.6789741516
935.695496,       52.3399276733
935.998779,       51.9977111816
936.302063,       51.8905181885
936.605225,       52.2352828979
936.908386,       52.4212646484
937.211426,       52.1605606079
937.514465,       52.2220382690
937.817444,       52.0566329956
938.120422,       52.3631706238
938.423279,       52.3962097168
938.726013,       52.8925704956
939.028809,       52.8587417603
939.331482,       52.9092140198
939.634155,       52.8843040466
939.936768,       53.0194931030
940.239258,       52.9124031067
940.541809,       52.9220390320
940.844238,       52.7007217407
941.146606,       52.5760536194
941.448914,       52.5636672974
941.751221,       52.4987640381
942.053345,       52.5023765564
942.355530,       52.4609985352
942.657654,       52.4111404419
942.959656,       52.3363304138
943.261658,       52.0608711243
943.563599,       51.8797950745
943.865479,       51.9049301147
944.167358,       51.9386177063
944.469177,       51.7666091919
944.770813,       51.8408660889
945.072510,       51.2738418579
945.374084,       51.3596343994
945.675659,       51.0815734863
945.977173,       51.3097991943
946.278564,       51.4447937012
946.580017,       51.6383399963
946.881348,       51.4587326050
947.182617,       51.6667709351
947.483826,       51.6341705322
947.785034,       51.6203765869
948.086060,       51.5788192749
948.387207,       51.5279579163
948.688232,       51.7781181335
948.989075,       51.9289779663
949.290039,       51.6431694031
949.590942,       51.7416839600
949.891663,       52.0270690918
950.192444,       51.8566551208
950.493164,       52.0350570679
950.793701,       51.9435157776
951.094299,       51.6976280212
951.394836,       51.8072738647
951.695251,       53.5910911560
951.995667,       53.7657394409
952.295959,       53.4888992310
952.596313,       53.2061157227
952.896545,       53.4243698120
953.196716,       53.4367332458
953.496826,       53.1901702881
953.796936,       53.2312469482
954.096863,       53.3057975769
954.396912,       53.3561477661
954.696777,       53.2325973511
954.996643,       53.2389221191
955.296448,       53.5131797791
955.596191,       53.5897560120
955.895813,       53.7689666748
956.195496,       53.9241867065
956.495117,       54.4696159363
956.794556,       54.3433609009
957.094055,       54.0903282166
957.393494,       54.8511962891
957.692810,       54.8642997742
957.992126,       52.9409332275
958.291321,       52.7107429504
958.590637,       52.7091674805
958.889709,       52.8366546631
959.188782,       52.5662345886
959.487793,       52.6576690674
959.786804,       52.8311233521
960.085693,       52.8551330566
960.384460,       53.0168075562
960.683472,       53.0687866211
960.982056,       53.1763916016
961.280823,       53.5351409912
961.579407,       53.3738059998
961.877930,       53.0672378540
962.176575,       52.8101806641
962.474915,       52.2924079895
962.773376,       51.8673782349
963.071777,       51.8901634216
963.370056,       51.8761711121
963.668335,       50.8765220642
963.966431,       50.9157943726
964.264709,       50.6312141418
964.562744,       51.1755180359
964.860718,       51.4523391724
965.158691,       51.6754341125
965.456543,       51.8588676453
965.754578,       52.2441558838
966.052307,       52.7065162659
966.350037,       52.7137565613
966.647705,       52.4195137024
966.945251,       52.7447586060
967.243042,       52.7012939453
967.540405,       52.0927505493
967.837952,       51.9913063049
968.135376,       52.1770477295
968.432739,       52.7968826294
968.730042,       53.2069129944
969.027222,       52.9967651367
969.324524,       52.7178993225
969.621521,       52.6964607239
969.918701,       52.8538093567
970.215698,       52.7342262268
970.512573,       52.7902717590
970.809631,       52.8702125549
971.106384,       52.8457565308
971.403198,       53.0747070313
971.700012,       52.9963302612
971.996521,       52.4792137146
972.293335,       52.1108970642
972.589783,       52.5108032227
972.886353,       52.5459632874
973.182861,       51.7738151550
973.479309,       51.7952728271
973.775635,       52.0776405334
974.071838,       52.5013999939
974.368225,       52.3424377441
974.664368,       52.1030769348
974.960449,       51.8622093201
975.256592,       51.8225746155
975.552490,       52.5301513672
975.848633,       52.8459014893
976.144409,       53.3092155457
976.440247,       53.2814331055
976.736023,       53.8101844788
977.031738,       53.5733108521
977.327515,       53.4323806763
977.623047,       53.3963127136
977.918640,       53.2510528564
978.214172,       53.4047775269
978.509644,       52.8464202881
978.805115,       52.2521438599
979.100281,       52.3916358948
979.395752,       52.9099769592
979.690857,       53.1311912537
979.986084,       52.9304618835
980.281250,       52.4752273560
980.576172,       52.9028663635
980.871338,       52.6409378052
981.166199,       52.6646804810
981.461121,       53.1111183167
981.755920,       52.5373687744
982.050781,       52.7848129272
982.345520,       52.5718231201
982.640076,       52.4749641418
982.934814,       51.7081031799
983.229309,       51.3361930847
983.523804,       51.3658599854
983.818298,       50.9668807983
984.112610,       50.6991462708
984.407043,       53.7481117249
984.701233,       54.4080314636
984.995483,       54.4710235596
985.289612,       54.4505767822
985.583618,       53.7334861755
985.877869,       53.7795066833
986.171753,       53.6125106812
986.465698,       53.8169517517
986.759583,       53.9141159058
987.053467,       55.0702705383
987.347290,       54.7972030640
987.640869,       54.3259429932
987.934631,       54.4263000488
988.228149,       53.8569679260
988.521667,       53.8226852417
988.815186,       54.3658905029
989.108582,       54.7109909058
989.402039,       54.6216316223
989.695313,       54.5912933350
989.988525,       54.6255035400
990.281738,       55.1001205444
990.574829,       51.9227561951
990.868042,       51.6405029297
991.161011,       52.2690582275
991.453979,       52.6598281860
991.746948,       54.0889930725
992.039795,       54.9979972839
992.332642,       56.3442878723
992.625305,       55.8248519897
992.918091,       55.6684188843
993.210632,       56.4219589233
993.503235,       57.1137428284
993.795837,       59.5768623352
994.088196,       59.6673545837
994.380676,       59.9338989258
994.672913,       60.2095413208
994.965271,       61.5734329224
995.257568,       61.8054199219
995.549622,       62.7316131592
995.841858,       63.4975738525
996.133850,       63.6816253662
996.425903,       63.9408531189
996.717834,       63.6058387756
997.009766,       62.9028320313
997.301636,       61.9993934631
997.593323,       61.6500740051
997.885193,       60.4906806946
998.176758,       59.2286033630
998.468384,       59.0587272644
998.760010,       59.0112609863
999.051392,       59.4390106201
999.342957,       57.6709671021
999.634277,       57.2461128235
999.925598,       54.5258293152
1000.216919,       54.7343673706
1000.508118,       55.2147026062
1000.799255,       54.6296615601
1001.090271,       52.5541725159
1001.381470,       52.1736030579
1001.672363,       51.9833641052
1001.963257,       50.6478919983
1002.254150,       50.2664108276
1002.544922,       49.5005989075
1002.835815,       49.4544868469
1003.126404,       50.3131866455
1003.417114,       51.0480575562
1003.707703,       51.3571243286
1003.998108,       51.7351684570
1004.288757,       52.3084754944
1004.579041,       50.9965362549
1004.869385,       51.1739807129
1005.159729,       50.8394317627
1005.450012,       50.0000076294
1005.740173,       50.0679244995
1006.030212,       49.8628692627
1006.320435,       49.7600173950
1006.610352,       49.5522804260
1006.900330,       49.2553825378
1007.190247,       50.3511123657
1007.479980,       50.4073066711
1007.769897,       49.5419578552
1008.059509,       50.3950462341
1008.349243,       50.5768470764
1008.638855,       50.6600074768
1008.928345,       51.5525283813
1009.217896,       51.3539237976
1009.507263,       51.1018943787
1009.796753,       50.4074859619
1010.086060,       49.7576751709
1010.375366,       49.0258216858
1010.664551,       48.6633758545
1010.953674,       48.3456764221
1011.242920,       49.1284332275
1011.531738,       49.9120597839
1011.820801,       50.0716743469
1012.109741,       50.3970451355
1012.398499,       51.1374893188
1012.687439,       51.9485054016
1012.976074,       52.7231559753
1013.264771,       51.8260231018
1013.553406,       51.6799163818
1013.842041,       51.6726074219
1014.130554,       50.7638702393
1014.418884,       50.4125671387
1014.707336,       50.8492584229
1014.995789,       49.9679756165
1015.284058,       49.8483276367
1015.572327,       50.2041816711
1015.860413,       50.0960121155
1016.148621,       49.7443733215
1016.436523,       50.4279441833
1016.724609,       50.7492179871
1017.012573,       51.7301101685
1017.300354,       50.8323059082
1017.588318,       49.7069015503
1017.875977,       51.3983116150
1018.163757,       51.4272499084
1018.451416,       50.7724342346
1018.739014,       52.1915321350
1019.026611,       51.9167785645
1019.313904,       51.2853813171
1019.601440,       51.4772529602
1019.888733,       51.5569992065
1020.176086,       52.7110023499
1020.463318,       53.7355651855
1020.750549,       53.6499671936
1021.037720,       55.5068359375
1021.324707,       57.6955184937
1021.611694,       57.6489944458
1021.898682,       59.2267990112
1022.185547,       59.8283157349
1022.472595,       58.5953521729
1022.759216,       59.1539726257
1023.045959,       59.2010726929
1023.332581,       61.9309616089
1023.619324,       63.4332237244
1023.905884,       62.0097579956
1024.192261,       62.8919258118
1024.478882,       62.5048446655
1024.765137,       59.5052070618
1025.051514,       60.4777145386
1025.337769,       60.5927238464
1025.623779,       61.1884422302
1025.910034,       63.4133224487
1026.196045,      102.7455062866
1026.482178,       67.5271606445
1026.768066,       53.7634353638
1027.053955,       65.0077743530
1027.339966,       39.1986083984
1027.625610,       55.5869865417
1027.911377,       67.6470565796
1028.197144,       47.8571395874
1028.482666,       56.5548782349
1028.768311,       86.8949203491
