339.817139,        0.0000000000
340.196106,        0.0000000000
340.575104,     1391.6655273438
340.954010,      714.9988403320
341.332886,     1043.7502441406
341.711761,      673.0778198242
342.090576,       71.7513885498
342.469360,      106.1007843018
342.848114,       46.5517387390
343.226868,        0.0000000000
343.605560,       59.7152061462
343.984192,       58.8489227295
344.362854,       59.0719413757
344.741425,       61.8769416809
345.119995,       66.5417175293
345.498535,       68.6012954712
345.877014,       71.6478881836
346.255463,       73.5760116577
346.633881,       75.6318359375
347.012299,       75.1939773560
347.390625,       73.2113876343
347.768951,       71.3555679321
348.147278,       71.7060546875
348.525513,       75.0047378540
348.903748,       77.5723342896
349.281952,       78.3991012573
349.660126,       79.1001892090
350.038239,       78.6004486084
350.416321,       79.3645172119
350.794373,       78.7569656372
351.172394,       78.2912902832
351.550385,       77.7624816895
351.928375,       76.4141998291
352.306305,       79.1757507324
352.684174,       80.1667327881
353.062042,       79.5058364868
353.439880,       80.1409759521
353.817657,       81.2328643799
354.195404,       82.2252044678
354.573151,       79.0183181763
354.950836,       81.0273132324
355.328461,       82.5686874390
355.706116,       82.5141601563
356.083710,      100.1278991699
356.461243,       99.3980636597
356.838806,       98.4943008423
357.216248,       97.9898834229
357.593719,       98.9400100708
357.971161,       99.4504241943
358.348541,       98.7129058838
358.725891,       98.4579315186
359.103210,       98.7350006104
359.480530,       97.2673873901
359.857758,       98.9453125000
360.234955,       97.7329101563
360.612183,       97.3100585938
360.989319,       96.9831161499
361.366425,       97.2609252930
361.743530,       98.0946807861
362.120575,       96.9006271362
362.497559,       96.3811874390
362.874573,       95.8239593506
363.251526,       94.4966125488
363.628418,       93.8880386353
364.005310,       69.5102005005
364.382202,       68.3271560669
364.759003,       67.0467224121
365.135773,       67.7905502319
365.512482,       66.4462966919
365.889221,       67.8726577759
366.265900,       68.6987991333
366.642517,       68.2962265015
367.019165,       68.0409088135
367.395721,       69.7107925415
367.772278,       68.3482131958
368.148804,       66.3756561279
368.525269,       66.1574783325
368.901672,       65.6745910645
369.278107,       65.0746688843
369.654480,       59.8054809570
370.030823,       63.3623008728
370.407104,       63.3846817017
370.783386,       61.9561004639
371.159637,       62.6531524658
371.535828,       65.7784652710
371.912018,       66.1654510498
372.288116,       65.2126464844
372.664246,       66.2216033936
373.040283,       66.2169189453
373.416351,       65.0427703857
373.792328,       62.0377616882
374.168274,       62.4644203186
374.544250,       63.4004249573
374.920105,       64.6086044312
375.295959,       63.2810707092
375.671814,       64.7705993652
376.047607,       64.7754287720
376.423370,       63.9424858093
376.799103,       64.2313461304
377.174774,       65.3784408569
377.550415,       65.5938110352
377.926056,       60.6341972351
378.301636,       62.9267349243
378.677185,       64.1287231445
379.052673,       68.2628707886
379.428192,       69.8756790161
379.803650,       69.7897338867
380.179047,       69.5256805420
380.554443,       70.1836013794
380.929779,       70.3054275513
381.305084,       70.2711715698
381.680359,       70.9831390381
382.055634,       70.9575271606
382.430817,       70.3847045898
382.805969,       68.8813095093
383.181152,       72.3997421265
383.556244,       72.2387008667
383.931274,       73.2236175537
384.306366,       75.1344070435
384.681366,       73.9530944824
385.056305,       72.9414138794
385.431274,       72.9704666138
385.806152,       77.0985870361
386.181000,       75.2999267578
386.555817,       74.5849609375
386.930634,       69.3974914551
387.305389,       65.5445098877
387.680084,       66.2043838501
388.054810,       66.6177597046
388.429474,       65.1768188477
388.804047,       62.7834014893
389.178650,       64.0339279175
389.553192,       62.7550888062
389.927734,       62.5687294006
390.302185,       63.2426910400
390.676666,       62.9248695374
391.051086,       58.0989952087
391.425446,       57.6668663025
391.799805,       57.2014503479
392.174133,       56.2086296082
392.548370,       56.7630233765
392.922638,       55.7304039001
393.296844,       57.2262001038
393.670990,       51.5710372925
394.045135,       50.5822944641
394.419220,       49.2680473328
394.793304,       52.6748580933
395.167328,       53.8649673462
395.541321,       55.1807212830
395.915283,       55.2013931274
396.289185,       58.8900375366
396.663116,       59.8019599915
397.036957,       57.1274871826
397.410736,       56.7786140442
397.784546,       56.6082954407
398.158325,       54.7034759521
398.532013,       54.1817359924
398.905670,       55.4306030273
399.279358,       60.6584434509
399.652954,       60.4318504333
400.026520,       59.1558990479
400.400085,       60.5196228027
400.773560,       61.8078308105
401.147034,       59.3379020691
401.520508,       59.1152267456
401.893890,       59.4731330872
402.267242,       60.0124282837
402.640564,       59.2301673889
403.013855,       59.1028823853
403.387146,       56.6347465515
403.760345,       56.3904685974
404.133514,       57.8505859375
404.506683,       58.5829200745
404.879791,       60.6544609070
405.252869,       61.2150306702
405.625946,       59.1016006470
405.998962,       58.0338478088
406.371918,       60.7486114502
406.744873,       60.6363906860
407.117798,       55.6272201538
407.490631,       55.1991806030
407.863525,       54.6620292664
408.236298,       54.0244216919
408.609039,       58.3219108582
408.981842,       58.4358940125
409.354523,       59.9038047791
409.727173,       59.2736663818
410.099792,       58.4389152527
410.472382,       57.4311981201
410.844910,       57.0565414429
411.217438,       55.7659263611
411.589935,       55.2049407959
411.962402,       51.3547821045
412.334778,       54.3837013245
412.707153,       53.1611671448
413.079498,       51.9899368286
413.451813,       52.5540008545
413.824066,       53.6419334412
414.196350,       50.6305274963
414.568512,       50.9861335754
414.940674,       50.9876022339
415.312805,       50.6464729309
415.684906,       51.0231323242
416.056946,       57.7049446106
416.429016,       53.5386314392
416.800964,       53.0785140991
417.172913,       51.8508186340
417.544830,       52.5275039673
417.916718,       53.1044006348
418.288574,       52.6128120422
418.660370,       52.0267143250
419.032135,       52.2768096924
419.403870,       51.9074668884
419.775574,       51.4132194519
420.147247,       47.6316261292
420.518860,       48.1973762512
420.890472,       47.6565589905
421.262024,       47.5806388855
421.633545,       46.5814208984
422.005005,       46.6728439331
422.376495,       45.0676803589
422.747925,       44.3390655518
423.119293,       43.8540992737
423.490601,       44.2822113037
423.861938,       34.6739082336
424.233215,       34.7606620789
424.604462,       36.5366744995
424.975647,       35.3911056519
425.346832,       34.2423362732
425.717926,       33.1746177673
426.089050,       32.7641220093
426.460083,       31.6957836151
426.831085,       31.1285877228
427.202087,       30.6384391785
427.572998,       30.8897647858
427.943939,       32.1358795166
428.314819,       30.8977661133
428.685669,       30.6517181396
429.056458,       31.4432086945
429.427246,       31.3341827393
429.797943,       30.4094619751
430.168701,       30.8784065247
430.539337,       31.5609779358
430.909943,       32.3667221069
431.280548,       32.9754600525
431.651093,       34.7427825928
432.021606,       34.8333625793
432.392120,       32.2580528259
432.762543,       31.9279365540
433.132965,       31.4356021881
433.503326,       31.4884033203
433.873688,       31.6757984161
434.243958,       31.4218940735
434.614227,       30.3961009979
434.984467,       30.9553680420
435.354645,       29.9701843262
435.724792,       28.2533264160
436.094910,       27.3179149628
436.464996,       28.1194686890
436.835052,       29.8481197357
437.205048,       29.1368904114
437.575043,       30.7623748779
437.944977,       30.3030223846
438.314880,       30.1090927124
438.684753,       29.5647296906
439.054565,       28.1544246674
439.424377,       28.2158794403
439.794128,       27.7664508820
440.163849,       28.5225009918
440.533508,       31.6112003326
440.903198,       31.7016391754
441.272797,       32.6830902100
441.642334,       33.0970611572
442.011902,       33.7469482422
442.381409,       35.1226997375
442.750854,       35.0221786499
443.120300,       35.3096199036
443.489655,       35.4188995361
443.859039,       36.3786010742
444.228333,       35.8728637695
444.597626,       33.6785812378
444.966888,       33.7103233337
445.336060,       31.9619083405
445.705231,       31.1955223083
446.074402,       30.5183620453
446.443512,       30.0945339203
446.812531,       29.9846706390
447.181610,       28.5707798004
447.550568,       28.5758876801
447.919525,       28.5948581696
448.288483,       25.7707004547
448.657349,       25.7202796936
449.026154,       24.3123626709
449.394989,       23.9731788635
449.763763,       24.1887664795
450.132477,       23.0531806946
450.501190,       22.2346878052
450.869812,       21.6778144836
451.238464,       21.0286026001
451.607025,       20.1136150360
451.975586,       21.0364112854
452.344116,       21.0875453949
452.712585,       21.8847312927
453.081024,       22.0002403259
453.449463,       22.1492252350
453.817810,       22.1271667480
454.186127,       21.9098167419
454.554413,       46.3841171265
454.922668,       46.6943931580
455.290894,       45.7907409668
455.659088,       45.0185279846
456.027222,       44.4996604919
456.395325,       43.8237380981
456.763428,       43.7296752930
457.131439,       42.8231544495
457.499420,       41.7813186646
457.867371,       41.5433425903
458.235321,       41.3783950806
458.603210,       41.2366485596
458.971039,       41.2232398987
459.338867,       40.8939819336
459.706635,       39.8865203857
460.074371,       39.2880668640
460.442047,       38.6439933777
460.809753,       39.9062232971
461.177368,       39.4065399170
461.544952,       39.4327545166
461.912537,       38.9647293091
462.280029,       18.1397895813
462.647522,       17.2293777466
463.014984,       17.0699710846
463.382355,       17.3202419281
463.749725,       17.3640174866
464.117065,       17.3020305634
464.484344,       16.8002414703
464.851593,       16.6218452454
465.218842,       16.6897296906
465.586029,       16.9035167694
465.953156,       16.6781425476
466.320282,       16.1629714966
466.687317,       16.3769264221
467.054352,       16.3241691589
467.421356,       16.3819847107
467.788300,       16.2136859894
468.155243,       15.9822349548
468.522095,       14.0388565063
468.888947,       14.5096750259
469.255768,       14.3290996552
469.622559,       14.9932355881
469.989258,       15.1582326889
470.355988,       15.0395469666
470.722626,       15.2341184616
471.089233,       14.9586706161
471.455841,       15.0145273209
471.822388,       14.9243268967
472.188873,       14.9894933701
472.555389,       14.9400691986
472.921753,       14.9044055939
473.288208,       14.6272048950
473.654602,       14.4145202637
474.020874,       14.4909667969
474.387177,       13.8606948853
474.753387,       13.4462623596
475.119629,       12.9689693451
475.485809,       12.9687290192
475.851929,       12.8415689468
476.218018,       12.7287273407
476.584076,       12.6293401718
476.950104,       12.1190195084
477.316101,       11.7253675461
477.682037,       11.2838916779
478.047974,       11.0600728989
478.413818,       11.3402576447
478.779663,       11.3371219635
479.145477,       10.9366655350
479.511200,       10.8887481689
479.876953,       11.0697870255
480.242615,       11.2681894302
480.608276,       11.3089685440
480.973907,       11.1028890610
481.339417,       11.4764823914
481.704987,       11.5291576385
482.070465,       11.2318687439
482.435913,       11.3698053360
482.801331,       11.3683643341
483.166718,       11.3923034668
483.532043,       11.5007867813
483.897369,       11.8922319412
484.262634,       11.7786054611
484.627869,       11.8156728745
484.993073,       11.4730844498
485.358215,       11.4864635468
485.723297,       11.5026025772
486.088409,       11.2249479294
486.453461,       11.0695943832
486.818451,       11.0004711151
487.183411,       11.0501346588
487.548370,       10.8939208984
487.913239,       10.6795768738
488.278107,       10.4138536453
488.642883,       10.2597427368
489.007660,       10.0368642807
489.372437,        9.8152141571
489.737091,        9.8104734421
490.101746,        9.6150684357
490.466370,        9.5034580231
490.830963,        9.3447332382
491.195526,        9.0652351379
491.559998,        8.6214389801
491.924500,        8.4527282715
492.288940,        8.4000873566
492.653320,        8.4777803421
493.017670,        8.3556365967
493.382019,        8.2390451431
493.746277,        8.0250606537
494.110504,        7.9318852425
494.474731,        8.1098127365
494.838898,        8.0737714767
495.203033,        8.0111007690
495.567108,        8.0143384933
495.931122,        8.9723711014
496.295166,        8.9644927979
496.659149,        8.7589130402
497.023041,        8.7691459656
497.386963,        8.8200607300
497.750824,        8.7952194214
498.114624,        8.9337158203
498.478455,        9.0468883514
498.842163,        9.0551881790
499.205872,        9.0301218033
499.569580,        8.9968156815
499.933167,        9.0814447403
500.296753,        9.0023307800
500.660339,        9.0896615982
501.023834,        9.1347799301
501.387299,        9.0917081833
501.750763,        9.1090421677
502.114166,        8.9695701599
502.477509,        8.8479509354
502.840851,        8.8889236450
503.204102,        9.0567064285
503.567352,        8.2622785568
503.930573,        8.4421424866
504.293732,        8.4490089417
504.656860,        8.5001316071
505.019989,        8.7020502090
505.382996,        8.7584238052
505.746033,        8.7275552750
506.109009,        8.6450605392
506.471924,        8.5991306305
506.834839,        8.6104974747
507.197662,        8.5536880493
507.560486,        8.5403890610
507.923309,        8.5714492798
508.286041,        8.5465307236
508.648743,        8.5354347229
509.011414,        8.5466070175
509.373993,        8.5534086227
509.736633,        8.6083021164
510.099213,        8.6332550049
510.461731,        8.5364694595
510.824158,        8.4992761612
511.186615,        8.4652347565
511.548950,        8.3436756134
511.911346,        8.3867835999
512.273682,        8.3726520538
512.635925,        8.2465047836
512.998169,        8.1796369553
513.360352,        8.1572418213
513.722534,        8.3587980270
514.084717,        8.5293273926
514.446777,        8.5456180573
514.808777,        8.6868276596
515.170776,        8.6678009033
515.532776,        8.7549152374
515.894714,        8.7905130386
516.256592,        8.8521289825
516.618469,       10.0653438568
516.980286,       10.2891759872
517.342041,       10.3026065826
517.703735,       10.3600168228
518.065430,       10.5468320847
518.427185,       10.5884284973
518.788696,       10.6825590134
519.150330,       10.7135248184
519.511902,       10.8873844147
519.873291,       10.9099416733
520.234802,       11.0154237747
520.596252,       11.1436672211
520.957581,       11.2389955521
521.318970,       11.1350612640
521.680237,       11.1064147949
522.041565,       11.1599826813
522.402771,       11.2290468216
522.763977,       11.3515567780
523.125061,       11.4045705795
523.486206,       11.7900333405
523.847229,       11.9501504898
524.208252,       11.0659122467
524.569275,       10.9482584000
524.930237,       11.0020074844
525.291138,       11.0503339767
525.652100,       11.0727024078
526.012817,       11.1948604584
526.373657,       11.2750329971
526.734436,       11.3190050125
527.095093,       11.4344577789
527.455811,       11.5083475113
527.816528,       11.5221090317
528.177002,       11.6099681854
528.537598,       11.6759729385
528.898132,       11.6969795227
529.258606,       11.7447853088
529.619080,       11.8120594025
529.979431,       12.2291917801
530.339844,       12.1390323639
530.700134,       12.1663799286
531.060425,       11.9637537003
531.420654,       12.0232696533
531.780884,       12.3168268204
532.140991,       12.3667593002
532.501160,       12.3412380219
532.861267,       12.4537878036
533.221375,       12.4292421341
533.581299,       12.3487768173
533.941284,       12.4430465698
534.301208,       12.4997215271
534.661133,       12.3676586151
535.020996,       12.4390621185
535.380798,       12.4945898056
535.740540,       12.5329647064
536.100220,       12.5741186142
536.459900,       12.6364994049
536.819641,       12.6525611877
537.179260,       12.6704721451
537.538757,       12.3200531006
537.898376,       12.3603229523
538.257813,       12.3648176193
538.617249,       12.2921400070
538.976685,       12.1938133240
539.336121,       12.0154228210
539.695374,       11.9926357269
540.054688,       12.0950269699
540.413879,       12.1236104965
540.773132,       12.1059284210
541.132385,       12.0841693878
541.491516,       12.0504302979
541.850525,       12.1375274658
542.209595,       12.1660280228
542.568604,       12.2454013824
542.927612,       12.2279825211
543.286560,       12.1814203262
543.645386,       12.1391115189
544.004333,       12.1010341644
544.363098,       12.0710544586
544.721924,       12.1333532333
545.080688,       12.1606159210
545.439331,       12.3063631058
545.797974,       12.2963314056
546.156616,       12.4615335464
546.515137,       12.4440784454
546.873657,       12.4127006531
547.232239,       12.4914083481
547.590698,       12.4559688568
547.949097,       12.4371242523
548.307495,       12.4265403748
548.665833,       12.3943357468
549.024109,       12.3781423569
549.382385,       12.3472089767
549.740540,       12.4492053986
550.098755,       12.3390579224
550.456909,       12.3197193146
550.815002,       12.3048048019
551.173096,       12.2914886475
551.531128,       12.3162860870
551.888977,       12.3599205017
552.247009,       12.2699947357
552.604797,       12.4126596451
552.962708,       12.3602857590
553.320557,       12.4296340942
553.678345,       12.4429416656
554.036011,       12.4344415665
554.393738,       12.4193840027
554.751404,       12.3450670242
555.109009,       12.3482160568
555.466614,       12.2407798767
555.824158,       12.2188367844
556.181641,       12.3331022263
556.539063,       12.2884502411
556.896423,       12.2444419861
557.253845,       12.1102380753
557.611206,       12.2688770294
557.968445,       12.2818765640
558.325745,       12.2461519241
558.682922,       12.2345466614
559.040161,       12.2436456680
559.397278,       12.2026882172
559.754395,       12.2487506866
560.111389,       12.0676898956
560.468445,       11.9597015381
560.825378,       11.9099206924
561.182251,       11.7652320862
561.539185,       11.7187614441
561.896057,       11.7260465622
562.252869,       11.7218875885
562.609619,       11.6734151840
562.966309,       11.7360200882
563.323059,       11.7013359070
563.679688,       11.6471242905
564.036316,       11.5972690582
564.392822,       11.6584424973
564.749390,       11.6337490082
565.105835,       11.4665384293
565.462280,       11.4262542725
565.818726,       11.4327478409
566.175049,       11.3967304230
566.531372,       11.3150043488
566.887573,       11.2455043793
567.243896,       11.1110773087
567.600098,       11.0820102692
567.956299,       11.0919895172
568.312378,       11.0201854706
568.668457,       10.9675588608
569.024475,       10.9363050461
569.380493,       10.8249750137
569.736389,       10.8130998611
570.092346,       10.8601865768
570.448181,       10.8285818100
570.804077,       10.7451553345
571.159790,       10.6696081161
571.515564,       10.6414947510
571.871338,       10.5103702545
572.226929,       10.4565925598
572.582581,       10.4131021500
572.938171,       10.3476438522
573.293701,       10.2732973099
573.649231,       10.2191629410
574.004700,       10.2077970505
574.360107,       10.1971054077
574.715515,       10.2123146057
575.070801,       10.2078704834
575.426086,       10.0770158768
575.781433,        9.9735546112
576.136658,        9.9094438553
576.491821,        9.8771953583
576.846985,        9.8318538666
577.202026,        9.7547388077
577.557129,        9.6900310516
577.912109,        9.5779733658
578.267090,        9.5736331940
578.621948,        9.5473442078
578.976929,        9.4941530228
579.331726,        9.4273424149
579.686523,        9.6022319794
580.041321,        9.6131410599
580.396057,        9.5777940750
580.750732,        9.7026481628
581.105408,        9.6642541885
581.459961,        9.6274633408
581.814575,        9.6176109314
582.169067,        9.5560264587
582.523499,        9.4893856049
582.877991,        9.5389518738
583.232361,        9.5945997238
583.586731,        9.6349020004
583.941040,        9.5720615387
584.295349,        9.5518722534
584.649536,        9.5600070953
585.003784,        9.4900808334
585.357849,        9.7047023773
585.712036,        9.6873464584
586.066040,        9.6588973999
586.420166,        9.6879930496
586.774048,        9.6840343475
587.128052,        9.4909925461
587.481934,        9.3940076828
587.835815,        9.3388891220
588.189636,        9.2003049850
588.543396,        9.2254209518
588.897095,        9.2030515671
589.250732,        9.1778097153
589.604431,        9.1577997208
589.958069,        9.1090803146
590.311646,        9.0753507614
590.665161,        9.0677900314
591.018677,        9.0799608231
591.372070,        9.1598358154
591.725525,        9.2262802124
592.078857,        9.2025299072
592.432190,        9.1803188324
592.785461,        9.0755329132
593.138733,        9.0796508789
593.491821,        9.0712146759
593.845032,        9.0317926407
594.198181,        9.1063270569
594.551270,        9.1527099609
594.904236,        9.1281147003
595.257202,        9.1604595184
595.610168,        9.1032772064
595.963074,        9.1145496368
596.315979,        9.0982484818
596.668823,        9.0918302536
597.021606,        9.2793207169
597.374268,        9.2770080566
597.726990,        9.3446197510
598.079651,        9.3197021484
598.432312,        9.2892723083
598.784851,        9.2079181671
599.137390,        9.1928110123
599.489868,        9.2912464142
599.842285,        9.2901782990
600.194702,        9.1478414536
600.547119,        9.0914773941
600.899414,        9.0514411926
601.251648,        9.0245103836
601.603882,        8.9130907059
601.956116,        8.8442897797
602.308289,        8.8618698120
602.660400,        8.8389205933
603.012451,        8.8871173859
603.364441,        8.8108348846
603.716370,        8.7901363373
604.068359,        8.8986463547
604.420288,        8.7554330826
604.772156,        8.7427654266
605.123962,        8.6503829956
605.475708,        8.6144866943
605.827515,        8.5750799179
606.179138,        8.5825853348
606.530884,        8.5791492462
606.882385,        8.4350976944
607.233948,        8.5160741806
607.585449,        8.5255775452
607.936951,        8.5554075241
608.288452,        8.5798444748
608.639893,        8.5893058777
608.991150,        8.6071500778
609.342468,        8.6304817200
609.693726,        8.7695341110
610.044983,        8.7583122253
610.396240,        8.7263956070
610.747314,        8.7220506668
611.098389,        8.7090578079
611.449463,        8.5592260361
611.800476,        8.5130891800
612.151489,        8.5374078751
612.502441,        8.5083122253
612.853271,        8.4849748611
613.204102,        8.4599514008
613.554932,        8.4622335434
613.905701,        8.5028486252
614.256470,        8.5153903961
614.607178,        8.4252758026
614.957764,        8.4394407272
615.308350,        8.4259834290
615.658875,        8.3621311188
616.009399,        8.3417873383
616.359924,        8.3380155563
616.710327,        8.3147211075
617.060669,        8.1551637650
617.411011,        8.1398029327
617.761292,        8.1454391479
618.111572,        8.1583681107
618.461853,        8.1284713745
618.812012,        8.1684570313
619.162109,        8.1588487625
619.512146,        8.1072978973
619.862183,        8.1143894196
620.212219,        8.1561994553
620.562195,        8.1195211411
620.912048,        8.0994148254
621.261963,        8.0431613922
621.611755,        8.0523767471
621.961548,        8.0180168152
622.311340,        7.9923071861
622.661072,        8.0339374542
623.010681,        8.0523967743
623.360229,        8.0924854279
623.709839,        8.0817918777
624.059387,        8.0416488647
624.408936,        8.0308876038
624.758423,        8.5110950470
625.107727,        8.4847650528
625.457031,        8.4421443939
625.806458,        8.4654579163
626.155762,        8.4702062607
626.504944,        8.4680557251
626.854126,        8.5120573044
627.203308,        8.4962453842
627.552368,        8.4634761810
627.901428,        8.5103359222
628.250488,        8.5045995712
628.599487,        8.5006246567
628.948364,        8.4890995026
629.297241,        8.4807710648
629.646118,        8.4733228683
629.994934,        8.4240016937
630.343689,        8.3884906769
630.692444,        8.3231153488
631.041077,        8.3089637756
631.389648,        8.4448738098
631.738281,        8.4445476532
632.086853,        7.9920043945
632.435364,        8.0183849335
632.783875,        8.1754360199
633.132263,        8.1587295532
633.480591,        8.0752096176
633.828918,        8.0619678497
634.177246,        8.0510158539
634.525513,        8.0549211502
634.873657,        8.0216236115
635.221863,        7.9969615936
635.569946,        7.9759011269
635.918030,        7.9228544235
636.266052,        7.8667120934
636.614136,        8.0450553894
636.962036,        8.0291852951
637.309937,        7.9980621338
637.657776,        8.0414400101
638.005615,        8.1226034164
638.353394,        8.1423168182
638.701111,        7.9961581230
639.048767,        7.9500584602
639.396423,        7.9127798080
639.743958,        7.8504295349
640.091614,        7.6665105820
640.439087,        7.6724395752
640.786560,        7.6968832016
641.133972,        7.6648726463
641.481323,        7.6538248062
641.828735,        7.6251320839
642.176025,        7.6598038673
642.523315,        7.6106510162
642.870483,        7.6466789246
643.217651,        7.6264328957
643.564758,        7.7019543648
643.911804,        7.5117139816
644.258911,        7.8286981583
644.605896,        7.8460497856
644.952820,        7.7959151268
645.299683,        7.7276139259
645.646606,        7.7105941772
645.993469,        7.7185282707
646.340210,        7.7349567413
646.687012,        7.6979570389
647.033630,        7.7492632866
647.380249,        7.7551112175
647.726868,        7.7023649216
648.073425,        7.6783456802
648.419983,        7.6707415581
648.766418,        7.5974025726
649.112854,        7.5715169907
649.459229,        7.5380029678
649.805603,        7.5430302620
650.151855,        7.5167560577
650.498169,        7.4771990776
650.844360,        7.3690338135
651.190552,        7.3566765785
651.536621,        7.0011796951
651.882751,        6.9828352928
652.228760,        6.9839797020
652.574829,        6.9378995895
652.920715,        6.8862876892
653.266602,        6.9011068344
653.612488,        6.9399147034
653.958252,        6.9675302505
654.304077,        6.9036664963
654.649841,        6.9007635117
654.995483,        6.9153881073
655.341064,        6.9104819298
655.686707,        7.3762283325
656.032288,        7.4189729691
656.377808,        7.4343419075
656.723267,        7.4148325920
657.068726,        7.4465022087
657.414063,        7.4232091904
657.759399,        7.5389480591
658.104736,        7.6182255745
658.449951,        7.6867351532
658.795166,        7.6757559776
659.140381,        7.7074127197
659.485474,        7.7338948250
659.830505,        7.7447080612
660.175598,        7.7831783295
660.520569,        7.7663993835
660.865479,        7.7132992744
661.210327,        7.6813988686
661.555237,        7.6997852325
661.900085,        7.6982908249
662.244812,        7.7082524300
662.589539,        7.6770677567
662.934265,        7.2743878365
663.278809,        7.2617359161
663.623413,        7.2878675461
663.968018,        7.3415317535
664.312500,        7.3164157867
664.656921,        7.3093423843
665.001343,        7.2165117264
665.345703,        7.1894464493
665.690063,        7.1450195313
666.034302,        7.1880636215
666.378662,        7.1766519547
666.722778,        7.1806526184
667.066895,        7.1550779343
667.410950,        7.1210646629
667.755066,        7.0762591362
668.099121,        7.0809297562
668.443054,        7.0766372681
668.786987,        7.0859870911
669.130798,        7.0830850601
669.474731,        7.0728898048
669.818481,        7.1401066780
670.162292,        7.1288361549
670.506042,        7.0937767029
670.849670,        7.0234761238
671.193176,        7.0607466698
671.536804,        7.0552759171
671.880371,        7.0550880432
672.223816,        7.0515275002
672.567261,        7.0175437927
672.910645,        6.9702992439
673.254028,        6.9315776825
673.597290,        6.8765072823
673.940613,        6.8291506767
674.283875,        6.8279452324
674.626953,        6.8219408989
674.970093,        6.8459815979
675.313232,        6.8966112137
675.656250,        6.9857978821
675.999268,        7.0228500366
676.342224,        7.0578761101
676.685120,        7.0691294670
677.027893,        7.0190110207
677.370789,        6.9949378967
677.713562,        7.0091171265
678.056335,        7.0855355263
678.398987,        7.0914654732
678.741577,        7.0972166061
679.084167,        7.1466302872
679.426758,        7.1701459885
679.769287,        7.1551280022
680.111755,        7.2422800064
680.454163,        7.2663269043
680.796509,        7.2911248207
681.138794,        7.2875819206
681.481140,        7.3333115578
681.823364,        7.3349208832
682.165588,        7.3571987152
682.507751,        7.2786016464
682.849792,        7.1909198761
683.191833,        7.1278638840
683.533875,        7.1293935776
683.875854,        7.1114344597
684.217834,        7.1390771866
684.559692,        7.1523270607
684.901428,        7.3482232094
685.243286,        7.3468112946
685.585022,        7.2802209854
685.926819,        7.3318705559
686.268372,        7.2836465836
686.609985,        7.3529491425
686.951538,        7.4453749657
687.293091,        7.3915033340
687.634583,        7.4137353897
687.976013,        7.4317612648
688.317322,        7.4574642181
688.658630,        7.4638204575
689.000000,        7.4876704216
689.341248,        7.5078616142
689.682495,        7.5944080353
690.023682,        7.6233997345
690.364746,        7.6696557999
690.705811,        7.7564330101
691.046814,        7.8258023262
691.387817,        7.8863105774
691.728760,        7.9231514931
692.069702,        7.8915128708
692.410522,        8.0422954559
692.751282,        8.1170473099
693.092102,        8.1493854523
693.432800,        8.2930145264
693.773499,        8.3064270020
694.114075,        8.3660564423
694.454651,        8.5009107590
694.795105,        8.6033153534
695.135620,        8.8061208725
695.476135,        8.9525356293
695.816528,        9.1567811966
696.156799,        9.3341693878
696.497131,        9.4934825897
696.837402,        9.6378726959
697.177612,        9.9519052505
697.517822,       10.1463775635
697.857971,       10.2796182632
698.197937,       10.5253686905
698.538025,       10.7332878113
698.877991,       11.0498924255
699.217957,       11.2521457672
699.557922,       11.3945913315
699.897705,       11.6621427536
700.237549,       11.9572181702
700.577271,       12.2074241638
700.916992,       12.5283269882
701.256653,       12.8566522598
701.596313,       13.1158609390
701.935852,       13.4507541656
702.275391,       13.6533689499
702.614868,       14.1188173294
702.954346,       14.3733024597
703.293701,       14.6802320480
703.633118,       15.0732755661
703.972412,       15.4203786850
704.311646,       15.6720819473
704.650818,       15.9537944794
704.990051,       16.3261508942
705.329163,       16.5944271088
705.668274,       17.0718879700
706.007263,       17.2641181946
706.346252,       17.5984821320
706.685181,       17.9182777405
707.024109,       18.1868152618
707.362976,       18.5285663605
707.701721,       18.8707675934
708.040527,       19.1388816833
708.379211,       19.4038372040
708.717896,       19.7321300507
709.056519,       20.0704803467
709.395142,       20.4157257080
709.733582,       20.6166954041
710.072144,       20.9333839417
710.410522,       21.2451457977
710.748962,       21.5019855499
711.087341,       21.8194427490
711.425598,       22.1804618835
711.763855,       22.6320190430
712.102051,       23.0822048187
712.440247,       23.4688243866
712.778320,       23.6654796600
713.116455,       24.0649375916
713.454468,       24.3759593964
713.792419,       24.7529697418
714.130310,       25.1361675262
714.468262,       25.4583683014
714.806091,       25.7630825043
715.143921,       26.1451206207
715.481628,       26.5404739380
715.819397,       26.9121398926
716.156982,       27.2407703400
716.494629,       27.6523418427
716.832214,       28.0170822144
717.169739,       28.4495773315
717.507202,       28.8319969177
717.844543,       29.2503623962
718.182007,       29.6444454193
718.519348,       29.9827251434
718.856689,       30.3092918396
719.193970,       30.5248680115
719.531067,       30.9268684387
719.868164,       31.3000049591
720.205322,       31.6295795441
720.542419,       31.9524021149
720.879456,       32.2708778381
721.216431,       32.6459960938
721.553345,       32.9632682800
721.890198,       33.3504409790
722.227051,       33.7147178650
722.563782,       34.0713577271
722.900635,       34.4870758057
723.237244,       34.9077377319
723.573914,       35.2433624268
723.910461,       35.5982055664
724.247070,       35.8383903503
724.583557,       36.1644592285
724.920044,       36.4604606628
725.256409,       36.7985191345
725.592773,       37.0959358215
725.929077,       37.4369087219
726.265442,       37.7695045471
726.601685,       38.3823318481
726.937866,       38.8089027405
727.273987,       39.1659011841
727.609985,       39.5529136658
727.946045,       39.9414596558
728.282043,       40.2747116089
728.618042,       40.6796646118
728.953979,       41.0074043274
729.289795,       41.3672866821
729.625610,       41.6512145996
729.961426,       42.0082626343
730.297119,       42.3910255432
730.632813,       42.7043838501
730.968384,       42.9791908264
731.304016,       43.3180198669
731.639465,       43.6403312683
731.974976,       43.9186210632
732.310425,       44.1938438416
732.645874,       44.5243644714
732.981201,       44.8397712708
733.316467,       45.1330261230
733.651733,       45.1343917847
733.986938,       45.3370361328
734.322144,       45.5858955383
734.657288,       45.9253501892
734.992310,       46.1764411926
735.327271,       46.6218185425
735.662292,       46.9500694275
735.997253,       47.1901779175
736.332092,       47.5027160645
736.666931,       47.8075485229
737.001709,       48.0468444824
737.336426,       48.1837882996
737.671143,       48.4252471924
738.005798,       48.7008590698
738.340393,       48.9369812012
738.674988,       49.2731857300
739.009399,       49.5332221985
739.343933,       49.8385162354
739.678345,       50.0579299927
740.012756,       50.2658386230
740.347046,       50.4811477661
740.681274,       50.6294364929
741.015503,       50.8102874756
741.349731,       51.0245246887
741.683838,       51.1050949097
742.017944,       51.2922935486
742.351929,       51.3521919250
742.685974,       51.5165023804
743.019897,       51.7291793823
743.353821,       51.8536911011
743.687622,       51.9984436035
744.021484,       52.1865959167
744.355225,       52.3130836487
744.688965,       52.4736328125
745.022583,       52.6415100098
745.356201,       52.8560409546
745.689819,       52.9895057678
746.023376,       53.1286888123
746.356812,       53.1985397339
746.690186,       53.3626670837
747.023621,       53.5147781372
747.356934,       53.6522941589
747.690247,       53.8875274658
748.023499,       54.0689544678
748.356689,       54.2850379944
748.689758,       54.3853530884
749.022888,       54.5063781738
749.355957,       54.6154861450
749.688965,       54.6516304016
750.021912,       54.7576789856
750.354858,       54.8171386719
750.687683,       54.9551887512
751.020447,       54.9967231750
751.353271,       55.1409111023
751.686035,       55.1825523376
752.018677,       55.2255821228
752.351257,       55.2630233765
752.683838,       55.2918510437
753.016357,       55.3913726807
753.348877,       55.4393577576
753.681396,       55.4504280090
754.013672,       55.4764099121
754.346008,       55.6076469421
754.678345,       55.5934371948
755.010559,       55.6248130798
755.342834,       55.6820869446
755.674988,       55.7482604980
756.007080,       55.8511199951
756.339050,       55.8980102539
756.671082,       55.9415473938
757.003052,       55.9950752258
757.335022,       56.0245819092
757.666870,       56.1976776123
757.998657,       56.3491210938
758.330444,       56.4682312012
758.662170,       56.5825691223
758.993896,       56.6719055176
759.325562,       56.7090644836
759.657043,       56.8115844727
759.988586,       56.8242492676
760.320129,       56.8253593445
760.651489,       56.9272384644
760.982971,       56.9685707092
761.314331,       56.9411888123
761.645569,       56.9792098999
761.976807,       56.9912986755
762.308044,       56.9499549866
762.639160,       57.0880126953
762.970276,       57.0808486938
763.301331,       57.0664710999
763.632385,       57.1243591309
763.963257,       57.2319145203
764.294250,       57.2952690125
764.625122,       57.1382598877
764.955933,       57.2993049622
765.286743,       57.1774559021
765.617432,       57.2623367310
765.948120,       57.2115974426
766.278748,       57.2662239075
766.609314,       57.3049240112
766.939880,       57.3159446716
767.270325,       57.4557609558
767.600708,       57.4207916260
767.931152,       57.3729934692
768.261536,       57.3614997864
768.591858,       57.3473091125
768.922119,       57.3984222412
769.252258,       57.4753112793
769.582397,       57.4562797546
769.912537,       57.4678077698
770.242615,       57.5874328613
770.572632,       57.5875930786
770.902588,       57.5412139893
771.232483,       57.6838836670
771.562256,       57.6816253662
771.892151,       57.3637847900
772.221863,       57.3889846802
772.551697,       57.3309478760
772.881287,       57.3594932556
773.210938,       57.3217582703
773.540466,       57.2606735229
773.870056,       57.3158988953
774.199463,       57.2695121765
774.528992,       57.4398460388
774.858337,       57.5376052856
775.187622,       57.5991516113
775.516968,       57.6176719666
775.846191,       57.5998725891
776.175415,       57.5380668640
776.504578,       57.5382652283
776.833618,       57.6188163757
777.162598,       57.6166076660
777.491638,       57.5732231140
777.820618,       57.5630111694
778.149536,       57.4132156372
778.478394,       57.4672279358
778.807190,       57.5847511292
779.135864,       57.6869087219
779.464600,       57.6734428406
779.793335,       57.6653556824
780.121948,       57.6666641235
780.450439,       57.6638107300
780.778931,       57.6847839355
781.107422,       57.6507453918
781.435913,       57.6062393188
781.764282,       57.5511817932
782.092651,       57.5010528564
782.420837,       57.4724845886
782.749023,       57.4995384216
783.077209,       57.5548248291
783.405396,       57.5192565918
783.733521,       57.4173851013
784.061462,       57.2914199829
784.389465,       57.3334693909
784.717346,       57.3034706116
785.045288,       57.2893981934
785.373108,       57.2588081360
785.700928,       57.1727828979
786.028625,       57.0552101135
786.356384,       57.0307655334
786.683960,       57.0701942444
787.011536,       57.0424270630
787.339111,       57.0171661377
787.666687,       56.9444999695
787.994019,       56.9324073792
788.321411,       56.7545013428
788.648804,       56.7441215515
788.976135,       56.7498130798
789.303406,       56.9097709656
789.630615,       56.8440208435
789.957703,       56.7516441345
790.284851,       56.7931404114
790.611877,       56.8225250244
790.938904,       56.8395919800
791.265930,       56.8606719971
791.592773,       56.9150314331
791.919678,       57.0310134888
792.246460,       56.9996643066
792.573242,       57.0349197388
792.899963,       57.1027450562
793.226685,       57.1084861755
793.553284,       57.0537261963
793.879822,       57.1205978394
794.206299,       57.1298370361
794.532776,       57.1351890564
794.859253,       57.2087593079
795.185669,       57.2959709167
795.511902,       57.3126678467
795.838196,       57.2978324890
796.164490,       57.0864334106
796.490601,       57.1267204285
796.816833,       57.1453552246
797.142883,       57.1547317505
797.468933,       57.1164245605
797.794861,       57.1707305908
798.120789,       57.1060829163
798.446716,       57.0590324402
798.772583,       57.0124855042
799.098328,       57.0352134705
799.424072,       57.0221977234
799.749756,       56.9950447083
800.075439,       57.0297889709
800.401001,       57.0120468140
800.726624,       56.9947052002
801.052063,       57.2485198975
801.377441,       57.2619209290
801.702881,       57.1977157593
802.028198,       57.3027534485
802.353516,       57.4468841553
802.678833,       57.5088310242
803.004028,       57.6106491089
803.329102,       57.6279525757
803.654236,       57.6202278137
803.979248,       57.6128616333
804.304321,       57.6912765503
804.629272,       57.5869636536
804.954163,       57.6218414307
805.278931,       57.6181640625
805.603821,       57.5806427002
805.928589,       57.5895843506
806.253357,       57.6107788086
806.577942,       57.6639175415
806.902588,       57.7345657349
807.227112,       57.7610626221
807.551575,       57.9308280945
807.876099,       57.7865829468
808.200500,       57.8918228149
808.524841,       57.9664039612
808.849121,       57.8851165771
809.173401,       57.7465591431
809.497620,       57.6864891052
809.821838,       57.7119598389
810.145996,       57.6779060364
810.469971,       57.7938804626
810.793945,       57.7212562561
811.117981,       57.7061538696
811.441956,       57.8251953125
811.765808,       57.9094352722
812.089600,       57.9128456116
812.413391,       57.9016380310
812.737061,       57.8810501099
813.060730,       57.8734588623
813.384338,       57.9078750610
813.708008,       57.8202247620
814.031433,       57.8574790955
814.354919,       57.7140579224
814.678345,       57.6138267517
815.001709,       57.5913619995
815.325073,       57.5425338745
815.648376,       57.4837455750
815.971558,       57.4862556458
816.294678,       57.5299072266
816.617798,       57.5330963135
816.940918,       57.5498657227
817.263977,       57.4687957764
817.586853,       57.5537147522
817.909851,       57.4936370850
818.232727,       57.4054107666
818.555542,       57.3523750305
818.878296,       57.3826675415
819.201050,       57.4590873718
819.523682,       57.5280303955
819.846375,       57.5508117676
820.168884,       57.6303939819
820.491455,       57.6843376160
820.813904,       57.8084716797
821.136353,       57.8444366455
821.458740,       57.9553298950
821.781128,       57.8886642456
822.103333,       57.9584007263
822.425598,       58.1019592285
822.747803,       58.1370887756
823.069824,       58.1126556396
823.391968,       58.0644950867
823.713989,       58.1445388794
824.035950,       58.2856483459
824.357849,       58.1948509216
824.679810,       58.2325210571
825.001587,       58.3140716553
825.323425,       58.3554687500
825.645142,       58.3624114990
825.966736,       58.2939987183
826.288391,       58.1937026978
826.610046,       58.1785125732
826.931458,       58.1004905701
827.253052,       58.0790023804
827.574402,       58.0234107971
827.895813,       58.0512123108
828.217163,       58.0086517334
828.538391,       57.9963340759
828.859619,       57.9471702576
829.180786,       57.8751068115
829.501953,       57.8928604126
829.822998,       57.9189720154
830.144043,       57.9396591187
830.464966,       57.8993911743
830.785950,       57.6897697449
831.106812,       57.7128715515
831.427673,       57.7553405762
831.748474,       57.7336730957
832.069214,       57.7655715942
832.389771,       57.7432632446
832.710449,       57.7347526550
833.031067,       57.8533821106
833.351563,       57.8535614014
833.672058,       57.8246955872
833.992371,       57.7827110291
834.312805,       57.6494445801
834.633179,       57.5506324768
834.953369,       57.4651908875
835.273621,       57.4847335815
835.593811,       57.4870872498
835.913940,       57.4652442932
836.234009,       57.4117240906
836.554077,       57.3819274902
836.874023,       57.5728530884
837.193909,       57.5551147461
837.513794,       57.6180381775
837.833618,       57.6415557861
838.153381,       57.6112442017
838.473145,       57.6599540710
838.792786,       57.5726814270
839.112366,       57.5310401917
839.432007,       57.5933341980
839.751465,       57.5063247681
840.070984,       57.4815559387
840.390381,       57.5388793945
840.709656,       57.5393867493
841.028992,       57.7483787537
841.348267,       57.8640747070
841.667480,       57.8658523560
841.986633,       57.8570899963
842.305725,       57.8280105591
842.624817,       57.7836990356
842.943848,       57.8270416260
843.262756,       57.8746795654
843.581665,       57.6484870911
843.900574,       57.6476211548
844.219360,       57.6622238159
844.538147,       57.7306747437
844.856812,       57.7979965210
845.175415,       57.6845893860
845.494080,       57.7050933838
845.812683,       57.7566070557
846.131104,       57.8910102844
846.449585,       57.9635620117
846.768005,       58.0756072998
847.086304,       58.1186904907
847.404663,       58.2383918762
847.722839,       58.0590057373
848.041077,       58.0133628845
848.359192,       58.0478782654
848.677246,       58.0801887512
848.995361,       58.1333465576
849.313354,       58.1984405518
849.631226,       58.2160720825
849.949158,       58.2324028015
850.267029,       58.3529281616
850.584778,       58.3951301575
850.902527,       58.4295692444
851.220276,       58.4079666138
851.537842,       58.3895988464
851.855469,       58.4312095642
852.173035,       58.5048561096
852.490417,       58.5589714050
852.807861,       58.3837928772
853.125305,       58.3845443726
853.442627,       58.2390899658
853.759888,       58.0703544617
854.077087,       57.9554252625
854.394287,       57.9975013733
854.711426,       57.9943733215
855.028442,       58.0259552002
855.345459,       58.0861587524
855.662537,       58.1975746155
855.979370,       58.1625099182
856.296265,       58.1497840881
856.613098,       58.1210441589
856.929871,       58.0189819336
857.246582,       58.0410842896
857.563232,       58.0442123413
857.879822,       58.1552581787
858.196411,       58.1085319519
858.512939,       58.1363754272
858.829346,       58.0677490234
859.145813,       58.0245208740
859.462158,       57.9706001282
859.778442,       57.9587516785
860.094666,       57.9952239990
860.410889,       57.9866104126
860.726990,       57.9869575500
861.043152,       58.0317268372
861.359192,       58.0161628723
861.675232,       57.9803886414
861.991150,       57.9376106262
862.307007,       57.8910636902
862.622864,       57.9868202209
862.938660,       58.0282516479
863.254333,       58.0359230042
863.570068,       58.0511398315
863.885742,       58.0570678711
864.201233,       57.9794654846
864.516846,       57.8927268982
864.832336,       57.8444366455
865.147766,       57.8324127197
865.463135,       57.8461456299
865.778503,       57.9172134399
866.093750,       57.9703941345
866.408997,       58.0672378540
866.724182,       58.1218643188
867.039246,       58.1927299500
867.354309,       58.2348175049
867.669312,       58.2242774963
867.984314,       58.2005615234
868.299194,       58.2352523804
868.614075,       58.1790733337
868.928833,       58.1765403748
869.243652,       58.0940132141
869.558289,       58.0833244324
869.872986,       58.0903472900
870.187622,       58.0390205383
870.502136,       57.9483146667
870.816650,       57.9762039185
871.131165,       57.9680442810
871.445496,       57.9609222412
871.759827,       57.9619178772
872.074158,       57.9625205994
872.388367,       57.8746337891
872.702576,       57.9235687256
873.016785,       57.8554878235
873.330750,       57.7950286865
873.644897,       57.7986221313
873.958801,       57.7910919189
874.272705,       57.6991844177
874.586670,       57.7767486572
874.900452,       57.7184867859
875.214172,       57.7208099365
875.527954,       57.6295433044
875.841614,       57.6187362671
876.155273,       57.5691299438
876.468811,       57.5912895203
876.782288,       57.6902847290
877.095764,       57.7930450439
877.409241,       57.8087882996
877.722534,       57.8184585571
878.035889,       57.8910713196
878.349121,       57.9612922668
878.662292,       57.8995780945
878.975464,       57.9017524719
879.288574,       57.9883766174
879.601624,       57.9880523682
879.914612,       57.9962081909
880.227600,       57.9818801880
880.540405,       57.9593315125
880.853271,       58.0139617920
881.166016,       57.9360961914
881.478821,       57.9550857544
881.791504,       57.9250640869
882.104065,       58.0100288391
882.416626,       57.9868087769
882.729187,       58.0194129944
883.041626,       58.0190467834
883.354065,       58.0738372803
883.666443,       58.0000038147
883.978760,       57.9681396484
884.291016,       58.0562477112
884.603271,       57.9445228577
884.915344,       57.9377365112
885.227539,       58.0558853149
885.539551,       58.1027870178
885.851501,       57.9737854004
886.163513,       57.9147758484
886.475464,       57.8594932556
886.787231,       57.8125190735
887.099060,       57.7835845947
887.410767,       57.7302703857
887.722412,       57.7950172424
888.034119,       57.8642311096
888.345642,       57.8958511353
888.657227,       57.8258705139
888.968689,       57.8982162476
889.280090,       57.8711166382
889.591492,       57.8605003357
889.902832,       57.7349967957
890.213989,       57.7719078064
890.525269,       57.7974319458
890.836487,       57.6333351135
891.147522,       57.8920364380
891.458618,       59.6470184326
891.769653,       59.5622062683
892.080566,       59.5575752258
892.391479,       59.5280570984
892.702332,       59.6153030396
893.013123,       59.7399787903
893.323853,       59.7902221680
893.634521,       59.8055343628
893.945129,       59.9151000977
894.255798,       59.9030303955
894.566223,       59.8404159546
894.876770,       59.9937133789
895.187195,       60.0317535400
895.497498,       60.0274276733
895.807861,       60.0363655090
896.118164,       60.0661888123
896.428345,       60.1381187439
896.738525,       60.1748809814
897.048645,       60.1352691650
897.358643,       60.1952743530
897.668701,       60.1209945679
897.978638,       58.2511024475
898.288513,       58.2302970886
898.598389,       58.3123741150
898.908142,       58.3646965027
899.217896,       58.3697929382
899.527588,       58.4815216064
899.837219,       58.5163536072
900.146790,       58.6844558716
900.456360,       58.6940040588
900.765747,       58.6785240173
901.075195,       58.7309303284
901.384583,       58.6454048157
901.693848,       58.6347885132
902.003174,       58.6156311035
902.312378,       58.6515007019
902.621460,       58.6688766479
902.930603,       58.6031265259
903.239685,       58.5064544678
903.548645,       58.5596733093
903.857605,       58.6409072876
904.166504,       58.5762748718
904.475281,       58.4893531799
904.784058,       58.5178565979
905.092896,       58.4334602356
905.401489,       58.4375381470
905.710144,       58.3759307861
906.018738,       58.2685241699
906.327209,       58.3145370483
906.635681,       58.1310615540
906.944031,       58.0754890442
907.252441,       58.1442489624
907.560730,       58.1152839661
907.869019,       58.1252288818
908.177185,       58.2062301636
908.485352,       58.2552909851
908.793396,       58.3717956543
909.101501,       58.3591117859
909.409485,       58.3990287781
909.717407,       58.5074005127
910.025269,       58.4784507751
910.333130,       58.4018783569
910.640869,       58.3760070801
910.948608,       58.4897460938
911.256287,       58.4874229431
911.563843,       58.4305992126
911.871399,       58.4068107605
912.178955,       58.4903068542
912.486389,       58.5031623840
912.793823,       58.4027633667
913.101135,       58.4684829712
913.408386,       58.5513114929
913.715637,       58.5508575439
914.022827,       59.0156135559
914.329956,       58.9793319702
914.637085,       58.8226623535
914.944031,       58.8650588989
915.251038,       58.7035484314
915.557983,       58.7131614685
915.864807,       58.6971168518
916.171631,       58.6634140015
916.478455,       58.6718063354
916.785095,       58.8336868286
917.091736,       58.8535652161
917.398376,       58.9514617920
917.704834,       58.9553833008
918.011414,       59.0059814453
918.317810,       58.9985504150
918.624207,       58.9605102539
918.930542,       58.8745422363
919.236816,       58.9190254211
919.542969,       58.9325141907
919.849182,       58.8443756104
920.155273,       58.7282791138
920.461304,       58.2690658569
920.767334,       58.2353134155
921.073242,       58.2947921753
921.379211,       58.2748527527
921.685059,       58.3192520142
921.990784,       58.3239479065
922.296570,       58.3776283264
922.602295,       58.3368225098
922.907898,       58.7462120056
923.213440,       58.5120124817
923.518982,       58.5408096313
923.824463,       58.3459968567
924.129883,       58.3947601318
924.435242,       58.4161415100
924.740540,       58.4309883118
925.045776,       58.3554878235
925.351013,       58.5806312561
925.656128,       58.5611228943
925.961243,       58.7005500793
926.266235,       58.7578239441
926.571167,       58.9578208923
926.876160,       58.9097328186
927.181030,       59.0476036072
927.485840,       59.0800514221
927.790588,       59.1412467957
928.095276,       59.1187400818
928.399963,       59.3003158569
928.704590,       59.4622116089
929.009094,       59.5860481262
929.313599,       59.4139289856
929.618103,       59.5403137207
929.922424,       59.5225257874
930.226807,       59.5474777222
930.531067,       59.5360755920
930.835266,       59.6056747437
931.139465,       59.6218986511
931.443542,       59.5734901428
931.747620,       59.4818420410
932.051697,       59.5379486084
932.355652,       59.3314895630
932.659485,       59.3253898621
932.963379,       59.1701850891
933.267090,       59.2223472595
933.570801,       59.0411071777
933.874573,       58.9952812195
934.178162,       58.9182243347
934.481689,       59.0650634766
934.785278,       58.8757629395
935.088745,       58.5617256165
935.392151,       58.5939292908
935.695496,       58.3950653076
935.998779,       58.2851409912
936.302063,       58.1785926819
936.605225,       58.4130706787
936.908386,       58.4330444336
937.211426,       58.2987442017
937.514465,       58.3474884033
937.817444,       58.4006843567
938.120422,       58.5431404114
938.423279,       58.5799331665
938.726013,       58.8747444153
939.028809,       58.8631973267
939.331482,       58.9935607910
939.634155,       58.8962364197
939.936768,       58.9706649780
940.239258,       58.9997482300
940.541809,       58.9990730286
940.844238,       59.0830879211
941.146606,       58.9861984253
941.448914,       59.1512336731
941.751221,       59.1276512146
942.053345,       59.0766143799
942.355530,       59.0483856201
942.657654,       59.0725059509
942.959656,       58.9825820923
943.261658,       58.9102973938
943.563599,       58.9031944275
943.865479,       58.9566574097
944.167358,       58.9131050110
944.469177,       58.7222099304
944.770813,       58.6799087524
945.072510,       58.3846817017
945.374084,       58.3159255981
945.675659,       58.0667572021
945.977173,       58.1460075378
946.278564,       58.1858291626
946.580017,       58.2420349121
946.881348,       58.0274810791
947.182617,       57.9194717407
947.483826,       57.9179840088
947.785034,       57.8477745056
948.086060,       57.7725067139
948.387207,       57.8012351990
948.688232,       57.9178276062
948.989075,       58.0024719238
949.290039,       57.8768196106
949.590942,       57.9646530151
949.891663,       58.0218963623
950.192444,       57.9428558350
950.493164,       58.0389251709
950.793701,       57.9837341309
951.094299,       57.8864173889
951.394836,       57.8621635437
951.695251,       58.9671325684
951.995667,       59.1243209839
952.295959,       59.0108566284
952.596313,       58.9974937439
952.896545,       59.1619300842
953.196716,       59.2997741699
953.496826,       59.1213150024
953.796936,       59.1745910645
954.096863,       59.0955657959
954.396912,       59.2640342712
954.696777,       59.1894874573
954.996643,       59.1829948425
955.296448,       59.4278945923
955.596191,       59.3377723694
955.895813,       59.3236503601
956.195496,       59.4704208374
956.495117,       59.7285766602
956.794556,       59.6851692200
957.094055,       59.4515151978
957.393494,       59.7792701721
957.692810,       59.8222732544
957.992126,       58.6220016479
958.291321,       58.5220870972
958.590637,       58.6047286987
958.889709,       58.5208244324
959.188782,       58.2801361084
959.487793,       58.2126007080
959.786804,       58.3268508911
960.085693,       58.3400917053
960.384460,       58.4917716980
960.683472,       58.3088989258
960.982056,       58.3361511230
961.280823,       58.5754852295
961.579407,       58.4346847534
961.877930,       58.4437255859
962.176575,       58.3968391418
962.474915,       58.0350456238
962.773376,       57.7930793762
963.071777,       57.9197387695
963.370056,       58.0450782776
963.668335,       57.5815391541
963.966431,       57.6394195557
964.264709,       57.5819091797
964.562744,       57.8323974609
964.860718,       57.8950347900
965.158691,       58.0097923279
965.456543,       58.1052589417
965.754578,       58.2756690979
966.052307,       58.4265098572
966.350037,       58.4945793152
966.647705,       58.4252891541
966.945251,       58.5585708618
967.243042,       58.5600509644
967.540405,       58.0849838257
967.837952,       58.1073341370
968.135376,       58.2310905457
968.432739,       58.5357360840
968.730042,       58.8795166016
969.027222,       58.7156639099
969.324524,       58.4987983704
969.621521,       58.5160903931
969.918701,       58.5799522400
970.215698,       58.7250061035
970.512573,       58.7304191589
970.809631,       58.6486625671
971.106384,       58.4914741516
971.403198,       58.7008895874
971.700012,       58.7438697815
971.996521,       58.6044120789
972.293335,       58.6539192200
972.589783,       58.6739311218
972.886353,       58.6836700439
973.182861,       58.3244247437
973.479309,       58.3768501282
973.775635,       58.5395698547
974.071838,       58.7513160706
974.368225,       58.5138435364
974.664368,       58.3214263916
974.960449,       58.1641845703
975.256592,       58.1696395874
975.552490,       58.3824920654
975.848633,       58.5296516418
976.144409,       58.8674354553
976.440247,       58.6090431213
976.736023,       59.0515136719
977.031738,       59.0479507446
977.327515,       59.1111907959
977.623047,       59.1999702454
977.918640,       59.1343994141
978.214172,       59.2926330566
978.509644,       58.8260345459
978.805115,       58.5690422058
979.100281,       58.6794967651
979.395752,       59.1564102173
979.690857,       59.2337112427
979.986084,       59.0609321594
980.281250,       58.8170280457
980.576172,       59.1245765686
980.871338,       58.9703674316
981.166199,       59.0603942871
981.461121,       59.2653465271
981.755920,       59.2299957275
982.050781,       59.3250045776
982.345520,       59.1838951111
982.640076,       59.2806091309
982.934814,       58.7709846497
983.229309,       58.6714935303
983.523804,       58.9624061584
983.818298,       58.5985298157
984.112610,       58.3760871887
984.407043,       60.1539001465
984.701233,       60.7874145508
984.995483,       61.0214004517
985.289612,       61.0386848450
985.583618,       60.6144142151
985.877869,       60.7500534058
986.171753,       60.8433952332
986.465698,       60.6815261841
986.759583,       60.5610656738
987.053467,       61.3431053162
987.347290,       61.1112365723
987.640869,       61.0031661987
987.934631,       61.0763473511
988.228149,       60.9554710388
988.521667,       60.7453575134
988.815186,       61.0923423767
989.108582,       61.3895339966
989.402039,       61.1911354065
989.695313,       61.0968284607
989.988525,       61.2670021057
990.281738,       61.6533470154
990.574829,       59.6871566772
990.868042,       59.3249206543
991.161011,       59.4858932495
991.453979,       59.7108230591
991.746948,       60.3605880737
992.039795,       60.7611541748
992.332642,       61.5561561584
992.625305,       61.3837242126
992.918091,       61.6465873718
993.210632,       62.1507225037
993.503235,       62.4720497131
993.795837,       64.0380477905
994.088196,       63.9481201172
994.380676,       64.2630157471
994.672913,       64.6264419556
994.965271,       65.1740722656
995.257568,       65.2817687988
995.549622,       66.0318679810
995.841858,       66.4421234131
996.133850,       66.4800643921
996.425903,       66.5742492676
996.717834,       66.3667068481
997.009766,       66.1356582642
997.301636,       65.8766555786
997.593323,       65.6999664307
997.885193,       65.1728286743
998.176758,       64.5970306396
998.468384,       64.5852050781
998.760010,       64.7075500488
999.051392,       64.7013702393
999.342957,       63.8325767517
999.634277,       63.7748794556
999.925598,       62.1119308472
1000.216919,       62.3397178650
1000.508118,       62.3865852356
1000.799255,       61.9717903137
1001.090271,       61.0389518738
1001.381470,       60.8419303894
1001.672363,       60.8179206848
1001.963257,       59.9758987427
1002.254150,       59.7351722717
1002.544922,       59.3463287354
1002.835815,       59.5786170959
1003.126404,       59.9500656128
1003.417114,       60.2664947510
1003.707703,       60.2681159973
1003.998108,       60.6385841370
1004.288757,       60.8039855957
1004.579041,       60.0695838928
1004.869385,       60.1918411255
1005.159729,       59.9971427917
1005.450012,       59.4934272766
1005.740173,       59.4346046448
1006.030212,       59.2647018433
1006.320435,       59.3934707642
1006.610352,       59.3739204407
1006.900330,       59.2515182495
1007.190247,       59.8677406311
1007.479980,       59.9408988953
1007.769897,       59.3331680298
1008.059509,       59.8637809753
1008.349243,       60.0046806335
1008.638855,       60.2664489746
1008.928345,       60.6084594727
1009.217896,       60.7068710327
1009.507263,       60.4459686279
1009.796753,       60.2644195557
1010.086060,       59.8995208740
1010.375366,       59.3577575684
1010.664551,       59.1086387634
1010.953674,       58.7218055725
1011.242920,       59.6105384827
1011.531738,       59.8347854614
1011.820801,       60.0816078186
1012.109741,       60.2754516602
1012.398499,       60.5032806396
1012.687439,       60.9836502075
1012.976074,       61.8539733887
1013.264771,       61.4748344421
1013.553406,       61.6988258362
1013.842041,       61.6142158508
1014.130554,       61.3626289368
1014.418884,       61.4156265259
1014.707336,       61.7530593872
1014.995789,       61.2385215759
1015.284058,       61.1538238525
1015.572327,       61.3942146301
1015.860413,       61.2348632813
1016.148621,       60.8651771545
1016.436523,       61.7304611206
1016.724609,       61.9356613159
1017.012573,       62.8582458496
1017.300354,       62.0492095947
1017.588318,       61.6565513611
1017.875977,       62.4950180054
1018.163757,       62.7373466492
1018.451416,       62.3031082153
1018.739014,       63.2905654907
1019.026611,       63.1645660400
1019.313904,       62.9056282043
1019.601440,       62.3859214783
1019.888733,       62.3527412415
1020.176086,       63.0476531982
1020.463318,       63.6235885620
1020.750549,       63.4271202087
1021.037720,       64.0155715942
1021.324707,       65.5117416382
1021.611694,       65.7979278564
1021.898682,       66.6752700806
1022.185547,       67.3924484253
1022.472595,       66.6649246216
1022.759216,       67.0774612427
1023.045959,       67.0265350342
1023.332581,       68.7119522095
1023.619324,       69.1494827271
1023.905884,       68.5825958252
1024.192261,       69.3136444092
1024.478882,       69.3993606567
1024.765137,       67.4864349365
1025.051514,       68.0814437866
1025.337769,       68.0925521851
1025.623779,       69.2744064331
1025.910034,       71.3641510010
1026.196045,       88.8888931274
1026.482178,       64.9659881592
1026.768066,       67.3267288208
1027.053955,       77.7777862549
1027.339966,       57.3926849365
1027.625610,       64.4268798828
1027.911377,       78.9141387939
1028.197144,       60.2739753723
1028.482666,       77.4193496704
1028.768311,       98.5869522095
