339.817139,        0.0000000000
340.196106,        0.0000000000
340.575104,     1611.1168212891
340.954010,     1373.3334960938
341.332886,    -4180.0151367188
341.711761,     -652.0010375977
342.090576,       79.1878128052
342.469360,       92.0844345093
342.848114,       23.4636936188
343.226868,        0.0000000000
343.605560,       47.1246871948
343.984192,       45.4122734070
344.362854,       44.9723434448
344.741425,       48.4391098022
345.119995,       55.7816314697
345.498535,       60.2229194641
345.877014,       63.5350341797
346.255463,       64.9977951050
346.633881,       69.2725677490
347.012299,       70.3089141846
347.390625,       70.8579711914
347.768951,       68.2667770386
348.147278,       69.8286590576
348.525513,       74.3698120117
348.903748,       77.3865432739
349.281952,       76.9895629883
349.660126,       76.4541244507
350.038239,       76.3070983887
350.416321,       76.9947967529
350.794373,       75.5353622437
351.172394,       75.2063598633
351.550385,       73.5231781006
351.928375,       75.7918930054
352.306305,       80.2419281006
352.684174,       80.5319976807
353.062042,       80.3755493164
353.439880,       81.3366622925
353.817657,       82.1657257080
354.195404,       84.2275161743
354.573151,       79.7645263672
354.950836,       81.6052551270
355.328461,       82.2207946777
355.706116,       82.1172027588
356.083710,      104.0733947754
356.461243,      103.9426956177
356.838806,      102.8212585449
357.216248,      102.7804412842
357.593719,      103.0541992188
357.971161,      103.7033081055
358.348541,      102.6374969482
358.725891,      102.3231124878
359.103210,      102.6585845947
359.480530,      101.9634246826
359.857758,      101.1119461060
360.234955,       99.0805664063
360.612183,       98.7862548828
360.989319,       97.9911117554
361.366425,       97.3979492188
361.743530,       98.8016433716
362.120575,       96.7468795776
362.497559,       96.4617462158
362.874573,       96.0113067627
363.251526,       95.0175628662
363.628418,       94.8339309692
364.005310,       64.1759185791
364.382202,       61.3966522217
364.759003,       58.7589988708
365.135773,       58.8526115417
365.512482,       59.6048545837
365.889221,       61.4451065063
366.265900,       62.4245872498
366.642517,       63.6504402161
367.019165,       62.6281929016
367.395721,       65.4381484985
367.772278,       64.7059097290
368.148804,       63.1913528442
368.525269,       60.8926239014
368.901672,       59.8260040283
369.278107,       58.9656829834
369.654480,       52.0143928528
370.030823,       56.1674537659
370.407104,       55.9674072266
370.783386,       53.3416137695
371.159637,       54.0623893738
371.535828,       56.9762725830
371.912018,       57.4531669617
372.288116,       56.8099441528
372.664246,       58.2271881104
373.040283,       59.1804695129
373.416351,       57.6608581543
373.792328,       53.5202560425
374.168274,       54.4437637329
374.544250,       54.2780456543
374.920105,       57.6016502380
375.295959,       54.7953948975
375.671814,       56.9789009094
376.047607,       56.2173423767
376.423370,       58.2488594055
376.799103,       59.2199134827
377.174774,       61.3273735046
377.550415,       62.5143508911
377.926056,       57.9823303223
378.301636,       60.2315177917
378.677185,       61.9221611023
379.052673,       66.6849822998
379.428192,       67.0786056519
379.803650,       67.2207565308
380.179047,       65.4732208252
380.554443,       66.1887588501
380.929779,       65.7385025024
381.305084,       63.6848030090
381.680359,       65.2626190186
382.055634,       64.1710433960
382.430817,       63.2530212402
382.805969,       60.9343643188
383.181152,       64.1579589844
383.556244,       63.4002037048
383.931274,       65.0712585449
384.306366,       66.5167541504
384.681366,       65.3136291504
385.056305,       63.8061714172
385.431274,       64.7938690186
385.806152,       68.0742874146
386.181000,       66.0907592773
386.555817,       65.7741699219
386.930634,       59.1607093811
387.305389,       56.4569816589
387.680084,       55.3823547363
388.054810,       55.9840393066
388.429474,       54.6153678894
388.804047,       53.0238990784
389.178650,       54.1289558411
389.553192,       52.4284172058
389.927734,       52.7984313965
390.302185,       54.9419937134
390.676666,       54.0634574890
391.051086,       49.8070449829
391.425446,       48.9078941345
391.799805,       48.4257659912
392.174133,       47.0465469360
392.548370,       47.4326057434
392.922638,       46.4735374451
393.296844,       48.7654418945
393.670990,       44.3266677856
394.045135,       43.2488784790
394.419220,       41.8123703003
394.793304,       45.2021484375
395.167328,       47.0380783081
395.541321,       49.9917297363
395.915283,       50.7616500854
396.289185,       53.9060058594
396.663116,       53.8910140991
397.036957,       52.9420623779
397.410736,       52.7782135010
397.784546,       53.0342330933
398.158325,       50.3543930054
398.532013,       50.9201393127
398.905670,       51.5461921692
399.279358,       57.5130004883
399.652954,       57.6053543091
400.026520,       56.0924835205
400.400085,       57.7678260803
400.773560,       57.9809532166
401.147034,       55.2164611816
401.520508,       55.1273345947
401.893890,       56.8608779907
402.267242,       57.6083908081
402.640564,       56.7592315674
403.013855,       55.7135581970
403.387146,       53.0331077576
403.760345,       53.9551506042
404.133514,       56.4876022339
404.506683,       57.0182151794
404.879791,       59.3413543701
405.252869,       59.8872184753
405.625946,       58.1480789185
405.998962,       56.5540313721
406.371918,       58.3066101074
406.744873,       58.3186073303
407.117798,       52.4095726013
407.490631,       51.6625061035
407.863525,       52.0776634216
408.236298,       51.2776679993
408.609039,       56.7991790771
408.981842,       56.0154724121
409.354523,       58.2381439209
409.727173,       56.7872924805
410.099792,       55.4255256653
410.472382,       53.9518966675
410.844910,       54.3002891541
411.217438,       53.2643318176
411.589935,       52.1148681641
411.962402,       47.4584045410
412.334778,       51.7065925598
412.707153,       50.9871406555
413.079498,       49.6662216187
413.451813,       49.8094367981
413.824066,       51.3390655518
414.196350,       48.3269538879
414.568512,       48.2909812927
414.940674,       48.7079696655
415.312805,       47.9257431030
415.684906,       47.7599868774
416.056946,       56.1689567566
416.429016,       51.1168479919
416.800964,       50.9441032410
417.172913,       48.0450210571
417.544830,       48.2596511841
417.916718,       48.9863853455
418.288574,       49.3303985596
418.660370,       48.3406944275
419.032135,       48.1247024536
419.403870,       47.4696998596
419.775574,       46.9349937439
420.147247,       42.4714584351
420.518860,       42.7147750854
420.890472,       42.4912567139
421.262024,       42.9520912170
421.633545,       41.9687805176
422.005005,       42.4069328308
422.376495,       41.3542442322
422.747925,       40.3327827454
423.119293,       40.5326347351
423.490601,       40.8106346130
423.861938,       30.4765110016
424.233215,       31.5939121246
424.604462,       33.7640838623
424.975647,       33.2558746338
425.346832,       32.1462135315
425.717926,       30.9700641632
426.089050,       30.2501087189
426.460083,       29.1659736633
426.831085,       28.5535640717
427.202087,       28.0648269653
427.572998,       28.3866653442
427.943939,       29.5461692810
428.314819,       28.6865062714
428.685669,       28.2096977234
429.056458,       28.8057441711
429.427246,       28.7188854218
429.797943,       28.0550060272
430.168701,       28.5576343536
430.539337,       28.9247188568
430.909943,       28.8578567505
431.280548,       29.8713111877
431.651093,       31.3121585846
432.021606,       31.7182769775
432.392120,       29.1509513855
432.762543,       28.8486061096
433.132965,       28.5960407257
433.503326,       29.1471519470
433.873688,       29.0281124115
434.243958,       28.9196166992
434.614227,       27.9893970490
434.984467,       29.0149631500
435.354645,       28.1485996246
435.724792,       26.5028533936
436.094910,       24.9602088928
436.464996,       25.6516971588
436.835052,       28.3365192413
437.205048,       27.8033676147
437.575043,       29.3425045013
437.944977,       28.6869201660
438.314880,       29.2086219788
438.684753,       29.3781127930
439.054565,       28.2385082245
439.424377,       28.1870784760
439.794128,       27.2643833160
440.163849,       28.1716976166
440.533508,       31.1052837372
440.903198,       31.2223796844
441.272797,       31.8994789124
441.642334,       32.5796318054
442.011902,       33.0072288513
442.381409,       34.1414947510
442.750854,       33.7617797852
443.120300,       34.2281990051
443.489655,       34.4412155151
443.859039,       35.5430450439
444.228333,       35.1878585815
444.597626,       32.2580795288
444.966888,       32.9449272156
445.336060,       31.2254543304
445.705231,       30.6704292297
446.074402,       29.6498870850
446.443512,       29.1471309662
446.812531,       28.7891426086
447.181610,       27.4088859558
447.550568,       27.4687709808
447.919525,       26.9980258942
448.288483,       24.3590793610
448.657349,       24.3526020050
449.026154,       23.0481262207
449.394989,       22.6894340515
449.763763,       23.2001743317
450.132477,       22.4055461884
450.501190,       21.6896381378
450.869812,       20.9939517975
451.238464,       20.4136543274
451.607025,       19.5650272369
451.975586,       20.5379295349
452.344116,       20.7590122223
452.712585,       20.8857765198
453.081024,       21.2577304840
453.449463,       21.3054943085
453.817810,       21.3889427185
454.186127,       21.1472854614
454.554413,       32.8493995667
454.922668,       33.0727729797
455.290894,       32.3216056824
455.659088,       31.7710456848
456.027222,       31.2997589111
456.395325,       30.9622459412
456.763428,       30.9991626740
457.131439,       30.4341888428
457.499420,       29.4682712555
457.867371,       29.4833297729
458.235321,       29.3151969910
458.603210,       29.2569484711
458.971039,       29.5603523254
459.338867,       29.1788406372
459.706635,       28.0042705536
460.074371,       27.3732414246
460.442047,       26.7487354279
460.809753,       28.2232055664
461.177368,       28.0165767670
461.544952,       28.1124439240
461.912537,       27.7736129761
462.280029,       17.2848320007
462.647522,       16.7526721954
463.014984,       16.6718311310
463.382355,       17.1042823792
463.749725,       17.0674266815
464.117065,       16.7434825897
464.484344,       16.2844524384
464.851593,       16.0010643005
465.218842,       15.8286409378
465.586029,       15.8439235687
465.953156,       15.9884319305
466.320282,       15.6676750183
466.687317,       15.6902952194
467.054352,       15.6782999039
467.421356,       15.9473476410
467.788300,       15.8942327499
468.155243,       15.7331657410
468.522095,       13.7900543213
468.888947,       14.6273975372
469.255768,       14.6313266754
469.622559,       15.3218135834
469.989258,       15.5209989548
470.355988,       15.5271425247
470.722626,       15.6280708313
471.089233,       15.2838487625
471.455841,       15.5421438217
471.822388,       15.4773187637
472.188873,       15.5005292892
472.555389,       15.4347162247
472.921753,       15.5187025070
473.288208,       15.3356161118
473.654602,       14.9832620621
474.020874,       15.1268568039
474.387177,       14.4157047272
474.753387,       14.0355510712
475.119629,       13.6927413940
475.485809,       13.7870578766
475.851929,       13.6209516525
476.218018,       13.6214284897
476.584076,       13.1126108170
476.950104,       12.6150321960
477.316101,       12.0956830978
477.682037,       11.7020120621
478.047974,       11.4234485626
478.413818,       11.6590957642
478.779663,       11.8369779587
479.145477,       11.4232406616
479.511200,       11.4710044861
479.876953,       11.6468343735
480.242615,       11.8584489822
480.608276,       11.8804235458
480.973907,       11.6580076218
481.339417,       11.9819450378
481.704987,       11.8730649948
482.070465,       11.7315359116
482.435913,       11.8094701767
482.801331,       11.7171382904
483.166718,       11.5886240005
483.532043,       11.6798009872
483.897369,       11.9887762070
484.262634,       11.9010305405
484.627869,       11.9585704803
484.993073,       11.6733388901
485.358215,       11.7353572845
485.723297,       11.7076139450
486.088409,       11.5149316788
486.453461,       11.3182067871
486.818451,       11.2423677444
487.183411,       11.2670059204
487.548370,       11.1644287109
487.913239,       10.9916343689
488.278107,       10.7414140701
488.642883,       10.6402177811
489.007660,       10.4629545212
489.372437,       10.3038473129
489.737091,       10.1986007690
490.101746,       10.0861911774
490.466370,       10.0186252594
490.830963,        9.9792928696
491.195526,        9.8254146576
491.559998,        9.3882389069
491.924500,        9.2311859131
492.288940,        9.1314926147
492.653320,        9.2634258270
493.017670,        9.1149396896
493.382019,        9.0439605713
493.746277,        8.8614110947
494.110504,        8.7546777725
494.474731,        8.9644794464
494.838898,        8.9069919586
495.203033,        8.8202390671
495.567108,        8.8114986420
495.931122,        9.7437467575
496.295166,        9.7619276047
496.659149,        9.5096845627
497.023041,        9.5070724487
497.386963,        9.5561475754
497.750824,        9.5738735199
498.114624,        9.7413692474
498.478455,        9.8384361267
498.842163,        9.8004074097
499.205872,        9.8335580826
499.569580,        9.8752393723
499.933167,       10.0010509491
500.296753,        9.9342327118
500.660339,       10.0525941849
501.023834,       10.0897655487
501.387299,       10.0310945511
501.750763,       10.0952520370
502.114166,        9.9487810135
502.477509,        9.8941211700
502.840851,        9.9890480042
503.204102,       10.1580839157
503.567352,        9.4287414551
503.930573,        9.5329170227
504.293732,        9.5631380081
504.656860,        9.6801910400
505.019989,        9.9684114456
505.382996,       10.0336408615
505.746033,       10.0008878708
506.109009,        9.9280691147
506.471924,        9.9404525757
506.834839,        9.9961385727
507.197662,        9.9441986084
507.560486,        9.9611968994
507.923309,        9.9876832962
508.286041,        9.9640607834
508.648743,       10.1590614319
509.011414,       10.1848554611
509.373993,       10.1692790985
509.736633,       10.2566976547
510.099213,       10.2436933517
510.461731,       10.1306076050
510.824158,       10.0293922424
511.186615,        9.9796648026
511.548950,        9.9878988266
511.911346,       10.0941848755
512.273682,       10.0740604401
512.635925,        9.9294586182
512.998169,        9.9137992859
513.360352,        9.8580474854
513.722534,       10.0394945145
514.084717,       10.1869010925
514.446777,       10.1729278564
514.808777,       10.2913942337
515.170776,       10.2807273865
515.532776,       10.3411178589
515.894714,       10.3344764709
516.256592,       10.2623071671
516.618469,       11.8824291229
516.980286,       12.0809984207
517.342041,       12.0755109787
517.703735,       12.1452922821
518.065430,       12.3225574493
518.427185,       12.3810949326
518.788696,       12.4222593307
519.150330,       12.3507347107
519.511902,       12.4628114700
519.873291,       12.4447784424
520.234802,       12.5424976349
520.596252,       12.5891208649
520.957581,       12.7194938660
521.318970,       12.5728054047
521.680237,       12.4982194901
522.041565,       12.5155076981
522.402771,       12.5252647400
522.763977,       12.6228017807
523.125061,       12.6971797943
523.486206,       13.1310520172
523.847229,       13.2253274918
524.208252,       11.9362955093
524.569275,       11.7914628983
524.930237,       11.8037137985
525.291138,       11.8324499130
525.652100,       11.8197622299
526.012817,       11.8162622452
526.373657,       11.8595743179
526.734436,       11.9130096436
527.095093,       12.0530719757
527.455811,       12.1386594772
527.816528,       12.1164083481
528.177002,       12.1436967850
528.537598,       12.1853246689
528.898132,       12.2884969711
529.258606,       12.3013925552
529.619080,       12.3431797028
529.979431,       12.7322835922
530.339844,       12.6162815094
530.700134,       12.6504364014
531.060425,       12.4096231461
531.420654,       12.4108333588
531.780884,       12.7759857178
532.140991,       12.8043441772
532.501160,       12.7921628952
532.861267,       12.9017696381
533.221375,       12.8704185486
533.581299,       12.8827171326
533.941284,       12.9988241196
534.301208,       13.0800771713
534.661133,       12.9491748810
535.020996,       12.9866542816
535.380798,       13.0503759384
535.740540,       13.1437673569
536.100220,       13.1319131851
536.459900,       13.1498527527
536.819641,       13.1895904541
537.179260,       13.2418556213
537.538757,       12.9220504761
537.898376,       12.9525480270
538.257813,       12.9205389023
538.617249,       12.8340721130
538.976685,       12.8147344589
539.336121,       12.5605077744
539.695374,       12.6309175491
540.054688,       12.7137603760
540.413879,       12.7433118820
540.773132,       12.7520141602
541.132385,       12.8387317657
541.491516,       12.8690137863
541.850525,       12.9726839066
542.209595,       12.9674139023
542.568604,       13.0530099869
542.927612,       13.0491437912
543.286560,       12.9828062057
543.645386,       12.9900674820
544.004333,       13.0602617264
544.363098,       13.0835208893
544.721924,       13.1608943939
545.080688,       13.2131443024
545.439331,       13.4157867432
545.797974,       13.4264497757
546.156616,       13.6315059662
546.515137,       13.6078519821
546.873657,       13.6118888855
547.232239,       13.6359615326
547.590698,       13.6329784393
547.949097,       13.6474628448
548.307495,       13.6337165833
548.665833,       13.5575857162
549.024109,       13.5043115616
549.382385,       13.4519233704
549.740540,       13.5928134918
550.098755,       13.5573778152
550.456909,       13.5697479248
550.815002,       13.5851144791
551.173096,       13.5922536850
551.531128,       13.5301542282
551.888977,       13.5400180817
552.247009,       13.4528846741
552.604797,       13.6070623398
552.962708,       13.5524091721
553.320557,       13.6370420456
553.678345,       13.6674146652
554.036011,       13.6708812714
554.393738,       13.6862306595
554.751404,       13.6479301453
555.109009,       13.6888160706
555.466614,       13.5958137512
555.824158,       13.6280279160
556.181641,       13.7454566956
556.539063,       13.7479801178
556.896423,       13.7226715088
557.253845,       13.5924711227
557.611206,       13.7382850647
557.968445,       13.7622699738
558.325745,       13.7689723969
558.682922,       13.8132629395
559.040161,       13.8672437668
559.397278,       13.8750848770
559.754395,       14.0139188766
560.111389,       13.8580236435
560.468445,       13.7676925659
560.825378,       13.7538862228
561.182251,       13.6351737976
561.539185,       13.6542139053
561.896057,       13.6705894470
562.252869,       13.6975746155
562.609619,       13.6506538391
562.966309,       13.6749610901
563.323059,       13.6600170135
563.679688,       13.5994882584
564.036316,       13.5718030930
564.392822,       13.6704864502
564.749390,       13.6794357300
565.105835,       13.5279941559
565.462280,       13.5224552155
565.818726,       13.5467615128
566.175049,       13.4628267288
566.531372,       13.3996191025
566.887573,       13.3566436768
567.243896,       13.1736621857
567.600098,       13.1704969406
567.956299,       13.1983118057
568.312378,       13.1268997192
568.668457,       13.0783672333
569.024475,       13.0127248764
569.380493,       12.9460735321
569.736389,       12.9548816681
570.092346,       13.0259628296
570.448181,       13.0557746887
570.804077,       12.9871454239
571.159790,       12.9649896622
571.515564,       12.9434585571
571.871338,       12.8310489655
572.226929,       12.8340263367
572.582581,       12.8136177063
572.938171,       12.7605323792
573.293701,       12.6918706894
573.649231,       12.6770572662
574.004700,       12.7184782028
574.360107,       12.6807126999
574.715515,       12.7110700607
575.070801,       12.7213659286
575.426086,       12.6255111694
575.781433,       12.5647907257
576.136658,       12.5193300247
576.491821,       12.5507698059
576.846985,       12.5071315765
577.202026,       12.4600830078
577.557129,       12.4149389267
577.912109,       12.3072853088
578.267090,       12.3250503540
578.621948,       12.3139104843
578.976929,       12.2974748611
579.331726,       12.2244148254
579.686523,       12.3525743484
580.041321,       12.4004755020
580.396057,       12.3752708435
580.750732,       12.5209140778
581.105408,       12.5152873993
581.459961,       12.4614391327
581.814575,       12.4757242203
582.169067,       12.4259901047
582.523499,       12.3638849258
582.877991,       12.4160327911
583.232361,       12.4886817932
583.586731,       12.5466289520
583.941040,       12.4768180847
584.295349,       12.4494266510
584.649536,       12.4337530136
585.003784,       12.3806324005
585.357849,       12.6239795685
585.712036,       12.6371994019
586.066040,       12.5982713699
586.420166,       12.6023483276
586.774048,       12.6084852219
587.128052,       12.4424428940
587.481934,       12.3430700302
587.835815,       12.3326139450
588.189636,       12.1962985992
588.543396,       12.2010440826
588.897095,       12.1599912643
589.250732,       12.1593379974
589.604431,       12.1682243347
589.958069,       12.1431255341
590.311646,       12.1260251999
590.665161,       12.0913906097
591.018677,       12.1084146500
591.372070,       12.1799955368
591.725525,       12.2582807541
592.078857,       12.2396144867
592.432190,       12.2257680893
592.785461,       12.0918731689
593.138733,       12.0688390732
593.491821,       12.0806303024
593.845032,       12.0706987381
594.198181,       12.1340408325
594.551270,       12.2019224167
594.904236,       12.1838178635
595.257202,       12.2233181000
595.610168,       12.1795253754
595.963074,       12.1893081665
596.315979,       12.1919956207
596.668823,       12.1779613495
597.021606,       12.3692016602
597.374268,       12.3632345200
597.726990,       12.4012956619
598.079651,       12.4051208496
598.432312,       12.3785686493
598.784851,       12.3106851578
599.137390,       12.3343086243
599.489868,       12.4456424713
599.842285,       12.4258584976
600.194702,       12.3294029236
600.547119,       12.2959966660
600.899414,       12.2524375916
601.251648,       12.2347002029
601.603882,       12.1336822510
601.956116,       12.0281476974
602.308289,       12.0330839157
602.660400,       11.9792499542
603.012451,       12.0464038849
603.364441,       11.9634056091
603.716370,       11.9440193176
604.068359,       12.0719528198
604.420288,       11.9457969666
604.772156,       11.9311780930
605.123962,       11.8767347336
605.475708,       11.8424167633
605.827515,       11.8220453262
606.179138,       11.8388061523
606.530884,       11.8333578110
606.882385,       11.6944160461
607.233948,       11.8014993668
607.585449,       11.8069429398
607.936951,       11.8227634430
608.288452,       11.8732337952
608.639893,       11.8638677597
608.991150,       11.8979711533
609.342468,       11.9537086487
609.693726,       12.0867805481
610.044983,       12.0543079376
610.396240,       12.0144004822
610.747314,       12.0527248383
611.098389,       12.0549077988
611.449463,       11.9081172943
611.800476,       11.8560800552
612.151489,       11.8726987839
612.502441,       11.8336563110
612.853271,       11.8091459274
613.204102,       11.7833719254
613.554932,       11.7750530243
613.905701,       11.7988786697
614.256470,       11.7869558334
614.607178,       11.7078561783
614.957764,       11.7409963608
615.308350,       11.7357254028
615.658875,       11.6437149048
616.009399,       11.6253576279
616.359924,       11.6235132217
616.710327,       11.5652523041
617.060669,       11.4264011383
617.411011,       11.4491672516
617.761292,       11.4606866837
618.111572,       11.4508571625
618.461853,       11.3965244293
618.812012,       11.4269857407
619.162109,       11.4281768799
619.512146,       11.4021692276
619.862183,       11.4242906570
620.212219,       11.4585580826
620.562195,       11.3928127289
620.912048,       11.3674917221
621.261963,       11.3161354065
621.611755,       11.3565330505
621.961548,       11.3142681122
622.311340,       11.2654495239
622.661072,       11.3088026047
623.010681,       11.3212966919
623.360229,       11.3921251297
623.709839,       11.3962707520
624.059387,       11.3930683136
624.408936,       11.3672599792
624.758423,       11.7447633743
625.107727,       11.6736221313
625.457031,       11.6367635727
625.806458,       11.6667814255
626.155762,       11.6790037155
626.504944,       11.6467866898
626.854126,       11.6953802109
627.203308,       11.6714973450
627.552368,       11.6544685364
627.901428,       11.7363882065
628.250488,       11.7273378372
628.599487,       11.7278242111
628.948364,       11.7109775543
629.297241,       11.7078714371
629.646118,       11.7350358963
629.994934,       11.6757011414
630.343689,       11.6703481674
630.692444,       11.5793371201
631.041077,       11.5466585159
631.389648,       11.6864185333
631.738281,       11.6864833832
632.086853,       11.3512992859
632.435364,       11.4199962616
632.783875,       11.6033496857
633.132263,       11.5877075195
633.480591,       11.5196218491
633.828918,       11.4916114807
634.177246,       11.4675607681
634.525513,       11.4664211273
634.873657,       11.4119625092
635.221863,       11.3737459183
635.569946,       11.3655748367
635.918030,       11.2799777985
636.266052,       11.2178373337
636.614136,       11.3857059479
636.962036,       11.3452377319
637.309937,       11.3161611557
637.657776,       11.3461408615
638.005615,       11.4536666870
638.353394,       11.4597434998
638.701111,       11.2970447540
639.048767,       11.2666854858
639.396423,       11.1856346130
639.743958,       11.1282911301
640.091614,       10.9138708115
640.439087,       10.9244766235
640.786560,       10.9046316147
641.133972,       10.8801727295
641.481323,       10.8736734390
641.828735,       10.8442401886
642.176025,       10.8971462250
642.523315,       10.8356389999
642.870483,       10.8751993179
643.217651,       10.8922843933
643.564758,       10.9652833939
643.911804,       10.7534961700
644.258911,       11.0780391693
644.605896,       11.0762796402
644.952820,       11.0163040161
645.299683,       10.9209327698
645.646606,       10.9115657806
645.993469,       10.9208536148
646.340210,       10.9098730087
646.687012,       10.8835363388
647.033630,       10.9040937424
647.380249,       10.9091243744
647.726868,       10.8410158157
648.073425,       10.8103876114
648.419983,       10.8065347672
648.766418,       10.7111063004
649.112854,       10.6686477661
649.459229,       10.6078081131
649.805603,       10.6013040543
650.151855,       10.5508918762
650.498169,       10.4725751877
650.844360,       10.3540029526
651.190552,       10.3489456177
651.536621,        9.9583063126
651.882751,        9.9588136673
652.228760,        9.9326162338
652.574829,        9.8544559479
652.920715,        9.7967205048
653.266602,        9.8006200790
653.612488,        9.8530378342
653.958252,        9.8638668060
654.304077,        9.7728300095
654.649841,        9.7485828400
654.995483,        9.7435836792
655.341064,        9.7329187393
655.686707,       10.1940841675
656.032288,       10.2225971222
656.377808,       10.1796102524
656.723267,       10.1281328201
657.068726,       10.1315746307
657.414063,       10.1011810303
657.759399,       10.1769962311
658.104736,       10.2408027649
658.449951,       10.2722129822
658.795166,       10.2435894012
659.140381,       10.2361412048
659.485474,       10.2478837967
659.830505,       10.2452907562
660.175598,       10.2393045425
660.520569,       10.1850900650
660.865479,       10.0934829712
661.210327,       10.0214872360
661.555237,       10.0258302689
661.900085,        9.9947948456
662.244812,        9.9919366837
662.589539,        9.9426956177
662.934265,        9.4955339432
663.278809,        9.4378004074
663.623413,        9.4636631012
663.968018,        9.5097713470
664.312500,        9.4616184235
664.656921,        9.4263172150
665.001343,        9.3412618637
665.345703,        9.3529186249
665.690063,        9.2966537476
666.034302,        9.3172349930
666.378662,        9.2691221237
666.722778,        9.2630062103
667.066895,        9.2305259705
667.410950,        9.1700191498
667.755066,        9.1050777435
668.099121,        9.0618391037
668.443054,        9.0417022705
668.786987,        9.0325269699
669.130798,        9.0075788498
669.474731,        8.9657649994
669.818481,        9.0224351883
670.162292,        8.9970006943
670.506042,        8.9704875946
670.849670,        8.9210109711
671.193176,        8.8804521561
671.536804,        8.8788766861
671.880371,        8.8709993362
672.223816,        8.8480081558
672.567261,        8.7448968887
672.910645,        8.6921377182
673.254028,        8.6408233643
673.597290,        8.5830602646
673.940613,        8.5088195801
674.283875,        8.5135726929
674.626953,        8.5304832458
674.970093,        8.5504179001
675.313232,        8.6085128784
675.656250,        8.7011756897
675.999268,        8.7374000549
676.342224,        8.7956438065
676.685120,        8.8419427872
677.027893,        8.7911510468
677.370789,        8.7658357620
677.713562,        8.7868928909
678.056335,        8.8617172241
678.398987,        8.9238529205
678.741577,        8.9303274155
679.084167,        8.9702720642
679.426758,        9.0168838501
679.769287,        9.0079164505
680.111755,        9.1035614014
680.454163,        9.1557188034
680.796509,        9.2098665237
681.138794,        9.2284040451
681.481140,        9.2823524475
681.823364,        9.3082847595
682.165588,        9.3574028015
682.507751,        9.2988405228
682.849792,        9.2286329269
683.191833,        9.2079963684
683.533875,        9.2053203583
683.875854,        9.1844215393
684.217834,        9.2451200485
684.559692,        9.2996921539
684.901428,        9.5377740860
685.243286,        9.5686063766
685.585022,        9.5748014450
685.926819,        9.6547546387
686.268372,        9.6399765015
686.609985,        9.7067747116
686.951538,        9.8274517059
687.293091,        9.8332014084
687.634583,        9.8985948563
687.976013,        9.9734163284
688.317322,       10.0736083984
688.658630,       10.1404581070
689.000000,       10.2224378586
689.341248,       10.2965030670
689.682495,       10.4743642807
690.023682,       10.6243295670
690.364746,       10.7376575470
690.705811,       10.9330062866
691.046814,       11.0883893967
691.387817,       11.2307395935
691.728760,       11.3453750610
692.069702,       11.3870887756
692.410522,       11.6014871597
692.751282,       11.7490720749
693.092102,       11.8730115891
693.432800,       12.1441659927
693.773499,       12.2913036346
694.114075,       12.4301652908
694.454651,       12.6250009537
694.795105,       12.8213825226
695.135620,       13.0777120590
695.476135,       13.2911949158
695.816528,       13.5483894348
696.156799,       13.7861566544
696.497131,       14.0423746109
696.837402,       14.2367248535
697.177612,       14.5579185486
697.517822,       14.8120880127
697.857971,       14.9952802658
698.197937,       15.2929649353
698.538025,       15.5235214233
698.877991,       15.8542871475
699.217957,       16.0824298859
699.557922,       16.2803421021
699.897705,       16.5704479218
700.237549,       16.9061927795
700.577271,       17.1837291718
700.916992,       17.5194511414
701.256653,       17.8795166016
701.596313,       18.1646747589
701.935852,       18.4847240448
702.275391,       18.7265415192
702.614868,       19.2332687378
702.954346,       19.5031814575
703.293701,       19.8427028656
703.633118,       20.2282791138
703.972412,       20.5984344482
704.311646,       20.8660221100
704.650818,       21.1992626190
704.990051,       21.5645217896
705.329163,       21.8486595154
705.668274,       22.3386440277
706.007263,       22.5834197998
706.346252,       22.9192466736
706.685181,       23.2191467285
707.024109,       23.5160560608
707.362976,       23.8541717529
707.701721,       24.1752357483
708.040527,       24.4328804016
708.379211,       24.7238731384
708.717896,       25.0610046387
709.056519,       25.3990650177
709.395142,       25.7268695831
709.733582,       25.8948421478
710.072144,       26.2085189819
710.410522,       26.4768657684
710.748962,       26.6868629456
711.087341,       26.9570178986
711.425598,       27.3132953644
711.763855,       27.6910896301
712.102051,       28.0996551514
712.440247,       28.3975830078
712.778320,       28.5767230988
713.116455,       28.9038066864
713.454468,       29.1707000732
713.792419,       29.5219326019
714.130310,       29.8432121277
714.468262,       30.1082668304
714.806091,       30.3598670959
715.143921,       30.6761970520
715.481628,       30.9660129547
715.819397,       31.2689933777
716.156982,       31.5613842010
716.494629,       31.9005641937
716.832214,       32.1832084656
717.169739,       32.5541954041
717.507202,       32.8673858643
717.844543,       33.2172927856
718.182007,       33.5081672668
718.519348,       33.7354469299
718.856689,       33.9154434204
719.193970,       34.0440216064
719.531067,       34.3723640442
719.868164,       34.6192169189
720.205322,       34.8267898560
720.542419,       35.0457191467
720.879456,       35.2429656982
721.216431,       35.4786643982
721.553345,       35.7031593323
721.890198,       35.9159660339
722.227051,       36.1395339966
722.563782,       36.4178581238
722.900635,       36.6984558105
723.237244,       36.9314956665
723.573914,       37.1045989990
723.910461,       37.3022346497
724.247070,       37.3873367310
724.583557,       37.5731086731
724.920044,       37.7062187195
725.256409,       37.9239234924
725.592773,       38.1356086731
725.929077,       38.3351097107
726.265442,       38.4942512512
726.601685,       39.0453567505
726.937866,       39.3124885559
727.273987,       39.5210952759
727.609985,       39.7480354309
727.946045,       39.9830741882
728.282043,       40.1590766907
728.618042,       40.3481979370
728.953979,       40.5302696228
729.289795,       40.7380180359
729.625610,       40.8192443848
729.961426,       40.9972915649
730.297119,       41.2062187195
730.632813,       41.3489837646
730.968384,       41.4629592896
731.304016,       41.6033172607
731.639465,       41.7655906677
731.974976,       41.9184532166
732.310425,       42.0364952087
732.645874,       42.1314315796
732.981201,       42.3120307922
733.316467,       42.4654884338
733.651733,       42.2022857666
733.986938,       42.2454414368
734.322144,       42.3976249695
734.657288,       42.5588798523
734.992310,       42.6534805298
735.327271,       42.9350852966
735.662292,       43.1183509827
735.997253,       43.2372741699
736.332092,       43.4430351257
736.666931,       43.6063613892
737.001709,       43.7253227234
737.336426,       43.7599334717
737.671143,       43.8736839294
738.005798,       43.9953155518
738.340393,       44.1214218140
738.674988,       44.3185729980
739.009399,       44.4525413513
739.343933,       44.6230354309
739.678345,       44.7531929016
740.012756,       44.8019447327
740.347046,       44.8738403320
740.681274,       44.9756164551
741.015503,       45.0938568115
741.349731,       45.1429443359
741.683838,       45.1808853149
742.017944,       45.2159614563
742.351929,       45.2099380493
742.685974,       45.2664566040
743.019897,       45.3917427063
743.353821,       45.3960876465
743.687622,       45.4864349365
744.021484,       45.5899848938
744.355225,       45.6350326538
744.688965,       45.7508926392
745.022583,       45.8501625061
745.356201,       45.9513168335
745.689819,       46.0079803467
746.023376,       46.0820693970
746.356812,       46.1354446411
746.690186,       46.2256851196
747.023621,       46.3364105225
747.356934,       46.4423599243
747.690247,       46.6215095520
748.023499,       46.7542839050
748.356689,       46.9166717529
748.689758,       46.9399948120
749.022888,       47.0582199097
749.355957,       47.0788688660
749.688965,       47.1153450012
750.021912,       47.1779899597
750.354858,       47.2279739380
750.687683,       47.2961120605
751.020447,       47.3140869141
751.353271,       47.4034919739
751.686035,       47.4535903931
752.018677,       47.5136566162
752.351257,       47.5226211548
752.683838,       47.5319938660
753.016357,       47.5831184387
753.348877,       47.5797042847
753.681396,       47.6027069092
754.013672,       47.6700706482
754.346008,       47.7876014709
754.678345,       47.7270011902
755.010559,       47.6975059509
755.342834,       47.7230873108
755.674988,       47.8217086792
756.007080,       47.8791465759
756.339050,       47.9247245789
756.671082,       47.9527282715
757.003052,       47.9521713257
757.335022,       47.9883117676
757.666870,       48.1977920532
757.998657,       48.3190498352
758.330444,       48.4385337830
758.662170,       48.4659805298
758.993896,       48.4922027588
759.325562,       48.5584754944
759.657043,       48.6040802002
759.988586,       48.6202011108
760.320129,       48.6475677490
760.651489,       48.7081985474
760.982971,       48.8402023315
761.314331,       48.8085403442
761.645569,       48.8585586548
761.976807,       48.9556732178
762.308044,       48.9446792603
762.639160,       48.9762763977
762.970276,       49.0108833313
763.301331,       49.0147094727
763.632385,       49.1160354614
763.963257,       49.2472190857
764.294250,       49.2386474609
764.625122,       49.0581626892
764.955933,       49.2461662292
765.286743,       49.1685562134
765.617432,       49.2859268188
765.948120,       49.3074569702
766.278748,       49.4055595398
766.609314,       49.5180892944
766.939880,       49.5581359863
767.270325,       49.6165618896
767.600708,       49.5900459290
767.931152,       49.4475440979
768.261536,       49.4584007263
768.591858,       49.4295310974
768.922119,       49.3981666565
769.252258,       49.5253372192
769.582397,       49.5842323303
769.912537,       49.6256065369
770.242615,       49.7751808167
770.572632,       49.7283363342
770.902588,       49.6856346130
771.232483,       49.9225921631
771.562256,       49.9107208252
771.892151,       49.6110382080
772.221863,       49.6646118164
772.551697,       49.6395225525
772.881287,       49.6990242004
773.210938,       49.6369895935
773.540466,       49.5723114014
773.870056,       49.6187171936
774.199463,       49.6499061584
774.528992,       49.8432044983
774.858337,       49.8879013062
775.187622,       49.9823036194
775.516968,       50.0333251953
775.846191,       50.0330429077
776.175415,       49.9573440552
776.504578,       49.9545593262
776.833618,       50.0175056458
777.162598,       50.0024566650
777.491638,       49.9893608093
777.820618,       49.9789237976
778.149536,       49.7788238525
778.478394,       49.8373107910
778.807190,       49.9064941406
779.135864,       49.9716529846
779.464600,       49.8958168030
779.793335,       49.8389663696
780.121948,       49.8920669556
780.450439,       49.8585166931
780.778931,       49.9256401062
781.107422,       49.9034080505
781.435913,       49.8109283447
781.764282,       49.8291473389
782.092651,       49.7944068909
782.420837,       49.8205451965
782.749023,       49.8766860962
783.077209,       49.9585342407
783.405396,       49.9268646240
783.733521,       49.8632926941
784.061462,       49.7944641113
784.389465,       49.8625907898
784.717346,       49.9478187561
785.045288,       49.9437484741
785.373108,       49.9030036926
785.700928,       49.8555793762
786.028625,       49.8020782471
786.356384,       49.8840065002
786.683960,       50.0221443176
787.011536,       50.0408058167
787.339111,       50.1226654053
787.666687,       50.0514564514
787.994019,       50.0425262451
788.321411,       50.0009002686
788.648804,       50.0511512756
788.976135,       50.0348167419
789.303406,       50.1087379456
789.630615,       50.1176528931
789.957703,       50.0433502197
790.284851,       50.1086006165
790.611877,       50.1272735596
790.938904,       50.1098937988
791.265930,       50.1267738342
791.592773,       50.1299209595
791.919678,       50.2533836365
792.246460,       50.3451118469
792.573242,       50.4034690857
792.899963,       50.4793624878
793.226685,       50.5061798096
793.553284,       50.4334144592
793.879822,       50.4807281494
794.206299,       50.4326477051
794.532776,       50.4775924683
794.859253,       50.6434364319
795.185669,       50.7031211853
795.511902,       50.6728248596
795.838196,       50.7027511597
796.164490,       50.6180038452
796.490601,       50.5926971436
796.816833,       50.6701698303
797.142883,       50.6836700439
797.468933,       50.6733131409
797.794861,       50.6947174072
798.120789,       50.7250251770
798.446716,       50.7710266113
798.772583,       50.7151527405
799.098328,       50.7406997681
799.424072,       50.7833595276
799.749756,       50.7726211548
800.075439,       50.7783470154
800.401001,       50.8120307922
800.726624,       50.7759323120
801.052063,       51.0341720581
801.377441,       51.0320587158
801.702881,       50.9237480164
802.028198,       50.9870109558
802.353516,       51.1719284058
802.678833,       51.2881088257
803.004028,       51.4333496094
803.329102,       51.5492973328
803.654236,       51.5424270630
803.979248,       51.7046203613
804.304321,       51.8042755127
804.629272,       51.8220176697
804.954163,       51.8381652832
805.278931,       51.7792396545
805.603821,       51.8631286621
805.928589,       51.8750190735
806.253357,       51.8869857788
806.577942,       52.0290260315
806.902588,       52.1514434814
807.227112,       52.1606903076
807.551575,       52.3497772217
807.876099,       52.2844619751
808.200500,       52.4445533752
808.524841,       52.5606918335
808.849121,       52.5700645447
809.173401,       52.4647903442
809.497620,       52.3750190735
809.821838,       52.3381996155
810.145996,       52.2990570068
810.469971,       52.4488143921
810.793945,       52.3554077148
811.117981,       52.3543548584
811.441956,       52.4218978882
811.765808,       52.5330467224
812.089600,       52.6232719421
812.413391,       52.6067657471
812.737061,       52.5872306824
813.060730,       52.6030731201
813.384338,       52.5859756470
813.708008,       52.4811096191
814.031433,       52.5217933655
814.354919,       52.4048805237
814.678345,       52.2923278809
815.001709,       52.2973060608
815.325073,       52.2798194885
815.648376,       52.2387809753
815.971558,       52.2664604187
816.294678,       52.3691062927
816.617798,       52.3873825073
816.940918,       52.4003906250
817.263977,       52.2817192078
817.586853,       52.3068618774
817.909851,       52.3495597839
818.232727,       52.3498725891
818.555542,       52.3056755066
818.878296,       52.3123512268
819.201050,       52.3920364380
819.523682,       52.5025177002
819.846375,       52.5517272949
820.168884,       52.6469001770
820.491455,       52.7322998047
820.813904,       52.8675537109
821.136353,       52.9464645386
821.458740,       53.0969619751
821.781128,       52.9945030212
822.103333,       53.0671043396
822.425598,       53.2041625977
822.747803,       53.2048301697
823.069824,       53.1802711487
823.391968,       53.1511650085
823.713989,       53.2502365112
824.035950,       53.4488601685
824.357849,       53.4376602173
824.679810,       53.4069786072
825.001587,       53.4490585327
825.323425,       53.4785995483
825.645142,       53.4937667847
825.966736,       53.4831657410
826.288391,       53.4103927612
826.610046,       53.4178428650
826.931458,       53.3096961975
827.253052,       53.3146362305
827.574402,       53.3104171753
827.895813,       53.4020195007
828.217163,       53.3620109558
828.538391,       53.4076919556
828.859619,       53.3737602234
829.180786,       53.2898292542
829.501953,       53.3768119812
829.822998,       53.3885421753
830.144043,       53.5157737732
830.464966,       53.5783309937
830.785950,       53.4458045959
831.106812,       53.4942970276
831.427673,       53.5435867310
831.748474,       53.5040664673
832.069214,       53.4443778992
832.389771,       53.4609298706
832.710449,       53.4230155945
833.031067,       53.5163040161
833.351563,       53.5198097229
833.672058,       53.5981788635
833.992371,       53.5784950256
834.312805,       53.5146827698
834.633179,       53.4631614685
834.953369,       53.4479560852
835.273621,       53.4503326416
835.593811,       53.4760055542
835.913940,       53.5333709717
836.234009,       53.4931526184
836.554077,       53.5774574280
836.874023,       53.7757148743
837.193909,       53.7306251526
837.513794,       53.7874145508
837.833618,       53.7911720276
838.153381,       53.8237037659
838.473145,       53.9289894104
838.792786,       53.9838447571
839.112366,       53.9879455566
839.432007,       54.0564002991
839.751465,       54.0797233582
840.070984,       54.0560379028
840.390381,       54.0543479919
840.709656,       54.1069450378
841.028992,       54.2828254700
841.348267,       54.3189125061
841.667480,       54.3198814392
841.986633,       54.3677749634
842.305725,       54.3466224670
842.624817,       54.3826751709
842.943848,       54.4680175781
843.262756,       54.4876518250
843.581665,       54.2685623169
843.900574,       54.2782135010
844.219360,       54.2624664307
844.538147,       54.2582511902
844.856812,       54.2533264160
845.175415,       54.2846260071
845.494080,       54.3657302856
845.812683,       54.4070472717
846.131104,       54.5384826660
846.449585,       54.4887771606
846.768005,       54.6094970703
847.086304,       54.6023445129
847.404663,       54.6530952454
847.722839,       54.4990119934
848.041077,       54.4577789307
848.359192,       54.5094070435
848.677246,       54.5665206909
848.995361,       54.6484222412
849.313354,       54.6290092468
849.631226,       54.5849266052
849.949158,       54.6392097473
850.267029,       54.7040405273
850.584778,       54.7451133728
850.902527,       54.7589607239
851.220276,       54.7948303223
851.537842,       54.8661842346
851.855469,       54.8851776123
852.173035,       54.9610137939
852.490417,       55.0626564026
852.807861,       55.0053405762
853.125305,       55.1879882813
853.442627,       55.1502304077
853.759888,       55.0846977234
854.077087,       55.0011291504
854.394287,       55.0690002441
854.711426,       55.1319236755
855.028442,       55.1223526001
855.345459,       55.2101135254
855.662537,       55.2453269958
855.979370,       55.2514305115
856.296265,       55.3128547668
856.613098,       55.2661476135
856.929871,       55.2653083801
857.246582,       55.1975898743
857.563232,       55.3257598877
857.879822,       55.4295883179
858.196411,       55.3445053101
858.512939,       55.2514305115
858.829346,       55.2085456848
859.145813,       55.2461318970
859.462158,       55.2507820129
859.778442,       55.2207717896
860.094666,       55.2305755615
860.410889,       55.3377380371
860.726990,       55.3806228638
861.043152,       55.3325843811
861.359192,       55.3081588745
861.675232,       55.3782234192
861.991150,       55.3004188538
862.307007,       55.4411659241
862.622864,       55.5874176025
862.938660,       55.6239242554
863.254333,       55.6559906006
863.570068,       55.6347122192
863.885742,       55.7890815735
864.201233,       55.6767120361
864.516846,       55.6543540955
864.832336,       55.7645874023
865.147766,       55.8572235107
865.463135,       55.8538017273
865.778503,       55.8082160950
866.093750,       55.8563842773
866.408997,       55.8738479614
866.724182,       55.9526748657
867.039246,       55.9798736572
867.354309,       55.9884948730
867.669312,       56.0506935120
867.984314,       56.0182685852
868.299194,       56.0007171631
868.614075,       55.8890686035
868.928833,       55.8260612488
869.243652,       55.6929092407
869.558289,       55.7390327454
869.872986,       55.7190818787
870.187622,       55.7377815247
870.502136,       55.6232261658
870.816650,       55.6981925964
871.131165,       55.7127876282
871.445496,       55.7242202759
871.759827,       55.7699661255
872.074158,       55.7630424500
872.388367,       55.7023391724
872.702576,       55.7201843262
873.016785,       55.6567802429
873.330750,       55.6710166931
873.644897,       55.7847633362
873.958801,       55.7917480469
874.272705,       55.7457923889
874.586670,       55.8588256836
874.900452,       55.8658790588
875.214172,       55.9943389893
875.527954,       55.8693885803
875.841614,       55.8916816711
876.155273,       55.8239440918
876.468811,       55.8245353699
876.782288,       55.8559837341
877.095764,       55.8884925842
877.409241,       55.8525848389
877.722534,       55.9042282104
878.035889,       55.9183006287
878.349121,       56.0315895081
878.662292,       56.0037727356
878.975464,       56.0799102783
879.288574,       56.1495170593
879.601624,       56.2532539368
879.914612,       56.2398147583
880.227600,       56.1676788330
880.540405,       56.2397956848
880.853271,       56.3047866821
881.166016,       56.2873764038
881.478821,       56.2736434937
881.791504,       56.2740325928
882.104065,       56.3366127014
882.416626,       56.3685417175
882.729187,       56.4131965637
883.041626,       56.4436416626
883.354065,       56.4727859497
883.666443,       56.4901008606
883.978760,       56.5023956299
884.291016,       56.5583457947
884.603271,       56.5292663574
884.915344,       56.4856414795
885.227539,       56.6157226563
885.539551,       56.6293640137
885.851501,       56.5438270569
886.163513,       56.4503479004
886.475464,       56.4212188721
886.787231,       56.3724822998
887.099060,       56.3162307739
887.410767,       56.3187522888
887.722412,       56.3533020020
888.034119,       56.4605941772
888.345642,       56.4342422485
888.657227,       56.4205398560
888.968689,       56.3999099731
889.280090,       56.4312171936
889.591492,       56.5314369202
889.902832,       56.5693664551
890.213989,       56.5911941528
890.525269,       56.6186027527
890.836487,       56.5363769531
891.147522,       56.8146781921
891.458618,       61.8790397644
891.769653,       61.8305435181
892.080566,       61.8069305420
892.391479,       61.8373565674
892.702332,       61.9198188782
893.013123,       61.9650230408
893.323853,       61.9820060730
893.634521,       62.0251770020
893.945129,       62.1811561584
894.255798,       62.1874732971
894.566223,       62.1737594604
894.876770,       62.2571296692
895.187195,       62.3497123718
895.497498,       62.3842544556
895.807861,       62.3513450623
896.118164,       62.3219833374
896.428345,       62.3500213623
896.738525,       62.4880714417
897.048645,       62.4712181091
897.358643,       62.4544258118
897.668701,       62.3411407471
897.978638,       56.8883666992
898.288513,       56.8458366394
898.598389,       56.9260673523
898.908142,       56.9109306335
899.217896,       56.9036140442
899.527588,       57.0697479248
899.837219,       57.1204490662
900.146790,       57.2709960938
900.456360,       57.1677017212
900.765747,       57.2279434204
901.075195,       57.2062988281
901.384583,       57.2862510681
901.693848,       57.2197799683
902.003174,       57.2516098022
902.312378,       57.3291473389
902.621460,       57.3483886719
902.930603,       57.3279495239
903.239685,       57.1813278198
903.548645,       57.2943344116
903.857605,       57.4576873779
904.166504,       57.3052101135
904.475281,       57.3092994690
904.784058,       57.3812141418
905.092896,       57.3982963562
905.401489,       57.3974723816
905.710144,       57.3175201416
906.018738,       57.2137908936
906.327209,       57.2824592590
906.635681,       57.3015861511
906.944031,       57.3150291443
907.252441,       57.2837409973
907.560730,       57.2612838745
907.869019,       57.1708221436
908.177185,       57.3465270996
908.485352,       57.4232826233
908.793396,       57.5338363647
909.101501,       57.5246810913
909.409485,       57.5757675171
909.717407,       57.6076736450
910.025269,       57.5659332275
910.333130,       57.4748229980
910.640869,       57.5763473511
910.948608,       57.6032028198
911.256287,       57.6717796326
911.563843,       57.6127128601
911.871399,       57.5325431824
912.178955,       57.6896133423
912.486389,       57.7634582520
912.793823,       57.7338867188
913.101135,       57.6347885132
913.408386,       57.5887336731
913.715637,       57.6551132202
914.022827,       57.8081855774
914.329956,       57.8990478516
914.637085,       57.7100334167
914.944031,       57.7174186707
915.251038,       57.5673408508
915.557983,       57.5694274902
915.864807,       57.4557609558
916.171631,       57.4986991882
916.478455,       57.4412117004
916.785095,       57.6009635925
917.091736,       57.6805305481
917.398376,       57.8169288635
917.704834,       57.7808609009
918.011414,       57.7046699524
918.317810,       57.8619422913
918.624207,       57.8273429871
918.930542,       57.7167167664
919.236816,       57.6440734863
919.542969,       57.6071014404
919.849182,       57.5854110718
920.155273,       57.4419097900
920.461304,       57.4300689697
920.767334,       57.4390487671
921.073242,       57.5091667175
921.379211,       57.5611648560
921.685059,       57.6018447876
921.990784,       57.5205039978
922.296570,       57.5263786316
922.602295,       57.5456314087
922.907898,       58.0374221802
923.213440,       57.7596969604
923.518982,       57.6320877075
923.824463,       57.5129432678
924.129883,       57.4917030334
924.435242,       57.6172332764
924.740540,       57.6150665283
925.045776,       57.5888824463
925.351013,       57.7474937439
925.656128,       57.7613067627
925.961243,       57.9708862305
926.266235,       58.0044250488
926.571167,       58.3168983459
926.876160,       58.2128982544
927.181030,       58.2429428101
927.485840,       58.1970291138
927.790588,       58.1634330750
928.095276,       58.1670227051
928.399963,       58.5615882874
928.704590,       58.7190208435
929.009094,       58.8656654358
929.313599,       58.6814651489
929.618103,       58.8788375854
929.922424,       58.8957901001
930.226807,       58.9169921875
930.531067,       58.7912216187
930.835266,       58.9205551147
931.139465,       58.8716583252
931.443542,       58.9279289246
931.747620,       58.8338661194
932.051697,       58.8669776917
932.355652,       58.7341423035
932.659485,       58.8393554688
932.963379,       58.6910552979
933.267090,       58.8413696289
933.570801,       58.7213745117
933.874573,       58.8111877441
934.178162,       58.7490959167
934.481689,       58.9101486206
934.785278,       58.7226638794
935.088745,       58.6880912781
935.392151,       58.6670951843
935.695496,       58.4263153076
935.998779,       58.3603363037
936.302063,       58.4912796021
936.605225,       58.7325096130
936.908386,       59.0503234863
937.211426,       58.9459762573
937.514465,       59.0539054871
937.817444,       58.9876708984
938.120422,       59.1556320190
938.423279,       59.2716217041
938.726013,       59.6516532898
939.028809,       59.5461196899
939.331482,       59.5708198547
939.634155,       59.4758338928
939.936768,       59.5503921509
940.239258,       59.4237022400
940.541809,       59.4710769653
940.844238,       59.3286972046
941.146606,       59.1943016052
941.448914,       59.0064811707
941.751221,       59.0091934204
942.053345,       58.9567642212
942.355530,       58.9065742493
942.657654,       58.7101631165
942.959656,       58.6619186401
943.261658,       58.4903831482
943.563599,       58.4652175903
943.865479,       58.3687591553
944.167358,       58.3783569336
944.469177,       58.3051223755
944.770813,       58.2024650574
945.072510,       57.8117179871
945.374084,       58.0215263367
945.675659,       57.7732810974
945.977173,       57.8847045898
946.278564,       57.9923820496
946.580017,       58.1329116821
946.881348,       57.9558792114
947.182617,       58.0188522339
947.483826,       57.9893302917
947.785034,       58.0865631104
948.086060,       57.9821586609
948.387207,       58.1285247803
948.688232,       58.3341827393
948.989075,       58.4906272888
949.290039,       58.3491096497
949.590942,       58.3200874329
949.891663,       58.5121574402
950.192444,       58.5396881104
950.493164,       58.5884704590
950.793701,       58.4982643127
951.094299,       58.4842338562
951.394836,       58.5159759521
951.695251,       59.4817276001
951.995667,       59.7073860168
952.295959,       59.6174774170
952.596313,       59.5231056213
952.896545,       59.7078742981
953.196716,       59.7544670105
953.496826,       59.6564407349
953.796936,       59.7401618958
954.096863,       59.8560562134
954.396912,       59.8533287048
954.696777,       59.8429260254
954.996643,       59.7903251648
955.296448,       59.9476165771
955.596191,       59.9692764282
955.895813,       60.0778579712
956.195496,       59.9812278748
956.495117,       60.3610916138
956.794556,       60.2722892761
957.094055,       60.0886878967
957.393494,       60.5587005615
957.692810,       60.5298118591
957.992126,       59.4691810608
958.291321,       59.4025077820
958.590637,       59.3711090088
958.889709,       59.3612670898
959.188782,       59.2528877258
959.487793,       59.4146652222
959.786804,       59.5206565857
960.085693,       59.4955253601
960.384460,       59.4981307983
960.683472,       59.5789985657
960.982056,       59.4916038513
961.280823,       59.7004966736
961.579407,       59.6489906311
961.877930,       59.5945816040
962.176575,       59.7246475220
962.474915,       59.5628547668
962.773376,       59.3085289001
963.071777,       59.3867073059
963.370056,       59.4813842773
963.668335,       58.9046783447
963.966431,       58.8814086914
964.264709,       58.6579551697
964.562744,       58.9116973877
964.860718,       59.0926933289
965.158691,       59.2515830994
965.456543,       59.3457756042
965.754578,       59.5593452454
966.052307,       59.6820220947
966.350037,       59.6960411072
966.647705,       59.5480155945
966.945251,       59.9069404602
967.243042,       59.7916793823
967.540405,       59.4901733398
967.837952,       59.4360656738
968.135376,       59.4572257996
968.432739,       59.5584754944
968.730042,       59.7103233337
969.027222,       59.6373748779
969.324524,       59.6598014832
969.621521,       59.7650871277
969.918701,       59.8149719238
970.215698,       59.9019126892
970.512573,       60.0087928772
970.809631,       59.9662361145
971.106384,       59.7497596741
971.403198,       59.9161682129
971.700012,       59.9377632141
971.996521,       59.6791763306
972.293335,       59.8811225891
972.589783,       60.1246528625
972.886353,       60.3837852478
973.182861,       59.8094520569
973.479309,       60.0522575378
973.775635,       60.1633796692
974.071838,       60.3504905701
974.368225,       60.2559013367
974.664368,       60.0267524719
974.960449,       59.9383544922
975.256592,       59.8990783691
975.552490,       60.3941993713
975.848633,       60.4291687012
976.144409,       60.7767295837
976.440247,       60.7453689575
976.736023,       61.1113014221
977.031738,       61.1335144043
977.327515,       61.3050231934
977.623047,       61.2661132813
977.918640,       61.2577629089
978.214172,       61.2331809998
978.509644,       60.7187576294
978.805115,       60.4848747253
979.100281,       60.4672775269
979.395752,       60.7656669617
979.690857,       60.8957405090
979.986084,       60.7027664185
980.281250,       60.5020332336
980.576172,       60.7623023987
980.871338,       60.8028182983
981.166199,       60.9013481140
981.461121,       61.1201591492
981.755920,       60.6504211426
982.050781,       60.7935714722
982.345520,       60.7122116089
982.640076,       60.6168403625
982.934814,       60.2393798828
983.229309,       59.9466400146
983.523804,       60.0785446167
983.818298,       59.8997993469
984.112610,       59.6227951050
984.407043,       61.6171913147
984.701233,       62.1237564087
984.995483,       62.2146301270
985.289612,       62.1134414673
985.583618,       61.8445053101
985.877869,       61.7648963928
986.171753,       61.8628425598
986.465698,       61.9989585876
986.759583,       61.9736785889
987.053467,       62.7372283936
987.347290,       62.6855926514
987.640869,       62.4649658203
987.934631,       62.4451751709
988.228149,       62.2677459717
988.521667,       62.2363166809
988.815186,       62.5860939026
989.108582,       62.6512870789
989.402039,       62.6627693176
989.695313,       62.6798324585
989.988525,       62.6516227722
990.281738,       63.0491790771
990.574829,       60.7982025146
990.868042,       60.4098243713
991.161011,       60.7514381409
991.453979,       61.0905227661
991.746948,       61.8441085815
992.039795,       62.3325119019
992.332642,       62.9614181519
992.625305,       62.8109321594
992.918091,       62.5846443176
993.210632,       62.9003753662
993.503235,       63.0613632202
993.795837,       64.4507446289
994.088196,       64.4158096313
994.380676,       64.6024551392
994.672913,       64.8058853149
994.965271,       65.5962295532
995.257568,       65.5518951416
995.549622,       65.8374404907
995.841858,       66.4348068237
996.133850,       66.4306488037
996.425903,       66.6283569336
996.717834,       66.8539886475
997.009766,       66.6684265137
997.301636,       66.0436248779
997.593323,       65.9749526978
997.885193,       65.3808746338
998.176758,       64.8239288330
998.468384,       64.8101196289
998.760010,       64.7825088501
999.051392,       65.1557235718
999.342957,       64.2097167969
999.634277,       64.0682525635
999.925598,       62.6946563721
1000.216919,       62.9748153687
1000.508118,       63.1522674561
1000.799255,       62.9324569702
1001.090271,       62.0044898987
1001.381470,       62.0790023804
1001.672363,       61.9309005737
1001.963257,       60.6783256531
1002.254150,       60.5896224976
1002.544922,       60.0681915283
1002.835815,       59.9145278931
1003.126404,       60.0633811951
1003.417114,       60.6385002136
1003.707703,       60.5148429871
1003.998108,       60.6768608093
1004.288757,       60.8572731018
1004.579041,       60.1161956787
1004.869385,       60.0945663452
1005.159729,       60.1720809937
1005.450012,       59.7877502441
1005.740173,       59.6889953613
1006.030212,       59.4436416626
1006.320435,       59.5179901123
1006.610352,       59.4401473999
1006.900330,       58.9145889282
1007.190247,       59.4459075928
1007.479980,       59.4284133911
1007.769897,       58.9941635132
1008.059509,       59.5439567566
1008.349243,       59.7035293579
1008.638855,       59.7382888794
1008.928345,       60.1791725159
1009.217896,       60.4385719299
1009.507263,       60.2634086609
1009.796753,       60.0146064758
1010.086060,       59.5287971497
1010.375366,       59.2867660522
1010.664551,       59.1464233398
1010.953674,       58.9537506104
1011.242920,       59.3645019531
1011.531738,       59.6374816895
1011.820801,       59.7664222717
1012.109741,       59.8655395508
1012.398499,       60.1528892517
1012.687439,       61.0194206238
1012.976074,       61.7257652283
1013.264771,       61.3111419678
1013.553406,       61.3293571472
1013.842041,       61.8044357300
1014.130554,       61.4102020264
1014.418884,       61.5493659973
1014.707336,       61.8626823425
1014.995789,       61.6246032715
1015.284058,       61.7082939148
1015.572327,       61.8996086121
1015.860413,       61.8096542358
1016.148621,       61.9516296387
1016.436523,       62.4639854431
1016.724609,       62.5862731934
1017.012573,       63.2879333496
1017.300354,       62.8854980469
1017.588318,       62.6926536560
1017.875977,       63.9942893982
1018.163757,       64.0629730225
1018.451416,       63.6703834534
1018.739014,       64.2687454224
1019.026611,       64.4259719849
1019.313904,       64.2263183594
1019.601440,       63.9497413635
1019.888733,       63.4398536682
1020.176086,       64.4859466553
1020.463318,       65.0427398682
1020.750549,       64.7629165649
1021.037720,       66.0571136475
1021.324707,       67.2162628174
1021.611694,       67.2149963379
1021.898682,       68.0236968994
1022.185547,       68.0848922729
1022.472595,       67.2031021118
1022.759216,       67.3502120972
1023.045959,       67.4616241455
1023.332581,       68.8668594360
1023.619324,       69.2494354248
1023.905884,       68.2765579224
1024.192261,       68.7242355347
1024.478882,       68.7740173340
1024.765137,       66.6760482788
1025.051514,       66.9209747314
1025.337769,       66.7267379761
1025.623779,       67.2434234619
1025.910034,       69.2551651001
1026.196045,       91.9964828491
1026.482178,       72.4938888550
1026.768066,       64.4607925415
1027.053955,       66.2500076294
1027.339966,       55.9055137634
1027.625610,       56.8181877136
1027.911377,       71.3436431885
1028.197144,       58.5078544617
1028.482666,       62.5000076294
1028.768311,       88.4920578003
