340.270844,        0.0000000000
340.648560,        0.0000000000
341.026306,      460.7146606445
341.403961,      604.7623901367
341.781616,      223.4044799805
342.159210,     1170.0009765625
342.536743,      117.6470413208
342.914307,      109.5505447388
343.291779,      101.5872955322
343.669250,        0.0000000000
344.046661,       82.1645202637
344.424042,       82.9556121826
344.801422,       81.5804443359
345.178711,       83.8297805786
345.556000,       84.9559402466
345.933258,       87.5000000000
346.310486,       88.6800689697
346.687622,       87.3620300293
347.064758,       87.5662155151
347.441895,       84.7593688965
347.818939,       82.5665817261
348.195953,       82.3579101563
348.572937,       82.1420288086
348.949890,       82.0669021606
349.326843,       83.0991210938
349.703735,       82.5357818604
350.080597,       82.6611099243
350.457397,       81.7570495605
350.834198,       77.6849441528
351.210968,       76.5645141602
351.587646,       77.5510711670
351.964325,       75.8216629028
352.340942,       74.2315292358
352.717560,       76.7790756226
353.094147,       77.5807113647
353.470673,       77.1849899292
353.847168,       75.0540695190
354.223602,       74.7071990967
354.600037,       74.5020523071
354.976440,       73.4144134521
355.352783,       75.1969070435
355.729126,       77.8747940063
356.105408,       76.9525070190
356.481628,       77.0011825562
356.857849,       77.2592391968
357.234009,       75.4175262451
357.610168,       75.9595489502
357.986267,       73.4201049805
358.362366,       73.2740249634
358.738373,       74.6371307373
359.114349,       76.2218856812
359.490326,       74.3962554932
359.866241,       73.6652984619
360.242157,       74.9767837524
360.617981,       72.9019927979
360.993805,       71.5985870361
361.369568,       72.4900970459
361.745331,       72.7375793457
362.121033,       72.7119750977
362.496704,       72.2503433228
362.872314,       70.3271789551
363.247925,       71.3478775024
363.623505,       67.6948394775
363.999023,       65.8122329712
364.374542,       69.0230941772
364.750000,       68.1872863770
365.125397,       69.1165008545
365.500763,       68.1399765015
365.876160,       69.4199905396
366.251434,       70.4656066895
366.626740,       68.3656311035
367.001953,       69.2931594849
367.377136,       71.2885589600
367.752350,       71.3592224121
368.127472,       72.4397277832
368.502594,       70.7131652832
368.877625,       70.6448745728
369.252625,       69.6506652832
369.627625,       69.0437088013
370.002563,       70.3122100830
370.377502,       69.8371200562
370.752380,       70.5100479126
371.127228,       71.9845275879
371.502014,       71.9298400879
371.876770,       72.0609588623
372.251526,       69.3793716431
372.626221,       69.0397033691
373.000885,       67.8658905029
373.375488,       67.1700592041
373.750092,       66.3603973389
374.124664,       66.8000640869
374.499146,       70.0678253174
374.873627,       70.4650955200
375.248108,       67.9806900024
375.622467,       73.4562759399
375.996887,       72.6798706055
376.371185,       74.5909271240
376.745483,       74.5735244751
377.119751,       76.0338439941
377.493958,       77.2415237427
377.868195,       77.1742477417
378.242310,       77.5123214722
378.616394,       79.4627227783
378.990540,       77.7274932861
379.364563,       77.7713394165
379.738556,       78.2889709473
380.112518,       76.6139831543
380.486481,       75.8630905151
380.860352,       75.8757629395
381.234192,       77.0809097290
381.608063,       76.1784286499
381.981812,       75.0225372314
382.355591,       72.3076934814
382.729309,       71.5335617065
383.102966,       71.9404754639
383.476624,       65.7283096313
383.850220,       64.6056671143
384.223816,       63.2157745361
384.597321,       62.9308776855
384.970856,       62.7166671753
385.344299,       59.7698936462
385.717682,       56.9422607422
386.091125,       56.6270599365
386.464447,       52.5872840881
386.837769,       50.4415054321
387.211029,       51.9751472473
387.584290,       51.8582649231
387.957489,       52.4448699951
388.330627,       52.2230033875
388.703766,       51.9386367798
389.076874,       51.1870079041
389.449921,       54.7962837219
389.822937,       53.7538414001
390.195923,       54.0970726013
390.568878,       52.8456382751
390.941772,       52.5259857178
391.314636,       51.7530212402
391.687500,       49.3169250488
392.060272,       49.0055656433
392.433075,       48.2924308777
392.805756,       45.8313560486
393.178436,       45.6091270447
393.551117,       47.3306350708
393.923737,       49.1499023438
394.296326,       49.0597915649
394.668854,       49.7851982117
395.041321,       48.2792358398
395.413849,       49.1146278381
395.786255,       49.9325141907
396.158630,       50.1930694580
396.531006,       50.3734664917
396.903320,       48.7520484924
397.275604,       48.6411170959
397.647827,       48.4892883301
398.020050,       50.5463943481
398.392212,       50.8247184753
398.764343,       49.3199348450
399.136444,       48.7462005615
399.508514,       49.2063751221
399.880554,       48.2514877319
400.252533,       49.2260513306
400.624512,       50.2072830200
400.996399,       50.7492256165
401.368286,       49.5725555420
401.740112,       47.2817611694
402.111908,       45.3938789368
402.483673,       44.0023841858
402.855408,       43.4736251831
403.227081,       42.5337028503
403.598755,       40.3754501343
403.970367,       38.9237594604
404.341980,       38.9893493652
404.713501,       39.1443557739
405.085022,       38.1156158447
405.456482,       37.0481834412
405.827911,       33.8499832153
406.199310,       32.5275688171
406.570648,       33.0856361389
406.942017,       33.4806365967
407.313263,       32.6140251160
407.684509,       33.2391128540
408.055725,       31.6516971588
408.426880,       31.0968437195
408.798035,       33.1813621521
409.169128,       33.4572181702
409.540161,       35.0157051086
409.911224,       35.3012962341
410.282196,       35.3870315552
410.653137,       34.8965530396
411.024048,       34.3516159058
411.394897,       35.6876258850
411.765747,       36.2808494568
412.136536,       35.2603759766
412.507324,       37.4017639160
412.878052,       36.6355476379
413.248718,       39.5459861755
413.619385,       39.5054054260
413.989990,       39.2324142456
414.360565,       39.6772994995
414.731110,       38.8794364929
415.101563,       39.4522781372
415.472076,       38.7610473633
415.842468,       38.1358604431
416.212891,       38.3833999634
416.583221,       36.2608489990
416.953522,       35.8525466919
417.323792,       33.5661163330
417.694031,       34.5971336365
418.064240,       35.1202087402
418.434418,       35.9139709473
418.804535,       36.9001579285
419.174622,       36.1263771057
419.544678,       34.8052520752
419.914673,       34.9059143066
420.284668,       32.6219902039
420.654572,       31.2584648132
421.024475,       28.4286708832
421.394348,       29.6594734192
421.764191,       29.7116317749
422.133972,       29.3371829987
422.503693,       30.6489620209
422.873444,       30.0082416534
423.243134,       29.6373157501
423.612762,       29.6697826385
423.982330,       27.8376255035
424.351929,       27.3770904541
424.721436,       26.8437347412
425.090942,       27.2414302826
425.460358,       26.6016426086
425.829773,       25.7050685883
426.199158,       24.2832546234
426.568481,       22.5986042023
426.937775,       22.2530822754
427.307037,       23.4745635986
427.676239,       22.6030178070
428.045441,       22.3649902344
428.414581,       22.0966053009
428.783722,       22.8250312805
429.152802,       21.0712299347
429.521790,       23.2253494263
429.890839,       22.7962150574
430.259766,       20.7477531433
430.628693,       22.3043155670
430.997589,       21.9289970398
431.366425,       21.3254280090
431.735229,       21.1171703339
432.104004,       20.7013645172
432.472748,       21.2856655121
432.841431,       20.9756870270
433.210052,       20.8364028931
433.578705,       20.0848026276
433.947266,       20.3407459259
434.315826,       19.9044456482
434.684326,       19.9692726135
435.052765,       19.1172122955
435.421204,       21.9638023376
435.789612,       21.5570411682
436.157959,       22.5439167023
436.526276,       21.1915054321
436.894531,       20.8614215851
437.262756,       17.9322643280
437.630951,       17.5845794678
437.999146,       17.3886604309
438.367249,       15.5876321793
438.735321,       15.2764291763
439.103394,       15.2736110687
439.471405,       15.4138031006
439.839386,       38.6120300293
440.207306,       38.4780883789
440.575195,       38.2244873047
440.943054,       37.3604316711
441.310883,       37.1456222534
441.678680,       37.2467575073
442.046387,       37.0911750793
442.414093,       36.6373825073
442.781799,       36.2123146057
443.149414,       34.5923843384
443.516998,       34.2623214722
443.884552,       33.3183631897
444.252045,       33.3690757751
444.619537,       33.0481567383
444.987000,       33.2372627258
445.354401,       33.2421684265
445.721710,       33.4436798096
446.089081,       33.3457031250
446.456360,       33.4239921570
446.823608,       33.1921920776
447.190826,       33.3435134888
447.557953,       12.1511297226
447.925110,       11.4967374802
448.292175,       11.2098541260
448.659271,       11.7063093185
449.026276,       11.3636379242
449.393250,       10.6511230469
449.760193,       10.6364269257
450.127075,       10.4159250259
450.493958,       10.4984836578
450.860779,        9.6578674316
451.227570,        9.7088909149
451.594330,        9.9285306931
451.960999,        9.9762144089
452.327698,       10.0869703293
452.694336,        9.4764623642
453.060913,        8.8739166260
453.427490,        8.3068151474
453.793976,        8.3180637360
454.160492,        7.8435964584
454.526917,        8.0193967819
454.893311,        7.5976462364
455.259674,        7.4795908928
455.626007,        7.5571646690
455.992310,        7.9291982651
456.358551,        7.3919095993
456.724731,        7.8749737740
457.090912,        8.1302947998
457.457031,        8.0820026398
457.823151,        8.1629171371
458.189209,        8.0045108795
458.555206,        8.2330217361
458.921173,        8.0609750748
459.287109,        7.7470722198
459.653015,        8.0185461044
460.018890,        7.8262805939
460.384705,        7.9444909096
460.750519,        7.5096516609
461.116241,        7.3415098190
461.481964,        6.9852471352
461.847626,        7.2797441483
462.213226,        7.0593452454
462.578827,        7.5151896477
462.944427,        7.1615447998
463.309906,        6.7922296524
463.675385,        6.2598810196
464.040802,        6.2001943588
464.406219,        5.9841604233
464.771606,        5.4747281075
465.136902,        5.3578476906
465.502197,        5.1377415657
465.867462,        5.1793055534
466.232635,        4.9468731880
466.597839,        4.8933796883
466.962921,        5.0651702881
467.328003,        4.6503920555
467.693054,        4.6679916382
468.058075,        4.5594291687
468.423035,        5.2677097321
468.787994,        5.4070091248
469.152863,        5.5789651871
469.517700,        5.2114615440
469.882538,        4.9218497276
470.247314,        4.2429413795
470.612061,        5.1346163750
470.976746,        5.0889506340
471.341431,        5.4176635742
471.706024,        5.5472536087
472.070618,        5.7443952560
472.435181,        5.6184029579
472.799622,        5.5744996071
473.164124,        5.9045391083
473.528534,        5.6836233139
473.892975,        5.6890273094
474.257294,        5.8612723351
474.621582,        5.6605343819
474.985870,        5.7327532768
475.350098,        6.0206046104
475.714325,        5.8431425095
476.078461,        5.6398715973
476.442535,        5.4215703011
476.806641,        5.2489733696
477.170685,        5.2275834084
477.534668,        5.1879839897
477.898621,        5.2973380089
478.262512,        4.6503057480
478.626404,        5.0877404213
478.990265,        4.8573627472
479.354065,        4.6436047554
479.717834,        4.2322816849
480.081512,        4.2942123413
480.445221,        4.2304592133
480.808899,        3.9990179539
481.172485,        4.1221385002
481.536041,        3.9536011219
481.899567,        4.0744595528
482.263062,        3.9087717533
482.626526,        3.9702668190
482.989929,        3.8198046684
483.353271,        3.8250617981
483.716583,        3.5642151833
484.079895,        3.5121343136
484.443146,        3.5423769951
484.806366,        3.6415748596
485.169525,        3.6896088123
485.532654,        3.5673069954
485.895752,        3.3870596886
486.258820,        3.0685939789
486.621857,        3.2531399727
486.984802,        3.3150627613
487.347748,        3.4356026649
487.710663,        3.3454198837
488.073517,        3.2515769005
488.436340,        3.3214137554
488.799072,        3.2150945663
489.161835,        3.1649510860
489.524536,        2.8495402336
489.887238,        2.8982715607
490.249847,        2.7668850422
490.612396,        2.5873074532
490.974915,        2.5494732857
491.337433,        2.5584349632
491.699921,        2.6573770046
492.062347,        2.8055834770
492.424713,        2.7214813232
492.787079,        2.6531693935
493.149353,        4.8530316353
493.511658,        4.9321341515
493.873871,        4.8785810471
494.236053,        4.7524495125
494.598206,        4.7762951851
494.960297,        4.7930784225
495.322388,        4.7912011147
495.684418,        4.7927441597
496.046356,        4.5770430565
496.408325,        4.5343899727
496.770264,        4.5479063988
497.132141,        4.6202712059
497.493958,        4.6649260521
497.855713,        4.6005306244
498.217499,        4.5307579041
498.579193,        4.5451664925
498.940887,        4.5778393745
499.302490,        4.5335197449
499.664093,        4.3533110619
500.025635,        4.2720870972
500.387177,        4.2421989441
500.748627,        2.2126321793
501.110077,        2.2845554352
501.471436,        2.2233216763
501.832825,        2.1627810001
502.194153,        2.1018884182
502.555389,        2.0238254070
502.916626,        2.1188473701
503.277802,        2.1491026878
503.638977,        2.3023202419
504.000092,        2.4315640926
504.361176,        2.4440011978
504.722198,        2.3243188858
505.083160,        2.2404563427
505.444153,        2.1953647137
505.805084,        2.2105774879
506.165924,        2.2203202248
506.526764,        2.2635152340
506.887543,        2.6097855568
507.248322,        2.7217817307
507.609070,        2.7632670403
507.969727,        2.7614238262
508.330322,        2.7854301929
508.690918,        2.6579916477
509.051514,        2.7279219627
509.412018,        2.7552521229
509.772491,        2.7902145386
510.132904,        2.9896619320
510.493286,        3.0864825249
510.853699,        3.0662667751
511.213989,        2.9575212002
511.574280,        2.8945729733
511.934509,        2.9021029472
512.294678,        3.0435285568
512.654846,        3.0523636341
513.014954,        3.1036980152
513.375061,        3.2234153748
513.735046,        3.2928256989
514.095032,        3.1919691563
514.455078,        2.9147827625
514.814941,        2.7727825642
515.174805,        2.7593598366
515.534607,        2.7879881859
515.894409,        2.8397727013
516.254211,        2.8331530094
516.613892,        2.8914093971
516.973572,        2.9385108948
517.333130,        2.9720778465
517.692749,        2.7933506966
518.052368,        2.6311316490
518.411865,        2.6849446297
518.771301,        2.7010734081
519.130737,        2.6986012459
519.490173,        2.8044033051
519.849548,        2.7797632217
520.208801,        2.8133265972
520.568054,        2.8643858433
520.927307,        2.7833962440
521.286499,        2.7604210377
521.645691,        2.9379830360
522.004822,        3.0223109722
522.363831,        3.0856096745
522.722839,        3.1188392639
523.081848,        3.1450693607
523.440796,        3.1760070324
523.799744,        3.2389500141
524.158569,        3.1681616306
524.517395,        3.1240906715
524.876160,        3.0780544281
525.234924,        3.1247603893
525.593628,        3.1657309532
525.952271,        3.4057478905
526.310913,        3.5330429077
526.669495,        3.5755612850
527.028076,        3.5182826519
527.386536,        3.6468982697
527.744995,        3.6956503391
528.103394,        3.7359867096
528.461792,        3.8978350163
528.820129,        4.0367765427
529.178406,        4.0252232552
529.536743,        4.0476794243
529.894958,        4.0779876709
530.253113,        4.1358900070
530.611267,        4.3475055695
530.969299,        4.4403786659
531.327393,        4.5483531952
531.685486,        4.6355328560
532.043335,        4.7053117752
532.401367,        4.7573909760
532.759216,        4.7915420532
533.117004,        4.8743009567
533.474915,        4.6726427078
533.832642,        4.6851658821
534.190430,        4.6963634491
534.548096,        4.7602076530
534.905762,        4.7128210068
535.263367,        4.7955760956
535.620850,        4.8341603279
535.978455,        4.7609272003
536.335876,        4.6772351265
536.693359,        4.6830697060
537.050781,        4.6441020966
537.408142,        4.7276678085
537.765442,        4.7088804245
538.122681,        4.5746560097
538.479919,        4.5510811806
538.837219,        4.4954161644
539.194336,        4.5512828827
539.551453,        4.6609196663
539.908508,        4.7863755226
540.265564,        4.7819890976
540.622559,        4.7533998489
540.979553,        4.7681469917
541.336426,        4.7563734055
541.693298,        4.7734470367
542.050110,        4.8278098106
542.406921,        4.8833332062
542.763672,        4.9190735817
543.120422,        4.9068708420
543.477051,        4.9404106140
543.833679,        4.9587669373
544.190308,        4.9230227470
544.546814,        4.9288501740
544.903381,        4.9263167381
545.259827,        4.9668617249
545.616211,        4.9646620750
545.972595,        4.9068555832
546.328979,        4.9187955856
546.685242,        4.8716664314
547.041504,        4.7853560448
547.397644,        4.6976356506
547.753906,        4.7169198990
548.110046,        4.7208490372
548.466125,        4.7142329216
548.822144,        4.6979231834
549.178223,        4.7089428902
549.534241,        4.7230916023
549.890137,        4.6530365944
550.246033,        4.6303586960
550.601868,        4.6283702850
550.957581,        4.6253457069
551.313416,        4.7283244133
551.669128,        4.7848644257
552.024841,        4.8287997246
552.380432,        4.7542419434
552.736023,        4.7445812225
553.091675,        4.8564205170
553.447144,        4.9207015038
553.802612,        4.9070324898
554.158020,        4.9767570496
554.513428,        4.9557228088
554.868774,        4.9514713287
555.224121,        5.0756721497
555.579346,        5.0916032791
555.934631,        5.1168270111
556.289734,        5.1423573494
556.644958,        5.2252116203
557.000000,        5.2263593674
557.355103,        5.2180480957
557.710083,        5.1868090630
558.065063,        5.1813030243
558.420105,        5.1720728874
558.774963,        5.0767903328
559.129822,        5.0770769119
559.484619,        5.0722141266
559.839355,        5.1142702103
560.194153,        5.0915846825
560.548828,        5.0026669502
560.903442,        4.9572257996
561.258057,        5.0004115105
561.612610,        4.9071078300
561.967224,        4.9065346718
562.321655,        4.8759889603
562.676086,        4.7326669693
563.030457,        4.7158312798
563.384827,        4.7169761658
563.739197,        4.6877245903
564.093445,        4.5864181519
564.447693,        4.5134468079
564.801880,        4.4796895981
565.156006,        4.4714288712
565.510132,        4.4596705437
565.864197,        4.4509739876
566.218262,        4.4185867310
566.572205,        4.3536238670
566.926086,        4.2831077576
567.280090,        4.2325034142
567.633972,        4.1981010437
567.987732,        4.1520352364
568.341553,        4.1214485168
568.695190,        4.0335888863
569.048950,        4.0372552872
569.402649,        4.0047535896
569.756165,        3.9835340977
570.109802,        3.9913892746
570.463257,        3.9588975906
570.816772,        3.9362423420
571.170227,        3.8895361423
571.523621,        3.8640716076
571.877014,        3.8199107647
572.230286,        3.7932262421
572.583557,        3.7374787331
572.936829,        3.6985199451
573.289978,        3.7157487869
573.643250,        3.7370231152
573.996216,        3.7220821381
574.349365,        3.7244081497
574.702393,        3.7493522167
575.055359,        3.7364869118
575.408325,        3.7205624580
575.761169,        3.7189807892
576.114075,        3.7266242504
576.466919,        3.6594014168
576.819641,        3.6329905987
577.172363,        3.6045868397
577.525085,        3.6073298454
577.877686,        3.6235661507
578.230286,        3.5759806633
578.582825,        3.5562248230
578.935425,        3.5176997185
579.287903,        3.4945340157
579.640320,        3.4692282677
579.992676,        3.4472684860
580.345093,        3.4202389717
580.697388,        3.3630344868
581.049683,        3.2849588394
581.401855,        3.2440059185
581.754089,        3.3251504898
582.106201,        3.3401415348
582.458313,        3.3778946400
582.810425,        3.3490829468
583.162354,        3.3138017654
583.514404,        3.3274624348
583.866272,        3.3155839443
584.218201,        3.3192739487
584.570068,        3.3765997887
584.921875,        3.3261353970
585.273560,        3.2958772182
585.625305,        3.3758242130
585.977051,        3.3512978554
586.328674,        3.4953813553
586.680237,        3.4877378941
587.031799,        3.5288400650
587.383301,        3.5512759686
587.734802,        3.5674710274
588.086243,        3.5693831444
588.437561,        3.5879795551
588.788940,        3.6242551804
589.140198,        3.5097851753
589.491516,        3.4215192795
589.842712,        3.3757579327
590.193848,        3.4162487984
590.544983,        3.4156899452
590.896057,        3.4091081619
591.247192,        3.4118275642
591.598145,        3.3880181313
591.949158,        3.3025054932
592.300049,        3.3010258675
592.650879,        3.2599151134
593.001770,        3.1584706306
593.352539,        3.1751234531
593.703308,        3.0799655914
594.054016,        3.0861506462
594.404663,        3.0632719994
594.755310,        3.0911717415
595.105896,        3.0602955818
595.456360,        3.0428521633
595.806885,        3.0014388561
596.157349,        3.0063796043
596.507751,        3.0649077892
596.858154,        3.0820126534
597.208435,        3.0811336040
597.558777,        3.0729746819
597.908997,        3.0524964333
598.259216,        2.9864449501
598.609314,        3.0086560249
598.959473,        3.0331487656
599.309570,        3.0677509308
599.659546,        3.0966129303
600.009583,        3.1449449062
600.359497,        3.1632039547
600.709412,        3.1453554630
601.059265,        3.1204926968
601.409058,        3.2099478245
601.758850,        3.2052323818
602.108521,        3.1384727955
602.458191,        3.1672601700
602.807922,        3.1474425793
603.157471,        3.1708381176
603.507080,        3.1226477623
603.856567,        3.0826835632
604.205994,        3.0515880585
604.555542,        3.0337700844
604.904846,        2.9937214851
605.254211,        3.0101201534
605.603516,        3.1898987293
605.952759,        3.2067525387
606.302063,        3.1830549240
606.651123,        3.1647615433
607.000305,        3.1459021568
607.349365,        3.0941967964
607.698425,        3.0590593815
608.047485,        3.0687510967
608.396362,        3.0367941856
608.745300,        2.9205152988
609.094177,        2.8842813969
609.442993,        2.8889200687
609.791809,        2.8396677971
610.140503,        2.8315060139
610.489258,        2.7823946476
610.837891,        2.8026175499
611.186523,        2.7646229267
611.535156,        2.7552752495
611.883606,        2.7414894104
612.232178,        2.8152477741
612.580566,        2.8325364590
612.928955,        2.6679894924
613.277344,        2.6157588959
613.625610,        2.6141133308
613.973938,        2.5986685753
614.322144,        2.5855429173
614.670288,        2.5981924534
615.018555,        2.6039323807
615.366516,        2.5706911087
615.714661,        2.5396277905
616.062622,        2.5924301147
616.410645,        2.5937025547
616.758606,        2.6047482491
617.106445,        2.5923678875
617.454285,        2.5835781097
617.802063,        2.6302325726
618.149841,        2.6050317287
618.497559,        2.5967576504
618.845215,        2.6352577209
619.192871,        2.6517176628
619.540466,        2.5495610237
619.888000,        2.4955911636
620.235535,        2.4967246056
620.582886,        2.4981172085
620.930359,        2.4743580818
621.277710,        2.4448211193
621.625061,        2.4046835899
621.972351,        2.3753187656
622.319519,        2.3468005657
622.666809,        2.3672647476
623.013916,        2.3846790791
623.361023,        2.3599853516
623.708130,        2.3811237812
624.055054,        2.3778588772
624.402100,        2.3638739586
624.749023,        2.4080643654
625.095947,        2.4040794373
625.442810,        2.3923158646
625.789551,        2.3721015453
626.136353,        2.3509531021
626.483032,        2.3534593582
626.829712,        2.4168725014
627.176392,        2.4422731400
627.522949,        2.4247143269
627.869507,        2.4098181725
628.216003,        2.4012484550
628.562500,        2.4083175659
628.908936,        2.4114248753
629.255310,        2.4029753208
629.601624,        2.4280536175
629.947876,        2.4090027809
630.294067,        2.4835462570
630.640320,        2.4396014214
630.986511,        2.4070127010
631.332642,        2.3599793911
631.678650,        2.3935215473
632.024658,        2.3275821209
632.370728,        2.3359966278
632.716614,        2.3261942863
633.062500,        2.3410658836
633.408325,        2.3358459473
633.754089,        2.4258072376
634.099915,        2.3725097179
634.445679,        2.3664736748
634.791321,        2.3877294064
635.136963,        2.4528765678
635.482483,        2.4448351860
635.828125,        2.4211184978
636.173584,        2.3847968578
636.519043,        2.3972702026
636.864502,        2.3701272011
637.209778,        2.3862450123
637.555237,        2.2789945602
637.900452,        2.2711586952
638.245728,        2.2699990273
638.590881,        2.2536091805
638.935974,        2.2150199413
639.281189,        2.2105391026
639.626221,        2.2300341129
639.971191,        2.2307500839
640.316223,        2.2105007172
640.661072,        2.1823129654
641.006042,        2.0608432293
641.350891,        2.0368132591
641.695679,        2.0106287003
642.040466,        1.9419152737
642.385071,        1.8227405548
642.729858,        1.7946600914
643.074463,        1.7847051620
643.419067,        1.7857342958
643.763611,        1.7871730328
644.108032,        1.7743189335
644.452515,        1.7246571779
644.796936,        1.6907404661
645.141296,        1.6963815689
645.485657,        1.6939120293
645.829834,        1.6606966257
646.174133,        1.6365140676
646.518311,        1.6119085550
646.862427,        1.5284990072
647.206604,        1.4752297401
647.550598,        1.4763256311
647.894653,        1.4394146204
648.238647,        1.4120608568
648.582458,        1.3937994242
648.926453,        1.3735555410
649.270203,        1.3842029572
649.614075,        1.3906877041
649.957764,        1.4303669930
650.301453,        1.4143621922
650.645142,        1.4066168070
650.988708,        1.3675814867
651.332336,        1.3361762762
651.675842,        1.3247013092
652.019348,        1.3601565361
652.362854,        1.3283902407
652.706177,        1.2690916061
653.049561,        1.2859857082
653.392883,        1.2826517820
653.736084,        1.2583559752
654.079346,        1.2817183733
654.422424,        1.2801270485
654.765625,        1.2582870722
655.108765,        1.2661623955
655.451721,        1.2325942516
655.794800,        1.2237511873
656.137695,        1.1924816370
656.480591,        1.1820652485
656.823486,        1.1702605486
657.166260,        1.0982825756
657.509094,        1.0865663290
657.851807,        1.0713562965
658.194519,        1.0230598450
658.537109,        1.1272512674
658.879761,        1.1171108484
659.222351,        1.1031324863
659.564758,        1.0988805294
659.907349,        1.0958038568
660.249695,        1.0897903442
660.592041,        1.1107728481
660.934448,        1.1318958998
661.276672,        1.0802990198
661.619019,        1.0742428303
661.961182,        1.0623939037
662.303284,        1.0548052788
662.645508,        1.0564035177
662.987427,        1.0341398716
663.329529,        1.0368400812
663.671448,        1.0186222792
664.013428,        1.0297960043
664.355347,        1.0381722450
664.697205,        1.1662178040
665.039001,        1.1722648144
665.380676,        1.2015527487
665.722412,        1.1281549931
666.064148,        1.1338094473
666.405701,        1.1095647812
666.747253,        1.0698777437
667.088806,        1.0659168959
667.430298,        1.0415148735
667.771790,        1.0025175810
668.113159,        0.9893652797
668.454529,        0.9938024282
668.795837,        0.9935584068
669.137085,        0.9863565564
669.478394,        0.9673779607
669.819519,        1.0008939505
670.160645,        1.0097919703
670.501709,        0.9788991809
670.842773,        0.9572818875
671.183777,        0.9616001248
671.524719,        0.9500010014
671.865662,        0.8319125772
672.206482,        0.8057427406
672.547302,        0.7814957500
672.888123,        0.7915311456
673.228821,        0.7802355289
673.569458,        0.7708808184
673.910095,        0.7762874961
674.250732,        0.7845577598
674.591370,        0.7967286706
674.931824,        0.7736501098
675.272217,        0.7470863461
675.612732,        0.7162928581
675.953003,        0.7110887766
676.293396,        0.6941400766
676.633667,        0.6963873506
676.973877,        0.6598952413
677.314148,        0.6607763767
677.654236,        0.6676439643
677.994385,        0.6733195782
678.334412,        0.6417834163
678.674438,        0.6432420611
679.014404,        0.6356208324
679.354309,        0.6538185477
679.694214,        0.6477357149
680.034058,        0.6230170131
680.373840,        0.6144801378
680.713623,        0.6352300048
681.053223,        0.6500566602
681.392944,        0.7454090714
681.732544,        1.3880004883
682.072083,        3.7677929401
682.411621,        3.8632891178
682.751038,        3.8960390091
683.090515,        3.9002592564
683.429871,        3.8970167637
683.769226,        3.9513483047
684.108582,        3.9820845127
684.447754,        3.9833242893
684.786987,        4.0031557083
685.126160,        4.0165772438
685.465210,        4.0520133972
685.804382,        4.1029424667
686.143311,        4.1371135712
686.482361,        4.1663975716
686.821289,        4.2388663292
687.160156,        4.2565660477
687.499023,        4.2969198227
687.837769,        4.4203166962
688.176514,        4.4839806557
688.515259,        4.4676628113
688.853882,        3.9412851334
689.192566,        1.6496965885
689.531067,        1.6450951099
689.869629,        1.7562608719
690.208130,        1.8507471085
690.546570,        1.9868919849
690.885010,        2.0304830074
691.223267,        2.1337738037
691.561584,        2.2621052265
691.899841,        2.4401540756
692.238037,        2.5916852951
692.576294,        2.7428274155
692.914307,        2.9064729214
693.252380,        3.0519304276
693.590454,        3.1901605129
693.928406,        3.3200368881
694.266357,        3.5072293282
694.604187,        3.6985497475
694.942078,        3.8059744835
695.279907,        3.9823281765
695.617615,        4.2000970840
695.955444,        4.3444743156
696.292969,        4.5683121681
696.630676,        4.7857723236
696.968201,        4.9708986282
697.305725,        5.2766418457
697.643250,        5.4798378944
697.980652,        5.7317261696
698.318054,        5.9833021164
698.655396,        6.2388854027
698.992676,        6.4168000221
699.330017,        6.6680879593
699.667175,        6.8715462685
700.004395,        7.1062474251
700.341492,        7.3483676910
700.678528,        7.6443967819
701.015564,        7.9298496246
701.352478,        8.1614341736
701.689514,        8.4220743179
702.026428,        8.7178373337
702.363220,        8.9894580841
702.700073,        9.2052354813
703.036804,        9.5123138428
703.373474,        9.7851085663
703.710144,       10.1020288467
704.046814,       10.3586559296
704.383362,       10.5104475021
704.719910,       10.8258609772
705.056335,       11.0845327377
705.392761,       11.3701667786
705.729187,       11.6138238907
706.065552,       11.8771724701
706.401855,       12.1266956329
706.738098,       12.4668779373
707.074280,       12.7303867340
707.410461,       13.0175304413
707.746643,       13.3108482361
708.082642,       13.5842304230
708.418701,       13.8834085464
708.754639,       14.1616239548
709.090576,       14.3741111755
709.426514,       14.6623907089
709.762329,       15.0138168335
710.098083,       15.2735996246
710.433838,       15.5401210785
710.769592,       15.8170337677
711.105286,       16.1021060944
711.440796,       16.3941040039
711.776367,       16.6399002075
712.112000,       16.8983154297
712.447388,       17.1594333649
712.782837,       17.4861946106
713.118225,       17.7862892151
713.453552,       18.0561256409
713.788818,       18.2803249359
714.124023,       18.5491523743
714.459290,       18.8189125061
714.794434,       18.9960231781
715.129517,       19.2731971741
715.464661,       19.5283775330
715.799622,       19.7700843811
716.134583,       20.0768699646
716.469482,       20.3592014313
716.804321,       20.5804386139
717.139221,       20.8518257141
717.473938,       21.0995349884
717.808777,       21.3393020630
718.143433,       21.5793113708
718.478088,       21.9263191223
718.812683,       22.1595611572
719.147217,       22.4586315155
719.481750,       22.6960010529
719.816223,       22.9505577087
720.150574,       23.2720146179
720.485046,       23.5628299713
720.819214,       23.8417453766
721.153564,       24.1130771637
721.487854,       24.3785247803
721.821960,       24.6798896790
722.156189,       25.0944995880
722.490234,       25.3872928619
722.824341,       25.6620922089
723.158264,       25.9959545135
723.492249,       26.2571010590
723.826172,       26.4921302795
724.159973,       26.7876682281
724.493835,       27.0580520630
724.827576,       27.2921943665
725.161316,       27.6128082275
725.494995,       27.8194866180
725.828613,       28.0796165466
726.162231,       28.3282070160
726.495728,       28.6481170654
726.829163,       28.8930778503
727.162720,       29.0912837982
727.496033,       29.3232078552
727.829468,       29.5889854431
728.162720,       29.8224029541
728.496033,       30.0442066193
728.829224,       30.2601490021
729.162354,       30.3225879669
729.495483,       30.5173816681
729.828552,       30.7657184601
730.161560,       30.9295883179
730.494629,       31.1205272675
730.827454,       31.3545761108
731.160400,       31.5529346466
731.493225,       31.8111934662
731.825989,       32.0562057495
732.158813,       32.2823333740
732.491455,       32.4898796082
732.824158,       32.7235298157
733.156799,       32.9835052490
733.489319,       33.1181869507
733.821899,       33.2772712708
734.154236,       33.4781188965
734.486755,       33.6682815552
734.819092,       33.8499298096
735.151428,       34.0048980713
735.483765,       34.2025413513
735.815857,       34.3629493713
736.148132,       34.5405311584
736.480286,       34.7467994690
736.812378,       34.8834037781
737.144470,       35.0226402283
737.476379,       35.1811103821
737.808411,       35.3414726257
738.140259,       35.5097846985
738.472168,       35.6334075928
738.804016,       35.7469329834
739.135742,       35.8431053162
739.467468,       36.0467567444
739.799133,       36.2104339600
740.130798,       36.2804298401
740.462402,       36.5251083374
740.793884,       36.7798690796
741.125366,       36.9029464722
741.456848,       37.0232582092
741.788208,       37.1628532410
742.119568,       37.2775840759
742.450928,       37.4048309326
742.782166,       37.5773429871
743.113281,       37.7679634094
743.444458,       37.9224624634
743.775635,       38.0527954102
744.106689,       38.1777153015
744.437683,       38.2781867981
744.768677,       38.4231910706
745.099609,       38.4909553528
745.430481,       38.6338958740
745.761353,       38.7655029297
746.092102,       38.8860435486
746.422852,       38.9273529053
746.753479,       38.9959526062
747.084229,       39.0993156433
747.414795,       39.0808982849
747.745300,       39.1356124878
748.075806,       39.1978187561
748.406311,       39.3062934875
748.736694,       39.3391113281
749.067078,       39.4405288696
749.397400,       39.5391807556
749.727722,       39.6002693176
750.057861,       39.6387176514
750.388062,       39.7034111023
750.718201,       39.7706756592
751.048279,       39.8237533569
751.378357,       39.9079818726
751.708252,       39.9367218018
752.038208,       40.0421295166
752.368164,       40.0281982422
752.697937,       40.0621261597
753.027832,       40.0882263184
753.357483,       40.1529159546
753.687256,       40.1933708191
754.016907,       40.3027076721
754.346497,       40.3807449341
754.676147,       40.3502464294
755.005493,       40.3729476929
755.335083,       40.3825187683
755.664490,       40.4160499573
755.993835,       40.4398574829
756.323181,       40.4435997009
756.652405,       40.4556999207
756.981689,       40.3805770874
757.310852,       40.3901786804
757.640015,       40.4502983093
757.969177,       40.4234046936
758.298096,       40.4135627747
758.627197,       40.4331016541
758.956116,       40.3572998047
759.284973,       40.3689804077
759.613892,       40.3599700928
759.942627,       40.3804969788
760.271423,       40.3570785522
760.600159,       40.3050422668
760.928772,       40.3021812439
761.257446,       40.2234802246
761.585999,       40.2237472534
761.914490,       40.3185310364
762.242981,       40.3257713318
762.571350,       40.3316841125
762.899841,       40.3142318726
763.228088,       40.3443717957
763.556396,       40.3415031433
763.884644,       40.3793258667
764.212830,       40.3689613342
764.541016,       40.3233299255
764.869080,       40.3723754883
765.197144,       40.3957443237
765.525146,       40.3803482056
765.853088,       40.4794769287
766.181030,       40.5438232422
766.508789,       40.5329208374
766.836670,       40.5346260071
767.164429,       40.5666847229
767.492126,       40.6194839478
767.819824,       40.5374412537
768.147400,       40.6211509705
768.475037,       40.5769119263
768.802490,       40.5742034912
769.130005,       40.5914688110
769.457458,       40.5640716553
769.784790,       40.6580238342
770.112183,       40.6201171875
770.439453,       40.6199836731
770.766663,       40.6845245361
771.093872,       40.6739196777
771.420959,       40.6831665039
771.748108,       40.6498870850
772.075195,       40.6696929932
772.402161,       40.6663551331
772.729126,       40.5899085999
773.055969,       40.5114135742
773.382874,       40.5251312256
773.709717,       40.4669647217
774.036438,       40.3791275024
774.363159,       40.3988227844
774.689758,       40.4483642578
775.016479,       40.3862075806
775.343018,       40.4182891846
775.669495,       40.3342437744
775.996033,       40.2880935669
776.322449,       40.3566207886
776.648865,       40.2753219604
776.975098,       40.3154182434
777.301453,       40.3628425598
777.627686,       40.3393707275
777.953857,       40.3903579712
778.280029,       40.3673667908
778.606079,       40.4806404114
778.932068,       40.4181251526
779.258179,       40.4123382568
779.584045,       40.4204292297
779.909973,       40.4364204407
780.235840,       40.4079360962
780.561646,       40.4712295532
780.887390,       40.4506607056
781.213135,       40.3897132874
781.538757,       40.3332786560
781.864380,       41.0399360657
782.189880,       41.0959434509
782.515442,       41.0231513977
782.840942,       41.0661888123
783.166321,       41.0340118408
783.491699,       41.0452957153
783.817017,       40.9554748535
784.142395,       40.9149665833
784.467529,       40.8634757996
784.792725,       40.8005523682
785.117859,       40.7616653442
785.442932,       40.6717605591
785.768005,       40.7129402161
786.092957,       40.7085494995
786.417908,       40.6873321533
786.742798,       40.6909141541
787.067566,       40.7031707764
787.392456,       40.6676292419
787.717163,       40.7781448364
788.041870,       40.7817268372
788.366577,       40.7531738281
788.691101,       39.9300537109
789.015686,       40.0070419312
789.340149,       40.0919227600
789.664673,       40.1479606628
789.989075,       40.1250495911
790.313354,       40.2829132080
790.637756,       40.3748092651
790.962036,       40.3734092712
791.286194,       40.4629859924
791.610413,       40.4643402100
791.934448,       40.5212135315
792.258606,       40.5601158142
792.582581,       40.6194725037
792.906555,       40.6404075623
793.230530,       40.6229591370
793.554321,       40.6064338684
793.878174,       40.6265258789
794.201965,       40.6130714417
794.525696,       40.5922966003
794.849426,       40.6222610474
795.172974,       40.6670570374
795.496643,       40.8406600952
795.820129,       40.7747268677
796.143616,       40.8121528625
796.467102,       40.7605628967
796.790405,       40.8089218140
797.113831,       40.6386489868
797.437134,       40.6156616211
797.760315,       40.6406707764
798.083618,       40.5466842651
798.406677,       40.6030540466
798.729797,       40.6696166992
799.052856,       40.6524887085
799.375854,       40.5225715637
799.698853,       40.5374298096
800.021729,       40.6418800354
800.344604,       40.6636428833
800.667358,       40.7306327820
800.990112,       40.7411231995
801.312866,       40.7704772949
801.635498,       40.8176040649
801.958191,       40.8593444824
802.280701,       40.8026313782
802.603210,       40.7837524414
802.925781,       40.7542572021
803.248108,       40.7520523071
803.570496,       40.7506256104
803.892822,       40.8094139099
804.215088,       40.8313598633
804.537354,       40.8289031982
804.859436,       40.8471755981
805.181641,       40.7247314453
805.503723,       40.6766510010
805.825745,       40.7191429138
806.147766,       40.8282089233
806.469604,       40.8155860901
806.791504,       40.8490295410
807.113342,       40.8973083496
807.435181,       40.8646507263
807.756897,       40.9570388794
808.078552,       40.9104881287
808.400208,       41.0034980774
808.721802,       41.0429420471
809.043335,       41.0364761353
809.364929,       41.0834922791
809.686279,       41.0844726563
810.007751,       41.1040878296
810.329041,       41.0456123352
810.650330,       41.0545310974
810.971619,       41.0236663818
811.292786,       41.0333099365
811.613953,       41.0422134399
811.935059,       41.1227836609
812.256104,       41.1161117554
812.577148,       41.0395927429
812.898071,       41.0166549683
813.218994,       40.9909858704
813.539795,       40.9063491821
813.860596,       40.9197463989
814.181396,       40.8698730469
814.502136,       40.7710418701
814.822754,       40.8461380005
815.143372,       40.7229194641
815.463928,       40.6711463928
815.784485,       40.6859359741
816.104919,       40.5916709900
816.425354,       40.5994834900
816.745728,       40.5563850403
817.065979,       40.6060256958
817.386353,       40.5792846680
817.706421,       40.6302757263
818.026733,       40.6180305481
818.346863,       40.6098670959
818.666809,       40.7070617676
818.986938,       40.7295379639
819.306824,       40.7278556824
819.626770,       40.7374382019
819.946716,       40.7959823608
820.266479,       40.8969802856
820.586304,       40.8343658447
820.905945,       40.8975028992
821.225647,       40.9176864624
821.545349,       40.9321899414
821.864868,       40.8962593079
822.184448,       41.0128250122
822.503845,       41.0576019287
822.823364,       41.0850257874
823.142761,       41.1326255798
823.462036,       41.1869163513
823.781372,       41.1208267212
824.100525,       41.1137199402
824.419800,       41.0779724121
824.738953,       41.0957489014
825.057922,       41.1283226013
825.377014,       40.9813842773
825.695984,       41.0084152222
826.014954,       41.0595397949
826.333862,       41.0303306580
826.652649,       40.9954071045
826.971497,       40.9177169800
827.290100,       40.9969902039
827.608887,       41.0014381409
827.927612,       41.0469131470
828.246094,       40.9846725464
828.564697,       41.0172653198
828.883118,       40.9011421204
829.201599,       40.8322067261
829.520020,       40.8063354492
829.838318,       40.8008918762
830.156616,       40.7630577087
830.474854,       40.7647552490
830.793091,       40.8235855103
831.111267,       40.7869834900
831.429260,       40.8133468628
831.747437,       40.8277664185
832.065308,       40.8902244568
832.383362,       40.9578514099
832.701233,       40.9918708801
833.019043,       40.9593505859
833.336914,       40.9458236694
833.654663,       40.9599914551
833.972351,       40.9094734192
834.289978,       40.9433288574
834.607483,       41.0022392273
834.925171,       41.0235061646
835.242676,       41.0325393677
835.560059,       41.0986061096
835.877502,       41.1167030334
836.194763,       41.1312713623
836.512146,       41.0870933533
836.829468,       41.1194610596
837.146545,       41.2241973877
837.463745,       41.1433219910
837.780823,       41.2095985413
838.097900,       41.2074470520
838.414917,       41.2484550476
838.731873,       41.2238540649
839.048828,       41.1317558289
839.365540,       41.1018829346
839.682434,       41.1777687073
839.999207,       41.2542991638
840.315857,       41.2583580017
840.632568,       41.2302818298
840.949097,       41.2004089355
841.265747,       41.1170425415
841.582275,       41.1875762939
841.898682,       41.2573890686
842.215088,       41.2548027039
842.531433,       41.2264099121
842.847778,       41.2262611389
843.164063,       41.2740097046
843.480164,       41.3041496277
843.796387,       41.2492866516
844.112427,       41.2785835266
844.428528,       41.2996635437
844.744568,       41.2656173706
845.060486,       41.3827819824
845.376404,       41.3867263794
845.692200,       41.3576011658
846.008057,       41.3495750427
846.323853,       41.3708610535
846.639465,       41.3335609436
846.955139,       41.2957916260
847.270691,       41.3755416870
847.586304,       41.3937950134
847.901855,       41.4033432007
848.217224,       41.3243560791
848.532715,       41.2925872803
848.847961,       41.3374137878
849.163330,       41.3762130737
849.478638,       41.3782081604
849.793823,       41.3910102844
850.108948,       41.3243331909
850.424011,       41.3841400146
850.739136,       41.4417877197
851.054199,       41.4294700623
851.369019,       41.4159278870
851.684021,       41.3088035583
851.998779,       41.3808784485
852.313660,       41.4549636841
852.628418,       41.4826316833
852.943054,       41.5130805969
853.257751,       41.5713233948
853.572327,       41.6305389404
853.886841,       41.5974807739
854.201477,       41.6425285339
854.515808,       41.7297363281
854.830261,       41.7477416992
855.144592,       41.7611503601
855.458862,       41.6326637268
855.773193,       41.6325111389
856.087280,       41.6611404419
856.401489,       41.6234588623
856.715515,       41.7399406433
857.029602,       41.7478752136
857.343628,       41.6455993652
857.657532,       41.6725463867
857.971497,       41.7612266541
858.285278,       41.7755165100
858.599121,       41.7591743469
858.912903,       41.6960792542
859.226501,       41.6921806335
859.540222,       41.6633987427
859.853699,       41.6645202637
860.167297,       41.6441192627
860.480896,       41.7319717407
860.794250,       41.7603607178
861.107666,       41.7457008362
861.420959,       41.7999343872
861.734314,       41.7952880859
862.047546,       41.8106880188
862.360657,       41.8851509094
862.673889,       42.0033302307
862.986938,       42.0046730042
863.299988,       41.9973831177
863.613037,       42.0604362488
863.925903,       42.1392860413
864.238831,       42.2187652588
864.551575,       42.1583290100
864.864380,       42.1118812561
865.177185,       42.0786972046
865.489807,       42.1666564941
865.802490,       42.1748046875
866.114990,       42.1461486816
866.427612,       42.2245292664
866.740112,       42.2159996033
867.052429,       42.1702499390
867.364868,       42.0785369873
867.677124,       42.1061897278
867.989502,       42.1534233093
868.301758,       42.1888275146
868.613831,       42.2485542297
868.926025,       42.1865386963
869.238159,       42.0702667236
869.550049,       42.0849075317
869.862122,       42.0945587158
870.173950,       42.0350608826
870.485901,       42.0580368042
870.797791,       41.9643783569
871.109497,       42.0230407715
871.421204,       41.9925842285
871.732849,       42.0423049927
872.044495,       42.0650787354
872.356079,       42.0408706665
872.667542,       42.0835609436
872.979065,       42.0401382446
873.290344,       42.0727806091
873.601807,       42.0357589722
873.913147,       42.0677680969
874.224304,       42.0089912415
874.535645,       41.9439163208
874.846741,       41.9232025146
875.157837,       41.9704971313
875.468994,       42.0585823059
875.779907,       42.0468292236
876.090881,       42.0577239990
876.401733,       41.9920005798
876.712646,       41.9675636292
877.023499,       41.9831886292
877.334167,       42.0096740723
877.644897,       41.9731216431
877.955505,       42.0285110474
878.266113,       42.0645637512
878.576721,       42.0189857483
878.887146,       42.0842514038
879.197571,       42.0607337952
879.507996,       42.0517158508
879.818298,       42.0850563049
880.128662,       42.2887535095
880.438843,       42.2769966125
880.749084,       42.3792800903
881.059143,       42.7691307068
881.369263,       42.7585411072
881.679382,       42.6552276611
881.989258,       42.6698226929
882.299194,       42.6784324646
882.609070,       42.7258491516
882.918945,       42.7598838806
883.228760,       42.7439498901
883.538452,       42.7070426941
883.848145,       42.8560028076
884.157654,       42.9394111633
884.467285,       42.9883613586
884.776917,       42.9061012268
885.086243,       42.9869575500
885.395813,       42.9995460510
885.705017,       43.0102615356
886.014404,       42.9621772766
886.323730,       42.9623336792
886.632874,       42.8260154724
886.942078,       42.9174346924
887.251160,       42.8904228210
887.560242,       42.4600601196
887.869263,       42.5488090515
888.178162,       42.6036567688
888.487122,       42.4960098267
888.795898,       42.5257835388
889.104797,       42.4817008972
889.413513,       42.5068473816
889.722168,       42.6313400269
890.030884,       42.6874160767
890.339417,       42.5438041687
890.648010,       42.4748039246
890.956543,       42.4093627930
891.264893,       42.4281311035
891.573364,       42.2798995972
891.881653,       42.2645721436
892.189941,       42.3114624023
892.498230,       42.4839897156
892.806335,       42.4633712769
893.114502,       42.4600982666
893.422546,       42.4578247070
893.730652,       42.4243049622
894.038696,       42.5752792358
894.346497,       42.4961929321
894.654419,       42.5303192139
894.962158,       42.5888786316
895.270020,       42.5815811157
895.577759,       42.6105957031
895.885376,       42.6867561340
896.192993,       42.6313247681
896.500549,       42.6400108337
896.808044,       42.6874237061
897.115601,       42.7598609924
897.422913,       42.9550743103
897.730347,       43.0486373901
898.037598,       43.2055931091
898.344910,       43.1739349365
898.652161,       43.1694679260
898.959167,       43.1081161499
899.266418,       43.1644897461
899.573364,       43.2441902161
899.880371,       43.1876640320
900.187378,       43.1731300354
900.494202,       43.0821342468
900.801086,       43.0860824585
901.107788,       43.1156692505
901.414612,       43.1504058838
901.721375,       43.1948547363
902.027832,       43.2675552368
902.334534,       43.1555938721
902.641113,       43.1892738342
902.947510,       43.2019729614
903.253967,       43.1350402832
903.560242,       43.0853004456
903.866638,       42.9375228882
904.172974,       42.8864517212
904.479126,       42.8389778137
904.785278,       42.8960952759
905.091370,       42.8512420654
905.397461,       42.7512893677
905.703552,       42.6786918640
906.009399,       42.6554412842
906.315369,       42.7980613708
906.621155,       42.8002548218
906.927002,       42.8110466003
907.232788,       42.8691520691
907.538452,       42.8655815125
907.844116,       42.8742942810
908.149658,       42.8632545471
908.455200,       42.8232231140
908.760803,       42.8782730103
909.066162,       42.8274726868
909.371582,       42.7958946228
909.676880,       42.8027153015
909.982178,       42.8480606079
910.287476,       42.8366012573
910.592529,       42.8955497742
910.897705,       42.9625320435
911.202759,       42.9955673218
911.507813,       43.0674972534
911.812805,       43.1191940308
912.117676,       43.1349716187
912.422546,       43.1248664856
912.727356,       43.0585708618
913.032104,       43.0470428467
913.336853,       43.0411949158
913.641479,       42.9826812744
913.946106,       42.9145698547
914.250610,       43.0041732788
914.555115,       43.0591659546
914.859619,       43.0809364319
915.163940,       43.0550155640
915.468323,       43.1120948792
915.772583,       43.1419296265
916.076843,       43.1634864807
916.381104,       43.1739730835
916.685120,       43.2447242737
916.989258,       43.2405395508
917.293213,       43.2043533325
917.597290,       43.4068145752
917.901184,       43.6735916138
918.205017,       43.7143554688
918.508850,       43.8099632263
918.812561,       43.7980270386
919.116333,       43.7593116760
919.420044,       43.7482223511
919.723572,       43.8192977905
920.027222,       43.8811302185
920.330627,       43.8610839844
920.634094,       43.7995834351
920.937561,       43.7582969666
921.240784,       43.8949356079
921.544189,       43.9138298035
921.847351,       43.8641929626
922.150574,       43.9489784241
922.453735,       44.0290946960
922.756775,       43.9133911133
923.059875,       43.8542785645
923.362793,       43.8007125854
923.665771,       43.8799972534
923.968689,       43.6079521179
924.271362,       43.3151206970
924.574219,       43.2929000854
924.876892,       43.1962623596
925.179565,       43.1640319824
925.482239,       43.0892486572
925.784729,       43.2353630066
926.087280,       43.1310272217
926.389648,       43.1174468994
926.692078,       43.1681671143
926.994507,       43.1116676331
927.296692,       43.0817756653
927.599060,       42.9746971130
927.901123,       42.9177055359
928.203308,       42.9713439941
928.505432,       42.8077049255
928.807434,       42.7791824341
929.109436,       42.8413963318
929.411316,       42.8424758911
929.713196,       42.8231773376
930.015015,       42.6789512634
930.316711,       42.8286247253
930.618530,       42.7326240540
930.920105,       42.7229957581
931.221802,       42.8689422607
931.523315,       42.7933273315
931.824829,       42.8737220764
932.126282,       42.8027877808
932.427612,       42.7949981689
932.729004,       42.8723335266
933.030334,       42.8756103516
933.331482,       42.9086761475
933.632751,       42.8818702698
933.933777,       42.7666244507
934.234924,       42.9086837769
934.536011,       42.9277610779
934.836914,       42.9966583252
935.137878,       42.8172760010
935.438660,       42.8460083008
935.739502,       42.8594093323
936.040344,       42.9183883667
936.340942,       42.9226264954
936.641663,       42.7881965637
936.942383,       42.9703063965
937.242798,       43.1161422729
937.543335,       42.9263496399
937.843750,       43.0405845642
938.144165,       43.0537223816
938.444580,       43.0817794800
938.744751,       43.0482559204
939.045044,       43.0475654602
939.345154,       43.2193412781
939.645325,       43.2176094055
939.945435,       43.4954719543
940.245361,       43.5618591309
940.545410,       43.5443801880
940.845215,       43.5058708191
941.145142,       43.6299667358
941.445007,       43.8484497070
941.744629,       43.8849525452
942.044434,       43.8935890198
942.343994,       43.9350242615
942.643677,       43.9657325745
942.943237,       44.0420837402
943.242676,       44.0117492676
943.542114,       44.0288200378
943.841431,       44.0996208191
944.140808,       44.0150337219
944.440125,       44.1123199463
944.739258,       44.1668319702
945.038513,       44.1789779663
945.337524,       44.1284027100
945.636597,       43.9517974854
945.935669,       43.9950752258
946.234558,       43.7558135986
946.533508,       43.7528686523
946.832275,       43.8698844910
947.131165,       43.8873825073
947.429932,       43.7034568787
947.728516,       43.5990219116
948.027222,       43.6162757874
948.325745,       43.6563072205
948.624329,       43.9049224854
948.922852,       43.8564643860
949.221191,       43.8630294800
949.519592,       43.9856719971
949.817810,       43.9102554321
950.116150,       44.1453475952
950.414368,       44.2075500488
950.712463,       44.0688095093
951.010620,       43.8707580566
951.308594,       44.0028533936
951.606628,       43.9363136292
951.904602,       44.1242103577
952.202454,       44.2418365479
952.500305,       44.9522476196
952.798035,       45.0541572571
953.095825,       44.8061294556
953.393494,       44.7587623596
953.691040,       45.0534248352
953.988647,       45.1585388184
954.286133,       45.0767364502
954.583618,       45.0534820557
954.881042,       44.7418746948
955.178345,       44.8865509033
955.475647,       44.8691406250
955.772827,       44.8437385559
956.070068,       44.7203445435
956.367310,       44.6247024536
956.664307,       44.5855484009
956.961365,       44.7852859497
957.258240,       44.9892005920
957.555176,       45.3015060425
957.852112,       45.4018821716
958.148865,       45.3422698975
958.445679,       45.2505111694
958.742310,       44.4783287048
959.039001,       44.4785194397
959.335632,       44.4541435242
959.632141,       44.7549171448
959.928650,       44.5117149353
960.224976,       44.6314620972
960.521484,       44.9721603394
960.817871,       44.9830589294
961.114014,       44.8717308044
961.410339,       44.8403205872
961.706421,       44.7853851318
962.002563,       44.6007385254
962.298645,       44.7348785400
962.594604,       44.6195106506
962.890564,       44.7208976746
963.186401,       46.6973342896
963.482300,       46.7496681213
963.778137,       46.4481315613
964.073792,       46.5034751892
964.369568,       46.2863845825
964.665100,       46.1639747620
964.960693,       46.3112106323
965.256287,       46.5648880005
965.551697,       46.5503616333
965.847168,       46.1851806641
966.142395,       46.2782745361
966.437744,       46.3404273987
966.733032,       46.1165695190
967.028198,       46.0991630554
967.323364,       46.3010597229
967.618408,       46.1739082336
967.913513,       46.4558982849
968.208496,       46.8393783569
968.503357,       46.6554222107
968.798279,       46.7674293518
969.093018,       46.6981048584
969.387817,       44.1635055542
969.682556,       44.2241668701
969.977173,       44.1293869019
970.271790,       44.4345664978
970.566406,       44.6164665222
970.860779,       44.6698799133
971.155334,       44.7430114746
971.449646,       44.3149032593
971.743958,       44.6030158997
972.038330,       44.9204254150
972.332458,       45.0059547424
972.626648,       44.8287467957
972.920715,       44.7668266296
973.214844,       44.9134407043
973.508911,       45.0512580872
973.802734,       45.4287033081
974.096741,       45.4854774475
974.390442,       45.3873863220
974.684265,       45.6741027832
974.978088,       45.7319335938
975.271667,       45.9976654053
975.565369,       46.2152061462
975.858826,       46.1222572327
976.152405,       46.1944923401
976.445923,       45.7634887695
976.739258,       45.7441940308
977.032654,       45.7604560852
977.325867,       45.8141250610
977.619202,       46.1372566223
977.912415,       46.5563430786
978.205505,       46.4301567078
978.498596,       46.3908348083
978.791504,       46.5121307373
979.084534,       46.9258155823
979.377563,       47.1254692078
979.670288,       47.1541938782
979.963196,       46.8095626831
980.255859,       46.8114471436
980.548584,       46.6756210327
980.841309,       46.6835250854
981.133850,       46.7901954651
981.426392,       47.2422409058
981.718811,       47.0618057251
982.011292,       46.7919998169
982.303650,       46.8079185486
982.595886,       46.9640312195
982.888245,       47.2775993347
983.180359,       47.4263496399
983.472595,       47.1837921143
983.764709,       46.8388710022
984.056641,       46.5506477356
984.348755,       46.7917556763
984.640625,       47.0528755188
984.932495,       47.0956001282
985.224365,       46.6951065063
985.516052,       46.6238861084
985.807861,       46.5928192139
986.099426,       47.4523620605
986.391052,       47.2566909790
986.682678,       47.3845558167
986.974121,       47.3149490356
987.265625,       47.0518188477
987.556885,       46.4979591370
987.848328,       46.5597763062
988.139648,       46.9321136475
988.430786,       46.9900321960
988.721985,       46.9425125122
989.013000,       46.6840133667
989.304138,       47.2306327820
989.595215,       47.3986549377
989.886047,       47.9145889282
990.177002,       47.7286834717
990.467834,       47.8374900818
990.758606,       47.8752899170
991.049377,       47.6215057373
991.339966,       48.2817687988
991.630676,       48.1621398926
991.921143,       47.7802085876
992.211670,       48.2553596497
992.502197,       48.1300964355
992.792542,       48.0450553894
993.082886,       47.7921562195
993.373169,       48.1048278809
993.663452,       48.1886367798
993.953613,       48.4318504333
994.243713,       48.1086540222
994.533813,       48.1326293945
994.823792,       48.3252677917
995.113770,       48.2956809998
995.403687,       47.9043769836
995.693481,       47.8833045959
995.983337,       47.4754219055
996.273010,       47.4328041077
996.562744,       46.8968811035
996.852417,       46.9948692322
997.141907,       47.0730171204
997.431458,       46.6513442993
997.720886,       46.7913780212
998.010315,       46.9176635742
998.299744,       45.6020202637
998.588928,       45.8389091492
998.878296,       45.8751144409
999.167419,       46.0387039185
999.456543,       47.0158462524
999.745667,       46.5281333923
1000.034607,       46.1434707642
1000.323669,       46.1012115479
1000.612488,       46.9866600037
1000.901367,       47.1946907043
1001.190247,       47.1583366394
1001.478882,       46.9079322815
1001.767639,       47.9102897644
1002.056335,       47.6366539001
1002.344849,       48.2371597290
1002.633423,       48.5459671021
1002.921814,       48.2127189636
1003.210266,       48.3136100769
1003.498657,       48.1059455872
1003.786926,       48.2632141113
1004.075256,       49.2613143921
1004.363342,       49.1267395020
1004.651489,       48.6177520752
1004.939697,       48.9295539856
1005.227600,       49.7977638245
1005.515686,       49.0440139771
1005.803467,       49.9202384949
1006.091370,       50.4586982727
1006.379272,       51.1647567749
1006.666870,       50.9736289978
1006.954712,       50.5177001953
1007.242188,       51.3626174927
1007.529907,       51.8565406799
1007.817444,       50.8203430176
1008.104858,       52.2670936584
1008.392334,       51.8639869690
1008.679565,       52.4371643066
1008.966980,       52.2167320251
1009.254272,       52.5148620605
1009.541382,       52.7831001282
1009.828613,       52.3648986816
1010.115601,       51.4956169128
1010.402649,       51.6162223816
1010.689697,       51.9649505615
1010.976563,       51.5788955688
1011.263489,       52.3877868652
1011.550171,       52.1078948975
1011.837036,       52.1400527954
1012.123657,       52.1142501831
1012.410278,       52.6576919556
1012.696899,       52.8954734802
1012.983337,       53.8080139160
1013.269897,       53.2177848816
1013.556396,       53.3006439209
1013.842651,       54.0895271301
1014.129028,       53.0156211853
1014.415161,       53.3867759705
1014.701477,       53.4555740356
1014.987671,       54.8879928589
1015.273560,       55.0654907227
1015.559692,       55.4233207703
1015.845581,       55.6663856506
1016.131592,       56.9288902283
1016.417542,       57.5471687317
1016.703247,       58.1903572083
1016.989014,       58.5872955322
1017.274658,       57.7195358276
1017.560303,       58.2017669678
1017.845947,       57.6695671082
1018.131409,       57.8121948242
1018.416870,       57.3343505859
1018.702271,       57.1418685913
1018.987671,       57.1581306458
1019.272949,       58.7254714966
1019.558228,       58.8094596863
1019.843445,       58.1883430481
1020.128540,       58.4979591370
1020.413574,       58.2732200623
1020.698608,       57.9833679199
1020.983521,       57.0574111938
1021.268555,       58.2788162231
1021.553284,       59.9106864929
1021.838135,       60.7426528931
1022.122925,       59.8515853882
1022.407593,       59.2700653076
1022.692261,       43.1297721863
1022.976807,       55.2894248962
1023.261292,       49.7206764221
1023.545837,       54.1957969666
1023.830200,       56.6724319458
1024.114624,       74.2562942505
1024.398804,       83.2142791748
1024.683105,       62.5557250977
1024.967285,       46.6230850220
