340.270844,        0.0000000000
340.648560,        0.0000000000
341.026306,    -2380.0021972656
341.403961,      506.2496643066
341.781616,      592.0004272461
342.159210,      387.0964660645
342.536743,       61.0169830322
342.914307,       85.5421829224
343.291779,      103.9473648071
343.669250,        0.0000000000
344.046661,       74.2015151978
344.424042,       74.8391647339
344.801422,       74.4970779419
345.178711,       78.7508010864
345.556000,       81.2245330811
345.933258,       85.9341583252
346.310486,       86.7517700195
346.687622,       85.1275177002
347.064758,       84.9692230225
347.441895,       83.2493057251
347.818939,       81.9870986938
348.195953,       80.9062805176
348.572937,       79.7731018066
348.949890,       79.8364562988
349.326843,       80.5030136108
349.703735,       81.9096527100
350.080597,       82.7163391113
350.457397,       81.2991790771
350.834198,       77.2156906128
351.210968,       75.7977142334
351.587646,       76.9230422974
351.964325,       76.2276077271
352.340942,       75.1720962524
352.717560,       76.4929656982
353.094147,       77.1189422607
353.470673,       77.3851242065
353.847168,       75.1367416382
354.223602,       74.9030227661
354.600037,       74.7143020630
354.976440,       73.8376235962
355.352783,       75.0446243286
355.729126,       76.3367462158
356.105408,       77.2247161865
356.481628,       76.4605560303
356.857849,       75.7915344238
357.234009,       73.4626541138
357.610168,       74.2748107910
357.986267,       70.9825057983
358.362366,       71.6913146973
358.738373,       73.4923400879
359.114349,       74.2863082886
359.490326,       71.0284729004
359.866241,       68.1988372803
360.242157,       68.4287033081
360.617981,       66.7374267578
360.993805,       64.3568725586
361.369568,       64.4822998047
361.745331,       64.8988037109
362.121033,       65.0522003174
362.496704,       65.4349899292
362.872314,       64.3254013062
363.247925,       62.7015304565
363.623505,       59.5136528015
363.999023,       55.0349426270
364.374542,       61.2565345764
364.750000,       60.6716575623
365.125397,       61.2761688232
365.500763,       59.4189834595
365.876160,       59.0868606567
366.251434,       58.0680427551
366.626740,       53.8673210144
367.001953,       55.9192848206
367.377136,       58.5867691040
367.752350,       58.0403022766
368.127472,       60.2851943970
368.502594,       58.5663261414
368.877625,       58.5591239929
369.252625,       57.5790481567
369.627625,       57.8057365417
370.002563,       59.0968017578
370.377502,       57.8622207642
370.752380,       58.1628265381
371.127228,       64.0400085449
371.502014,       64.1616439819
371.876770,       65.2269439697
372.251526,       63.0199546814
372.626221,       63.7137527466
373.000885,       61.5654754639
373.375488,       61.4923706055
373.750092,       62.3094558716
374.124664,       64.2517013550
374.499146,       68.3840179443
374.873627,       68.4561462402
375.248108,       67.1850280762
375.622467,       72.6479034424
375.996887,       73.0972213745
376.371185,       73.9601058960
376.745483,       73.6399459839
377.119751,       74.2813568115
377.493958,       74.2804794312
377.868195,       73.7104415894
378.242310,       74.7310562134
378.616394,       76.9460678101
378.990540,       72.8273849487
379.364563,       72.4624099731
379.738556,       71.1457061768
380.112518,       68.8793487549
380.486481,       68.6942825317
380.860352,       70.4048538208
381.234192,       70.7224044800
381.608063,       69.1672363281
381.981812,       67.4105987549
382.355591,       63.1354446411
382.729309,       61.7473182678
383.102966,       61.3477401733
383.476624,       54.7464981079
383.850220,       52.0753021240
384.223816,       51.5981483459
384.597321,       50.7140235901
384.970856,       51.9034919739
385.344299,       49.8634872437
385.717682,       47.1439170837
386.091125,       46.3069725037
386.464447,       41.8563728333
386.837769,       41.6473083496
387.211029,       44.5579299927
387.584290,       44.8301353455
387.957489,       45.0116653442
388.330627,       43.4167366028
388.703766,       42.8774909973
389.076874,       42.7141151428
389.449921,       46.4212875366
389.822937,       45.5357093811
390.195923,       47.4010848999
390.568878,       47.3754920959
390.941772,       46.7333259583
391.314636,       46.3266601563
391.687500,       45.4058685303
392.060272,       45.4889144897
392.433075,       44.8989677429
392.805756,       41.3091392517
393.178436,       40.5061531067
393.551117,       42.8296165466
393.923737,       45.1732940674
394.296326,       45.1983909607
394.668854,       45.2691421509
395.041321,       42.4737319946
395.413849,       43.9084625244
395.786255,       44.8782691956
396.158630,       45.7766342163
396.531006,       45.0388259888
396.903320,       43.2925224304
397.275604,       44.1620445251
397.647827,       44.2627677917
398.020050,       46.7220687866
398.392212,       45.7216682434
398.764343,       44.6643066406
399.136444,       44.0102615356
399.508514,       43.5577926636
399.880554,       42.4795875549
400.252533,       44.2003211975
400.624512,       46.3490257263
400.996399,       46.4785385132
401.368286,       45.5402755737
401.740112,       44.0528182983
402.111908,       42.6689224243
402.483673,       41.3250846863
402.855408,       41.7377014160
403.227081,       40.1712799072
403.598755,       37.5765991211
403.970367,       35.9449043274
404.341980,       36.7331428528
404.713501,       37.3644218445
405.085022,       35.1833267212
405.456482,       35.0624656677
405.827911,       31.9233741760
406.199310,       31.2178668976
406.570648,       31.1256370544
406.942017,       31.6516666412
407.313263,       30.5909843445
407.684509,       30.8692703247
408.055725,       29.2328300476
408.426880,       28.3886604309
408.798035,       30.6236114502
409.169128,       31.2607402802
409.540161,       32.1144981384
409.911224,       32.2425346375
410.282196,       32.3797340393
410.653137,       31.2885398865
411.024048,       30.9121856689
411.394897,       32.4697990417
411.765747,       33.1397705078
412.136536,       32.1873474121
412.507324,       34.2958793640
412.878052,       33.5878524780
413.248718,       36.0667572021
413.619385,       35.2748680115
413.989990,       35.0863075256
414.360565,       36.0455017090
414.731110,       34.8743171692
415.101563,       35.0880584717
415.472076,       34.9491233826
415.842468,       34.1247558594
416.212891,       34.2094345093
416.583221,       32.7136650085
416.953522,       32.1088523865
417.323792,       29.7900981903
417.694031,       31.6122264862
418.064240,       31.9000606537
418.434418,       33.1832504272
418.804535,       35.3809967041
419.174622,       35.0247612000
419.544678,       33.8300628662
419.914673,       33.6964111328
420.284668,       31.5665664673
420.654572,       30.6830310822
421.024475,       27.7592887878
421.394348,       29.3303165436
421.764191,       29.7277145386
422.133972,       29.7547340393
422.503693,       31.0054244995
422.873444,       30.5466880798
423.243134,       30.1059455872
423.612762,       29.9437465668
423.982330,       27.9410686493
424.351929,       27.0579032898
424.721436,       26.1101150513
425.090942,       25.7609729767
425.460358,       24.3017292023
425.829773,       23.6472778320
426.199158,       22.0920047760
426.568481,       19.8266429901
426.937775,       18.8987007141
427.307037,       20.0381870270
427.676239,       19.2209949493
428.045441,       18.8835105896
428.414581,       18.7034606934
428.783722,       19.7363357544
429.152802,       17.8806552887
429.521790,       22.7997264862
429.890839,       22.1864013672
430.259766,       20.2133178711
430.628693,       21.5904006958
430.997589,       20.9345149994
431.366425,       20.9619560242
431.735229,       21.2801856995
432.104004,       21.1526126862
432.472748,       22.2617702484
432.841431,       22.4078407288
433.210052,       22.3662128448
433.578705,       21.6346836090
433.947266,       21.9358062744
434.315826,       21.1945343018
434.684326,       21.8916206360
435.052765,       20.9659500122
435.421204,       23.8112831116
435.789612,       23.2226600647
436.157959,       23.7777061462
436.526276,       22.1855621338
436.894531,       21.8127288818
437.262756,       16.3751964569
437.630951,       15.6665639877
437.999146,       15.5756902695
438.367249,       13.9249267578
438.735321,       13.5318775177
439.103394,       12.8691759109
439.471405,       12.7196054459
439.839386,       37.5414848328
440.207306,       37.1252403259
440.575195,       37.2551040649
440.943054,       36.4913864136
441.310883,       36.2524909973
441.678680,       36.1997566223
442.046387,       36.2717132568
442.414093,       35.5080528259
442.781799,       35.2524681091
443.149414,       33.7370338440
443.516998,       33.4508438110
443.884552,       32.6477127075
444.252045,       32.6578903198
444.619537,       32.1717681885
444.987000,       32.1373443604
445.354401,       32.3672218323
445.721710,       32.7719039917
446.089081,       32.8176498413
446.456360,       33.0626106262
446.823608,       33.1365356445
447.190826,       33.3057670593
447.557953,       10.6403770447
447.925110,        9.8154735565
448.292175,        9.1542568207
448.659271,        9.5183734894
449.026276,        9.3646030426
449.393250,        8.7986450195
449.760193,        8.5778436661
450.127075,        8.3703775406
450.493958,        8.3627204895
450.860779,        7.5690083504
451.227570,        7.6873130798
451.594330,        7.7989501953
451.960999,        7.9083213806
452.327698,        8.2563419342
452.694336,        8.2288789749
453.060913,        7.8188309669
453.427490,        7.0917448997
453.793976,        7.0598020554
454.160492,        6.4935073853
454.526917,        6.6502490044
454.893311,        6.4909286499
455.259674,        6.2384924889
455.626007,        6.6654214859
455.992310,        7.1257524490
456.358551,        6.8945617676
456.724731,        7.3054351807
457.090912,        7.7474803925
457.457031,        7.6697783470
457.823151,        7.7138819695
458.189209,        7.6453456879
458.555206,        7.7347130775
458.921173,        7.6102933884
459.287109,        7.7409944534
459.653015,        8.2808265686
460.018890,        7.9840412140
460.384705,        8.0250110626
460.750519,        7.6392903328
461.116241,        7.5584931374
461.481964,        7.2954030037
461.847626,        7.8362612724
462.213226,        7.7330069542
462.578827,        7.9854726791
462.944427,        7.8227000237
463.309906,        7.3789119720
463.675385,        6.9101037979
464.040802,        6.7063913345
464.406219,        6.4773969650
464.771606,        5.8629651070
465.136902,        5.8006849289
465.502197,        5.5518827438
465.867462,        5.4876356125
466.232635,        5.1717085838
466.597839,        5.1040902138
466.962921,        5.0618782043
467.328003,        4.5225729942
467.693054,        4.8578758240
468.058075,        4.7841272354
468.423035,        5.5303912163
468.787994,        5.5838069916
469.152863,        5.7714443207
469.517700,        5.3308553696
469.882538,        4.9683837891
470.247314,        4.4123778343
470.612061,        5.2268481255
470.976746,        5.1745929718
471.341431,        5.4612960815
471.706024,        5.6305484772
472.070618,        5.8834815025
472.435181,        5.7708849907
472.799622,        5.6802501678
473.164124,        5.9964208603
473.528534,        5.7601847649
473.892975,        5.7646536827
474.257294,        5.7974724770
474.621582,        5.5872483253
474.985870,        5.7375116348
475.350098,        5.8550972939
475.714325,        5.6618304253
476.078461,        5.4477438927
476.442535,        5.3934860229
476.806641,        5.1521215439
477.170685,        5.1210908890
477.534668,        5.0311017036
477.898621,        5.1343803406
478.262512,        4.4343905449
478.626404,        4.8360190392
478.990265,        4.6669654846
479.354065,        4.4347338676
479.717834,        3.8900241852
480.081512,        3.9133801460
480.445221,        3.9106364250
480.808899,        3.7994456291
481.172485,        3.9473042488
481.536041,        3.8628633022
481.899567,        4.1041188240
482.263062,        3.9177942276
482.626526,        3.9720005989
482.989929,        3.7110538483
483.353271,        3.6673610210
483.716583,        3.3603966236
484.079895,        3.2127699852
484.443146,        3.2400481701
484.806366,        3.2714617252
485.169525,        3.3959171772
485.532654,        3.2194409370
485.895752,        3.1171514988
486.258820,        2.8829507828
486.621857,        3.0533206463
486.984802,        3.1168661118
487.347748,        3.3387119770
487.710663,        3.2557382584
488.073517,        3.1249687672
488.436340,        3.0840690136
488.799072,        3.0159664154
489.161835,        3.0301659107
489.524536,        2.6683216095
489.887238,        2.7081732750
490.249847,        2.5736114979
490.612396,        2.4983344078
490.974915,        2.4995944500
491.337433,        2.4464564323
491.699921,        2.5690186024
492.062347,        2.6884968281
492.424713,        2.6552507877
492.787079,        2.5669853687
493.149353,        3.2736434937
493.511658,        3.2689976692
493.873871,        3.2260868549
494.236053,        3.0843281746
494.598206,        3.1256828308
494.960297,        3.1435046196
495.322388,        3.1708927155
495.684418,        3.2153806686
496.046356,        3.0525639057
496.408325,        2.9757034779
496.770264,        2.9867558479
497.132141,        3.1258337498
497.493958,        3.2040522099
497.855713,        3.0846307278
498.217499,        2.9910080433
498.579193,        3.0316870213
498.940887,        3.1146409512
499.302490,        3.0448832512
499.664093,        2.8782339096
500.025635,        2.7640116215
500.387177,        2.7138016224
500.748627,        2.0260519981
501.110077,        2.2225351334
501.471436,        2.1728758812
501.832825,        2.1286253929
502.194153,        2.0545291901
502.555389,        1.9629876614
502.916626,        2.0337977409
503.277802,        2.0497064590
503.638977,        2.2298147678
504.000092,        2.4022469521
504.361176,        2.3708202839
504.722198,        2.2133798599
505.083160,        2.1557343006
505.444153,        2.1573214531
505.805084,        2.2342448235
506.165924,        2.2168309689
506.526764,        2.2630469799
506.887543,        2.7113993168
507.248322,        2.8504743576
507.609070,        2.9720377922
507.969727,        2.9459736347
508.330322,        3.0293231010
508.690918,        2.8520121574
509.051514,        2.8298344612
509.412018,        2.8269491196
509.772491,        2.8678841591
510.132904,        3.0784385204
510.493286,        3.1941187382
510.853699,        3.1550905704
511.213989,        3.0274960995
511.574280,        2.9238252640
511.934509,        2.9499726295
512.294678,        3.0705726147
512.654846,        3.0770664215
513.014954,        3.1048002243
513.375061,        3.2128248215
513.735046,        3.2966651917
514.095032,        3.2093241215
514.455078,        2.9543328285
514.814941,        2.8054986000
515.174805,        2.7469563484
515.534607,        2.8121111393
515.894409,        2.8177931309
516.254211,        2.8142180443
516.613892,        2.9339866638
516.973572,        3.0434610844
517.333130,        3.0539114475
517.692749,        2.8377914429
518.052368,        2.6837325096
518.411865,        2.7365977764
518.771301,        2.7426309586
519.130737,        2.7441132069
519.490173,        2.8319318295
519.849548,        2.8450005054
520.208801,        2.8658726215
520.568054,        2.9433350563
520.927307,        2.8274166584
521.286499,        2.8069522381
521.645691,        2.9624578953
522.004822,        2.9645597935
522.363831,        3.0028686523
522.722839,        3.0009524822
523.081848,        3.0066189766
523.440796,        3.0114688873
523.799744,        3.0555427074
524.158569,        2.9454658031
524.517395,        2.8345866203
524.876160,        2.8040027618
525.234924,        2.8617439270
525.593628,        2.8876922131
525.952271,        3.1369831562
526.310913,        3.2660894394
526.669495,        3.2806434631
527.028076,        3.2157156467
527.386536,        3.3464205265
527.744995,        3.3729321957
528.103394,        3.3953151703
528.461792,        3.5370151997
528.820129,        3.7037987709
529.178406,        3.6698777676
529.536743,        3.6503751278
529.894958,        3.7087776661
530.253113,        3.8051576614
530.611267,        4.0182633400
530.969299,        4.0980992317
531.327393,        4.2290034294
531.685486,        4.3025741577
532.043335,        4.3878483772
532.401367,        4.3911447525
532.759216,        4.3857631683
533.117004,        4.4795455933
533.474915,        4.2932610512
533.832642,        4.2800192833
534.190430,        4.3047332764
534.548096,        4.3475174904
534.905762,        4.2365474701
535.263367,        4.3034477234
535.620850,        4.3105354309
535.978455,        4.2354235649
536.335876,        4.1006445885
536.693359,        4.0869245529
537.050781,        4.0683679581
537.408142,        4.1271677017
537.765442,        4.0600142479
538.122681,        3.9160509109
538.479919,        3.8905360699
538.837219,        3.7917244434
539.194336,        3.8498911858
539.551453,        3.9417159557
539.908508,        4.1512908936
540.265564,        4.1746697426
540.622559,        4.1175484657
540.979553,        4.0780925751
541.336426,        4.0554647446
541.693298,        4.0848731995
542.050110,        4.1506843567
542.406921,        4.2385635376
542.763672,        4.2790727615
543.120422,        4.2706518173
543.477051,        4.3062601089
543.833679,        4.3392291069
544.190308,        4.3150534630
544.546814,        4.3308401108
544.903381,        4.3206167221
545.259827,        4.3469524384
545.616211,        4.3230996132
545.972595,        4.2833633423
546.328979,        4.3061971664
546.685242,        4.2586555481
547.041504,        4.1624507904
547.397644,        3.9913752079
547.753906,        3.9969284534
548.110046,        4.0025668144
548.466125,        4.0412368774
548.822144,        4.0457482338
549.178223,        4.0345339775
549.534241,        4.0624599457
549.890137,        3.9971179962
550.246033,        3.9853188992
550.601868,        3.9969694614
550.957581,        4.0018372536
551.313416,        4.1139812469
551.669128,        4.1788997650
552.024841,        4.1938309669
552.380432,        4.1166124344
552.736023,        4.1464443207
553.091675,        4.3040928841
553.447144,        4.3556122780
553.802612,        4.3477125168
554.158020,        4.4274826050
554.513428,        4.4022617340
554.868774,        4.4007139206
555.224121,        4.5480823517
555.579346,        4.5502672195
555.934631,        4.5363469124
556.289734,        4.5572037697
556.644958,        4.6529440880
557.000000,        4.6550498009
557.355103,        4.6398868561
557.710083,        4.6083788872
558.065063,        4.5757694244
558.420105,        4.5789456367
558.774963,        4.4752111435
559.129822,        4.4819297791
559.484619,        4.4800767899
559.839355,        4.5354423523
560.194153,        4.5036387444
560.548828,        4.4124355316
560.903442,        4.3889417648
561.258057,        4.4618344307
561.612610,        4.4007029533
561.967224,        4.4417729378
562.321655,        4.4328937531
562.676086,        4.2713785172
563.030457,        4.2586021423
563.384827,        4.2672581673
563.739197,        4.2748141289
564.093445,        4.1697559357
564.447693,        4.0780224800
564.801880,        4.0826630592
565.156006,        4.0479583740
565.510132,        4.0569434166
565.864197,        4.0523824692
566.218262,        4.0151815414
566.572205,        3.9630174637
566.926086,        3.9149906635
567.280090,        3.8764946461
567.633972,        3.8756537437
567.987732,        3.8239865303
568.341553,        3.7721753120
568.695190,        3.7044339180
569.048950,        3.6955761909
569.402649,        3.6559145451
569.756165,        3.6657497883
570.109802,        3.6955020428
570.463257,        3.6873054504
570.816772,        3.6523346901
571.170227,        3.5962483883
571.523621,        3.5953338146
571.877014,        3.5874691010
572.230286,        3.5635259151
572.583557,        3.5859096050
572.936829,        3.6259412766
573.289978,        3.6476056576
573.643250,        3.6977753639
573.996216,        3.6880087852
574.349365,        3.7097704411
574.702393,        3.7323009968
575.055359,        3.7392034531
575.408325,        3.7500903606
575.761169,        3.7978105545
576.114075,        3.7979376316
576.466919,        3.7380981445
576.819641,        3.7085282803
577.172363,        3.6779782772
577.525085,        3.7071518898
577.877686,        3.7461514473
578.230286,        3.7523407936
578.582825,        3.7297201157
578.935425,        3.7007246017
579.287903,        3.6857352257
579.640320,        3.6589074135
579.992676,        3.6223337650
580.345093,        3.5538315773
580.697388,        3.5247676373
581.049683,        3.4476704597
581.401855,        3.3998501301
581.754089,        3.4968938828
582.106201,        3.5334706306
582.458313,        3.5368800163
582.810425,        3.5035948753
583.162354,        3.4561970234
583.514404,        3.4640426636
583.866272,        3.4609985352
584.218201,        3.4904322624
584.570068,        3.5532023907
584.921875,        3.5007362366
585.273560,        3.4702162743
585.625305,        3.5191454887
585.977051,        3.5126764774
586.328674,        3.6984233856
586.680237,        3.6957805157
587.031799,        3.7469174862
587.383301,        3.7562489510
587.734802,        3.7859380245
588.086243,        3.8001422882
588.437561,        3.8372726440
588.788940,        3.9218497276
589.140198,        3.7959477901
589.491516,        3.7187743187
589.842712,        3.7289853096
590.193848,        3.7868075371
590.544983,        3.8078200817
590.896057,        3.8353879452
591.247192,        3.8550679684
591.598145,        3.8251235485
591.949158,        3.7521247864
592.300049,        3.7468607426
592.650879,        3.7163689137
593.001770,        3.6627657413
593.352539,        3.7032642365
593.703308,        3.5997362137
594.054016,        3.6158113480
594.404663,        3.6025087833
594.755310,        3.6560993195
595.105896,        3.6360514164
595.456360,        3.6054480076
595.806885,        3.5679724216
596.157349,        3.5825889111
596.507751,        3.6578588486
596.858154,        3.6781110764
597.208435,        3.6487565041
597.558777,        3.6388385296
597.908997,        3.6118779182
598.259216,        3.5251114368
598.609314,        3.5337538719
598.959473,        3.6478295326
599.309570,        3.6965637207
599.659546,        3.7398905754
600.009583,        3.7850704193
600.359497,        3.8188273907
600.709412,        3.7821559906
601.059265,        3.7342741489
601.409058,        3.8291971684
601.758850,        3.8201429844
602.108521,        3.7591786385
602.458191,        3.7767808437
602.807922,        3.7715852261
603.157471,        3.7972595692
603.507080,        3.7455768585
603.856567,        3.7120018005
604.205994,        3.6980371475
604.555542,        3.7321205139
604.904846,        3.7031304836
605.254211,        3.7287666798
605.603516,        3.9100174904
605.952759,        3.9603426456
606.302063,        3.8749308586
606.651123,        3.8651049137
607.000305,        3.8420836926
607.349365,        3.7989120483
607.698425,        3.7437901497
608.047485,        3.7513873577
608.396362,        3.7474393845
608.745300,        3.6315519810
609.094177,        3.6148424149
609.442993,        3.6206829548
609.791809,        3.5829999447
610.140503,        3.5938541889
610.489258,        3.5476756096
610.837891,        3.5473432541
611.186523,        3.5078964233
611.535156,        3.5022366047
611.883606,        3.4394819736
612.232178,        3.4949913025
612.580566,        3.5155513287
612.928955,        3.3641021252
613.277344,        3.2925729752
613.625610,        3.2784540653
613.973938,        3.2537267208
614.322144,        3.2716636658
614.670288,        3.2994010448
615.018555,        3.3240840435
615.366516,        3.3116407394
615.714661,        3.2825441360
616.062622,        3.3443727493
616.410645,        3.3377473354
616.758606,        3.3549830914
617.106445,        3.3492829800
617.454285,        3.3374433517
617.802063,        3.3789534569
618.149841,        3.3778510094
618.497559,        3.3739309311
618.845215,        3.4143545628
619.192871,        3.4486193657
619.540466,        3.3658339977
619.888000,        3.3100805283
620.235535,        3.3123533726
620.582886,        3.3336422443
620.930359,        3.3304228783
621.277710,        3.3167600632
621.625061,        3.2663903236
621.972351,        3.2254691124
622.319519,        3.2008461952
622.666809,        3.2067730427
623.013916,        3.2142968178
623.361023,        3.1887407303
623.708130,        3.2182824612
624.055054,        3.2250707150
624.402100,        3.2234835625
624.749023,        3.2505702972
625.095947,        3.2706420422
625.442810,        3.2620494366
625.789551,        3.2579953671
626.136353,        3.2273321152
626.483032,        3.2360839844
626.829712,        3.3009865284
627.176392,        3.3347394466
627.522949,        3.3308737278
627.869507,        3.3152866364
628.216003,        3.3005654812
628.562500,        3.3187150955
628.908936,        3.3282604218
629.255310,        3.3411123753
629.601624,        3.3663730621
629.947876,        3.3821508884
630.294067,        3.4614496231
630.640320,        3.4177758694
630.986511,        3.3778309822
631.332642,        3.3335452080
631.678650,        3.3520672321
632.024658,        3.3001158237
632.370728,        3.2938320637
632.716614,        3.2902531624
633.062500,        3.3041827679
633.408325,        3.3018238544
633.754089,        3.3921990395
634.099915,        3.3495371342
634.445679,        3.3467178345
634.791321,        3.3650283813
635.136963,        3.4304962158
635.482483,        3.4336035252
635.828125,        3.4101274014
636.173584,        3.3826158047
636.519043,        3.4052829742
636.864502,        3.3909380436
637.209778,        3.3845021725
637.555237,        3.2950289249
637.900452,        3.3053879738
638.245728,        3.3187751770
638.590881,        3.3121676445
638.935974,        3.2715697289
639.281189,        3.2741274834
639.626221,        3.2986066341
639.971191,        3.2955830097
640.316223,        3.2854087353
640.661072,        3.2819583416
641.006042,        3.1750757694
641.350891,        3.1577880383
641.695679,        3.1458816528
642.040466,        3.0898411274
642.385071,        2.9989404678
642.729858,        2.9930086136
643.074463,        2.9790260792
643.419067,        2.9712028503
643.763611,        2.9557728767
644.108032,        2.9383547306
644.452515,        2.9110031128
644.796936,        2.8890318871
645.141296,        2.8854324818
645.485657,        2.8798060417
645.829834,        2.8790397644
646.174133,        2.8749790192
646.518311,        2.8524427414
646.862427,        2.7878963947
647.206604,        2.7449858189
647.550598,        2.7549629211
647.894653,        2.7287776470
648.238647,        2.7140107155
648.582458,        2.7212767601
648.926453,        2.6770572662
649.270203,        2.6781888008
649.614075,        2.6690652370
649.957764,        2.6787700653
650.301453,        2.6736307144
650.645142,        2.6721465588
650.988708,        2.6451673508
651.332336,        2.6150240898
651.675842,        2.6118879318
652.019348,        2.6136176586
652.362854,        2.6043214798
652.706177,        2.5539946556
653.049561,        2.5445981026
653.392883,        2.5449869633
653.736084,        2.5512771606
654.079346,        2.5625176430
654.422424,        2.5487713814
654.765625,        2.5185482502
655.108765,        2.4990653992
655.451721,        2.4440052509
655.794800,        2.4096786976
656.137695,        2.4059967995
656.480591,        2.3993525505
656.823486,        2.3840897083
657.166260,        2.3161509037
657.509094,        2.2908997536
657.851807,        2.2615094185
658.194519,        2.2033882141
658.537109,        2.2833814621
658.879761,        2.2586805820
659.222351,        2.2490758896
659.564758,        2.2359418869
659.907349,        2.2268965244
660.249695,        2.1947550774
660.592041,        2.2023904324
660.934448,        2.1874406338
661.276672,        2.1304016113
661.619019,        2.1159143448
661.961182,        2.0779180527
662.303284,        2.0660657883
662.645508,        2.0612215996
662.987427,        2.0395195484
663.329529,        2.0354199409
663.671448,        2.0085008144
664.013428,        1.9890321493
664.355347,        1.9975516796
664.697205,        2.0780980587
665.039001,        2.0722703934
665.380676,        2.0915806293
665.722412,        2.0258719921
666.064148,        2.0177419186
666.405701,        1.9825690985
666.747253,        1.9292782545
667.088806,        1.9239274263
667.430298,        1.8976984024
667.771790,        1.8553534746
668.113159,        1.8399307728
668.454529,        1.8482022285
668.795837,        1.8404685259
669.137085,        1.8462595940
669.478394,        1.8277939558
669.819519,        1.8631669283
670.160645,        1.8624808788
670.501709,        1.8203809261
670.842773,        1.8018573523
671.183777,        1.8264409304
671.524719,        1.8082052469
671.865662,        1.7252448797
672.206482,        1.7107897997
672.547302,        1.6887692213
672.888123,        1.6814155579
673.228821,        1.6769858599
673.569458,        1.6757124662
673.910095,        1.6664981842
674.250732,        1.6676213741
674.591370,        1.6819248199
674.931824,        1.6656661034
675.272217,        1.6225650311
675.612732,        1.5838131905
675.953003,        1.5850050449
676.293396,        1.5581390858
676.633667,        1.5703700781
676.973877,        1.5260984898
677.314148,        1.5175625086
677.654236,        1.5308861732
677.994385,        1.5375778675
678.334412,        1.5158051252
678.674438,        1.5347368717
679.014404,        1.5317113400
679.354309,        1.5623770952
679.694214,        1.5666028261
680.034058,        1.5583615303
680.373840,        1.5611814260
680.713623,        1.6032656431
681.053223,        1.6380859613
681.392944,        1.7498718500
681.732544,        2.3968794346
682.072083,        4.4828877449
682.411621,        4.5623397827
682.751038,        4.6182794571
683.090515,        4.6467609406
683.429871,        4.6716446877
683.769226,        4.7241692543
684.108582,        4.7897696495
684.447754,        4.8229150772
684.786987,        4.8728232384
685.126160,        4.9055376053
685.465210,        4.9377417564
685.804382,        4.9939422607
686.143311,        5.0577921867
686.482361,        5.1162176132
686.821289,        5.2229528427
687.160156,        5.2787609100
687.499023,        5.3450846672
687.837769,        5.4974994659
688.176514,        5.5722427368
688.515259,        5.5706806183
688.853882,        5.0890250206
689.192566,        3.1280949116
689.531067,        3.1939043999
689.869629,        3.3292949200
690.208130,        3.4471602440
690.546570,        3.5941970348
690.885010,        3.6765255928
691.223267,        3.7942225933
691.561584,        3.9351429939
691.899841,        4.1307954788
692.238037,        4.2923855782
692.576294,        4.4771323204
692.914307,        4.6532607079
693.252380,        4.7964477539
693.590454,        4.9298386574
693.928406,        5.0487155914
694.266357,        5.2246665955
694.604187,        5.4186110497
694.942078,        5.5019845963
695.279907,        5.6756796837
695.617615,        5.8946976662
695.955444,        6.0188503265
696.292969,        6.2250714302
696.630676,        6.4348778725
696.968201,        6.5841331482
697.305725,        6.8672323227
697.643250,        7.0487012863
697.980652,        7.2828650475
698.318054,        7.4792833328
698.655396,        7.6839513779
698.992676,        7.7958316803
699.330017,        8.0112133026
699.667175,        8.1710100174
700.004395,        8.3505058289
700.341492,        8.5182971954
700.678528,        8.7458181381
701.015564,        8.9711856842
701.352478,        9.1413364410
701.689514,        9.3236742020
702.026428,        9.5394392014
702.363220,        9.7364645004
702.700073,        9.8743495941
703.036804,       10.0948066711
703.373474,       10.2979927063
703.710144,       10.5208654404
704.046814,       10.6979799271
704.383362,       10.7924261093
704.719910,       11.0045385361
705.056335,       11.1642599106
705.392761,       11.3693351746
705.729187,       11.5393619537
706.065552,       11.7444400787
706.401855,       11.9021482468
706.738098,       12.1285524368
707.074280,       12.3074483871
707.410461,       12.5059576035
707.746643,       12.7058563232
708.082642,       12.8921012878
708.418701,       13.1270828247
708.754639,       13.3250818253
709.090576,       13.4614124298
709.426514,       13.6528015137
709.762329,       13.8872098923
710.098083,       14.0731077194
710.433838,       14.2327680588
710.769592,       14.4009323120
711.105286,       14.5813493729
711.440796,       14.7507886887
711.776367,       14.9214830399
712.112000,       15.0659008026
712.447388,       15.2113437653
712.782837,       15.4396982193
713.118225,       15.6017408371
713.453552,       15.7761392593
713.788818,       15.8988771439
714.124023,       16.0743770599
714.459290,       16.2695312500
714.794434,       16.3870334625
715.129517,       16.5799903870
715.464661,       16.7241153717
715.799622,       16.8462295532
716.134583,       17.0574111938
716.469482,       17.2540321350
716.804321,       17.4131088257
717.139221,       17.5678215027
717.473938,       17.6956138611
717.808777,       17.8216724396
718.143433,       17.9957065582
718.478088,       18.2090663910
718.812683,       18.3343467712
719.147217,       18.5501365662
719.481750,       18.7125873566
719.816223,       18.8494319916
720.150574,       19.1181640625
720.485046,       19.2880306244
720.819214,       19.4830818176
721.153564,       19.6601772308
721.487854,       19.8021831512
721.821960,       19.9562568665
722.156189,       20.2675895691
722.490234,       20.4506301880
722.824341,       20.6306076050
723.158264,       20.8361644745
723.492249,       20.9865722656
723.826172,       21.1149349213
724.159973,       21.3124103546
724.493835,       21.4771747589
724.827576,       21.6205158234
725.161316,       21.7985343933
725.494995,       21.9247093201
725.828613,       22.1058788300
726.162231,       22.2404956818
726.495728,       22.4962959290
726.829163,       22.6377124786
727.162720,       22.7274932861
727.496033,       22.9106502533
727.829468,       23.0720100403
728.162720,       23.2015514374
728.496033,       23.3662033081
728.829224,       23.5353565216
729.162354,       23.4952373505
729.495483,       23.6064128876
729.828552,       23.7540550232
730.161560,       23.8458976746
730.494629,       23.9544143677
730.827454,       24.0924873352
731.160400,       24.2111034393
731.493225,       24.4191074371
731.825989,       24.5716915131
732.158813,       24.7152366638
732.491455,       24.8676071167
732.824158,       25.0093975067
733.156799,       25.1619758606
733.489319,       25.2233562469
733.821899,       25.3694114685
734.154236,       25.4672775269
734.486755,       25.5453205109
734.819092,       25.6336174011
735.151428,       25.7178726196
735.483765,       25.8322925568
735.815857,       25.9389190674
736.148132,       26.0364360809
736.480286,       26.1668891907
736.812378,       26.2471427917
737.144470,       26.3294868469
737.476379,       26.4428939819
737.808411,       26.5466365814
738.140259,       26.6806278229
738.472168,       26.7301025391
738.804016,       26.8242206573
739.135742,       26.8716773987
739.467468,       26.9664707184
739.799133,       27.0867824554
740.130798,       27.1347007751
740.462402,       27.2429733276
740.793884,       27.4104022980
741.125366,       27.4915122986
741.456848,       27.5721187592
741.788208,       27.6954803467
742.119568,       27.7835254669
742.450928,       27.8738708496
742.782166,       27.9417781830
743.113281,       28.0822792053
743.444458,       28.1724700928
743.775635,       28.2738361359
744.106689,       28.3346118927
744.437683,       28.4441909790
744.768677,       28.5473461151
745.099609,       28.5241165161
745.430481,       28.6195526123
745.761353,       28.7220897675
746.092102,       28.8172149658
746.422852,       28.8925266266
746.753479,       28.9124870300
747.084229,       29.0035133362
747.414795,       28.9927787781
747.745300,       29.0457248688
748.075806,       29.1141281128
748.406311,       29.1317615509
748.736694,       29.1492462158
749.067078,       29.1973896027
749.397400,       29.2764778137
749.727722,       29.3441200256
750.057861,       29.4005546570
750.388062,       29.4584236145
750.718201,       29.5122356415
751.048279,       29.6005077362
751.378357,       29.5966205597
751.708252,       29.6139812469
752.038208,       29.7509784698
752.368164,       29.7611465454
752.697937,       29.7381248474
753.027832,       29.7913379669
753.357483,       29.8212699890
753.687256,       29.8613777161
754.016907,       29.9442596436
754.346497,       30.0172653198
754.676147,       29.9340209961
755.005493,       29.9261665344
755.335083,       30.0083961487
755.664490,       30.0223979950
755.993835,       30.0515213013
756.323181,       30.0563602448
756.652405,       30.0710353851
756.981689,       30.0227584839
757.310852,       30.0555171967
757.640015,       30.1048545837
757.969177,       30.1006088257
758.298096,       30.1126117706
758.627197,       30.1505527496
758.956116,       30.0854034424
759.284973,       30.0766735077
759.613892,       30.0809478760
759.942627,       30.0620975494
760.271423,       30.0681915283
760.600159,       30.0703563690
760.928772,       30.0761871338
761.257446,       30.0488948822
761.585999,       30.1088542938
761.914490,       30.2291069031
762.242981,       30.2345867157
762.571350,       30.2546653748
762.899841,       30.2807216644
763.228088,       30.2830257416
763.556396,       30.2764453888
763.884644,       30.2733860016
764.212830,       30.2593955994
764.541016,       30.2251281738
764.869080,       30.2467784882
765.197144,       30.2529659271
765.525146,       30.2560539246
765.853088,       30.3309669495
766.181030,       30.3910636902
766.508789,       30.4034404755
766.836670,       30.4396400452
767.164429,       30.4693050385
767.492126,       30.5026950836
767.819824,       30.4485435486
768.147400,       30.5284290314
768.475037,       30.5197601318
768.802490,       30.5631999969
769.130005,       30.6370944977
769.457458,       30.6651897430
769.784790,       30.7550601959
770.112183,       30.7809085846
770.439453,       30.8132820129
770.766663,       30.9440708160
771.093872,       30.9373798370
771.420959,       30.9475250244
771.748108,       30.9238491058
772.075195,       31.0130920410
772.402161,       31.0621643066
772.729126,       31.0464076996
773.055969,       31.0259780884
773.382874,       31.1149158478
773.709717,       31.1028423309
774.036438,       31.0474166870
774.363159,       31.0916213989
774.689758,       31.1462726593
775.016479,       31.1154956818
775.343018,       31.1444587708
775.669495,       31.0589103699
775.996033,       31.0452365875
776.322449,       31.0802555084
776.648865,       31.0216789246
776.975098,       31.0662899017
777.301453,       31.1418533325
777.627686,       31.1061477661
777.953857,       31.2059841156
778.280029,       31.2313938141
778.606079,       31.3633289337
778.932068,       31.3284912109
779.258179,       31.2921352386
779.584045,       31.2937526703
779.909973,       31.3024673462
780.235840,       31.3035964966
780.561646,       31.3483238220
780.887390,       31.3887977600
781.213135,       31.3403129578
781.538757,       31.3330440521
781.864380,       31.4929523468
782.189880,       31.5855617523
782.515442,       31.5419349670
782.840942,       31.5463294983
783.166321,       31.5719032288
783.491699,       31.5862541199
783.817017,       31.5313110352
784.142395,       31.5331497192
784.467529,       31.5434551239
784.792725,       31.4904937744
785.117859,       31.5354499817
785.442932,       31.4755134583
785.768005,       31.4804077148
786.092957,       31.4733142853
786.417908,       31.4888420105
786.742798,       31.5241012573
787.067566,       31.5538024902
787.392456,       31.5546150208
787.717163,       31.5954418182
788.041870,       31.6442070007
788.366577,       31.6551742554
788.691101,       31.4752006531
789.015686,       31.5410079956
789.340149,       31.6215610504
789.664673,       31.6769332886
789.989075,       31.6646099091
790.313354,       31.8557701111
790.637756,       31.9442443848
790.962036,       31.9400634766
791.286194,       31.9220581055
791.610413,       31.9197139740
791.934448,       31.9349174500
792.258606,       31.9768257141
792.582581,       32.0792922974
792.906555,       32.1280555725
793.230530,       32.0901527405
793.554321,       32.1202926636
793.878174,       32.1051139832
794.201965,       32.0947189331
794.525696,       32.0931777954
794.849426,       32.1041717529
795.172974,       32.1547241211
795.496643,       32.2433929443
795.820129,       32.1693649292
796.143616,       32.1379051208
796.467102,       32.1033668518
796.790405,       32.1255340576
797.113831,       31.9477195740
797.437134,       31.9377574921
797.760315,       31.9942245483
798.083618,       31.9972038269
798.406677,       32.1050834656
798.729797,       32.1737289429
799.052856,       32.1525650024
799.375854,       32.0590019226
799.698853,       32.0740966797
800.021729,       32.1723403931
800.344604,       32.1390457153
800.667358,       32.2020606995
800.990112,       32.2380790710
801.312866,       32.2591857910
801.635498,       32.2685050964
801.958191,       32.2319221497
802.280701,       32.2266235352
802.603210,       32.1742439270
802.925781,       32.2144470215
803.248108,       32.2218437195
803.570496,       32.2454681396
803.892822,       32.3089256287
804.215088,       32.3409957886
804.537354,       32.3060913086
804.859436,       32.2927398682
805.181641,       32.1559562683
805.503723,       32.0986862183
805.825745,       32.1466255188
806.147766,       32.2122650146
806.469604,       32.2173042297
806.791504,       32.2598114014
807.113342,       32.3610076904
807.435181,       32.3440704346
807.756897,       32.4001922607
808.078552,       32.4312934875
808.400208,       32.5238037109
808.721802,       32.6174774170
809.043335,       32.6283569336
809.364929,       32.6525878906
809.686279,       32.6706962585
810.007751,       32.6631546021
810.329041,       32.6034431458
810.650330,       32.6432914734
810.971619,       32.6135559082
811.292786,       32.6448974609
811.613953,       32.6913490295
811.935059,       32.7701072693
812.256104,       32.7958221436
812.577148,       32.7650566101
812.898071,       32.7526206970
813.218994,       32.7490615845
813.539795,       32.6721534729
813.860596,       32.6667976379
814.181396,       32.6170463562
814.502136,       32.5734176636
814.822754,       32.5920524597
815.143372,       32.5048446655
815.463928,       32.4661407471
815.784485,       32.5035972595
816.104919,       32.4783134460
816.425354,       32.4466934204
816.745728,       32.4929924011
817.065979,       32.5265235901
817.386353,       32.4881401062
817.706421,       32.5024528503
818.026733,       32.4928855896
818.346863,       32.5267448425
818.666809,       32.5860786438
818.986938,       32.5701217651
819.306824,       32.5648918152
819.626770,       32.5941314697
819.946716,       32.6215476990
820.266479,       32.7103004456
820.586304,       32.6553421021
820.905945,       32.7107391357
821.225647,       32.7186813354
821.545349,       32.7511177063
821.864868,       32.7789535522
822.184448,       32.9055633545
822.503845,       32.9434127808
822.823364,       32.9698295593
823.142761,       33.0869979858
823.462036,       33.1229972839
823.781372,       33.1241493225
824.100525,       33.1163177490
824.419800,       33.5445861816
824.738953,       33.5580635071
825.057922,       33.5408935547
825.377014,       33.5100860596
825.695984,       33.5615081787
826.014954,       33.6090736389
826.333862,       33.5645370483
826.652649,       33.6065063477
826.971497,       33.5607757568
827.290100,       33.6506843567
827.608887,       33.7102088928
827.927612,       33.7802467346
828.246094,       33.7239570618
828.564697,       33.7347717285
828.883118,       33.6402130127
829.201599,       33.6118774414
829.520020,       33.6514396667
829.838318,       33.5848999023
830.156616,       33.5628967285
830.474854,       33.5824317932
830.793091,       33.6627464294
831.111267,       33.2115478516
831.429260,       33.2133636475
831.747437,       33.2360000610
832.065308,       33.1890602112
832.383362,       33.2434463501
832.701233,       33.2599639893
833.019043,       33.3044548035
833.336914,       33.2481689453
833.654663,       33.2716064453
833.972351,       33.2095260620
834.289978,       33.2352676392
834.607483,       33.2925872803
834.925171,       33.3151626587
835.242676,       33.3005561829
835.560059,       33.2472496033
835.877502,       33.2396965027
836.194763,       33.2118530273
836.512146,       33.2164573669
836.829468,       33.2834701538
837.146545,       33.3638267517
837.463745,       33.2905044556
837.780823,       33.3299446106
838.097900,       33.3684463501
838.414917,       33.3945732117
838.731873,       33.4010467529
839.048828,       33.3459396362
839.365540,       33.3582916260
839.682434,       33.3775100708
839.999207,       33.4449958801
840.315857,       33.4434700012
840.632568,       33.4283294678
840.949097,       33.3552856445
841.265747,       33.2247581482
841.582275,       33.2894172668
841.898682,       33.4202957153
842.215088,       33.5080528259
842.531433,       33.4940414429
842.847778,       33.5144309998
843.164063,       33.5340347290
843.480164,       33.4599456787
843.796387,       33.4034881592
844.112427,       33.4052734375
844.428528,       33.4933624268
844.744568,       33.4832954407
845.060486,       33.5769462585
845.376404,       33.6104087830
845.692200,       33.6281280518
846.008057,       33.5943450928
846.323853,       33.6121635437
846.639465,       33.5849533081
846.955139,       33.5763168335
847.270691,       33.6265220642
847.586304,       33.7050895691
847.901855,       33.7537574768
848.217224,       33.6514930725
848.532715,       33.5897903442
848.847961,       33.6590423584
849.163330,       33.6308212280
849.478638,       33.6213111877
849.793823,       33.6547927856
850.108948,       33.6613845825
850.424011,       33.7272033691
850.739136,       33.8230895996
851.054199,       33.7277603149
851.369019,       33.7006301880
851.684021,       33.6061172485
851.998779,       33.7403335571
852.313660,       33.7770996094
852.628418,       33.7902870178
852.943054,       33.8419151306
853.257751,       33.8673477173
853.572327,       33.8850059509
853.886841,       33.8450965881
854.201477,       33.8432044983
854.515808,       33.9536056519
854.830261,       34.0388031006
855.144592,       34.0653610229
855.458862,       33.9559936523
855.773193,       33.9890747070
856.087280,       34.0562744141
856.401489,       34.0005760193
856.715515,       34.1023941040
857.029602,       34.1343536377
857.343628,       34.0604705811
857.657532,       34.0753479004
857.971497,       34.1243820190
858.285278,       34.1392021179
858.599121,       34.0837020874
858.912903,       33.9858131409
859.226501,       33.9903068542
859.540222,       33.9172515869
859.853699,       33.9762077332
860.167297,       34.0008354187
860.480896,       34.1466979980
860.794250,       34.1942024231
861.107666,       34.0802841187
861.420959,       34.0446929932
861.734314,       33.9910774231
862.047546,       33.9693450928
862.360657,       34.0740432739
862.673889,       34.1251296997
862.986938,       34.2032966614
863.299988,       34.1613922119
863.613037,       34.2389297485
863.925903,       34.2835807800
864.238831,       34.4718742371
864.551575,       34.4023742676
864.864380,       34.3527145386
865.177185,       34.3243827820
865.489807,       34.4337577820
865.802490,       34.4807434082
866.114990,       34.5253868103
866.427612,       34.6043548584
866.740112,       34.5993804932
867.052429,       34.4960441589
867.364868,       34.4672203064
867.677124,       34.5230369568
867.989502,       34.6193084717
868.301758,       34.6877593994
868.613831,       34.7903480530
868.926025,       34.6665458679
869.238159,       34.6249885559
869.550049,       34.5566978455
869.862122,       34.6125335693
870.173950,       34.5178031921
870.485901,       34.4861526489
870.797791,       34.3250885010
871.109497,       34.4290237427
871.421204,       34.5047454834
871.732849,       34.5433807373
872.044495,       34.5734405518
872.356079,       34.5460891724
872.667542,       34.5456504822
872.979065,       34.4195632935
873.290344,       34.4660949707
873.601807,       34.5146636963
873.913147,       34.4764518738
874.224304,       34.4978370667
874.535645,       34.4631462097
874.846741,       34.4791679382
875.157837,       34.5060081482
875.468994,       34.6660461426
875.779907,       34.6650733948
876.090881,       34.7244873047
876.401733,       34.6712608337
876.712646,       34.6610946655
877.023499,       34.7772293091
877.334167,       34.7801971436
877.644897,       34.7698135376
877.955505,       34.7682609558
878.266113,       34.6877822876
878.576721,       34.6702728271
878.887146,       34.7291488647
879.197571,       34.7164192200
879.507996,       34.7760734558
879.818298,       34.7986984253
880.128662,       35.0277976990
880.438843,       34.9990768433
880.749084,       35.0774192810
881.059143,       35.4705276489
881.369263,       35.3774147034
881.679382,       35.2638015747
881.989258,       35.1493072510
882.299194,       35.0991363525
882.609070,       35.1631088257
882.918945,       35.1960067749
883.228760,       35.1507263184
883.538452,       35.0797576904
883.848145,       35.2104339600
884.157654,       35.2112579346
884.467285,       35.2137374878
884.776917,       35.3010597229
885.086243,       35.3260688782
885.395813,       35.3403892517
885.705017,       35.3977088928
886.014404,       35.3758468628
886.323730,       35.3892593384
886.632874,       35.1752662659
886.942078,       35.3428802490
887.251160,       35.2843856812
887.560242,       34.8476753235
887.869263,       34.9182052612
888.178162,       34.9341316223
888.487122,       34.8933372498
888.795898,       34.9852943420
889.104797,       34.9544715881
889.413513,       34.9198493958
889.722168,       34.9990386963
890.030884,       35.0702056885
890.339417,       34.9978675842
890.648010,       35.0490531921
890.956543,       35.0205841064
891.264893,       34.9545059204
891.573364,       34.8825607300
891.881653,       34.8747673035
892.189941,       34.8799171448
892.498230,       35.0002670288
892.806335,       35.0246620178
893.114502,       35.1006431580
893.422546,       34.9968948364
893.730652,       35.0302619934
894.038696,       35.1352081299
894.346497,       35.0965309143
894.654419,       35.1908798218
894.962158,       35.2659301758
895.270020,       35.2815437317
895.577759,       35.3094291687
895.885376,       35.3894729614
896.192993,       35.3663749695
896.500549,       35.3472213745
896.808044,       35.3123893738
897.115601,       35.3215446472
897.422913,       35.4878501892
897.730347,       35.5794219971
898.037598,       35.7009353638
898.344910,       35.6815261841
898.652161,       35.6739196777
898.959167,       35.6264381409
899.266418,       35.6422195435
899.573364,       35.6615028381
899.880371,       35.6769485474
900.187378,       35.6286087036
900.494202,       35.6406402588
900.801086,       35.6350097656
901.107788,       35.5864524841
901.414612,       35.5716629028
901.721375,       35.5387840271
902.027832,       35.5268363953
902.334534,       35.4687538147
902.641113,       35.5460510254
902.947510,       35.5274543762
903.253967,       35.5211181641
903.560242,       35.4454650879
903.866638,       35.3185043335
904.172974,       35.2209434509
904.479126,       35.1831932068
904.785278,       35.2167015076
905.091370,       35.1542739868
905.397461,       35.0829505920
905.703552,       34.9997177124
906.009399,       35.0381202698
906.315369,       35.0680618286
906.621155,       35.0358085632
906.927002,       34.9977531433
907.232788,       35.0238380432
907.538452,       35.1024627686
907.844116,       35.1746749878
908.149658,       35.1933517456
908.455200,       35.1926002502
908.760803,       35.2769927979
909.066162,       35.2698364258
909.371582,       35.2926979065
909.676880,       35.3012580872
909.982178,       35.3838043213
910.287476,       35.4044303894
910.592529,       35.4241104126
910.897705,       35.5150909424
911.202759,       35.4922637939
911.507813,       35.6268959045
911.812805,       35.6516113281
912.117676,       35.6591567993
912.422546,       35.5606307983
912.727356,       35.6019897461
913.032104,       35.6360931396
913.336853,       35.6593742371
913.641479,       35.7255287170
913.946106,       35.6475906372
914.250610,       35.7782707214
914.555115,       35.8236122131
914.859619,       35.8675918579
915.163940,       35.7812271118
915.468323,       35.7081718445
915.772583,       35.7621765137
916.076843,       35.7863769531
916.381104,       35.7083168030
916.685120,       35.7048072815
916.989258,       35.9011154175
917.293213,       35.8121414185
917.597290,       36.1313629150
917.901184,       36.4049263000
918.205017,       36.4746055603
918.508850,       36.5623855591
918.812561,       36.5634307861
919.116333,       36.5706939697
919.420044,       36.6135635376
919.723572,       36.6309471130
920.027222,       36.6002960205
920.330627,       36.6252212524
920.634094,       36.4874687195
920.937561,       36.3896598816
921.240784,       36.5345840454
921.544189,       36.4796218872
921.847351,       36.5095787048
922.150574,       36.6298980713
922.453735,       36.6194877625
922.756775,       36.6365737915
923.059875,       36.6426506042
923.362793,       36.4465293884
923.665771,       36.6099853516
923.968689,       36.3343658447
924.271362,       36.0442352295
924.574219,       36.0441513062
924.876892,       35.9429016113
925.179565,       35.9849472046
925.482239,       35.8306884766
925.784729,       35.8847465515
926.087280,       35.8113441467
926.389648,       35.8290672302
926.692078,       35.7464828491
926.994507,       35.8570327759
927.296692,       35.8109092712
927.599060,       35.6798820496
927.901123,       35.7466011047
928.203308,       35.7275314331
928.505432,       35.5616378784
928.807434,       35.5951805115
929.109436,       35.5959510803
929.411316,       35.5783309937
929.713196,       35.6431350708
930.015015,       35.3953895569
930.316711,       35.4293746948
930.618530,       35.2752723694
930.920105,       35.1928787231
931.221802,       35.3516502380
931.523315,       35.2865791321
931.824829,       35.3967399597
932.126282,       35.4221458435
932.427612,       35.3474845886
932.729004,       35.3922576904
933.030334,       35.4583625793
933.331482,       35.2453804016
933.632751,       35.2767333984
933.933777,       35.2735824585
934.234924,       35.2798461914
934.536011,       35.3113365173
934.836914,       35.1878967285
935.137878,       35.1460647583
935.438660,       35.1553726196
935.739502,       35.1904754639
936.040344,       35.1909141541
936.340942,       35.2119636536
936.641663,       35.1761474609
936.942383,       35.2931251526
937.242798,       35.4988441467
937.543335,       35.3702430725
937.843750,       35.3413200378
938.144165,       35.3530082703
938.444580,       35.3159751892
938.744751,       35.4445953369
939.045044,       35.5138015747
939.345154,       35.6794281006
939.645325,       35.7128715515
939.945435,       35.9983711243
940.245361,       35.9744834900
940.545410,       36.0636062622
940.845215,       36.0795249939
941.145142,       36.2118339539
941.445007,       36.3577690125
941.744629,       36.3532409668
942.044434,       36.3223571777
942.343994,       36.4004364014
942.643677,       36.4670486450
942.943237,       36.5729789734
943.242676,       36.6901435852
943.542114,       36.7606124878
943.841431,       36.7289237976
944.140808,       36.6878700256
944.440125,       36.8002204895
944.739258,       36.9216461182
945.038513,       36.8578605652
945.337524,       36.7642440796
945.636597,       36.6538619995
945.935669,       36.7277336121
946.234558,       36.4397392273
946.533508,       36.4619674683
946.832275,       36.6916046143
947.131165,       36.7211418152
947.429932,       36.7380943298
947.728516,       36.5228042603
948.027222,       36.5393829346
948.325745,       36.6556320190
948.624329,       36.9698448181
948.922852,       36.9407157898
949.221191,       36.8922805786
949.519592,       36.9851341248
949.817810,       36.8632850647
950.116150,       37.2066154480
950.414368,       37.3274459839
950.712463,       37.2097969055
951.010620,       36.9221916199
951.308594,       36.9205398560
951.606628,       36.9624481201
951.904602,       37.1777725220
952.202454,       37.4489898682
952.500305,       38.2931709290
952.798035,       38.3917236328
953.095825,       38.0603790283
953.393494,       37.9888877869
953.691040,       38.1198425293
953.988647,       38.2292747498
954.286133,       38.2834510803
954.583618,       38.2865219116
954.881042,       37.9056968689
955.178345,       37.9627609253
955.475647,       38.2243843079
955.772827,       38.1566009521
956.070068,       38.0588989258
956.367310,       37.9530715942
956.664307,       37.9779624939
956.961365,       38.1708679199
957.258240,       38.2547340393
957.555176,       38.7808036804
957.852112,       38.8163757324
958.148865,       38.6544075012
958.445679,       38.5481338501
958.742310,       37.6543617249
959.039001,       37.7680549622
959.335632,       37.7488822937
959.632141,       38.0139923096
959.928650,       37.9863929749
960.224976,       38.2396926880
960.521484,       38.5991210938
960.817871,       38.5289115906
961.114014,       38.4614181519
961.410339,       38.4765167236
961.706421,       38.1508483887
962.002563,       37.9579277039
962.298645,       37.8796768188
962.594604,       37.6733856201
962.890564,       37.7490272522
963.186401,       39.7390289307
963.482300,       39.9249610901
963.778137,       39.5208930969
964.073792,       39.3521728516
964.369568,       39.2824096680
964.665100,       39.2547836304
964.960693,       39.4741630554
965.256287,       39.5784072876
965.551697,       39.6489639282
965.847168,       39.3659667969
966.142395,       39.3350982666
966.437744,       39.5240364075
966.733032,       39.2254333496
967.028198,       39.3284301758
967.323364,       39.4580230713
967.618408,       39.3898353577
967.913513,       39.7154045105
968.208496,       40.0924949646
968.503357,       40.2085418701
968.798279,       40.3758239746
969.093018,       40.3336791992
969.387817,       37.8710174561
969.682556,       38.0017280579
969.977173,       37.8926315308
970.271790,       38.3265266418
970.566406,       38.5082130432
970.860779,       38.4084663391
971.155334,       38.4228630066
971.449646,       37.9004554749
971.743958,       37.9485321045
972.038330,       38.2436676025
972.332458,       38.1437644958
972.626648,       37.8422737122
972.920715,       37.8721046448
973.214844,       37.8663215637
973.508911,       38.1178855896
973.802734,       38.5621490479
974.096741,       38.4243011475
974.390442,       38.2382202148
974.684265,       38.4038848877
974.978088,       38.2907257080
975.271667,       38.4825096130
975.565369,       38.5315361023
975.858826,       38.4692611694
976.152405,       38.7360763550
976.445923,       38.5248336792
976.739258,       38.3712158203
977.032654,       38.4100151062
977.325867,       38.4712066650
977.619202,       38.9437141418
977.912415,       39.5292472839
978.205505,       39.3764419556
978.498596,       39.6010093689
978.791504,       39.6057929993
979.084534,       39.9229507446
979.377563,       40.0176620483
979.670288,       39.8975830078
979.963196,       39.4955787659
980.255859,       39.6887016296
980.548584,       39.7091903687
980.841309,       39.5522384644
981.133850,       39.6450195313
981.426392,       40.1175384521
981.718811,       40.1058540344
982.011292,       39.9089469910
982.303650,       39.8542327881
982.595886,       39.8902549744
982.888245,       40.2749862671
983.180359,       40.3899002075
983.472595,       40.2072639465
983.764709,       39.7590827942
984.056641,       39.3624725342
984.348755,       39.5809860229
984.640625,       39.8880462646
984.932495,       39.9893951416
985.224365,       39.4247131348
985.516052,       39.6827621460
985.807861,       39.8124847412
986.099426,       40.6035079956
986.391052,       40.2192230225
986.682678,       40.2841110229
986.974121,       40.4140396118
987.265625,       40.3532905579
987.556885,       39.8293342590
987.848328,       39.5990447998
988.139648,       39.7543678284
988.430786,       39.6054420471
988.721985,       39.4707870483
989.013000,       39.2960014343
989.304138,       39.8567886353
989.595215,       39.9493293762
989.886047,       40.4269790649
990.177002,       40.2349205017
990.467834,       40.3844299316
990.758606,       40.1876907349
991.049377,       40.1191368103
991.339966,       40.9193229675
991.630676,       40.6749153137
991.921143,       40.1354331970
992.211670,       40.1227378845
992.502197,       40.3365631104
992.792542,       40.3945388794
993.082886,       40.0697479248
993.373169,       40.5733909607
993.663452,       40.6161231995
993.953613,       40.9145965576
994.243713,       40.8384094238
994.533813,       41.0207862854
994.823792,       41.3642997742
995.113770,       41.1534996033
995.403687,       40.8753929138
995.693481,       40.7986717224
995.983337,       40.5039482117
996.273010,       40.7419090271
996.562744,       40.2056961060
996.852417,       40.3455924988
997.141907,       40.0771865845
997.431458,       39.6468505859
997.720886,       39.8653373718
998.010315,       40.0562133789
998.299744,       39.1643447876
998.588928,       39.0046539307
998.878296,       38.9833488464
999.167419,       39.4027061462
999.456543,       40.2149848938
999.745667,       40.2037010193
1000.034607,       40.0761718750
1000.323669,       39.6688079834
1000.612488,       40.5108413696
1000.901367,       40.4068412781
1001.190247,       40.4932632446
1001.478882,       39.9971733093
1001.767639,       41.2147636414
1002.056335,       40.8918037415
1002.344849,       41.1567535400
1002.633423,       41.5110664368
1002.921814,       40.9622535706
1003.210266,       41.0383262634
1003.498657,       40.7226409912
1003.786926,       40.6755676270
1004.075256,       41.6504554749
1004.363342,       41.6846961975
1004.651489,       41.2399063110
1004.939697,       41.6232910156
1005.227600,       42.3999900818
1005.515686,       41.9445457458
1005.803467,       42.5927848816
1006.091370,       42.9221229553
1006.379272,       43.7208099365
1006.666870,       42.9642333984
1006.954712,       42.5751762390
1007.242188,       43.0728416443
1007.529907,       43.6392288208
1007.817444,       42.4272727966
1008.104858,       44.0876731873
1008.392334,       43.3849143982
1008.679565,       43.6791419983
1008.966980,       44.1288375854
1009.254272,       44.6878356934
1009.541382,       45.0568008423
1009.828613,       44.6779899597
1010.115601,       44.1556968689
1010.402649,       44.4478187561
1010.689697,       44.7156524658
1010.976563,       44.1690711975
1011.263489,       44.4167976379
1011.550171,       43.5288925171
1011.837036,       43.1304168701
1012.123657,       42.6947402954
1012.410278,       43.1160850525
1012.696899,       43.9059448242
1012.983337,       44.9019508362
1013.269897,       44.3901329041
1013.556396,       43.9628944397
1013.842651,       44.7274971008
1014.129028,       43.3033256531
1014.415161,       43.6578826904
1014.701477,       43.9724502563
1014.987671,       44.8605804443
1015.273560,       44.8969688416
1015.559692,       45.5562515259
1015.845581,       46.2794113159
1016.131592,       47.3481254578
1016.417542,       47.7108650208
1016.703247,       48.4616127014
1016.989014,       49.1332130432
1017.274658,       48.7815399170
1017.560303,       49.1471900940
1017.845947,       48.6742477417
1018.131409,       49.3608665466
1018.416870,       48.7821044922
1018.702271,       48.2874221802
1018.987671,       48.2494430542
1019.272949,       49.6375617981
1019.558228,       50.1038475037
1019.843445,       49.4680366516
1020.128540,       49.5590820313
1020.413574,       50.0280303955
1020.698608,       49.7534065247
1020.983521,       48.7772750854
1021.268555,       50.8724403381
1021.553284,       52.1406822205
1021.838135,       52.9211883545
1022.122925,       52.0880165100
1022.407593,       50.7490501404
1022.692261,       32.3607444763
1022.976807,       36.6812210083
1023.261292,       47.9253082275
1023.545837,       46.3955726624
1023.830200,       43.4599151611
1024.114624,       80.4347839355
1024.398804,       73.3595886230
1024.683105,       63.3499145508
1024.967285,       42.7937927246
