340.270844,        0.0000000000
340.648560,        0.0000000000
341.026306,      135.2941589355
341.403961,      233.3332977295
341.781616,      239.1306610107
342.159210,      324.9997863770
342.536743,      -27.9570312500
342.914307,      104.7297210693
343.291779,       99.2565002441
343.669250,        0.0000000000
344.046661,       72.7029113770
344.424042,       72.6311950684
344.801422,       71.7533798218
345.178711,       74.0587463379
345.556000,       75.6406402588
345.933258,       78.7819061279
346.310486,       80.4387359619
346.687622,       81.9655303955
347.064758,       80.5667343140
347.441895,       78.5880661011
347.818939,       78.3478317261
348.195953,       75.8521804810
348.572937,       74.1824417114
348.949890,       74.8912582397
349.326843,       76.3564147949
349.703735,       74.7613296509
350.080597,       75.1321640015
350.457397,       75.2079925537
350.834198,       71.8223342896
351.210968,       72.3393630981
351.587646,       75.3160171509
351.964325,       74.9503784180
352.340942,       75.7317810059
352.717560,       77.4875564575
353.094147,       77.9465408325
353.470673,       77.7903518677
353.847168,       76.5942611694
354.223602,       75.9154891968
354.600037,       77.2286682129
354.976440,       76.9412460327
355.352783,       78.2530364990
355.729126,       79.7546386719
356.105408,       77.4153137207
356.481628,       77.1160049438
356.857849,       76.1713180542
357.234009,       74.5434875488
357.610168,       76.5638732910
357.986267,       75.5695953369
358.362366,       74.2901916504
358.738373,       73.6576766968
359.114349,       73.3731613159
359.490326,       71.2431182861
359.866241,       69.6179962158
360.242157,       68.7721633911
360.617981,       67.1172180176
360.993805,       65.4303359985
361.369568,       66.9448928833
361.745331,       67.3720932007
362.121033,       67.6099090576
362.496704,       66.7368392944
362.872314,       66.4175567627
363.247925,       65.1897201538
363.623505,       64.1223297119
363.999023,       65.0568695068
364.374542,       68.9755477905
364.750000,       69.0324020386
365.125397,       69.2957305908
365.500763,       67.1649475098
365.876160,       64.9252395630
366.251434,       64.3247375488
366.626740,       63.3724327087
367.001953,       65.0402450562
367.377136,       65.8214797974
367.752350,       66.1738052368
368.127472,       68.5046920776
368.502594,       67.0332260132
368.877625,       65.6116333008
369.252625,       65.5355300903
369.627625,       65.5487594604
370.002563,       65.1378326416
370.377502,       64.7442169189
370.752380,       63.6341209412
371.127228,       67.9210815430
371.502014,       66.4590835571
371.876770,       67.0514297485
372.251526,       66.1818542480
372.626221,       65.0789947510
373.000885,       64.0046463013
373.375488,       64.6044616699
373.750092,       66.7197494507
374.124664,       69.2728118896
374.499146,       72.3930816650
374.873627,       72.2118225098
375.248108,       70.9561386108
375.622467,       75.1375045776
375.996887,       75.3845901489
376.371185,       75.6998977661
376.745483,       76.3243713379
377.119751,       75.8786315918
377.493958,       76.3181076050
377.868195,       76.3409881592
378.242310,       76.0970916748
378.616394,       78.3658523560
378.990540,       76.3208465576
379.364563,       76.6608276367
379.738556,       76.2978515625
380.112518,       74.0021438599
380.486481,       75.0668258667
380.860352,       75.0621871948
381.234192,       75.3300933838
381.608063,       74.0410079956
381.981812,       71.6538009644
382.355591,       68.4028320313
382.729309,       68.0338821411
383.102966,       68.2233963013
383.476624,       62.9559097290
383.850220,       60.0482864380
384.223816,       60.6213378906
384.597321,       59.8098220825
384.970856,       59.8916549683
385.344299,       56.5819969177
385.717682,       54.9352340698
386.091125,       54.0983619690
386.464447,       50.2399520874
386.837769,       48.4730491638
387.211029,       50.4155654907
387.584290,       50.8996124268
387.957489,       51.2688941956
388.330627,       49.6557464600
388.703766,       50.8061218262
389.076874,       50.0418014526
389.449921,       52.4881591797
389.822937,       52.7173156738
390.195923,       54.2199058533
390.568878,       53.9718322754
390.941772,       54.0411529541
391.314636,       53.1290397644
391.687500,       51.0908355713
392.060272,       50.4951934814
392.433075,       50.0658226013
392.805756,       47.7550125122
393.178436,       48.5358123779
393.551117,       50.6404457092
393.923737,       51.6984710693
394.296326,       52.1916923523
394.668854,       51.6921577454
395.041321,       50.0177726746
395.413849,       50.6724472046
395.786255,       50.6465377808
396.158630,       50.9440727234
396.531006,       49.1731262207
396.903320,       48.2684211731
397.275604,       50.0656890869
397.647827,       50.2751770020
398.020050,       52.2272567749
398.392212,       50.9921607971
398.764343,       50.3488960266
399.136444,       49.9999923706
399.508514,       50.0456314087
399.880554,       48.2837944031
400.252533,       49.2091636658
400.624512,       50.8095207214
400.996399,       50.4356079102
401.368286,       49.4762802124
401.740112,       48.7979698181
402.111908,       46.8161125183
402.483673,       45.2579193115
402.855408,       44.3434181213
403.227081,       42.1824111938
403.598755,       40.5386047363
403.970367,       38.2000045776
404.341980,       39.2760391235
404.713501,       39.3636474609
405.085022,       36.8933334351
405.456482,       35.9837341309
405.827911,       32.8062820435
406.199310,       32.2710342407
406.570648,       32.2100563049
406.942017,       31.3179168701
407.313263,       30.9135971069
407.684509,       31.2012023926
408.055725,       29.8071861267
408.426880,       29.2060699463
408.798035,       31.5059661865
409.169128,       31.2972297668
409.540161,       32.9713973999
409.911224,       33.1187286377
410.282196,       34.2092590332
410.653137,       33.7881164551
411.024048,       33.2860221863
411.394897,       35.0262908936
411.765747,       36.2645568848
412.136536,       35.3822097778
412.507324,       36.3019294739
412.878052,       35.4173126221
413.248718,       37.9424591064
413.619385,       37.2352867126
413.989990,       36.0684471130
414.360565,       36.4875106812
414.731110,       36.4928855896
415.101563,       36.3949851990
415.472076,       36.6682052612
415.842468,       35.9124145508
416.212891,       36.2994804382
416.583221,       34.4253387451
416.953522,       34.3458366394
417.323792,       31.6173114777
417.694031,       33.0137901306
418.064240,       32.9796752930
418.434418,       33.4762649536
418.804535,       35.7354507446
419.174622,       34.7648925781
419.544678,       33.8572311401
419.914673,       33.8847770691
420.284668,       32.7363471985
420.654572,       31.5884895325
421.024475,       28.9172687531
421.394348,       30.0683135986
421.764191,       30.6515312195
422.133972,       30.2489910126
422.503693,       31.5530128479
422.873444,       31.3338050842
423.243134,       31.1237068176
423.612762,       31.2717018127
423.982330,       28.7894725800
424.351929,       28.0179710388
424.721436,       27.1386585236
425.090942,       27.4990711212
425.460358,       26.5811557770
425.829773,       26.0930118561
426.199158,       24.9269104004
426.568481,       23.0650444031
426.937775,       22.8490104675
427.307037,       23.9439792633
427.676239,       23.4841575623
428.045441,       22.9766464233
428.414581,       22.7768268585
428.783722,       23.7314186096
429.152802,       21.9833946228
429.521790,       23.6965618134
429.890839,       23.4525318146
430.259766,       21.2952899933
430.628693,       22.7558937073
430.997589,       22.0311050415
431.366425,       21.8352870941
431.735229,       21.9876079559
432.104004,       21.6815776825
432.472748,       22.7806529999
432.841431,       22.5068397522
433.210052,       22.5103225708
433.578705,       21.7555446625
433.947266,       21.9884948730
434.315826,       21.2680702209
434.684326,       21.1813545227
435.052765,       20.4044361115
435.421204,       22.9889011383
435.789612,       22.6263618469
436.157959,       23.5585174561
436.526276,       22.1973266602
436.894531,       22.2425422668
437.262756,       19.5394020081
437.630951,       18.9741134644
437.999146,       18.7279987335
438.367249,       16.9723796844
438.735321,       16.7542686462
439.103394,       16.0808200836
439.471405,       16.0424423218
439.839386,       38.8456001282
440.207306,       38.4786186218
440.575195,       38.3208770752
440.943054,       37.2631797791
441.310883,       37.0497627258
441.678680,       36.9439315796
442.046387,       36.6614112854
442.414093,       36.3012237549
442.781799,       35.7895469666
443.149414,       33.9516029358
443.516998,       33.6301765442
443.884552,       32.8722877502
444.252045,       32.6772880554
444.619537,       32.2116317749
444.987000,       32.0648880005
445.354401,       32.1932945251
445.721710,       32.6643409729
446.089081,       32.8962402344
446.456360,       32.8285751343
446.823608,       32.7525482178
447.190826,       33.1251335144
447.557953,       11.4704542160
447.925110,       10.7858896255
448.292175,       10.2846136093
448.659271,       10.9628896713
449.026276,       10.8591651917
449.393250,       10.7211952209
449.760193,       10.9649305344
450.127075,       10.5356378555
450.493958,       10.6702241898
450.860779,       10.0300436020
451.227570,       10.2072229385
451.594330,       10.7931480408
451.960999,       10.6857385635
452.327698,       10.6569509506
452.694336,       10.5605831146
453.060913,        9.8120641708
453.427490,        9.3449106216
453.793976,        9.0966005325
454.160492,        8.7749433517
454.526917,        9.0734281540
454.893311,        8.3752031326
455.259674,        8.3551988602
455.626007,        8.6701478958
455.992310,        9.3088130951
456.358551,        8.8369588852
456.724731,        9.0408115387
457.090912,        9.0557594299
457.457031,        9.0413455963
457.823151,        9.2091493607
458.189209,        8.7725038528
458.555206,        9.1391201019
458.921173,        8.9983797073
459.287109,        8.5345563889
459.653015,        9.2293586731
460.018890,        9.3056964874
460.384705,        9.3762617111
460.750519,        9.2323246002
461.116241,        8.8392515182
461.481964,        8.7737064362
461.847626,        9.2451553345
462.213226,        9.0680856705
462.578827,        9.3151130676
462.944427,        9.0826148987
463.309906,        8.6147356033
463.675385,        8.0121364594
464.040802,        7.9591588974
464.406219,        7.7896051407
464.771606,        7.3932027817
465.136902,        7.2820720673
465.502197,        7.0817751884
465.867462,        7.2933077812
466.232635,        6.8757047653
466.597839,        6.7768378258
466.962921,        6.7713513374
467.328003,        6.2677183151
467.693054,        6.1729431152
468.058075,        6.1909985542
468.423035,        6.8693280220
468.787994,        7.0106825829
469.152863,        6.9666705132
469.517700,        6.4200439453
469.882538,        6.1486740112
470.247314,        5.6507749557
470.612061,        6.6057653427
470.976746,        6.5086460114
471.341431,        6.8596286774
471.706024,        7.0196762085
472.070618,        7.2492303848
472.435181,        7.1210675240
472.799622,        7.0443725586
473.164124,        7.3473768234
473.528534,        7.2726020813
473.892975,        7.3054223061
474.257294,        7.3703804016
474.621582,        7.1869478226
474.985870,        7.2937221527
475.350098,        7.5570306778
475.714325,        7.3506088257
476.078461,        7.0857481956
476.442535,        7.0328636169
476.806641,        6.9043149948
477.170685,        6.9200625420
477.534668,        6.8755497932
477.898621,        6.9902009964
478.262512,        6.2971978188
478.626404,        6.7943854332
478.990265,        6.5759525299
479.354065,        6.3390388489
479.717834,        5.9306068420
480.081512,        6.0047321320
480.445221,        5.9195337296
480.808899,        5.6532621384
481.172485,        5.6363677979
481.536041,        5.4551973343
481.899567,        5.6831340790
482.263062,        5.5632300377
482.626526,        5.5764970779
482.989929,        5.3576211929
483.353271,        5.3520665169
483.716583,        5.1163630486
484.079895,        4.9327864647
484.443146,        4.9507236481
484.806366,        4.9923224449
485.169525,        5.0030536652
485.532654,        4.8507547379
485.895752,        4.6981277466
486.258820,        4.5198278427
486.621857,        4.7039875984
486.984802,        4.7664074898
487.347748,        4.8910870552
487.710663,        4.7706103325
488.073517,        4.7019457817
488.436340,        4.8494901657
488.799072,        4.8336749077
489.161835,        4.8493566513
489.524536,        4.4695277214
489.887238,        4.5060682297
490.249847,        4.4240851402
490.612396,        4.3948178291
490.974915,        4.4039940834
491.337433,        4.4364962578
491.699921,        4.5928902626
492.062347,        4.7495484352
492.424713,        4.7837800980
492.787079,        4.7661323547
493.149353,        5.5327148438
493.511658,        5.5505499840
493.873871,        5.4398999214
494.236053,        5.2945671082
494.598206,        5.4068679810
494.960297,        5.5223493576
495.322388,        5.5464019775
495.684418,        5.5881905556
496.046356,        5.4007768631
496.408325,        5.4302325249
496.770264,        5.5331635475
497.132141,        5.7093200684
497.493958,        5.7550625801
497.855713,        5.7313108444
498.217499,        5.7314500809
498.579193,        5.8117027283
498.940887,        5.9185924530
499.302490,        5.9068784714
499.664093,        5.8279047012
500.025635,        5.7907166481
500.387177,        5.7988781929
500.748627,        5.1497297287
501.110077,        5.4015951157
501.471436,        5.4114193916
501.832825,        5.4647402763
502.194153,        5.4282317162
502.555389,        5.3955864906
502.916626,        5.5852704048
503.277802,        5.6950454712
503.638977,        5.9374957085
504.000092,        6.0900349617
504.361176,        6.1649427414
504.722198,        6.1540932655
505.083160,        6.2742104530
505.444153,        6.3436856270
505.805084,        6.4170694351
506.165924,        6.5023555756
506.526764,        6.6008129120
506.887543,        7.0751786232
507.248322,        7.2474255562
507.609070,        7.4287490845
507.969727,        7.5564131737
508.330322,        7.7181897163
508.690918,        7.6621727943
509.051514,        7.8038344383
509.412018,        7.9013562202
509.772491,        8.0401067734
510.132904,        8.3354425430
510.493286,        8.5352706909
510.853699,        8.6993331909
511.213989,        8.7676601410
511.574280,        8.8432750702
511.934509,        8.9814615250
512.294678,        9.1807346344
512.654846,        9.2685461044
513.014954,        9.4563779831
513.375061,        9.7176094055
513.735046,        9.8983421326
514.095032,        9.9515962601
514.455078,        9.8612527847
514.814941,        9.8643398285
515.174805,        9.9471101761
515.534607,       10.1062536240
515.894409,       10.2556009293
516.254211,       10.4035978317
516.613892,       10.6270685196
516.973572,       10.8276500702
517.333130,       10.9884653091
517.692749,       10.9509792328
518.052368,       10.9506320953
518.411865,       11.0600557327
518.771301,       11.1430158615
519.130737,       11.2766628265
519.490173,       11.4962577820
519.849548,       11.6748418808
520.208801,       11.8348445892
520.568054,       12.0337305069
520.927307,       12.0584344864
521.286499,       12.1922712326
521.645691,       12.4699869156
522.004822,       12.6393737793
522.363831,       12.8233957291
522.722839,       12.9621057510
523.081848,       13.0899753571
523.440796,       13.3040037155
523.799744,       13.4840469360
524.158569,       13.5419425964
524.517395,       13.6057491302
524.876160,       13.7304830551
525.234924,       13.8795261383
525.593628,       14.0116930008
525.952271,       14.3253250122
526.310913,       14.5285339355
526.669495,       14.6624326706
527.028076,       14.6960649490
527.386536,       14.8627996445
527.744995,       14.9852008820
528.103394,       15.0846557617
528.461792,       15.2894515991
528.820129,       15.4740352631
529.178406,       15.5446958542
529.536743,       15.5881061554
529.894958,       15.7497644424
530.253113,       15.8807353973
530.611267,       16.1676368713
530.969299,       16.2984523773
531.327393,       16.4590339661
531.685486,       16.5966911316
532.043335,       16.6634330750
532.401367,       16.7387657166
532.759216,       16.8239650726
533.117004,       16.9861297607
533.474915,       16.8986148834
533.832642,       16.9822959900
534.190430,       17.0742282867
534.548096,       17.1855926514
534.905762,       17.1838665009
535.263367,       17.3164806366
535.620850,       17.3785247803
535.978455,       17.4170207977
536.335876,       17.3821754456
536.693359,       17.4072685242
537.050781,       17.4481086731
537.408142,       17.5136299133
537.765442,       17.5226364136
538.122681,       17.4202327728
538.479919,       17.3758163452
538.837219,       17.3343486786
539.194336,       17.3412113190
539.551453,       17.5321922302
539.908508,       17.6913604736
540.265564,       17.7083950043
540.622559,       17.6370048523
540.979553,       17.6657638550
541.336426,       17.6273345947
541.693298,       17.6521892548
542.050110,       17.7366561890
542.406921,       17.7870521545
542.763672,       17.8689384460
543.120422,       17.8700084686
543.477051,       17.8725757599
543.833679,       17.9257545471
544.190308,       17.9414920807
544.546814,       17.9546756744
544.903381,       17.9503402710
545.259827,       17.9775009155
545.616211,       17.9681777954
545.972595,       17.9663829803
546.328979,       17.9839534760
546.685242,       18.0107727051
547.041504,       17.9745292664
547.397644,       17.8874034882
547.753906,       17.9202346802
548.110046,       17.9612255096
548.466125,       17.9647769928
548.822144,       18.0149459839
549.178223,       17.9933834076
549.534241,       17.9907169342
549.890137,       17.9627780914
550.246033,       17.9007453918
550.601868,       17.9529514313
550.957581,       17.9709053040
551.313416,       18.0669002533
551.669128,       18.1150207520
552.024841,       18.1694889069
552.380432,       18.0885066986
552.736023,       18.0882873535
553.091675,       18.2092266083
553.447144,       18.2263069153
553.802612,       18.2214431763
554.158020,       18.2466392517
554.513428,       18.1723976135
554.868774,       18.1617431641
555.224121,       18.2604751587
555.579346,       18.2425689697
555.934631,       18.2682762146
556.289734,       18.2707672119
556.644958,       18.3333454132
557.000000,       18.3061676025
557.355103,       18.2686862946
557.710083,       18.2158699036
558.065063,       18.1052780151
558.420105,       18.0526657104
558.774963,       17.9399852753
559.129822,       17.9368915558
559.484619,       17.8930149078
559.839355,       17.9415798187
560.194153,       17.8957901001
560.548828,       17.8108997345
560.903442,       17.7406139374
561.258057,       17.7745532990
561.612610,       17.6848278046
561.967224,       17.6715679169
562.321655,       17.5989875793
562.676086,       17.4117126465
563.030457,       17.3683280945
563.384827,       17.3160190582
563.739197,       17.2571754456
564.093445,       17.1304531097
564.447693,       17.0182342529
564.801880,       16.9543418884
565.156006,       16.9185562134
565.510132,       16.8743057251
565.864197,       16.8246307373
566.218262,       16.7263622284
566.572205,       16.5960960388
566.926086,       16.4863739014
567.280090,       16.3776626587
567.633972,       16.3102664948
567.987732,       16.1802520752
568.341553,       16.1063442230
568.695190,       15.9626979828
569.048950,       15.9144878387
569.402649,       15.7837896347
569.756165,       15.7077550888
570.109802,       15.6708564758
570.463257,       15.5903234482
570.816772,       15.4511470795
571.170227,       15.3131771088
571.523621,       15.2299404144
571.877014,       15.1346158981
572.230286,       15.0715932846
572.583557,       14.9892549515
572.936829,       14.9738845825
573.289978,       14.9319515228
573.643250,       14.8927612305
573.996216,       14.8388233185
574.349365,       14.7751893997
574.702393,       14.7423372269
575.055359,       14.6664295197
575.408325,       14.6026287079
575.761169,       14.5551624298
576.114075,       14.5135860443
576.466919,       14.3666772842
576.819641,       14.3332500458
577.172363,       14.2522945404
577.525085,       14.2252292633
577.877686,       14.2034025192
578.230286,       14.1563014984
578.582825,       14.1246767044
578.935425,       14.0496368408
579.287903,       13.9893932343
579.640320,       13.9342737198
579.992676,       13.8198585510
580.345093,       13.7110652924
580.697388,       13.6309194565
581.049683,       13.5168476105
581.401855,       13.4272212982
581.754089,       13.4844417572
582.106201,       13.4638757706
582.458313,       13.4641017914
582.810425,       13.4094190598
583.162354,       13.3338317871
583.514404,       13.3130464554
583.866272,       13.2814521790
584.218201,       13.2276144028
584.570068,       13.2558240891
584.921875,       13.1721334457
585.273560,       13.1015663147
585.625305,       13.1110506058
585.977051,       13.0308475494
586.328674,       13.1247339249
586.680237,       13.0877628326
587.031799,       13.0367774963
587.383301,       13.0435733795
587.734802,       13.0079965591
588.086243,       12.9558372498
588.437561,       12.9420223236
588.788940,       12.9283132553
589.140198,       12.7707977295
589.491516,       12.6559343338
589.842712,       12.5901861191
590.193848,       12.5801010132
590.544983,       12.5599193573
590.896057,       12.4989290237
591.247192,       12.4688863754
591.598145,       12.4239940643
591.949158,       12.3225841522
592.300049,       12.2839641571
592.650879,       12.2336034775
593.001770,       12.1404523849
593.352539,       12.1561803818
593.703308,       12.0693540573
594.054016,       12.0737266541
594.404663,       12.0676765442
594.755310,       12.0758333206
595.105896,       12.0404472351
595.456360,       12.0167131424
595.806885,       11.9616594315
596.157349,       11.9753665924
596.507751,       12.0247821808
596.858154,       12.0141448975
597.208435,       12.0170850754
597.558777,       12.0020914078
597.908997,       11.9706668854
598.259216,       11.8930187225
598.609314,       11.9006919861
598.959473,       11.9858036041
599.309570,       12.0022954941
599.659546,       12.0330038071
600.009583,       12.0324296951
600.359497,       12.0701494217
600.709412,       12.0300207138
601.059265,       11.9711456299
601.409058,       12.0094690323
601.758850,       11.9697980881
602.108521,       11.8874130249
602.458191,       11.9015951157
602.807922,       11.8648939133
603.157471,       11.8554830551
603.507080,       11.7914991379
603.856567,       11.7397718430
604.205994,       11.7155265808
604.555542,       11.6217145920
604.904846,       11.5782775879
605.254211,       11.5857210159
605.603516,       11.7315320969
605.952759,       11.7395858765
606.302063,       11.6379241943
606.651123,       11.6000671387
607.000305,       11.5459995270
607.349365,       11.5155458450
607.698425,       11.4369106293
608.047485,       11.4279413223
608.396362,       11.3650064468
608.745300,       11.2522172928
609.094177,       11.2259168625
609.442993,       11.2223939896
609.791809,       11.1539945602
610.140503,       11.1522064209
610.489258,       11.1161098480
610.837891,       11.0966367722
611.186523,       11.0377445221
611.535156,       10.9796237946
611.883606,       10.9729032516
612.232178,       10.9716243744
612.580566,       10.9505767822
612.928955,       10.7926321030
613.277344,       10.7212381363
613.625610,       10.7075910568
613.973938,       10.6854553223
614.322144,       10.6819353104
614.670288,       10.6584482193
615.018555,       10.6670780182
615.366516,       10.6190423965
615.714661,       10.6039571762
616.062622,       10.6138391495
616.410645,       10.5786275864
616.758606,       10.5601081848
617.106445,       10.5136919022
617.454285,       10.4685087204
617.802063,       10.4673118591
618.149841,       10.4269437790
618.497559,       10.3940019608
618.845215,       10.4233322144
619.192871,       10.4314537048
619.540466,       10.3556375504
619.888000,       10.2768974304
620.235535,       10.2428979874
620.582886,       10.2383489609
620.930359,       10.2013931274
621.277710,       10.1495285034
621.625061,       10.0786943436
621.972351,       10.0258674622
622.319519,        9.9829282761
622.666809,        9.9696636200
623.013916,        9.9422588348
623.361023,        9.9358730316
623.708130,        9.9251737595
624.055054,        9.9181385040
624.402100,        9.8902769089
624.749023,        9.9114942551
625.095947,        9.9180107117
625.442810,        9.9212827682
625.789551,        9.9205751419
626.136353,        9.8806467056
626.483032,        9.8780107498
626.829712,        9.9427204132
627.176392,        9.9762020111
627.522949,        9.9697370529
627.869507,        9.9379587173
628.216003,        9.9074144363
628.562500,        9.9031820297
628.908936,        9.9042596817
629.255310,        9.8891620636
629.601624,        9.8956060410
629.947876,        9.8999109268
630.294067,        9.9805269241
630.640320,        9.9090423584
630.986511,        9.8713989258
631.332642,        9.8264436722
631.678650,        9.8478708267
632.024658,        9.7785577774
632.370728,        9.7488927841
632.716614,        9.7033643723
633.062500,        9.6794109344
633.408325,        9.6772289276
633.754089,        9.7163038254
634.099915,        9.6467285156
634.445679,        9.6138734818
634.791321,        9.6174879074
635.136963,        9.6491098404
635.482483,        9.6120643616
635.828125,        9.5646095276
636.173584,        9.4953012466
636.519043,        9.4796037674
636.864502,        9.4178237915
637.209778,        9.3616514206
637.555237,        9.2025604248
637.900452,        9.1495027542
638.245728,        9.1102762222
638.590881,        9.0243291855
638.935974,        8.9335422516
639.281189,        8.8666353226
639.626221,        8.8243579865
639.971191,        8.7575035095
640.316223,        8.6792011261
640.661072,        8.5904388428
641.006042,        8.4370784760
641.350891,        8.3327779770
641.695679,        8.2250032425
642.040466,        8.0791826248
642.385071,        7.9069919586
642.729858,        7.8339896202
643.074463,        7.7348718643
643.419067,        7.6652131081
643.763611,        7.5914068222
644.108032,        7.4919171333
644.452515,        7.3704504967
644.796936,        7.2796359062
645.141296,        7.2195501328
645.485657,        7.1394934654
645.829834,        7.0513873100
646.174133,        6.9538950920
646.518311,        6.8639307022
646.862427,        6.7509822845
647.206604,        6.6276168823
647.550598,        6.5614027977
647.894653,        6.4843707085
648.238647,        6.3996672630
648.582458,        6.3453512192
648.926453,        6.2892956734
649.270203,        6.2421894073
649.614075,        6.1894130707
649.957764,        6.1508851051
650.301453,        6.1033492088
650.645142,        6.0692214966
650.988708,        6.0120048523
651.332336,        5.9631490707
651.675842,        5.9401569366
652.019348,        5.9186449051
652.362854,        5.8637371063
652.706177,        5.7876644135
653.049561,        5.7799024582
653.392883,        5.7698049545
653.736084,        5.7473363876
654.079346,        5.7379069328
654.422424,        5.7392973900
654.765625,        5.7049608231
655.108765,        5.6607904434
655.451721,        5.6018943787
655.794800,        5.5540757179
656.137695,        5.5009799004
656.480591,        5.4750585556
656.823486,        5.4324140549
657.166260,        5.3357167244
657.509094,        5.2971830368
657.851807,        5.2416796684
658.194519,        5.1487083435
658.537109,        5.1920557022
658.879761,        5.1534709930
659.222351,        5.1259303093
659.564758,        5.0594840050
659.907349,        5.0127806664
660.249695,        4.9582319260
660.592041,        4.9354119301
660.934448,        4.9052996635
661.276672,        4.8108282089
661.619019,        4.7546443939
661.961182,        4.6795492172
662.303284,        4.6309266090
662.645508,        4.5837378502
662.987427,        4.5267367363
663.329529,        4.4836258888
663.671448,        4.4182476997
664.013428,        4.3635540009
664.355347,        4.3270211220
664.697205,        4.3607916832
665.039001,        4.3093171120
665.380676,        4.2856950760
665.722412,        4.1844921112
666.064148,        4.1198778152
666.405701,        4.0319318771
666.747253,        3.9785311222
667.088806,        3.9391503334
667.430298,        3.8715488911
667.771790,        3.8160820007
668.113159,        3.7434725761
668.454529,        3.7067103386
668.795837,        3.6660964489
669.137085,        3.6207833290
669.478394,        3.5682592392
669.819519,        3.5569527149
670.160645,        3.5326526165
670.501709,        3.4697856903
670.842773,        3.4101963043
671.183777,        3.4017126560
671.524719,        3.3539028168
671.865662,        3.2459926605
672.206482,        3.1955134869
672.547302,        3.1475913525
672.888123,        3.1312093735
673.228821,        3.1246042252
673.569458,        3.1235511303
673.910095,        3.0961232185
674.250732,        3.0903749466
674.591370,        3.0950822830
674.931824,        3.0499470234
675.272217,        3.0211594105
675.612732,        2.9944207668
675.953003,        2.9817507267
676.293396,        2.9704766273
676.633667,        2.9707069397
676.973877,        2.9509317875
677.314148,        2.9255440235
677.654236,        2.9386923313
677.994385,        2.9584329128
678.334412,        2.9486703873
678.674438,        2.9857645035
679.014404,        3.0036978722
679.354309,        3.0388245583
679.694214,        3.0480909348
680.034058,        3.0435585976
680.373840,        3.0576004982
680.713623,        3.0891509056
681.053223,        3.1356551647
681.392944,        3.2617335320
681.732544,        3.8737885952
682.072083,        5.0781941414
682.411621,        5.1754746437
682.751038,        5.2543191910
683.090515,        5.3144149780
683.429871,        5.3862576485
683.769226,        5.5000877380
684.108582,        5.6081089973
684.447754,        5.7093133926
684.786987,        5.8340029716
685.126160,        5.9466114044
685.465210,        6.0687274933
685.804382,        6.2227892876
686.143311,        6.3826165199
686.482361,        6.5384626389
686.821289,        6.7628970146
687.160156,        6.9245367050
687.499023,        7.1059575081
687.837769,        7.4023842812
688.176514,        7.6492404938
688.515259,        7.8134150505
688.853882,        7.5381846428
689.192566,        6.6809391975
689.531067,        6.9436826706
689.869629,        7.2626552582
690.208130,        7.6090960503
690.546570,        7.9619541168
690.885010,        8.2657861710
691.223267,        8.6100530624
691.561584,        9.0021018982
691.899841,        9.4228057861
692.238037,        9.8391284943
692.576294,       10.2828178406
692.914307,       10.7161703110
693.252380,       11.1366090775
693.590454,       11.5493345261
693.928406,       11.9396791458
694.266357,       12.4029130936
694.604187,       12.8901271820
694.942078,       13.2587223053
695.279907,       13.7185316086
695.617615,       14.2190608978
695.955444,       14.6380395889
696.292969,       15.1044864655
696.630676,       15.5884504318
696.968201,       16.0462207794
697.305725,       16.5807209015
697.643250,       17.0664005280
697.980652,       17.5692119598
698.318054,       18.0550479889
698.655396,       18.5373287201
698.992676,       18.9193630219
699.330017,       19.4240188599
699.667175,       19.8406009674
700.004395,       20.2771949768
700.341492,       20.7148399353
700.678528,       21.1937751770
701.015564,       21.6798973083
701.352478,       22.1160964966
701.689514,       22.5621833801
702.026428,       23.0336761475
702.363220,       23.4442043304
702.700073,       23.8194599152
703.036804,       24.2813892365
703.373474,       24.7136802673
703.710144,       25.1594219208
704.046814,       25.5374870300
704.383362,       25.8469276428
704.719910,       26.2244453430
705.056335,       26.5783195496
705.392761,       26.9477195740
705.729187,       27.2789745331
706.065552,       27.7002239227
706.401855,       28.0204181671
706.738098,       28.4487686157
707.074280,       28.8073577881
707.410461,       29.1755237579
707.746643,       29.5272445679
708.082642,       29.8858966827
708.418701,       30.2473449707
708.754639,       30.5488948822
709.090576,       30.8540382385
709.426514,       31.1883831024
709.762329,       31.5797004700
710.098083,       31.8941860199
710.433838,       32.1949157715
710.769592,       32.5172157288
711.105286,       32.8434257507
711.440796,       33.1636238098
711.776367,       33.4616355896
712.112000,       33.7620620728
712.447388,       34.0711822510
712.782837,       34.4491996765
713.118225,       34.7489166260
713.453552,       35.0137329102
713.788818,       35.2699966431
714.124023,       35.5486526489
714.459290,       35.8591384888
714.794434,       36.1032409668
715.129517,       36.3890647888
715.464661,       36.6808662415
715.799622,       36.9678955078
716.134583,       37.2604522705
716.469482,       37.6083793640
716.804321,       37.8685035706
717.139221,       38.1478233337
717.473938,       38.4152603149
717.808777,       38.6483840942
718.143433,       38.9386672974
718.478088,       39.2746734619
718.812683,       39.5558090210
719.147217,       39.8636245728
719.481750,       40.0881805420
719.816223,       40.3162651062
720.150574,       40.6298370361
720.485046,       40.9091720581
720.819214,       41.2049064636
721.153564,       41.5111274719
721.487854,       41.7494506836
721.821960,       42.0402603149
722.156189,       42.4421920776
722.490234,       42.7140731812
722.824341,       42.9523887634
723.158264,       43.2310066223
723.492249,       43.4546127319
723.826172,       43.6911392212
724.159973,       43.9459419250
724.493835,       44.1946067810
724.827576,       44.4277267456
725.161316,       44.6946220398
725.494995,       44.9044342041
725.828613,       45.1391525269
726.162231,       45.3038101196
726.495728,       45.5864257813
726.829163,       45.7769470215
727.162720,       45.9455642700
727.496033,       46.1712722778
727.829468,       46.3650474548
728.162720,       46.5153121948
728.496033,       46.7138252258
728.829224,       46.9190063477
729.162354,       46.9546356201
729.495483,       47.1144714355
729.828552,       47.3123245239
730.161560,       47.4714965820
730.494629,       47.6353454590
730.827454,       47.7943763733
731.160400,       47.9515953064
731.493225,       48.1799125671
731.825989,       48.3559455872
732.158813,       48.5386009216
732.491455,       48.6628189087
732.824158,       48.8263854980
733.156799,       49.0714569092
733.489319,       49.1961212158
733.821899,       49.3802719116
734.154236,       49.4945449829
734.486755,       49.6457939148
734.819092,       49.7645187378
735.151428,       49.8552932739
735.483765,       50.0172843933
735.815857,       50.0812721252
736.148132,       50.1640129089
736.480286,       50.2951736450
736.812378,       50.4327239990
737.144470,       50.5385818481
737.476379,       50.6666069031
737.808411,       50.7746696472
738.140259,       50.9279060364
738.472168,       50.9774856567
738.804016,       51.0652084351
739.135742,       51.1147308350
739.467468,       51.2434005737
739.799133,       51.3523864746
740.130798,       51.3553390503
740.462402,       51.4750976563
740.793884,       51.6368942261
741.125366,       51.7420654297
741.456848,       51.8125228882
741.788208,       51.9418182373
742.119568,       52.0526428223
742.450928,       52.1052589417
742.782166,       52.2061271667
743.113281,       52.3798599243
743.444458,       52.4937286377
743.775635,       52.5660171509
744.106689,       52.6632385254
744.437683,       52.7371330261
744.768677,       52.8114128113
745.099609,       52.8059310913
745.430481,       52.8766326904
745.761353,       52.9668159485
746.092102,       53.0349540710
746.422852,       53.1002998352
746.753479,       53.1203575134
747.084229,       53.1929206848
747.414795,       53.2400894165
747.745300,       53.2670440674
748.075806,       53.3029632568
748.406311,       53.3759117126
748.736694,       53.3283042908
749.067078,       53.3724784851
749.397400,       53.4720115662
749.727722,       53.5284652710
750.057861,       53.5208778381
750.388062,       53.5436859131
750.718201,       53.5585479736
751.048279,       53.5499458313
751.378357,       53.5695304871
751.708252,       53.6267585754
752.038208,       53.7582321167
752.368164,       53.7951812744
752.697937,       53.8087310791
753.027832,       53.7966384888
753.357483,       53.8165321350
753.687256,       53.8667259216
754.016907,       53.9525337219
754.346497,       53.9935607910
754.676147,       53.9606170654
755.005493,       53.9734611511
755.335083,       53.9968490601
755.664490,       54.0662956238
755.993835,       54.1241340637
756.323181,       54.1031951904
756.652405,       54.0727500916
756.981689,       54.0747718811
757.310852,       54.0724830627
757.640015,       54.1577529907
757.969177,       54.1401786804
758.298096,       54.0888900757
758.627197,       54.0566940308
758.956116,       53.9739494324
759.284973,       53.9836997986
759.613892,       53.9547500610
759.942627,       53.9947853088
760.271423,       53.9869918823
760.600159,       53.9665527344
760.928772,       53.9501724243
761.257446,       53.8791542053
761.585999,       53.8435516357
761.914490,       53.8828735352
762.242981,       53.8660392761
762.571350,       53.8636436462
762.899841,       53.8305206299
763.228088,       53.7969169617
763.556396,       53.8189048767
763.884644,       53.7822494507
764.212830,       53.7682952881
764.541016,       53.7046546936
764.869080,       53.7501449585
765.197144,       53.7583274841
765.525146,       53.7671813965
765.853088,       53.8219871521
766.181030,       53.8374595642
766.508789,       53.8556709290
766.836670,       53.8626670837
767.164429,       53.8993835449
767.492126,       53.9148445129
767.819824,       53.8703384399
768.147400,       53.8851013184
768.475037,       53.9357185364
768.802490,       53.9595947266
769.130005,       53.9983100891
769.457458,       53.9863815308
769.784790,       54.0037803650
770.112183,       54.0281486511
770.439453,       54.0402336121
770.766663,       54.1121406555
771.093872,       54.0996856689
771.420959,       54.0984039307
771.748108,       54.0086212158
772.075195,       54.0583267212
772.402161,       54.0581169128
772.729126,       54.0138130188
773.055969,       53.9689559937
773.382874,       53.9912109375
773.709717,       53.8961639404
774.036438,       53.8431816101
774.363159,       53.8088722229
774.689758,       53.8438186646
775.016479,       53.8532600403
775.343018,       53.8506927490
775.669495,       53.7911949158
775.996033,       53.7579421997
776.322449,       53.7926254272
776.648865,       53.7924156189
776.975098,       53.7915649414
777.301453,       53.7942810059
777.627686,       53.8005523682
777.953857,       53.8538627625
778.280029,       53.8357086182
778.606079,       53.9768142700
778.932068,       53.9367866516
779.258179,       53.9030914307
779.584045,       53.8703155518
779.909973,       53.8632316589
780.235840,       53.8422355652
780.561646,       53.9419517517
780.887390,       53.9142417908
781.213135,       53.9306831360
781.538757,       53.9225921631
781.864380,       53.9749679565
782.189880,       54.0150451660
782.515442,       53.9701690674
782.840942,       53.9636726379
783.166321,       53.9527015686
783.491699,       53.9410095215
783.817017,       53.8740882874
784.142395,       53.8804893494
784.467529,       53.7936210632
784.792725,       53.7812843323
785.117859,       53.7691421509
785.442932,       53.7235069275
785.768005,       53.7538414001
786.092957,       53.7287712097
786.417908,       53.7285194397
786.742798,       53.7371215820
787.067566,       53.7223587036
787.392456,       53.6838226318
787.717163,       53.6863441467
788.041870,       53.6699523926
788.366577,       53.6479415894
788.691101,       53.5228614807
789.015686,       53.5627784729
789.340149,       53.5743293762
789.664673,       53.6197662354
789.989075,       53.5503044128
790.313354,       53.6637306213
790.637756,       53.7400779724
790.962036,       53.7477302551
791.286194,       53.7524299622
791.610413,       53.6756591797
791.934448,       53.6797943115
792.258606,       53.6797714233
792.582581,       53.7033195496
792.906555,       53.7375450134
793.230530,       53.7084693909
793.554321,       53.6929779053
793.878174,       53.7039031982
794.201965,       53.6228256226
794.525696,       53.6216430664
794.849426,       53.6625213623
795.172974,       53.7114486694
795.496643,       53.8236846924
795.820129,       53.7906455994
796.143616,       53.7890205383
796.467102,       53.7482757568
796.790405,       53.8345336914
797.113831,       53.6976280212
797.437134,       53.6816787720
797.760315,       53.7083206177
798.083618,       53.7043151855
798.406677,       53.7746353149
798.729797,       53.8454246521
799.052856,       53.8515090942
799.375854,       53.8189163208
799.698853,       53.8498001099
800.021729,       53.8967323303
800.344604,       53.9180412292
800.667358,       53.9681549072
800.990112,       54.0279464722
801.312866,       54.0901260376
801.635498,       54.0543670654
801.958191,       54.0102844238
802.280701,       53.9454803467
802.603210,       53.8722038269
802.925781,       53.9144439697
803.248108,       53.9256744385
803.570496,       53.9027938843
803.892822,       53.9569320679
804.215088,       53.9829025269
804.537354,       53.9231796265
804.859436,       53.9417610168
805.181641,       53.8256034851
805.503723,       53.8265457153
805.825745,       53.8121719360
806.147766,       53.7893409729
806.469604,       53.7968711853
806.791504,       53.8500671387
807.113342,       53.8649787903
807.435181,       53.7963142395
807.756897,       53.8339614868
808.078552,       53.8106384277
808.400208,       53.9101295471
808.721802,       53.8870811462
809.043335,       53.9127655029
809.364929,       53.9556922913
809.686279,       53.9413223267
810.007751,       53.9026718140
810.329041,       53.8393440247
810.650330,       53.8294296265
810.971619,       53.8115615845
811.292786,       53.8470077515
811.613953,       53.8607368469
811.935059,       53.9432525635
812.256104,       53.8876228333
812.577148,       53.8700523376
812.898071,       53.9063796997
813.218994,       53.8482971191
813.539795,       53.7572784424
813.860596,       53.8148231506
814.181396,       53.8017044067
814.502136,       53.7683372498
814.822754,       53.7864913940
815.143372,       53.7045135498
815.463928,       53.7185134888
815.784485,       53.7273826599
816.104919,       53.6539421082
816.425354,       53.6275787354
816.745728,       53.6535263062
817.065979,       53.6335182190
817.386353,       53.5366363525
817.706421,       53.5619430542
818.026733,       53.5319633484
818.346863,       53.5322647095
818.666809,       53.5331649780
818.986938,       53.5156974792
819.306824,       53.4451599121
819.626770,       53.4173889160
819.946716,       53.4079895020
820.266479,       53.4795455933
820.586304,       53.3799896240
820.905945,       53.3757858276
821.225647,       53.3527908325
821.545349,       53.3193893433
821.864868,       53.3036956787
822.184448,       53.3899421692
822.503845,       53.3806381226
822.823364,       53.3800239563
823.142761,       53.3971366882
823.462036,       53.3777465820
823.781372,       53.4039001465
824.100525,       53.4503479004
824.419800,       53.7005729675
824.738953,       53.6876983643
825.057922,       53.7093772888
825.377014,       53.6819648743
825.695984,       53.7027816772
826.014954,       53.7954330444
826.333862,       53.7987937927
826.652649,       53.8775939941
826.971497,       53.8215103149
827.290100,       53.8601455688
827.608887,       53.9342651367
827.927612,       54.0031318665
828.246094,       53.9500427246
828.564697,       53.9361076355
828.883118,       53.9038009644
829.201599,       53.8680915833
829.520020,       53.8828735352
829.838318,       53.8922805786
830.156616,       53.8751945496
830.474854,       53.8853721619
830.793091,       53.9058990479
831.111267,       53.5491104126
831.429260,       53.5343589783
831.747437,       53.4891967773
832.065308,       53.5035324097
832.383362,       53.5868873596
832.701233,       53.5527648926
833.019043,       53.5162277222
833.336914,       53.4787368774
833.654663,       53.5244865417
833.972351,       53.4575347900
834.289978,       53.4800300598
834.607483,       53.4906044006
834.925171,       53.5072975159
835.242676,       53.4789924622
835.560059,       53.3832359314
835.877502,       53.3876113892
836.194763,       53.3860855103
836.512146,       53.3322944641
836.829468,       53.3692474365
837.146545,       53.4256401062
837.463745,       53.4406547546
837.780823,       53.4782714844
838.097900,       53.4922485352
838.414917,       53.4817390442
838.731873,       53.4851951599
839.048828,       53.3931732178
839.365540,       53.4213714600
839.682434,       53.4713211060
839.999207,       53.5096282959
840.315857,       53.4861335754
840.632568,       53.4977264404
840.949097,       53.3972396851
841.265747,       53.2851867676
841.582275,       53.3368644714
841.898682,       53.3866806030
842.215088,       53.3928871155
842.531433,       53.3879928589
842.847778,       53.3962364197
843.164063,       53.4684677124
843.480164,       53.4372520447
843.796387,       53.3606529236
844.112427,       53.3240661621
844.428528,       53.3155097961
844.744568,       53.3511772156
845.060486,       53.4546966553
845.376404,       53.4389839172
845.692200,       53.4064903259
846.008057,       53.4348983765
846.323853,       53.4353713989
846.639465,       53.3607597351
846.955139,       53.3553619385
847.270691,       53.3859672546
847.586304,       53.4291877747
847.901855,       53.4820365906
848.217224,       53.4085693359
848.532715,       53.4484138489
848.847961,       53.6152915955
849.163330,       53.6036262512
849.478638,       53.5869140625
849.793823,       53.5983276367
850.108948,       53.6015625000
850.424011,       53.7162551880
850.739136,       53.8102760315
851.054199,       53.8254089355
851.369019,       53.7503318787
851.684021,       53.6636886597
851.998779,       53.7617187500
852.313660,       53.7945518494
852.628418,       53.7584609985
852.943054,       53.7936096191
853.257751,       53.8580245972
853.572327,       53.8917465210
853.886841,       53.8374176025
854.201477,       53.8445053101
854.515808,       53.8776054382
854.830261,       53.9054527283
855.144592,       53.9144592285
855.458862,       53.7917442322
855.773193,       53.7937240601
856.087280,       53.8206710815
856.401489,       53.7670745850
856.715515,       53.8980407715
857.029602,       53.8226432800
857.343628,       53.6632347107
857.657532,       53.6943321228
857.971497,       53.7576255798
858.285278,       53.7202911377
858.599121,       53.6650886536
858.912903,       53.6285858154
859.226501,       53.6917037964
859.540222,       53.6556472778
859.853699,       53.6130485535
860.167297,       53.5851173401
860.480896,       53.6571083069
860.794250,       53.6831550598
861.107666,       53.6930084229
861.420959,       53.7106399536
861.734314,       53.6519279480
862.047546,       53.6410942078
862.360657,       53.7250518799
862.673889,       53.7680549622
862.986938,       53.8713874817
863.299988,       53.7412948608
863.613037,       53.8779449463
863.925903,       53.9940643311
864.238831,       54.1173820496
864.551575,       54.0704116821
864.864380,       54.1411933899
865.177185,       54.0894699097
865.489807,       54.1692085266
865.802490,       54.1207313538
866.114990,       54.1215248108
866.427612,       54.2162780762
866.740112,       54.1830177307
867.052429,       54.1848297119
867.364868,       54.0999183655
867.677124,       54.0923423767
867.989502,       54.1912956238
868.301758,       54.2528800964
868.613831,       54.2309875488
868.926025,       54.2223434448
869.238159,       54.1863632202
869.550049,       54.1424942017
869.862122,       54.2127723694
870.173950,       54.0845565796
870.485901,       54.0402832031
870.797791,       53.8727760315
871.109497,       53.9706764221
871.421204,       53.9103813171
871.732849,       53.9783134460
872.044495,       54.0008659363
872.356079,       53.9715423584
872.667542,       53.9296493530
872.979065,       53.8554000854
873.290344,       53.8494033813
873.601807,       53.8300094604
873.913147,       53.9223670959
874.224304,       53.9993095398
874.535645,       53.9394454956
874.846741,       53.9129905701
875.157837,       53.9485168457
875.468994,       53.9564476013
875.779907,       53.9538192749
876.090881,       53.9318695068
876.401733,       53.8610687256
876.712646,       53.8784904480
877.023499,       53.9274215698
877.334167,       53.9720306396
877.644897,       53.9347305298
877.955505,       53.9525451660
878.266113,       53.8787765503
878.576721,       53.7754402161
878.887146,       53.8309516907
879.197571,       53.9132041931
879.507996,       54.0250473022
879.818298,       54.1332130432
880.128662,       54.3259735107
880.438843,       54.2580718994
880.749084,       54.2175292969
881.059143,       54.4422149658
881.369263,       54.4363861084
881.679382,       54.3935890198
881.989258,       54.3593292236
882.299194,       54.3281898499
882.609070,       54.3436508179
882.918945,       54.4331359863
883.228760,       54.4328613281
883.538452,       54.3650093079
883.848145,       54.4838485718
884.157654,       54.5558624268
884.467285,       54.6044998169
884.776917,       54.6327590942
885.086243,       54.6866340637
885.395813,       54.7351913452
885.705017,       54.7204132080
886.014404,       54.6211013794
886.323730,       54.6744346619
886.632874,       54.4858055115
886.942078,       54.6432571411
887.251160,       54.6446380615
887.560242,       54.3908348083
887.869263,       54.4055709839
888.178162,       54.4385604858
888.487122,       54.3650016785
888.795898,       54.4359321594
889.104797,       54.4001274109
889.413513,       54.3610877991
889.722168,       54.3860549927
890.030884,       54.4475021362
890.339417,       54.3124923706
890.648010,       54.2497558594
890.956543,       54.2994384766
891.264893,       54.2572250366
891.573364,       54.2754287720
891.881653,       54.1933898926
892.189941,       54.2503776550
892.498230,       54.2719535828
892.806335,       54.1948547363
893.114502,       54.2387237549
893.422546,       54.1225090027
893.730652,       54.0477867126
894.038696,       54.1521835327
894.346497,       54.0890769958
894.654419,       54.1614952087
894.962158,       54.2413787842
895.270020,       54.2497291565
895.577759,       54.2969093323
895.885376,       54.3372077942
896.192993,       54.3062324524
896.500549,       54.2849464417
896.808044,       54.3223571777
897.115601,       54.3025093079
897.422913,       54.2941284180
897.730347,       54.4058876038
898.037598,       54.4499702454
898.344910,       54.5020217896
898.652161,       54.4921760559
898.959167,       54.5501403809
899.266418,       54.5580024719
899.573364,       54.5916671753
899.880371,       54.6208686829
900.187378,       54.6764488220
900.494202,       54.6066360474
900.801086,       54.7193336487
901.107788,       54.6396484375
901.414612,       54.5722084045
901.721375,       54.4829177856
902.027832,       54.5177650452
902.334534,       54.4312057495
902.641113,       54.4314689636
902.947510,       54.5236778259
903.253967,       54.5487403870
903.560242,       54.4907455444
903.866638,       54.4585838318
904.172974,       54.4190483093
904.479126,       54.2853698730
904.785278,       54.2749862671
905.091370,       54.2391777039
905.397461,       54.1886444092
905.703552,       54.1005249023
906.009399,       54.1288795471
906.315369,       54.2066345215
906.621155,       54.1684913635
906.927002,       54.0796585083
907.232788,       54.0079421997
907.538452,       54.0762252808
907.844116,       54.1462974548
908.149658,       54.1871719360
908.455200,       54.1199989319
908.760803,       54.1818275452
909.066162,       54.2280426025
909.371582,       54.1603507996
909.676880,       54.0794792175
909.982178,       54.2433738708
910.287476,       54.2319793701
910.592529,       54.1726455688
910.897705,       54.3252868652
911.202759,       54.3113288879
911.507813,       54.3677101135
911.812805,       54.3275108337
912.117676,       54.4018211365
912.422546,       54.3500595093
912.727356,       54.2925758362
913.032104,       54.2775688171
913.336853,       54.3029899597
913.641479,       54.3203125000
913.946106,       54.2151794434
914.250610,       54.2504310608
914.555115,       54.2651901245
914.859619,       54.3770484924
915.163940,       54.2992172241
915.468323,       54.2451782227
915.772583,       54.3006706238
916.076843,       54.2797317505
916.381104,       54.2745285034
916.685120,       54.1832084656
916.989258,       54.2321434021
917.293213,       54.1806297302
917.597290,       54.3088607788
917.901184,       54.4340019226
918.205017,       54.4592437744
918.508850,       54.3845367432
918.812561,       54.3928680420
919.116333,       54.3288879395
919.420044,       54.3403091431
919.723572,       54.3951797485
920.027222,       54.4877586365
920.330627,       54.5405998230
920.634094,       54.4823303223
920.937561,       54.4283523560
921.240784,       54.4119224548
921.544189,       54.4424133301
921.847351,       54.4092712402
922.150574,       54.4399604797
922.453735,       54.5138549805
922.756775,       54.3997039795
923.059875,       54.4544754028
923.362793,       54.4744491577
923.665771,       54.5706405640
923.968689,       54.4051094055
924.271362,       54.1148948669
924.574219,       54.0966987610
924.876892,       54.1243782043
925.179565,       54.0811119080
925.482239,       54.1336135864
925.784729,       54.1600761414
926.087280,       54.1727142334
926.389648,       54.0372123718
926.692078,       54.0208816528
926.994507,       54.1193771362
927.296692,       54.1238250732
927.599060,       54.0389785767
927.901123,       54.0313529968
928.203308,       54.1073913574
928.505432,       54.0605316162
928.807434,       54.0858802795
929.109436,       54.1416702271
929.411316,       54.2208480835
929.713196,       54.0967216492
930.015015,       53.9582443237
930.316711,       53.9699478149
930.618530,       54.0304908752
930.920105,       53.9947433472
931.221802,       54.1721878052
931.523315,       54.1668167114
931.824829,       54.1700668335
932.126282,       54.2408332825
932.427612,       54.2167778015
932.729004,       54.2752799988
933.030334,       54.1757049561
933.331482,       54.0345077515
933.632751,       54.0167808533
933.933777,       54.0277671814
934.234924,       54.1160240173
934.536011,       54.1606254578
934.836914,       54.0942001343
935.137878,       53.9829177856
935.438660,       54.0281906128
935.739502,       53.9281845093
936.040344,       54.0142402649
936.340942,       53.9627914429
936.641663,       53.9859161377
936.942383,       53.9643363953
937.242798,       54.0528945923
937.543335,       53.9407920837
937.843750,       53.9660949707
938.144165,       53.8542213440
938.444580,       53.8245849609
938.744751,       53.7869262695
939.045044,       53.7156181335
939.345154,       53.8707199097
939.645325,       53.8860092163
939.945435,       54.0296325684
940.245361,       54.0346260071
940.545410,       53.8947181702
940.845215,       53.7975196838
941.145142,       53.9679450989
941.445007,       54.1388282776
941.744629,       54.1464309692
942.044434,       54.1359786987
942.343994,       54.2572441101
942.643677,       54.3307189941
942.943237,       54.3021850586
943.242676,       54.4724960327
943.542114,       54.7427101135
943.841431,       54.6857719421
944.140808,       54.4629173279
944.440125,       54.4839973450
944.739258,       54.5206527710
945.038513,       54.4697227478
945.337524,       54.6139907837
945.636597,       54.6313514709
945.935669,       54.6585922241
946.234558,       54.5182876587
946.533508,       54.3988227844
946.832275,       54.6841125488
947.131165,       54.6761093140
947.429932,       54.3962059021
947.728516,       54.1693077087
948.027222,       54.1220054626
948.325745,       54.1779594421
948.624329,       54.2731361389
948.922852,       54.2496490479
949.221191,       54.2729034424
949.519592,       54.2693367004
949.817810,       53.9608306885
950.116150,       54.2318878174
950.414368,       54.4804153442
950.712463,       54.5508728027
951.010620,       54.5441513062
951.308594,       54.5520439148
951.606628,       54.3548583984
951.904602,       54.3490524292
952.202454,       54.4591712952
952.500305,       54.9238624573
952.798035,       55.0489311218
953.095825,       54.7534294128
953.393494,       54.7200393677
953.691040,       54.8828125000
953.988647,       54.9931221008
954.286133,       54.9569320679
954.583618,       55.0882339478
954.881042,       54.8761177063
955.178345,       55.0371780396
955.475647,       55.4021415710
955.772827,       55.3881111145
956.070068,       55.4310989380
956.367310,       55.0062294006
956.664307,       54.9642677307
956.961365,       55.1291389465
957.258240,       55.0837936401
957.555176,       55.5251846313
957.852112,       55.5922584534
958.148865,       55.5030822754
958.445679,       55.4241485596
958.742310,       54.8652877808
959.039001,       55.0355606079
959.335632,       55.1328544617
959.632141,       55.3256645203
959.928650,       55.3586082458
960.224976,       55.5880546570
960.521484,       55.8326606750
960.817871,       55.7207412720
961.114014,       55.7698249817
961.410339,       55.5748214722
961.706421,       55.1653327942
962.002563,       54.9846649170
962.298645,       54.9410057068
962.594604,       55.0170974731
962.890564,       55.1109199524
963.186401,       56.6106987000
963.482300,       56.7197380066
963.778137,       56.5114212036
964.073792,       56.5544776917
964.369568,       56.4669113159
964.665100,       56.2790946960
964.960693,       56.4324073792
965.256287,       56.4875526428
965.551697,       56.3887672424
965.847168,       56.2742118835
966.142395,       56.3184967041
966.437744,       56.2506790161
966.733032,       55.9360694885
967.028198,       55.9511718750
967.323364,       55.9535140991
967.618408,       55.9822731018
967.913513,       56.2986488342
968.208496,       56.4338455200
968.503357,       56.3272552490
968.798279,       56.5059738159
969.093018,       56.3665466309
969.387817,       54.4038352966
969.682556,       54.4793663025
969.977173,       54.4075126648
970.271790,       54.5168876648
970.566406,       54.8542900085
970.860779,       55.0808067322
971.155334,       54.9921264648
971.449646,       54.6378440857
971.743958,       54.8567962646
972.038330,       54.9620628357
972.332458,       54.9169235229
972.626648,       54.7739028931
972.920715,       54.9066085815
973.214844,       54.9957695007
973.508911,       54.8693580627
973.802734,       55.0849914551
974.096741,       54.9061126709
974.390442,       54.9604110718
974.684265,       55.2438201904
974.978088,       55.1252593994
975.271667,       55.4593963623
975.565369,       55.5485954285
975.858826,       55.5043449402
976.152405,       55.6494712830
976.445923,       55.5672531128
976.739258,       55.2511520386
977.032654,       55.2476463318
977.325867,       55.4482955933
977.619202,       55.7306900024
977.912415,       56.2315826416
978.205505,       56.3518295288
978.498596,       56.3957443237
978.791504,       56.4326934814
979.084534,       56.4534721375
979.377563,       56.4874000549
979.670288,       56.6760482788
979.963196,       56.3944473267
980.255859,       56.4802894592
980.548584,       56.3714904785
980.841309,       56.2893257141
981.133850,       56.3666572571
981.426392,       56.3628959656
981.718811,       56.3205528259
982.011292,       55.9852676392
982.303650,       55.8113746643
982.595886,       55.8798789978
982.888245,       56.1270904541
983.180359,       56.2501716614
983.472595,       56.1430625916
983.764709,       55.9474601746
984.056641,       55.4075317383
984.348755,       55.5783348083
984.640625,       55.7332153320
984.932495,       55.6916122437
985.224365,       55.6712150574
985.516052,       55.7386512756
985.807861,       56.0463829041
986.099426,       56.7877655029
986.391052,       56.4574584961
986.682678,       56.5949134827
986.974121,       56.6736564636
987.265625,       56.7241859436
987.556885,       56.5655059814
987.848328,       56.5653495789
988.139648,       56.6371574402
988.430786,       56.4077491760
988.721985,       56.1186370850
989.013000,       56.1049690247
989.304138,       56.5289916992
989.595215,       56.5801696777
989.886047,       56.6039810181
990.177002,       56.3864402771
990.467834,       56.1766738892
990.758606,       56.2377281189
991.049377,       56.3448905945
991.339966,       56.7571525574
991.630676,       56.5345573425
991.921143,       55.9931640625
992.211670,       56.0138359070
992.502197,       56.2460670471
992.792542,       56.1914978027
993.082886,       55.9754905701
993.373169,       56.2232322693
993.663452,       56.3375358582
993.953613,       56.5136375427
994.243713,       56.2880401611
994.533813,       56.4128990173
994.823792,       56.5189590454
995.113770,       56.5171737671
995.403687,       55.9409141541
995.693481,       55.9147415161
995.983337,       55.8783950806
996.273010,       56.3457946777
996.562744,       56.2353363037
996.852417,       56.3885879517
997.141907,       56.3834075928
997.431458,       55.8431701660
997.720886,       56.2288055420
998.010315,       56.5211524963
998.299744,       55.6070785522
998.588928,       55.4811248779
998.878296,       55.5466423035
999.167419,       55.3793029785
999.456543,       56.0639305115
999.745667,       55.8123168945
1000.034607,       55.5850982666
1000.323669,       56.0122833252
1000.612488,       57.0335998535
1000.901367,       57.3350448608
1001.190247,       57.5422706604
1001.478882,       57.7314834595
1001.767639,       58.4352836609
1002.056335,       58.0648345947
1002.344849,       58.1558532715
1002.633423,       58.1730194092
1002.921814,       57.6562576294
1003.210266,       57.5285911560
1003.498657,       57.6489334106
1003.786926,       57.4073982239
1004.075256,       57.7236518860
1004.363342,       57.8207435608
1004.651489,       57.6005287170
1004.939697,       57.8472061157
1005.227600,       59.1464805603
1005.515686,       58.9162597656
1005.803467,       59.1679916382
1006.091370,       59.2096862793
1006.379272,       59.5633583069
1006.666870,       58.6946411133
1006.954712,       58.6939048767
1007.242188,       58.9245300293
1007.529907,       59.2789421082
1007.817444,       58.4723396301
1008.104858,       59.8145904541
1008.392334,       59.2457695007
1008.679565,       59.1671714783
1008.966980,       59.2658805847
1009.254272,       59.2436561584
1009.541382,       59.3536834717
1009.828613,       59.0346336365
1010.115601,       58.1703834534
1010.402649,       58.2294273376
1010.689697,       58.8013763428
1010.976563,       58.6273918152
1011.263489,       58.8751907349
1011.550171,       58.4487380981
1011.837036,       58.5174903870
1012.123657,       58.5678329468
1012.410278,       59.0206489563
1012.696899,       59.4938468933
1012.983337,       59.8132209778
1013.269897,       59.5660400391
1013.556396,       59.1272811890
1013.842651,       60.0000076294
1014.129028,       59.0752105713
1014.415161,       59.5758972168
1014.701477,       59.9518280029
1014.987671,       60.7746124268
1015.273560,       61.4305305481
1015.559692,       61.8397293091
1015.845581,       62.2200355530
1016.131592,       63.5839157104
1016.417542,       64.2969818115
1016.703247,       64.2334899902
1016.989014,       64.3525924683
1017.274658,       63.6086997986
1017.560303,       64.1748809814
1017.845947,       64.0199279785
1018.131409,       64.2972335815
1018.416870,       64.1237030029
1018.702271,       63.8903007507
1018.987671,       63.9857063293
1019.272949,       64.6711120605
1019.558228,       64.6165695190
1019.843445,       64.3981094360
1020.128540,       64.4979248047
1020.413574,       64.3630981445
1020.698608,       64.4714355469
1020.983521,       63.8395652771
1021.268555,       64.8485031128
1021.553284,       66.0796279907
1021.838135,       66.9296951294
1022.122925,       65.9955825806
1022.407593,       55.8558578491
1022.692261,       66.1417236328
1022.976807,       52.9085922241
1023.261292,       58.1047515869
1023.545837,       63.4782562256
1023.830200,       62.9711685181
1024.114624,       80.7848434448
1024.398804,       85.3982467651
1024.683105,       71.9999923706
1024.967285,       52.5974044800
