340.270844,        0.0000000000
340.648560,        0.0000000000
341.026306,    -1080.0010986328
341.403961,      393.7496643066
341.781616,      344.0002136230
342.159210,      303.2256469727
342.536743,      113.5593032837
342.914307,      118.6747055054
343.291779,      122.8069992065
343.669250,        0.0000000000
344.046661,       84.9070510864
344.424042,       85.3369827271
344.801422,       84.9124450684
345.178711,       86.2829360962
345.556000,       87.5510101318
345.933258,       89.7027587891
346.310486,       91.0342483521
346.687622,       89.6232986450
347.064758,       88.6030807495
347.441895,       86.1771774292
347.818939,       86.1091995239
348.195953,       85.7682571411
348.572937,       84.6488189697
348.949890,       86.4019470215
349.326843,       86.4789581299
349.703735,       86.7908096313
350.080597,       85.2761001587
350.457397,       84.0505218506
350.834198,       81.0202865601
351.210968,       81.4846649170
351.587646,       82.3290557861
351.964325,       81.8967132568
352.340942,       81.7441940308
352.717560,       82.3046340942
353.094147,       82.8927154541
353.470673,       83.6670913696
353.847168,       82.7558441162
354.223602,       81.7643661499
354.600037,       81.7347030640
354.976440,       80.2645187378
355.352783,       81.1346817017
355.729126,       81.8782958984
356.105408,       82.6254043579
356.481628,       82.3976898193
356.857849,       81.5250778198
357.234009,       79.8803100586
357.610168,       81.3162078857
357.986267,       80.1831436157
358.362366,       80.4650878906
358.738373,       81.3977203369
359.114349,       81.8397750854
359.490326,       79.8405609131
359.866241,       79.2637100220
360.242157,       78.8556900024
360.617981,       77.0112304688
360.993805,       75.8770141602
361.369568,       75.2572631836
361.745331,       75.2558059692
362.121033,       75.8663711548
362.496704,       74.9999923706
362.872314,       75.1494140625
363.247925,       73.8997802734
363.623505,       70.5553741455
363.999023,       67.2727432251
364.374542,       70.3533859253
364.750000,       69.5094528198
365.125397,       70.1048507690
365.500763,       69.5418930054
365.876160,       68.4163894653
366.251434,       67.0252685547
366.626740,       65.6874313354
367.001953,       67.3094253540
367.377136,       69.3502502441
367.752350,       68.5025711060
368.127472,       69.4275588989
368.502594,       68.6566925049
368.877625,       68.0000076294
369.252625,       67.9171218872
369.627625,       68.6469879150
370.002563,       68.9426269531
370.377502,       69.1273803711
370.752380,       68.8619232178
371.127228,       73.0999984741
371.502014,       74.0606384277
371.876770,       74.6218261719
372.251526,       73.9602355957
372.626221,       74.7009429932
373.000885,       73.0483093262
373.375488,       71.3724822998
373.750092,       72.2708358765
374.124664,       73.2235260010
374.499146,       75.2852249146
374.873627,       74.6430740356
375.248108,       73.6196899414
375.622467,       77.5004119873
375.996887,       78.5412063599
376.371185,       79.3952789307
376.745483,       79.1144714355
377.119751,       79.8285293579
377.493958,       79.0384750366
377.868195,       78.5025177002
378.242310,       78.8350906372
378.616394,       80.6177520752
378.990540,       77.7394714355
379.364563,       77.3576126099
379.738556,       76.3011474609
380.112518,       74.2494964600
380.486481,       74.1817855835
380.860352,       73.9960708618
381.234192,       74.4697647095
381.608063,       73.2501296997
381.981812,       72.2349777222
382.355591,       69.2937850952
382.729309,       68.4432373047
383.102966,       67.7038040161
383.476624,       62.2617530823
383.850220,       59.1332969666
384.223816,       58.9589118958
384.597321,       58.1106376648
384.970856,       58.1769523621
385.344299,       56.5083198547
385.717682,       54.8404693604
386.091125,       53.8232345581
386.464447,       49.6399879456
386.837769,       48.8592071533
387.211029,       50.6686096191
387.584290,       51.2763557434
387.957489,       52.0043258667
388.330627,       50.6529159546
388.703766,       51.6560020447
389.076874,       51.9756851196
389.449921,       54.3626594543
389.822937,       53.8289909363
390.195923,       53.7558631897
390.568878,       52.4568023682
390.941772,       51.6332969666
391.314636,       50.5657806396
391.687500,       49.5397300720
392.060272,       49.6795387268
392.433075,       50.1466751099
392.805756,       46.8955230713
393.178436,       46.7571716309
393.551117,       48.1511383057
393.923737,       49.9845352173
394.296326,       50.4518432617
394.668854,       50.2530632019
395.041321,       47.9516906738
395.413849,       48.4539642334
395.786255,       48.8133621216
396.158630,       49.1553077698
396.531006,       47.8481597900
396.903320,       46.4296264648
397.275604,       46.8631820679
397.647827,       46.8789825439
398.020050,       49.2844047546
398.392212,       49.0001220703
398.764343,       48.5398254395
399.136444,       48.0124130249
399.508514,       48.3538627625
399.880554,       47.1934700012
400.252533,       47.8625717163
400.624512,       49.9034576416
400.996399,       49.9364967346
401.368286,       49.4138908386
401.740112,       48.6157608032
402.111908,       46.8802719116
402.483673,       45.5787963867
402.855408,       45.9229164124
403.227081,       44.6417121887
403.598755,       42.5944519043
403.970367,       41.2324333191
404.341980,       42.1989173889
404.713501,       42.2515487671
405.085022,       40.6700210571
405.456482,       40.0479621887
405.827911,       37.1046638489
406.199310,       36.2538528442
406.570648,       36.3888130188
406.942017,       37.0667572021
407.313263,       36.1329193115
407.684509,       36.3111381531
408.055725,       34.6260948181
408.426880,       33.7598190308
408.798035,       34.8275604248
409.169128,       34.9754257202
409.540161,       35.6144561768
409.911224,       35.7666740417
410.282196,       35.7441444397
410.653137,       34.7225494385
411.024048,       34.5120849609
411.394897,       35.6748008728
411.765747,       36.1033287048
412.136536,       34.9676322937
412.507324,       36.8755493164
412.878052,       36.2317695618
413.248718,       38.5387306213
413.619385,       38.1554069519
413.989990,       38.0438766479
414.360565,       38.9368972778
414.731110,       37.7768173218
415.101563,       37.6810531616
415.472076,       37.1916503906
415.842468,       36.3628692627
416.212891,       36.6033363342
416.583221,       35.1446800232
416.953522,       34.9557762146
417.323792,       33.0355033875
417.694031,       34.6166572571
418.064240,       35.0559768677
418.434418,       36.0828170776
418.804535,       37.6113128662
419.174622,       37.2342758179
419.544678,       36.1684303284
419.914673,       36.3134536743
420.284668,       34.4100608826
420.654572,       33.8618621826
421.024475,       31.5182781219
421.394348,       32.9495773315
421.764191,       33.2220382690
422.133972,       32.6112556458
422.503693,       33.4904327393
422.873444,       33.4184303284
423.243134,       33.3684272766
423.612762,       33.3750228882
423.982330,       31.4668807983
424.351929,       30.9751243591
424.721436,       30.0318202972
425.090942,       29.3837242126
425.460358,       28.0937786102
425.829773,       27.2365341187
426.199158,       25.9580993652
426.568481,       24.2492446899
426.937775,       23.6301136017
427.307037,       24.2525939941
427.676239,       23.6956977844
428.045441,       23.1429519653
428.414581,       22.5650577545
428.783722,       23.4237155914
429.152802,       21.5910339355
429.521790,       25.8249225616
429.890839,       25.6231746674
430.259766,       23.9000740051
430.628693,       24.8140239716
430.997589,       23.7592926025
431.366425,       23.9438991547
431.735229,       23.9558410645
432.104004,       23.6087398529
432.472748,       24.2713012695
432.841431,       24.3877506256
433.210052,       24.3787326813
433.578705,       23.8757095337
433.947266,       24.0258808136
434.315826,       23.2460880280
434.684326,       23.6477890015
435.052765,       23.1216125488
435.421204,       25.3159828186
435.789612,       24.9655151367
436.157959,       25.4254970551
436.526276,       23.7357063293
436.894531,       23.4382781982
437.262756,       18.6575164795
437.630951,       17.8490467072
437.999146,       17.5929908752
438.367249,       16.1284503937
438.735321,       16.0904884338
439.103394,       15.3560447693
439.471405,       15.2742843628
439.839386,       37.8210144043
440.207306,       37.4664688110
440.575195,       37.4593238831
440.943054,       36.6402359009
441.310883,       36.4384574890
441.678680,       36.3704528809
442.046387,       36.2953872681
442.414093,       35.6296157837
442.781799,       35.2122077942
443.149414,       33.6145591736
443.516998,       33.3965988159
443.884552,       32.6477127075
444.252045,       32.6849555969
444.619537,       32.3438072205
444.987000,       32.3283042908
445.354401,       32.4071006775
445.721710,       32.7883453369
446.089081,       32.8306999207
446.456360,       32.7649230957
446.823608,       32.8445358276
447.190826,       32.9685630798
447.557953,       12.3942871094
447.925110,       11.5986967087
448.292175,       11.1829786301
448.659271,       11.5612926483
449.026276,       11.2722959518
449.393250,       10.8140707016
449.760193,       10.8270969391
450.127075,       10.7370462418
450.493958,       10.8748407364
450.860779,       10.2563190460
451.227570,       10.2425489426
451.594330,       10.5040493011
451.960999,       10.5409088135
452.327698,       10.5401563644
452.694336,       10.4131650925
453.060913,        9.9982995987
453.427490,        9.4849176407
453.793976,        9.1354379654
454.160492,        8.9623641968
454.526917,        9.3239622116
454.893311,        9.0532989502
455.259674,        8.7688159943
455.626007,        9.1680707932
455.992310,        9.4139757156
456.358551,        9.0955991745
456.724731,        9.5397253036
457.090912,        9.7637033463
457.457031,        9.6655464172
457.823151,        9.7510719299
458.189209,        9.6238183975
458.555206,        9.8124532700
458.921173,        9.5784854889
459.287109,        9.6156482697
459.653015,       10.1604309082
460.018890,        9.9419956207
460.384705,       10.0273838043
460.750519,        9.6812000275
461.116241,        9.6031703949
461.481964,        9.4982080460
461.847626,        9.9038581848
462.213226,        9.5048522949
462.578827,        9.7870998383
462.944427,        9.5035448074
463.309906,        9.1474142075
463.675385,        8.8266019821
464.040802,        8.6711425781
464.406219,        8.3033590317
464.771606,        7.6396889687
465.136902,        7.5540146828
465.502197,        7.2194299698
465.867462,        7.1265139580
466.232635,        6.7753119469
466.597839,        6.7819504738
466.962921,        6.6873335838
467.328003,        6.2313323021
467.693054,        6.3781509399
468.058075,        6.2287330627
468.423035,        6.9195008278
468.787994,        6.9629387856
469.152863,        7.0401134491
469.517700,        6.5803966522
469.882538,        6.3728652000
470.247314,        5.8476824760
470.612061,        6.6846370697
470.976746,        6.5453109741
471.341431,        6.6999659538
471.706024,        6.8916506767
472.070618,        7.1957802773
472.435181,        7.1972446442
472.799622,        7.0841445923
473.164124,        7.2980961800
473.528534,        7.1750483513
473.892975,        7.1577506065
474.257294,        7.1267290115
474.621582,        6.9579133987
474.985870,        7.0021362305
475.350098,        7.1640462875
475.714325,        6.9190077782
476.078461,        6.6801285744
476.442535,        6.5671296120
476.806641,        6.4390659332
477.170685,        6.3626160622
477.534668,        6.1687417030
477.898621,        6.2441487312
478.262512,        5.5940914154
478.626404,        6.0066437721
478.990265,        5.8192205429
479.354065,        5.5450334549
479.717834,        5.0280327797
480.081512,        5.0428433418
480.445221,        4.9811215401
480.808899,        4.7841234207
481.172485,        4.8103270531
481.536041,        4.7258830070
481.899567,        4.9500818253
482.263062,        4.7689442635
482.626526,        4.8086280823
482.989929,        4.5652227402
483.353271,        4.5781550407
483.716583,        4.3146100044
484.079895,        4.1271815300
484.443146,        4.0838522911
484.806366,        4.0979218483
485.169525,        4.1756467819
485.532654,        4.0625066757
485.895752,        3.9124476910
486.258820,        3.6279256344
486.621857,        3.8207960129
486.984802,        3.8871641159
487.347748,        4.0753722191
487.710663,        4.0054068565
488.073517,        3.8730328083
488.436340,        3.9128031731
488.799072,        3.8502492905
489.161835,        3.8308951855
489.524536,        3.5181868076
489.887238,        3.5670132637
490.249847,        3.4000000954
490.612396,        3.3920168877
490.974915,        3.3519229889
491.337433,        3.3573184013
491.699921,        3.5107426643
492.062347,        3.6511585712
492.424713,        3.6533334255
492.787079,        3.6060068607
493.149353,        4.2481055260
493.511658,        4.2296257019
493.873871,        4.1978669167
494.236053,        4.0585312843
494.598206,        4.1160130501
494.960297,        4.1447639465
495.322388,        4.1570515633
495.684418,        4.2095818520
496.046356,        4.0768923759
496.408325,        4.0677461624
496.770264,        4.0669465065
497.132141,        4.1697545052
497.493958,        4.1751332283
497.855713,        4.1567807198
498.217499,        4.0270829201
498.579193,        4.0794425011
498.940887,        4.1213855743
499.302490,        4.0636658669
499.664093,        3.9786498547
500.025635,        3.9387311935
500.387177,        3.9307708740
500.748627,        3.3137495518
501.110077,        3.5090472698
501.471436,        3.4728190899
501.832825,        3.4345772266
502.194153,        3.3529691696
502.555389,        3.2734956741
502.916626,        3.3763132095
503.277802,        3.4267165661
503.638977,        3.5717964172
504.000092,        3.7020225525
504.361176,        3.7319321632
504.722198,        3.6396749020
505.083160,        3.6370077133
505.444153,        3.6298837662
505.805084,        3.7237412930
506.165924,        3.7714381218
506.526764,        3.8142695427
506.887543,        4.2400088310
507.248322,        4.3124547005
507.609070,        4.3735446930
507.969727,        4.3816809654
508.330322,        4.4382357597
508.690918,        4.3079419136
509.051514,        4.3479604721
509.412018,        4.3872671127
509.772491,        4.4731316566
510.132904,        4.7115077972
510.493286,        4.8160085678
510.853699,        4.8111629486
511.213989,        4.7496333122
511.574280,        4.6961808205
511.934509,        4.7440176010
512.294678,        4.8807468414
512.654846,        4.9269080162
513.014954,        4.9628400803
513.375061,        5.1046705246
513.735046,        5.1939783096
514.095032,        5.1772370338
514.455078,        4.9894647598
514.814941,        4.9211845398
515.174805,        4.9163928032
515.534607,        4.9966206551
515.894409,        5.0691885948
516.254211,        5.1034746170
516.613892,        5.2420616150
516.973572,        5.3455533981
517.333130,        5.3759050369
517.692749,        5.2240691185
518.052368,        5.1488885880
518.411865,        5.2494368553
518.771301,        5.2821197510
519.130737,        5.3327507973
519.490173,        5.4664163589
519.849548,        5.4984812737
520.208801,        5.5651707649
520.568054,        5.7302618027
520.927307,        5.6901264191
521.286499,        5.7008986473
521.645691,        5.8519706726
522.004822,        5.8776059151
522.363831,        5.9107213020
522.722839,        5.9396348000
523.081848,        5.9513254166
523.440796,        5.9997243881
523.799744,        6.0875291824
524.158569,        6.0686631203
524.517395,        6.0513420105
524.876160,        6.0990409851
525.234924,        6.1783647537
525.593628,        6.2144765854
525.952271,        6.4790740013
526.310913,        6.6475830078
526.669495,        6.6917052269
527.028076,        6.6741943359
527.386536,        6.8341956139
527.744995,        6.8950190544
528.103394,        6.9242963791
528.461792,        7.0636129379
528.820129,        7.2882599831
529.178406,        7.3243207932
529.536743,        7.3548831940
529.894958,        7.4506387711
530.253113,        7.5766377449
530.611267,        7.8188829422
530.969299,        7.9378919601
531.327393,        8.0639991760
531.685486,        8.1152868271
532.043335,        8.2148447037
532.401367,        8.2290430069
532.759216,        8.2783956528
533.117004,        8.4002037048
533.474915,        8.2299489975
533.832642,        8.2551183701
534.190430,        8.3301324844
534.548096,        8.3731451035
534.905762,        8.3090219498
535.263367,        8.3788185120
535.620850,        8.3964662552
535.978455,        8.3620185852
536.335876,        8.2274236679
536.693359,        8.2208909988
537.050781,        8.1928062439
537.408142,        8.2808904648
537.765442,        8.2407102585
538.122681,        8.1168851852
538.479919,        8.0921936035
538.837219,        8.0503015518
539.194336,        8.1014852524
539.551453,        8.1980428696
539.908508,        8.3844203949
540.265564,        8.3926725388
540.622559,        8.3511524200
540.979553,        8.3394622803
541.336426,        8.3083934784
541.693298,        8.3038129807
542.050110,        8.3726577759
542.406921,        8.4226732254
542.763672,        8.4693346024
543.120422,        8.4735412598
543.477051,        8.5166625977
543.833679,        8.5474729538
544.190308,        8.5394363403
544.546814,        8.5646266937
544.903381,        8.5535478592
545.259827,        8.5793828964
545.616211,        8.5822677612
545.972595,        8.5425634384
546.328979,        8.5589685440
546.685242,        8.5340347290
547.041504,        8.4445495605
547.397644,        8.3109064102
547.753906,        8.3177309036
548.110046,        8.3393115997
548.466125,        8.4035739899
548.822144,        8.4156179428
549.178223,        8.4165077209
549.534241,        8.4423713684
549.890137,        8.4096078873
550.246033,        8.3986835480
550.601868,        8.4151134491
550.957581,        8.4047307968
551.313416,        8.4985818863
551.669128,        8.5678424835
552.024841,        8.6138534546
552.380432,        8.5394239426
552.736023,        8.5647087097
553.091675,        8.6854600906
553.447144,        8.7184019089
553.802612,        8.6869754791
554.158020,        8.7479572296
554.513428,        8.7154150009
554.868774,        8.7128896713
555.224121,        8.8391275406
555.579346,        8.8367013931
555.934631,        8.8173933029
556.289734,        8.8366899490
556.644958,        8.9318742752
557.000000,        8.9103956223
557.355103,        8.8960590363
557.710083,        8.8666410446
558.065063,        8.8273372650
558.420105,        8.8279771805
558.774963,        8.7496213913
559.129822,        8.7185363770
559.484619,        8.6911048889
559.839355,        8.7379302979
560.194153,        8.7084379196
560.548828,        8.6246185303
560.903442,        8.6143560410
561.258057,        8.6938972473
561.612610,        8.6303739548
561.967224,        8.6553039551
562.321655,        8.6281757355
562.676086,        8.4504489899
563.030457,        8.4012279510
563.384827,        8.3629589081
563.739197,        8.3221406937
564.093445,        8.1926155090
564.447693,        8.1072587967
564.801880,        8.0733890533
565.156006,        8.0226783752
565.510132,        7.9959368706
565.864197,        7.9592576027
566.218262,        7.8782663345
566.572205,        7.8091835976
566.926086,        7.7355222702
567.280090,        7.6760358810
567.633972,        7.6297392845
567.987732,        7.5420932770
568.341553,        7.4615011215
568.695190,        7.3383660316
569.048950,        7.2847938538
569.402649,        7.2043256760
569.756165,        7.1588821411
570.109802,        7.1868181229
570.463257,        7.1582698822
570.816772,        7.1667098999
571.170227,        7.0983142853
571.523621,        7.0847167969
571.877014,        7.0431590080
572.230286,        6.9926896095
572.583557,        6.9760665894
572.936829,        6.9807372093
573.289978,        6.9809241295
573.643250,        7.0086679459
573.996216,        6.9744639397
574.349365,        6.9589338303
574.702393,        6.9415016174
575.055359,        6.8956398964
575.408325,        6.8749570847
575.761169,        6.8744530678
576.114075,        6.8581051826
576.466919,        6.7998552322
576.819641,        6.7668542862
577.172363,        6.7241950035
577.525085,        6.7130670547
577.877686,        6.7046718597
578.230286,        6.6061367989
578.582825,        6.5622949600
578.935425,        6.4982900620
579.287903,        6.4664831161
579.640320,        6.4217567444
579.992676,        6.3451366425
580.345093,        6.2730746269
580.697388,        6.2126860619
581.049683,        6.1248545647
581.401855,        6.0677599907
581.754089,        6.1407685280
582.106201,        6.1590275764
582.458313,        6.1746511459
582.810425,        6.1512770653
583.162354,        6.0950217247
583.514404,        6.0943884850
583.866272,        6.0783123970
584.218201,        6.0663080215
584.570068,        6.1159262657
584.921875,        6.0455026627
585.273560,        6.0100069046
585.625305,        6.0585184097
585.977051,        6.0391569138
586.328674,        6.1613416672
586.680237,        6.1418256760
587.031799,        6.1858615875
587.383301,        6.1952490807
587.734802,        6.1965680122
588.086243,        6.1878261566
588.437561,        6.1917443275
588.788940,        6.2412786484
589.140198,        6.1092591286
589.491516,        6.0239033699
589.842712,        6.0000429153
590.193848,        6.0136175156
590.544983,        5.9926581383
590.896057,        5.9908962250
591.247192,        5.9986252785
591.598145,        5.9700670242
591.949158,        5.8818659782
592.300049,        5.8835277557
592.650879,        5.8507966995
593.001770,        5.7803664207
593.352539,        5.8108835220
593.703308,        5.7224230766
594.054016,        5.7120647430
594.404663,        5.6732292175
594.755310,        5.7144155502
595.105896,        5.6956329346
595.456360,        5.6659960747
595.806885,        5.6345663071
596.157349,        5.6230783463
596.507751,        5.6882524490
596.858154,        5.6983332634
597.208435,        5.6852164268
597.558777,        5.6753883362
597.908997,        5.6810002327
598.259216,        5.6010890007
598.609314,        5.6060218811
598.959473,        5.7121787071
599.309570,        5.7476782799
599.659546,        5.7755889893
600.009583,        5.8070096970
600.359497,        5.8310136795
600.709412,        5.7960939407
601.059265,        5.7645869255
601.409058,        5.8477692604
601.758850,        5.8425598145
602.108521,        5.7738742828
602.458191,        5.7814264297
602.807922,        5.7629861832
603.157471,        5.7822599411
603.507080,        5.7501444817
603.856567,        5.7111701965
604.205994,        5.7058944702
604.555542,        5.7151527405
604.904846,        5.6867041588
605.254211,        5.6880440712
605.603516,        5.8426485062
605.952759,        5.8557963371
606.302063,        5.7619419098
606.651123,        5.7391223907
607.000305,        5.6924238205
607.349365,        5.6481413841
607.698425,        5.5923070908
608.047485,        5.5845308304
608.396362,        5.5412826538
608.745300,        5.4174685478
609.094177,        5.3886947632
609.442993,        5.3915162086
609.791809,        5.3459115028
610.140503,        5.3398833275
610.489258,        5.2809128761
610.837891,        5.2786169052
611.186523,        5.2327656746
611.535156,        5.1876759529
611.883606,        5.1281728745
612.232178,        5.1630334854
612.580566,        5.1735095978
612.928955,        5.0320668221
613.277344,        4.9671592712
613.625610,        4.9438748360
613.973938,        4.9102897644
614.322144,        4.9322228432
614.670288,        4.9548907280
615.018555,        4.9783849716
615.366516,        4.9638500214
615.714661,        4.9383478165
616.062622,        4.9950523376
616.410645,        4.9827394485
616.758606,        5.0049176216
617.106445,        4.9774427414
617.454285,        4.9648280144
617.802063,        4.9978475571
618.149841,        4.9817504883
618.497559,        4.9713363647
618.845215,        4.9992575645
619.192871,        5.0187993050
619.540466,        4.9463524818
619.888000,        4.8859057426
620.235535,        4.8728694916
620.582886,        4.8926277161
620.930359,        4.8730168343
621.277710,        4.8621749878
621.625061,        4.7869658470
621.972351,        4.7271394730
622.319519,        4.6907997131
622.666809,        4.6767272949
623.013916,        4.6794900894
623.361023,        4.6361308098
623.708130,        4.6492967606
624.055054,        4.6357393265
624.402100,        4.6332077980
624.749023,        4.6560063362
625.095947,        4.6505727768
625.442810,        4.6361732483
625.789551,        4.6274504662
626.136353,        4.5889601707
626.483032,        4.5790824890
626.829712,        4.6284146309
627.176392,        4.6561822891
627.522949,        4.6407961845
627.869507,        4.6202936172
628.216003,        4.6078538895
628.562500,        4.6198897362
628.908936,        4.6423821449
629.255310,        4.6458330154
629.601624,        4.6578321457
629.947876,        4.6634445190
630.294067,        4.7337307930
630.640320,        4.6943268776
630.986511,        4.6607794762
631.332642,        4.6222510338
631.678650,        4.6314549446
632.024658,        4.5841960907
632.370728,        4.5871734619
632.716614,        4.5617198944
633.062500,        4.5661354065
633.408325,        4.5721826553
633.754089,        4.6525425911
634.099915,        4.6053652763
634.445679,        4.5956707001
634.791321,        4.6058907509
635.136963,        4.6538457870
635.482483,        4.6367621422
635.828125,        4.5963792801
636.173584,        4.5592637062
636.519043,        4.5688505173
636.864502,        4.5379338264
637.209778,        4.5204715729
637.555237,        4.4285016060
637.900452,        4.4298005104
638.245728,        4.4143805504
638.590881,        4.3838510513
638.935974,        4.3469791412
639.281189,        4.3259391785
639.626221,        4.3302421570
639.971191,        4.3199877739
640.316223,        4.2877683640
640.661072,        4.2729859352
641.006042,        4.1655483246
641.350891,        4.1243567467
641.695679,        4.0733127594
642.040466,        4.0234661102
642.385071,        3.9007291794
642.729858,        3.8862955570
643.074463,        3.8680233955
643.419067,        3.8426861763
643.763611,        3.8179390430
644.108032,        3.7949507236
644.452515,        3.7507004738
644.796936,        3.7021334171
645.141296,        3.6955819130
645.485657,        3.6854200363
645.829834,        3.6612601280
646.174133,        3.6260881424
646.518311,        3.5920310020
646.862427,        3.5198488235
647.206604,        3.4657425880
647.550598,        3.4629743099
647.894653,        3.4044330120
648.238647,        3.3730289936
648.582458,        3.3719558716
648.926453,        3.3495907784
649.270203,        3.3242669106
649.614075,        3.3097274303
649.957764,        3.3007879257
650.301453,        3.2664563656
650.645142,        3.2600271702
650.988708,        3.2209162712
651.332336,        3.1726479530
651.675842,        3.1555469036
652.019348,        3.1503994465
652.362854,        3.1213181019
652.706177,        3.0652720928
653.049561,        3.0521223545
653.392883,        3.0450589657
653.736084,        3.0375199318
654.079346,        3.0337769985
654.422424,        3.0153501034
654.765625,        2.9800434113
655.108765,        2.9759776592
655.451721,        2.9233894348
655.794800,        2.8774626255
656.137695,        2.8606717587
656.480591,        2.8514444828
656.823486,        2.8427052498
657.166260,        2.7810430527
657.509094,        2.7668178082
657.851807,        2.7271199226
658.194519,        2.6760807037
658.537109,        2.7422740459
658.879761,        2.7128684521
659.222351,        2.7092304230
659.564758,        2.6914048195
659.907349,        2.6755423546
660.249695,        2.6297726631
660.592041,        2.6301136017
660.934448,        2.6196861267
661.276672,        2.5586533546
661.619019,        2.5324373245
661.961182,        2.4831578732
662.303284,        2.4561722279
662.645508,        2.4358077049
662.987427,        2.4108641148
663.329529,        2.3808574677
663.671448,        2.3419845104
664.013428,        2.3090827465
664.355347,        2.3047134876
664.697205,        2.3657028675
665.039001,        2.3386712074
665.380676,        2.3445451260
665.722412,        2.2803275585
666.064148,        2.2674202919
666.405701,        2.2238550186
666.747253,        2.1633665562
667.088806,        2.1317358017
667.430298,        2.0988481045
667.771790,        2.0460577011
668.113159,        2.0084705353
668.454529,        2.0019021034
668.795837,        1.9901435375
669.137085,        1.9842751026
669.478394,        1.9619038105
669.819519,        1.9868863821
670.160645,        1.9720147848
670.501709,        1.9246187210
670.842773,        1.8993077278
671.183777,        1.9122253656
671.524719,        1.8852385283
671.865662,        1.7898321152
672.206482,        1.7691251040
672.547302,        1.7347385883
672.888123,        1.7158474922
673.228821,        1.7017111778
673.569458,        1.6950759888
673.910095,        1.6783555746
674.250732,        1.6792768240
674.591370,        1.6934024096
674.931824,        1.6767585278
675.272217,        1.6405668259
675.612732,        1.6166816950
675.953003,        1.6069703102
676.293396,        1.5794999599
676.633667,        1.5881687403
676.973877,        1.5566720963
677.314148,        1.5519504547
677.654236,        1.5678234100
677.994385,        1.5653126240
678.334412,        1.5477173328
678.674438,        1.5646839142
679.014404,        1.5695370436
679.354309,        1.6040570736
679.694214,        1.6063287258
680.034058,        1.6094492674
680.373840,        1.6206603050
680.713623,        1.6432842016
681.053223,        1.6874516010
681.392944,        1.7973872423
681.732544,        2.3742823601
682.072083,        3.1940851212
682.411621,        3.2514431477
682.751038,        3.2849986553
683.090515,        3.3198349476
683.429871,        3.3586542606
683.769226,        3.4104235172
684.108582,        3.4685146809
684.447754,        3.4942913055
684.786987,        3.5508294106
685.126160,        3.5918521881
685.465210,        3.6274399757
685.804382,        3.6858162880
686.143311,        3.7564444542
686.482361,        3.8191425800
686.821289,        3.9342496395
687.160156,        3.9986722469
687.499023,        4.0719828606
687.837769,        4.2277393341
688.176514,        4.3149189949
688.515259,        4.3384041786
688.853882,        3.9348607063
689.192566,        3.2556235790
689.531067,        3.3643550873
689.869629,        3.5245158672
690.208130,        3.6672155857
690.546570,        3.8371045589
690.885010,        3.9485149384
691.223267,        4.0914568901
691.561584,        4.2637219429
691.899841,        4.4902076721
692.238037,        4.7056274414
692.576294,        4.9354777336
692.914307,        5.1598272324
693.252380,        5.3502244949
693.590454,        5.5434455872
693.928406,        5.6992468834
694.266357,        5.9348144531
694.604187,        6.1850085258
694.942078,        6.3459658623
695.279907,        6.5704545975
695.617615,        6.8442373276
695.955444,        7.0404896736
696.292969,        7.3195738792
696.630676,        7.5984077454
696.968201,        7.8439421654
697.305725,        8.1948499680
697.643250,        8.4460659027
697.980652,        8.7500057220
698.318054,        9.0269327164
698.655396,        9.3262472153
698.992676,        9.5367927551
699.330017,        9.8302593231
699.667175,       10.0679645538
700.004395,       10.3337602615
700.341492,       10.6122817993
700.678528,       10.9510278702
701.015564,       11.2736368179
701.352478,       11.5312213898
701.689514,       11.8287715912
702.026428,       12.1489028931
702.363220,       12.4675960541
702.700073,       12.7081394196
703.036804,       13.0488929749
703.373474,       13.3384418488
703.710144,       13.6606216431
704.046814,       13.9296169281
704.383362,       14.1149625778
704.719910,       14.4243526459
705.056335,       14.6824493408
705.392761,       14.9835643768
705.729187,       15.2424316406
706.065552,       15.5409603119
706.401855,       15.8002376556
706.738098,       16.1483116150
707.074280,       16.4227752686
707.410461,       16.7091808319
707.746643,       16.9796409607
708.082642,       17.2697868347
708.418701,       17.6081352234
708.754639,       17.8901901245
709.090576,       18.1308746338
709.426514,       18.4151153564
709.762329,       18.7435970306
710.098083,       19.0065479279
710.433838,       19.2816963196
710.769592,       19.5578880310
711.105286,       19.8310203552
711.440796,       20.1403026581
711.776367,       20.4129867554
712.112000,       20.6881084442
712.447388,       20.9506645203
712.782837,       21.3038959503
713.118225,       21.5956039429
713.453552,       21.8955059052
713.788818,       22.1246204376
714.124023,       22.3976497650
714.459290,       22.6856880188
714.794434,       22.9156761169
715.129517,       23.2225456238
715.464661,       23.4562225342
715.799622,       23.6920661926
716.134583,       23.9850902557
716.469482,       24.2622146606
716.804321,       24.5394535065
717.139221,       24.7965526581
717.473938,       25.0611743927
717.808777,       25.3107490540
718.143433,       25.6023941040
718.478088,       25.9024391174
718.812683,       26.1494941711
719.147217,       26.4647006989
719.481750,       26.7369709015
719.816223,       26.9769973755
720.150574,       27.3283634186
720.485046,       27.5744819641
720.819214,       27.8831367493
721.153564,       28.1930541992
721.487854,       28.4857635498
721.821960,       28.7747707367
722.156189,       29.2032604218
722.490234,       29.5151481628
722.824341,       29.8205375671
723.158264,       30.1675949097
723.492249,       30.4713935852
723.826172,       30.7247257233
724.159973,       31.0460834503
724.493835,       31.3125877380
724.827576,       31.5757846832
725.161316,       31.8988227844
725.494995,       32.1681632996
725.828613,       32.4648704529
726.162231,       32.7337341309
726.495728,       33.0768737793
726.829163,       33.3354339600
727.162720,       33.5737571716
727.496033,       33.8916587830
727.829468,       34.1682243347
728.162720,       34.4294509888
728.496033,       34.6932678223
728.829224,       34.9654960632
729.162354,       35.0674781799
729.495483,       35.2879409790
729.828552,       35.5489540100
730.161560,       35.7880249023
730.494629,       36.0282058716
730.827454,       36.2725639343
731.160400,       36.5092811584
731.493225,       36.8306770325
731.825989,       37.0825653076
732.158813,       37.3214836121
732.491455,       37.5829315186
732.824158,       37.8638038635
733.156799,       38.1330680847
733.489319,       38.3228912354
733.821899,       38.5699195862
734.154236,       38.7235260010
734.486755,       38.9463348389
734.819092,       39.1735153198
735.151428,       39.3708343506
735.483765,       39.5756072998
735.815857,       39.7216606140
736.148132,       39.9218101501
736.480286,       40.1465721130
736.812378,       40.3429260254
737.144470,       40.4824485779
737.476379,       40.6525955200
737.808411,       40.8559875488
738.140259,       41.0873908997
738.472168,       41.2216377258
738.804016,       41.3997039795
739.135742,       41.5354270935
739.467468,       41.6973457336
739.799133,       41.8573036194
740.130798,       41.9396743774
740.462402,       42.1579017639
740.793884,       42.4058418274
741.125366,       42.6136436462
741.456848,       42.7255897522
741.788208,       42.8555412292
742.119568,       42.9894294739
742.450928,       43.1724243164
742.782166,       43.3574142456
743.113281,       43.5350227356
743.444458,       43.6723060608
743.775635,       43.7960662842
744.106689,       43.9477157593
744.437683,       44.0760116577
744.768677,       44.2319946289
745.099609,       44.2575683594
745.430481,       44.3981246948
745.761353,       44.5435791016
746.092102,       44.6836395264
746.422852,       44.8220596313
746.753479,       44.8788795471
747.084229,       45.0185928345
747.414795,       45.0202865601
747.745300,       45.0888137817
748.075806,       45.1614646912
748.406311,       45.2399177551
748.736694,       45.3244781494
749.067078,       45.4248466492
749.397400,       45.5198478699
749.727722,       45.6171760559
750.057861,       45.6970329285
750.388062,       45.8014144897
750.718201,       45.8702697754
751.048279,       45.9429397583
751.378357,       45.9980010986
751.708252,       46.0092620850
752.038208,       46.1607513428
752.368164,       46.2185668945
752.697937,       46.2184219360
753.027832,       46.2640151978
753.357483,       46.2897224426
753.687256,       46.3607025146
754.016907,       46.4680595398
754.346497,       46.5739669800
754.676147,       46.5264053345
755.005493,       46.5210418701
755.335083,       46.5604019165
755.664490,       46.5634994507
755.993835,       46.5618515015
756.323181,       46.5339927673
756.652405,       46.4979782104
756.981689,       46.4168739319
757.310852,       46.4239540100
757.640015,       46.4615325928
757.969177,       46.4146842957
758.298096,       46.4223937988
758.627197,       46.4440422058
758.956116,       46.3425903320
759.284973,       46.2908401489
759.613892,       46.2637557983
759.942627,       46.2299690247
760.271423,       46.2211837769
760.600159,       46.1953125000
760.928772,       46.1579513550
761.257446,       46.0785446167
761.585999,       46.1038131714
761.914490,       46.1804084778
762.242981,       46.1726913452
762.571350,       46.1665077209
762.899841,       46.1745758057
763.228088,       46.1502838135
763.556396,       46.1763572693
763.884644,       46.2116127014
764.212830,       46.2208557129
764.541016,       46.2159423828
764.869080,       46.2658882141
765.197144,       46.2372474670
765.525146,       46.2424621582
765.853088,       46.3235740662
766.181030,       46.4011230469
766.508789,       46.4064903259
766.836670,       46.4544448853
767.164429,       46.5039863586
767.492126,       46.5260314941
767.819824,       46.5176429749
768.147400,       46.6384963989
768.475037,       46.6217651367
768.802490,       46.6631774902
769.130005,       46.7165641785
769.457458,       46.7396125793
769.784790,       46.7834014893
770.112183,       46.8443260193
770.439453,       46.8771400452
770.766663,       46.9755439758
771.093872,       46.9429512024
771.420959,       46.9336853027
771.748108,       46.9014396667
772.075195,       47.0118522644
772.402161,       47.0247879028
772.729126,       46.9906425476
773.055969,       46.9117317200
773.382874,       46.9619827271
773.709717,       46.9164772034
774.036438,       46.7881355286
774.363159,       46.8262329102
774.689758,       46.8563232422
775.016479,       46.7738075256
775.343018,       46.8124923706
775.669495,       46.7024383545
775.996033,       46.6596603394
776.322449,       46.6996498108
776.648865,       46.6499748230
776.975098,       46.7113380432
777.301453,       46.7387695313
777.627686,       46.6795387268
777.953857,       46.8049812317
778.280029,       46.7949256897
778.606079,       46.9530982971
778.932068,       46.8986129761
779.258179,       46.9139137268
779.584045,       46.9411125183
779.909973,       46.9483566284
780.235840,       46.9445724487
780.561646,       47.0477066040
780.887390,       47.0821952820
781.213135,       47.0363235474
781.538757,       46.9710159302
781.864380,       47.1422157288
782.189880,       47.1751098633
782.515442,       47.1540489197
782.840942,       47.2000160217
783.166321,       47.2052268982
783.491699,       47.2363471985
783.817017,       47.1215324402
784.142395,       47.1116828918
784.467529,       47.0950202942
784.792725,       47.0163574219
785.117859,       47.0285072327
785.442932,       46.8866539001
785.768005,       46.8683776855
786.092957,       46.8256607056
786.417908,       46.8309059143
786.742798,       46.8852844238
787.067566,       46.8816490173
787.392456,       46.7939453125
787.717163,       46.8503570557
788.041870,       46.8871154785
788.366577,       46.9023818970
788.691101,       46.6504249573
789.015686,       46.7229881287
789.340149,       46.8012313843
789.664673,       46.8306541443
789.989075,       46.7644577026
790.313354,       46.9440345764
790.637756,       47.0457534790
790.962036,       47.0392227173
791.286194,       47.0247116089
791.610413,       47.0166816711
791.934448,       47.0683975220
792.258606,       47.0980987549
792.582581,       47.1550064087
792.906555,       47.2033920288
793.230530,       47.1507072449
793.554321,       47.1160697937
793.878174,       47.1169281006
794.201965,       47.1008872986
794.525696,       47.0912513733
794.849426,       47.0633926392
795.172974,       47.1260337830
795.496643,       47.2423210144
795.820129,       47.1532058716
796.143616,       47.1419525146
796.467102,       47.1009178162
796.790405,       47.1312026978
797.113831,       46.9375000000
797.437134,       46.9066696167
797.760315,       46.9248199463
798.083618,       46.9019737244
798.406677,       46.9343032837
798.729797,       46.9136047363
799.052856,       46.9077377319
799.375854,       46.8092117310
799.698853,       46.7678565979
800.021729,       46.8581008911
800.344604,       46.8405876160
800.667358,       46.9008712769
800.990112,       46.9228134155
801.312866,       46.9457931519
801.635498,       46.9414367676
801.958191,       46.8223724365
802.280701,       46.7976226807
802.603210,       46.7535629272
802.925781,       46.7452621460
803.248108,       46.7522544861
803.570496,       46.7781410217
803.892822,       46.8434143066
804.215088,       46.8442878723
804.537354,       46.8320922852
804.859436,       46.8330078125
805.181641,       46.7453498840
805.503723,       46.7258300781
805.825745,       46.7606887817
806.147766,       46.8460884094
806.469604,       46.8715019226
806.791504,       46.8410987854
807.113342,       46.9224472046
807.435181,       46.8930625916
807.756897,       46.9323539734
808.078552,       46.9181480408
808.400208,       46.9994735718
808.721802,       47.1189765930
809.043335,       47.0862922668
809.364929,       47.1258239746
809.686279,       47.1159629822
810.007751,       47.1001892090
810.329041,       47.0055427551
810.650330,       47.0062866211
810.971619,       46.9484100342
811.292786,       46.9759712219
811.613953,       46.9910659790
811.935059,       46.9542999268
812.256104,       46.9569206238
812.577148,       46.9111633301
812.898071,       46.8761138916
813.218994,       46.8220252991
813.539795,       46.7812881470
813.860596,       46.7794456482
814.181396,       46.7195701599
814.502136,       46.6989746094
814.822754,       46.6751480103
815.143372,       46.5920944214
815.463928,       46.5261840820
815.784485,       46.5547103882
816.104919,       46.4745140076
816.425354,       46.4488754272
816.745728,       46.4439353943
817.065979,       46.4555549622
817.386353,       46.4202499390
817.706421,       46.4552154541
818.026733,       46.3925857544
818.346863,       46.3878440857
818.666809,       46.4569396973
818.986938,       46.4503936768
819.306824,       46.4539299011
819.626770,       46.4669837952
819.946716,       46.5086975098
820.266479,       46.5742111206
820.586304,       46.4873352051
820.905945,       46.4947662354
821.225647,       46.5025634766
821.545349,       46.5295715332
821.864868,       46.5613021851
822.184448,       46.6655273438
822.503845,       46.6781005859
822.823364,       46.7189598083
823.142761,       46.7968940735
823.462036,       46.8095016479
823.781372,       46.8175849915
824.100525,       46.8113555908
824.419800,       47.1910934448
824.738953,       47.2477188110
825.057922,       47.2748413086
825.377014,       47.2779617310
825.695984,       47.3072662354
826.014954,       47.2910079956
826.333862,       47.2587699890
826.652649,       47.2916412354
826.971497,       47.2284507751
827.290100,       47.2925529480
827.608887,       47.3648300171
827.927612,       47.3252029419
828.246094,       47.2823410034
828.564697,       47.2537307739
828.883118,       47.1600723267
829.201599,       47.1314201355
829.520020,       47.1175689697
829.838318,       47.0582504272
830.156616,       47.0342903137
830.474854,       47.0680351257
830.793091,       47.1057128906
831.111267,       46.6639404297
831.429260,       46.6196365356
831.747437,       46.6295928955
832.065308,       46.6138420105
832.383362,       46.6712226868
832.701233,       46.6781425476
833.019043,       46.6824455261
833.336914,       46.6307830811
833.654663,       46.6410942078
833.972351,       46.6286964417
834.289978,       46.6563224792
834.607483,       46.7619094849
834.925171,       46.7943420410
835.242676,       46.7543449402
835.560059,       46.7846374512
835.877502,       46.8249740601
836.194763,       46.8375473022
836.512146,       46.8521957397
836.829468,       46.9298706055
837.146545,       46.9922828674
837.463745,       46.9299125671
837.780823,       46.9677696228
838.097900,       46.9978790283
838.414917,       47.0132217407
838.731873,       46.9652290344
839.048828,       46.9284858704
839.365540,       46.9415817261
839.682434,       46.9676628113
839.999207,       47.0568275452
840.315857,       47.0315933228
840.632568,       47.0218734741
840.949097,       46.9782752991
841.265747,       46.8746643066
841.582275,       46.8743934631
841.898682,       47.0280036926
842.215088,       47.0423507690
842.531433,       47.0503921509
842.847778,       47.0755844116
843.164063,       47.0762710571
843.480164,       47.0687065125
843.796387,       47.0613670349
844.112427,       47.1145324707
844.428528,       47.1622390747
844.744568,       47.1944732666
845.060486,       47.2884292603
845.376404,       47.3269805908
845.692200,       47.3346405029
846.008057,       47.3693962097
846.323853,       47.3952941895
846.639465,       47.3583221436
846.955139,       47.3485717773
847.270691,       47.3618431091
847.586304,       47.4392433167
847.901855,       47.4518318176
848.217224,       47.4249916077
848.532715,       47.3626937866
848.847961,       47.4405899048
849.163330,       47.3255043030
849.478638,       47.3328704834
849.793823,       47.3736305237
850.108948,       47.3410873413
850.424011,       47.3151702881
850.739136,       47.3325424194
851.054199,       47.2861633301
851.369019,       47.2669448853
851.684021,       47.1942367554
851.998779,       47.2611083984
852.313660,       47.2361373901
852.628418,       47.2459144592
852.943054,       47.2219543457
853.257751,       47.1953048706
853.572327,       47.2148399353
853.886841,       47.1804809570
854.201477,       47.1154975891
854.515808,       47.2052917480
854.830261,       47.2915306091
855.144592,       47.2847480774
855.458862,       47.1927719116
855.773193,       47.2805747986
856.087280,       47.2762489319
856.401489,       47.2092170715
856.715515,       47.2680511475
857.029602,       47.3119544983
857.343628,       47.2760963440
857.657532,       47.2605934143
857.971497,       47.2747650146
858.285278,       47.2971153259
858.599121,       47.2951812744
858.912903,       47.2790451050
859.226501,       47.2875671387
859.540222,       47.2805557251
859.853699,       47.3149604797
860.167297,       47.3011703491
860.480896,       47.4254264832
860.794250,       47.4570808411
861.107666,       47.3875732422
861.420959,       47.3655128479
861.734314,       47.3565559387
862.047546,       47.3640937805
862.360657,       47.4690513611
862.673889,       47.5321235657
862.986938,       47.6117782593
863.299988,       47.5498275757
863.613037,       47.6458435059
863.925903,       47.6856803894
864.238831,       47.8780937195
864.551575,       47.8312072754
864.864380,       47.7720108032
865.177185,       47.7729148865
865.489807,       47.8255195618
865.802490,       47.8170013428
866.114990,       47.8865699768
866.427612,       48.0121536255
866.740112,       48.0725479126
867.052429,       48.0006294250
867.364868,       47.9742469788
867.677124,       47.9900054932
867.989502,       48.0159072876
868.301758,       48.0503768921
868.613831,       48.0842056274
868.926025,       47.9875297546
869.238159,       47.9620056152
869.550049,       47.9108009338
869.862122,       48.0045776367
870.173950,       47.8856811523
870.485901,       47.8861198425
870.797791,       47.7320747375
871.109497,       47.8203010559
871.421204,       47.8339118958
871.732849,       47.8373756409
872.044495,       47.8457412720
872.356079,       47.7867202759
872.667542,       47.7399482727
872.979065,       47.6171684265
873.290344,       47.6902313232
873.601807,       47.7187690735
873.913147,       47.7092857361
874.224304,       47.7820205688
874.535645,       47.7039909363
874.846741,       47.6827049255
875.157837,       47.7037620544
875.468994,       47.7597427368
875.779907,       47.7743225098
876.090881,       47.8007125854
876.401733,       47.6935653687
876.712646,       47.7428321838
877.023499,       47.7723770142
877.334167,       47.7744712830
877.644897,       47.6992835999
877.955505,       47.6638603210
878.266113,       47.6324157715
878.576721,       47.6222877502
878.887146,       47.6946907043
879.197571,       47.6878662109
879.507996,       47.7386817932
879.818298,       47.7188682556
880.128662,       47.8342361450
880.438843,       47.8149795532
880.749084,       47.8212280273
881.059143,       48.1748237610
881.369263,       48.1630592346
881.679382,       48.0676422119
881.989258,       48.0297012329
882.299194,       47.9607772827
882.609070,       47.9790039063
882.918945,       48.0451278687
883.228760,       47.9576377869
883.538452,       47.9086112976
883.848145,       48.0583305359
884.157654,       48.1134071350
884.467285,       48.1348266602
884.776917,       48.1725082397
885.086243,       48.1126747131
885.395813,       48.0898666382
885.705017,       48.1638221741
886.014404,       48.0940780640
886.323730,       48.0652961731
886.632874,       47.9037475586
886.942078,       48.0313949585
887.251160,       47.9749069214
887.560242,       47.6611213684
887.869263,       47.7105789185
888.178162,       47.6908187866
888.487122,       47.6746063232
888.795898,       47.7677803040
889.104797,       47.7588272095
889.413513,       47.7377815247
889.722168,       47.7836112976
890.030884,       47.8081512451
890.339417,       47.6744613647
890.648010,       47.6904640198
890.956543,       47.6966171265
891.264893,       47.6146774292
891.573364,       47.6416931152
891.881653,       47.6052551270
892.189941,       47.5824623108
892.498230,       47.6369552612
892.806335,       47.6651115417
893.114502,       47.7150917053
893.422546,       47.6184768677
893.730652,       47.6714248657
894.038696,       47.6834220886
894.346497,       47.6255226135
894.654419,       47.7096138000
894.962158,       47.6839675903
895.270020,       47.6351814270
895.577759,       47.6350097656
895.885376,       47.6829872131
896.192993,       47.6891021729
896.500549,       47.6651649475
896.808044,       47.6443824768
897.115601,       47.6330146790
897.422913,       47.7204933167
897.730347,       47.8076972961
898.037598,       47.8622360229
898.344910,       47.9189529419
898.652161,       47.9372138977
898.959167,       48.0070495605
899.266418,       47.9980697632
899.573364,       48.0620803833
899.880371,       48.1164093018
900.187378,       47.9379386902
900.494202,       47.9279823303
900.801086,       47.9407997131
901.107788,       47.9496154785
901.414612,       48.0053749084
901.721375,       48.0322799683
902.027832,       48.0452461243
902.334534,       48.0058975220
902.641113,       48.0483703613
902.947510,       48.0995521545
903.253967,       48.1102600098
903.560242,       47.9842529297
903.866638,       47.9289245605
904.172974,       47.8662147522
904.479126,       47.8399200439
904.785278,       47.8468399048
905.091370,       47.7975273132
905.397461,       47.6826324463
905.703552,       47.6651115417
906.009399,       47.6218719482
906.315369,       47.5364074707
906.621155,       47.5957603455
906.927002,       47.6285858154
907.232788,       47.6565551758
907.538452,       47.6415557861
907.844116,       47.6295585632
908.149658,       47.5726127625
908.455200,       47.5500183105
908.760803,       47.6387939453
909.066162,       47.6175384521
909.371582,       47.5507049561
909.676880,       47.6067161560
909.982178,       47.7413940430
910.287476,       47.7312545776
910.592529,       47.7425918579
910.897705,       47.8304786682
911.202759,       47.8314018250
911.507813,       47.9107551575
911.812805,       47.8971672058
912.117676,       47.8543205261
912.422546,       47.7607307434
912.727356,       47.8812713623
913.032104,       47.8740768433
913.336853,       47.8484649658
913.641479,       47.8325309753
913.946106,       47.8295898438
914.250610,       47.9310951233
914.555115,       48.0257377625
914.859619,       48.1216125488
915.163940,       48.0262145996
915.468323,       47.9871139526
915.772583,       48.0308723450
916.076843,       47.9397659302
916.381104,       47.8103790283
916.685120,       47.8045272827
916.989258,       47.9212570190
917.293213,       47.7775497437
917.597290,       48.0127792358
917.901184,       48.2224044800
918.205017,       48.3459854126
918.508850,       48.4317169189
918.812561,       48.5421600342
919.116333,       48.4962921143
919.420044,       48.6555709839
919.723572,       48.6870193481
920.027222,       48.6952438354
920.330627,       48.6831855774
920.634094,       48.6055450439
920.937561,       48.5410614014
921.240784,       48.5652770996
921.544189,       48.5145263672
921.847351,       48.4673309326
922.150574,       48.5938949585
922.453735,       48.6488800049
922.756775,       48.6950187683
923.059875,       48.6849899292
923.362793,       48.5395812988
923.665771,       48.7019729614
923.968689,       48.4504623413
924.271362,       48.1525573730
924.574219,       48.0867042542
924.876892,       48.0285797119
925.179565,       47.9756584167
925.482239,       47.8642845154
925.784729,       47.7775764465
926.087280,       47.7073822021
926.389648,       47.7422752380
926.692078,       47.6601600647
926.994507,       47.6009368896
927.296692,       47.5136566162
927.599060,       47.4834098816
927.901123,       47.4479751587
928.203308,       47.4840545654
928.505432,       47.3572807312
928.807434,       47.3444175720
929.109436,       47.3753051758
929.411316,       47.3825531006
929.713196,       47.4189109802
930.015015,       47.1650352478
930.316711,       47.1946258545
930.618530,       47.1068687439
930.920105,       47.0622596741
931.221802,       47.1850051880
931.523315,       47.1564636230
931.824829,       47.2629089355
932.126282,       47.2684402466
932.427612,       47.2637863159
932.729004,       47.2446708679
933.030334,       47.2435340881
933.331482,       47.2208213806
933.632751,       47.2558250427
933.933777,       47.0994720459
934.234924,       47.0910072327
934.536011,       47.1450233459
934.836914,       47.0197830200
935.137878,       46.9895820618
935.438660,       46.9329528809
935.739502,       46.8861236572
936.040344,       46.8729438782
936.340942,       47.0031509399
936.641663,       46.9124755859
936.942383,       47.0348167419
937.242798,       47.1422920227
937.543335,       46.9881553650
937.843750,       46.9510231018
938.144165,       46.9434204102
938.444580,       47.0061569214
938.744751,       46.9718589783
939.045044,       46.9963417053
939.345154,       47.1240463257
939.645325,       47.0951957703
939.945435,       47.3100585938
940.245361,       47.3735198975
940.545410,       47.4690322876
940.845215,       47.4392776489
941.145142,       47.5794143677
941.445007,       47.6274414063
941.744629,       47.6536674500
942.044434,       47.6377182007
942.343994,       47.8094978333
942.643677,       47.8307151794
942.943237,       47.8934135437
943.242676,       47.9960098267
943.542114,       48.1632003784
943.841431,       48.1333122253
944.140808,       48.0463371277
944.440125,       48.1491546631
944.739258,       48.2191810608
945.038513,       48.2937011719
945.337524,       48.3523178101
945.636597,       48.3663558960
945.935669,       48.5071945190
946.234558,       48.1924552917
946.533508,       48.3026733398
946.832275,       48.4549674988
947.131165,       48.4896583557
947.429932,       48.4761962891
947.728516,       48.3163909912
948.027222,       48.4445304871
948.325745,       48.5453643799
948.624329,       48.6291656494
948.922852,       48.6070671082
949.221191,       48.7600784302
949.519592,       48.7597084045
949.817810,       48.6357765198
950.116150,       48.7711296082
950.414368,       48.9234771729
950.712463,       48.7606773376
951.010620,       48.4482841492
951.308594,       48.4233283997
951.606628,       48.3019943237
951.904602,       48.3104934692
952.202454,       48.4482498169
952.500305,       49.1317939758
952.798035,       49.2167396545
953.095825,       49.0700378418
953.393494,       49.0621490479
953.691040,       49.2887840271
953.988647,       49.4467239380
954.286133,       49.4501037598
954.583618,       49.4167861938
954.881042,       49.1892890930
955.178345,       49.1707572937
955.475647,       49.2892570496
955.772827,       49.1821632385
956.070068,       48.9847869873
956.367310,       48.9944038391
956.664307,       49.0086288452
956.961365,       49.2572364807
957.258240,       49.4339523315
957.555176,       49.8468704224
957.852112,       49.9130821228
958.148865,       49.8628578186
958.445679,       49.7431716919
958.742310,       49.1343841553
959.039001,       49.0696525574
959.335632,       49.0609321594
959.632141,       49.2231140137
959.928650,       49.0294494629
960.224976,       49.2052955627
960.521484,       49.5015258789
960.817871,       49.4937705994
961.114014,       49.4347343445
961.410339,       49.3620834351
961.706421,       49.0596504211
962.002563,       49.0041122437
962.298645,       48.9946975708
962.594604,       48.8698730469
962.890564,       48.9827919006
963.186401,       50.4282951355
963.482300,       50.5700187683
963.778137,       50.1845855713
964.073792,       50.1050186157
964.369568,       50.0628547668
964.665100,       50.1376686096
964.960693,       50.2595558167
965.256287,       50.3442955017
965.551697,       50.3770637512
965.847168,       50.1005783081
966.142395,       50.1929702759
966.437744,       50.2383308411
966.733032,       49.8902320862
967.028198,       49.9294509888
967.323364,       50.0425338745
967.618408,       50.1383476257
967.913513,       50.3682861328
968.208496,       50.6279945374
968.503357,       50.7102851868
968.798279,       50.9231224060
969.093018,       50.8526153564
969.387817,       49.0904197693
969.682556,       49.1426315308
969.977173,       49.0502967834
970.271790,       49.4006500244
970.566406,       49.6839027405
970.860779,       49.6472320557
971.155334,       49.5911636353
971.449646,       49.1589660645
971.743958,       49.3110580444
972.038330,       49.4611892700
972.332458,       49.1600799561
972.626648,       48.9916229248
972.920715,       49.1224517822
973.214844,       49.0238380432
973.508911,       49.1315650940
973.802734,       49.5665130615
974.096741,       49.4323654175
974.390442,       49.3125839233
974.684265,       49.5080146790
974.978088,       49.3577842712
975.271667,       49.4533348083
975.565369,       49.4541969299
975.858826,       49.4445457458
976.152405,       49.7582244873
976.445923,       49.6374549866
976.739258,       49.5162887573
977.032654,       49.4803237915
977.325867,       49.5463867188
977.619202,       49.9848365784
977.912415,       50.2624320984
978.205505,       50.2699928284
978.498596,       50.5377273560
978.791504,       50.6910247803
979.084534,       50.8144798279
979.377563,       50.9664878845
979.670288,       51.0313911438
979.963196,       50.4329261780
980.255859,       50.4718856812
980.548584,       50.3937606812
980.841309,       50.3868637085
981.133850,       50.5427703857
981.426392,       50.9282302856
981.718811,       50.8689537048
982.011292,       50.6996765137
982.303650,       50.6732940674
982.595886,       50.5722503662
982.888245,       50.6284103394
983.180359,       50.6542129517
983.472595,       50.5274772644
983.764709,       50.2336425781
984.056641,       50.0191917419
984.348755,       50.1171569824
984.640625,       50.3034820557
984.932495,       50.3336410522
985.224365,       50.0056457520
985.516052,       50.3392829895
985.807861,       50.3129959106
986.099426,       51.1405754089
986.391052,       51.1398735046
986.682678,       51.3014297485
986.974121,       51.2196540833
987.265625,       51.3195915222
987.556885,       50.9108543396
987.848328,       50.7765998840
988.139648,       50.9342308044
988.430786,       50.8240623474
988.721985,       50.7454681396
989.013000,       50.5935211182
989.304138,       50.7956733704
989.595215,       50.9174957275
989.886047,       51.1751403809
990.177002,       50.9491043091
990.467834,       51.1555862427
990.758606,       51.3662223816
991.049377,       51.3269309998
991.339966,       51.8698921204
991.630676,       51.6601638794
991.921143,       51.4902420044
992.211670,       51.5517005920
992.502197,       51.5149116516
992.792542,       51.6827926636
993.082886,       51.6250534058
993.373169,       51.7057228088
993.663452,       52.1301803589
993.953613,       52.5525627136
994.243713,       52.3033485413
994.533813,       52.2187461853
994.823792,       52.3025970459
995.113770,       52.1039733887
995.403687,       52.2653045654
995.693481,       52.2508506775
995.983337,       52.1880645752
996.273010,       52.4907989502
996.562744,       52.1131286621
996.852417,       51.8022880554
997.141907,       51.6514244080
997.431458,       51.3139953613
997.720886,       51.4816474915
998.010315,       51.6195373535
998.299744,       51.0349273682
998.588928,       51.1630897522
998.878296,       50.9024505615
999.167419,       50.8047409058
999.456543,       51.5445404053
999.745667,       51.1558761597
1000.034607,       50.9233283997
1000.323669,       50.8120956421
1000.612488,       51.4195251465
1000.901367,       51.6799850464
1001.190247,       51.9735336304
1001.478882,       51.4993667603
1001.767639,       52.2291069031
1002.056335,       51.9395294189
1002.344849,       52.0588111877
1002.633423,       52.2685661316
1002.921814,       52.1525611877
1003.210266,       52.0000152588
1003.498657,       51.7916755676
1003.786926,       51.7341918945
1004.075256,       52.1017379761
1004.363342,       52.1058959961
1004.651489,       52.0137252808
1004.939697,       52.4143409729
1005.227600,       53.4051475525
1005.515686,       53.1523590088
1005.803467,       53.7062110901
1006.091370,       53.9466857910
1006.379272,       54.8097686768
1006.666870,       54.7922554016
1006.954712,       54.3694572449
1007.242188,       54.6649932861
1007.529907,       54.7352180481
1007.817444,       53.9529342651
1008.104858,       55.3175048828
1008.392334,       54.9388809204
1008.679565,       55.0914993286
1008.966980,       55.2235374451
1009.254272,       55.6168670654
1009.541382,       55.7255401611
1009.828613,       55.5913276672
1010.115601,       55.3089027405
1010.402649,       55.0894851685
1010.689697,       55.0585670471
1010.976563,       54.7926292419
1011.263489,       54.8118171692
1011.550171,       54.0219078064
1011.837036,       53.6060447693
1012.123657,       53.5048370361
1012.410278,       53.5531806946
1012.696899,       53.9500999451
1012.983337,       54.7473716736
1013.269897,       54.5790977478
1013.556396,       54.5812797546
1013.842651,       55.2389984131
1014.129028,       54.3097076416
1014.415161,       54.5083580017
1014.701477,       55.0108032227
1014.987671,       56.2005653381
1015.273560,       56.2587127686
1015.559692,       56.9120941162
1015.845581,       57.8899078369
1016.131592,       58.8185958862
1016.417542,       59.6648712158
1016.703247,       60.3745689392
1016.989014,       60.5003585815
1017.274658,       60.2904243469
1017.560303,       61.0723495483
1017.845947,       60.6934967041
1018.131409,       61.0123558044
1018.416870,       61.0875244141
1018.702271,       60.9428520203
1018.987671,       60.9088897705
1019.272949,       61.8219184875
1019.558228,       62.4990463257
1019.843445,       62.2901611328
1020.128540,       61.7224273682
1020.413574,       61.7767143250
1020.698608,       61.4943161011
1020.983521,       60.7477531433
1021.268555,       62.3045196533
1021.553284,       63.4787559509
1021.838135,       63.2039680481
1022.122925,       62.6484107971
1022.407593,       59.9250907898
1022.692261,       49.6021194458
1022.976807,       42.1397399902
1023.261292,       52.4896316528
1023.545837,       57.1164474487
1023.830200,       63.9240455627
1024.114624,       79.8913040161
1024.398804,       80.5774307251
1024.683105,       64.8424530029
1024.967285,       56.0975608826
