340.270844,        0.0000000000
340.648560,        0.0000000000
341.026306,      125.0000000000
341.403961,      177.7775573730
341.781616,    -2400.0000000000
342.159210,      -70.0005340576
342.536743,       74.2856903076
342.914307,      106.4039382935
343.291779,       93.8650054932
343.669250,        0.0000000000
344.046661,       94.3811111450
344.424042,       93.7668151855
344.801422,       93.6087417603
345.178711,       93.0002670288
345.556000,       93.3285675049
345.933258,       94.1698226929
346.310486,       94.0308151245
346.687622,       94.3267288208
347.064758,       93.6775817871
347.441895,       92.5367050171
347.818939,       93.0136566162
348.195953,       92.1446685791
348.572937,       91.7085494995
348.949890,       91.6091232300
349.326843,       91.7784576416
349.703735,       91.1194229126
350.080597,       90.6508331299
350.457397,       91.1775970459
350.834198,       87.4695739746
351.210968,       87.3167419434
351.587646,       87.8426818848
351.964325,       87.9067306519
352.340942,       87.8775711060
352.717560,       87.9443435669
353.094147,       88.9517440796
353.470673,       88.2876892090
353.847168,       86.5872116089
354.223602,       86.5708847046
354.600037,       86.2599487305
354.976440,       86.1142883301
355.352783,       87.6515045166
355.729126,       87.8506240845
356.105408,       88.3651809692
356.481628,       88.6203460693
356.857849,       88.3365402222
357.234009,       87.6052474976
357.610168,       87.7932891846
357.986267,       87.1688613892
358.362366,       86.8731536865
358.738373,       88.1333084106
359.114349,       88.8173828125
359.490326,       88.0194702148
359.866241,       87.6057357788
360.242157,       87.7814941406
360.617981,       87.7513504028
360.993805,       87.0404434204
361.369568,       88.1517181396
361.745331,       88.7617721558
362.121033,       89.2021102905
362.496704,       88.3744049072
362.872314,       86.7086791992
363.247925,       86.3581085205
363.623505,       85.3014678955
363.999023,       83.8048400879
364.374542,       85.5458831787
364.750000,       84.8245391846
365.125397,       85.0640106201
365.500763,       84.6289596558
365.876160,       85.1139068604
366.251434,       85.0542984009
366.626740,       85.2105331421
367.001953,       84.6709594727
367.377136,       84.4938964844
367.752350,       82.8724288940
368.127472,       82.8489761353
368.502594,       82.7519683838
368.877625,       82.1553878784
369.252625,       80.7434997559
369.627625,       80.4868698120
370.002563,       79.4049224854
370.377502,       78.6060485840
370.752380,       79.6899566650
371.127228,       80.8108139038
371.502014,       79.9855804443
371.876770,       79.9293136597
372.251526,       78.0386047363
372.626221,       77.7172622681
373.000885,       77.1260986328
373.375488,       77.0580215454
373.750092,       75.8381576538
374.124664,       75.9438858032
374.499146,       76.5460281372
374.873627,       76.9536514282
375.248108,       76.0327911377
375.622467,       79.6136322021
375.996887,       79.8018341064
376.371185,       78.1709213257
376.745483,       77.7245635986
377.119751,       78.2403640747
377.493958,       78.3689117432
377.868195,       78.2918395996
378.242310,       78.8711700439
378.616394,       79.9308853149
378.990540,       78.2044982910
379.364563,       78.1551437378
379.738556,       77.0656738281
380.112518,       76.1732101440
380.486481,       77.2113571167
380.860352,       77.8310165405
381.234192,       77.7066726685
381.608063,       77.2814865112
381.981812,       76.5629501343
382.355591,       74.9173355103
382.729309,       74.7673721313
383.102966,       74.4113769531
383.476624,       70.5618743896
383.850220,       68.8779067993
384.223816,       70.0751419067
384.597321,       70.5994262695
384.970856,       70.9423294067
385.344299,       69.7357635498
385.717682,       68.9499511719
386.091125,       68.7084884644
386.464447,       64.7413024902
386.837769,       63.7665443420
387.211029,       64.4163665771
387.584290,       64.1212615967
387.957489,       63.8461723328
388.330627,       62.0459480286
388.703766,       61.2664222717
389.076874,       61.1279830933
389.449921,       62.1509971619
389.822937,       61.0829887390
390.195923,       61.4848365784
390.568878,       59.3488616943
390.941772,       58.7330627441
391.314636,       57.6294136047
391.687500,       57.0668830872
392.060272,       56.6425209045
392.433075,       55.7155265808
392.805756,       53.6505699158
393.178436,       53.2168807983
393.551117,       54.4891967773
393.923737,       55.3098487854
394.296326,       56.1810379028
394.668854,       56.1282920837
395.041321,       54.8111152649
395.413849,       56.8285408020
395.786255,       57.0976371765
396.158630,       56.7662429810
396.531006,       56.3254241943
396.903320,       55.7981719971
397.275604,       57.0419197083
397.647827,       56.5211944580
398.020050,       57.1691741943
398.392212,       57.2368621826
398.764343,       56.3937835693
399.136444,       56.2271423340
399.508514,       55.3222427368
399.880554,       54.4487457275
400.252533,       54.7333908081
400.624512,       55.1641883850
400.996399,       55.4303703308
401.368286,       54.3240356445
401.740112,       53.3340988159
402.111908,       52.0018501282
402.483673,       51.2906684875
402.855408,       51.0094146729
403.227081,       48.3837738037
403.598755,       46.9290771484
403.970367,       45.7619400024
404.341980,       45.1517715454
404.713501,       44.4419670105
405.085022,       42.2946853638
405.456482,       41.7383575439
405.827911,       39.8747749329
406.199310,       38.5897102356
406.570648,       38.7969436646
406.942017,       39.2016525269
407.313263,       38.7443656921
407.684509,       38.6016120911
408.055725,       37.0249404907
408.426880,       36.1821784973
408.798035,       37.3461647034
409.169128,       37.0144424438
409.540161,       37.5679779053
409.911224,       37.7580680847
410.282196,       37.5781326294
410.653137,       37.1710205078
411.024048,       37.6739730835
411.394897,       38.3597068787
411.765747,       38.7064514160
412.136536,       38.2672271729
412.507324,       39.4738960266
412.878052,       39.1549415588
413.248718,       42.0429573059
413.619385,       41.6957168579
413.989990,       42.0753517151
414.360565,       42.5072860718
414.731110,       41.6536254883
415.101563,       41.2685050964
415.472076,       40.7855796814
415.842468,       40.6065216064
416.212891,       41.1298294067
416.583221,       39.5655250549
416.953522,       39.3905372620
417.323792,       38.0829200745
417.694031,       39.2032432556
418.064240,       39.2553787231
418.434418,       39.9772567749
418.804535,       40.9006958008
419.174622,       40.4855651855
419.544678,       39.5973815918
419.914673,       39.6717224121
420.284668,       38.4154357910
420.654572,       37.3193626404
421.024475,       34.9046134949
421.394348,       35.4497451782
421.764191,       35.2031517029
422.133972,       34.9892387390
422.503693,       38.1156196594
422.873444,       38.1822814941
423.243134,       37.8178558350
423.612762,       37.4861297607
423.982330,       35.8394355774
424.351929,       35.1809539795
424.721436,       34.5513839722
425.090942,       34.5916824341
425.460358,       33.2427711487
425.829773,       32.5857276917
426.199158,       31.3177280426
426.568481,       29.6291790009
426.937775,       29.5257453918
427.307037,       30.3873500824
427.676239,       29.7256622314
428.045441,       29.1621379852
428.414581,       28.8077945709
428.783722,       29.0124855042
429.152802,       27.9155902863
429.521790,       29.3954200745
429.890839,       28.8383522034
430.259766,       25.0866355896
430.628693,       25.7094593048
430.997589,       25.4587612152
431.366425,       25.1773796082
431.735229,       24.9871559143
432.104004,       24.5973033905
432.472748,       25.0024738312
432.841431,       24.4404373169
433.210052,       24.3759555817
433.578705,       23.7676391602
433.947266,       23.7397556305
434.315826,       23.3246440887
434.684326,       22.9997234344
435.052765,       22.2145977020
435.421204,       22.0930747986
435.789612,       21.6201763153
436.157959,       22.2834835052
436.526276,       21.1594123840
436.894531,       21.0205497742
437.262756,       18.3496780396
437.630951,       17.8593502045
437.999146,       17.5806579590
438.367249,       16.5089092255
438.735321,       16.1159076691
439.103394,       15.7474699020
439.471405,       15.7742757797
439.839386,       35.1461029053
440.207306,       35.1071853638
440.575195,       35.0376739502
440.943054,       34.4366493225
441.310883,       34.1095466614
441.678680,       34.0763435364
442.046387,       33.8086013794
442.414093,       33.3926620483
442.781799,       33.1720123291
443.149414,       33.1596717834
443.516998,       33.0421791077
443.884552,       32.4154663086
444.252045,       32.0930938721
444.619537,       31.6034317017
444.987000,       31.8020725250
445.354401,       31.8851470947
445.721710,       32.0347290039
446.089081,       31.9840393066
446.456360,       32.0406951904
446.823608,       31.8356342316
447.190826,       31.9064083099
447.557953,       14.8505373001
447.925110,       13.9779996872
448.292175,       13.6135082245
448.659271,       13.7400264740
449.026276,       13.8033542633
449.393250,       13.3835525513
449.760193,       13.5920686722
450.127075,       13.3585109711
450.493958,       13.1384458542
450.860779,       12.5326614380
451.227570,       12.5282125473
451.594330,       12.5277624130
451.960999,       12.4992179871
452.327698,       12.5057878494
452.694336,       12.1787939072
453.060913,       11.5365734100
453.427490,       11.1717786789
453.793976,       10.9729232788
454.160492,       10.7896919250
454.526917,       11.0238323212
454.893311,       10.8794937134
455.259674,       10.7385826111
455.626007,       10.9813804626
455.992310,       11.3715839386
456.358551,       11.1250352859
456.724731,       11.2943067551
457.090912,       11.5829553604
457.457031,       11.4486913681
457.823151,       11.4313631058
458.189209,       11.2718591690
458.555206,       11.4592885971
458.921173,       11.4231500626
459.287109,       11.4190998077
459.653015,       11.8962984085
460.018890,       11.7242031097
460.384705,       11.6367111206
460.750519,       11.5346384048
461.116241,       11.3983707428
461.481964,       11.1750965118
461.847626,       11.3537807465
462.213226,       11.2165174484
462.578827,       11.3428401947
462.944427,       11.1091947556
463.309906,       10.8483676910
463.675385,       10.3604688644
464.040802,       10.2369976044
464.406219,       10.0220842361
464.771606,        9.4847116470
465.136902,        9.4200963974
465.502197,        9.2615575790
465.867462,        9.4150218964
466.232635,        8.9965953827
466.597839,        8.8488903046
466.962921,        8.8009958267
467.328003,        8.4501209259
467.693054,        8.4621038437
468.058075,        8.4846935272
468.423035,        8.9530754089
468.787994,        9.0231494904
469.152863,        9.0356540680
469.517700,        8.6135549545
469.882538,        8.4687547684
470.247314,        7.9760661125
470.612061,        8.6527109146
470.976746,        8.5024023056
471.341431,        8.7216262817
471.706024,        8.8807840347
472.070618,        9.1252994537
472.435181,        9.0373430252
472.799622,        8.9937686920
473.164124,        9.2104091644
473.528534,        8.9383153915
473.892975,        8.9946851730
474.257294,        9.1077833176
474.621582,        8.8855915070
474.985870,        8.8420925140
475.350098,        8.8731203079
475.714325,        8.6608877182
476.078461,        8.4523630142
476.442535,        8.1968975067
476.806641,        8.0867223740
477.170685,        8.0500421524
477.534668,        7.8598289490
477.898621,        7.9724102020
478.262512,        7.4197859764
478.626404,        7.7408738136
478.990265,        7.5068011284
479.354065,        7.2956724167
479.717834,        6.8378372192
480.081512,        6.9362440109
480.445221,        6.8008780479
480.808899,        6.6393346786
481.172485,        6.7306399345
481.536041,        6.6438713074
481.899567,        6.7266106606
482.263062,        6.6089510918
482.626526,        6.6773676872
482.989929,        6.5402889252
483.353271,        6.5394997597
483.716583,        6.2804908752
484.079895,        6.2350172997
484.443146,        6.2237348557
484.806366,        6.3441805840
485.169525,        6.3678355217
485.532654,        6.1907300949
485.895752,        6.0670318604
486.258820,        5.8166337013
486.621857,        5.9971594810
486.984802,        5.9619922638
487.347748,        6.0795216560
487.710663,        5.9456033707
488.073517,        5.8509192467
488.436340,        5.8950705528
488.799072,        5.8147401810
489.161835,        5.7761421204
489.524536,        5.4916138649
489.887238,        5.5505285263
490.249847,        5.4439625740
490.612396,        5.4236302376
490.974915,        5.3649282455
491.337433,        5.4119029045
491.699921,        5.5272107124
492.062347,        5.6663017273
492.424713,        5.5926623344
492.787079,        5.5655851364
493.149353,        6.1899490356
493.511658,        6.2002673149
493.873871,        6.1852245331
494.236053,        6.1018090248
494.598206,        6.2450871468
494.960297,        6.2909660339
495.322388,        6.3279032707
495.684418,        6.4027814865
496.046356,        6.2692513466
496.408325,        6.3111677170
496.770264,        6.3870854378
497.132141,        6.5142111778
497.493958,        6.5917124748
497.855713,        6.5700492859
498.217499,        6.5369987488
498.579193,        6.6004781723
498.940887,        6.6671028137
499.302490,        6.7139787674
499.664093,        6.6767134666
500.025635,        6.6828770638
500.387177,        6.6971855164
500.748627,        6.1998596191
501.110077,        6.4070940018
501.471436,        6.4713368416
501.832825,        6.5054526329
502.194153,        6.4776000977
502.555389,        6.4919629097
502.916626,        6.5892367363
503.277802,        6.6626558304
503.638977,        6.8942775726
504.000092,        7.0525131226
504.361176,        7.1163721085
504.722198,        7.1169109344
505.083160,        7.1347055435
505.444153,        7.1791729927
505.805084,        7.3055462837
506.165924,        7.4253158569
506.526764,        7.5075254440
506.887543,        7.9019107819
507.248322,        8.0525846481
507.609070,        8.1801700592
507.969727,        8.3171253204
508.330322,        8.4538116455
508.690918,        8.4090118408
509.051514,        8.5159797668
509.412018,        8.6126337051
509.772491,        8.7475614548
510.132904,        9.0316123962
510.493286,        9.2393712997
510.853699,        9.3505468369
511.213989,        9.3461084366
511.574280,        9.3817634583
511.934509,        9.4946002960
512.294678,        9.6998453140
512.654846,        9.8269309998
513.014954,        9.9780082703
513.375061,       10.2126579285
513.735046,       10.3916692734
514.095032,       10.5185728073
514.455078,       10.4841957092
514.814941,       10.4938049316
515.174805,       10.5632266998
515.534607,       10.7024164200
515.894409,       10.8719844818
516.254211,       10.9916944504
516.613892,       11.1906032562
516.973572,       11.3821496964
517.333130,       11.5187692642
517.692749,       11.4787902832
518.052368,       11.4959526062
518.411865,       11.6828317642
518.771301,       11.8661003113
519.130737,       12.0451917648
519.490173,       12.2337293625
519.849548,       12.3328533173
520.208801,       12.4980630875
520.568054,       12.7254171371
520.927307,       12.7873020172
521.286499,       12.9343223572
521.645691,       13.1409406662
522.004822,       13.2425870895
522.363831,       13.4103994370
522.722839,       13.5642080307
523.081848,       13.7239875793
523.440796,       13.8664798737
523.799744,       14.0418872833
524.158569,       14.1077175140
524.517395,       14.1667661667
524.876160,       14.3158254623
525.234924,       14.4985780716
525.593628,       14.6374483109
525.952271,       14.9219322205
526.310913,       15.0752725601
526.669495,       15.2101726532
527.028076,       15.3004331589
527.386536,       15.5650300980
527.744995,       15.6882171631
528.103394,       15.8322525024
528.461792,       16.0298271179
528.820129,       16.1698246002
529.178406,       16.2691879272
529.536743,       16.3792037964
529.894958,       16.5126953125
530.253113,       16.6692123413
530.611267,       16.9087600708
530.969299,       17.0515613556
531.327393,       17.2426280975
531.685486,       17.3782367706
532.043335,       17.5351791382
532.401367,       17.6061077118
532.759216,       17.7227745056
533.117004,       17.8630180359
533.474915,       17.7544689178
533.832642,       17.8515605927
534.190430,       17.9396610260
534.548096,       18.0294075012
534.905762,       17.9687423706
535.263367,       18.0784530640
535.620850,       18.0925464630
535.978455,       18.0759811401
536.335876,       18.0832157135
536.693359,       18.0994033813
537.050781,       18.1203556061
537.408142,       18.1904888153
537.765442,       18.2163677216
538.122681,       18.1634731293
538.479919,       18.1842765808
538.837219,       18.1171741486
539.194336,       18.1724643707
539.551453,       18.2594413757
539.908508,       18.3343505859
540.265564,       18.2965316772
540.622559,       18.2957477570
540.979553,       18.3529815674
541.336426,       18.3414707184
541.693298,       18.3503246307
542.050110,       18.4217109680
542.406921,       18.5073642731
542.763672,       18.5455646515
543.120422,       18.5345211029
543.477051,       18.5899848938
543.833679,       18.6096820831
544.190308,       18.6285667419
544.546814,       18.6657619476
544.903381,       18.6958541870
545.259827,       18.7049484253
545.616211,       18.6770057678
545.972595,       18.6310596466
546.328979,       18.7000446320
546.685242,       18.6840305328
547.041504,       18.6503448486
547.397644,       18.6506118774
547.753906,       18.7043838501
548.110046,       18.7259654999
548.466125,       18.7872371674
548.822144,       18.8132228851
549.178223,       18.8346977234
549.534241,       18.8461799622
549.890137,       18.8174724579
550.246033,       18.8205165863
550.601868,       18.8701839447
550.957581,       18.8807048798
551.313416,       18.9587154388
551.669128,       19.0335922241
552.024841,       19.0612659454
552.380432,       18.9933948517
552.736023,       19.0199985504
553.091675,       19.1395835876
553.447144,       19.1878318787
553.802612,       19.1773929596
554.158020,       19.2160243988
554.513428,       19.1843204498
554.868774,       19.1839256287
555.224121,       19.2979087830
555.579346,       19.2946052551
555.934631,       19.2781543732
556.289734,       19.3030929565
556.644958,       19.3480148315
557.000000,       19.3685188293
557.355103,       19.3280525208
557.710083,       19.2763710022
558.065063,       19.1946945190
558.420105,       19.1637954712
558.774963,       19.1320381165
559.129822,       19.0865478516
559.484619,       19.0420417786
559.839355,       19.0797901154
560.194153,       19.0307598114
560.548828,       18.9173698425
560.903442,       18.8576927185
561.258057,       18.8800525665
561.612610,       18.8325023651
561.967224,       18.7924556732
562.321655,       18.7229785919
562.676086,       18.5399875641
563.030457,       18.4603176117
563.384827,       18.4040355682
563.739197,       18.3331069946
564.093445,       18.2020053864
564.447693,       18.0612335205
564.801880,       18.0111236572
565.156006,       17.9915103912
565.510132,       17.9869213104
565.864197,       17.8957366943
566.218262,       17.7680187225
566.572205,       17.6685123444
566.926086,       17.5638504028
567.280090,       17.4744167328
567.633972,       17.3824138641
567.987732,       17.2893428802
568.341553,       17.1977806091
568.695190,       17.0226745605
569.048950,       16.9382438660
569.402649,       16.8307628632
569.756165,       16.7632141113
570.109802,       16.7337455750
570.463257,       16.6655292511
570.816772,       16.5659484863
571.170227,       16.4441661835
571.523621,       16.3955707550
571.877014,       16.3239059448
572.230286,       16.2627525330
572.583557,       16.1801376343
572.936829,       16.0947971344
573.289978,       16.0705966949
573.643250,       16.0158462524
573.996216,       15.9655046463
574.349365,       15.9039316177
574.702393,       15.8528785706
575.055359,       15.8035058975
575.408325,       15.7496051788
575.761169,       15.7081975937
576.114075,       15.7060890198
576.466919,       15.5905027390
576.819641,       15.5569438934
577.172363,       15.4765110016
577.525085,       15.4247493744
577.877686,       15.3931531906
578.230286,       15.3338642120
578.582825,       15.2692794800
578.935425,       15.1971445084
579.287903,       15.1355457306
579.640320,       15.0347023010
579.992676,       14.9320583344
580.345093,       14.8775939941
580.697388,       14.8094396591
581.049683,       14.7247743607
581.401855,       14.6177635193
581.754089,       14.6685361862
582.106201,       14.6493177414
582.458313,       14.6080760956
582.810425,       14.5426559448
583.162354,       14.4680919647
583.514404,       14.4026145935
583.866272,       14.3652811050
584.218201,       14.3019752502
584.570068,       14.3080577850
584.921875,       14.2647247314
585.273560,       14.2194242477
585.625305,       14.2289371490
585.977051,       14.1939210892
586.328674,       14.2101526260
586.680237,       14.1527013779
587.031799,       14.1657571793
587.383301,       14.1768722534
587.734802,       14.1597080231
588.086243,       14.1238689423
588.437561,       14.1201677322
588.788940,       14.1442241669
589.140198,       14.0024080276
589.491516,       13.8947916031
589.842712,       13.8645334244
590.193848,       13.8835010529
590.544983,       13.8832759857
590.896057,       13.8674373627
591.247192,       13.8630437851
591.598145,       13.8440656662
591.949158,       13.7734813690
592.300049,       13.7330398560
592.650879,       13.6673774719
593.001770,       13.5692672729
593.352539,       13.5863189697
593.703308,       13.5753450394
594.054016,       13.5942039490
594.404663,       13.5907630920
594.755310,       13.5906429291
595.105896,       13.5260286331
595.456360,       13.4880199432
595.806885,       13.4495143890
596.157349,       13.4563770294
596.507751,       13.5019626617
596.858154,       13.5117549896
597.208435,       13.5169296265
597.558777,       13.4986934662
597.908997,       13.4618206024
598.259216,       13.4019479752
598.609314,       13.4004096985
598.959473,       13.4172515869
599.309570,       13.4550247192
599.659546,       13.4862613678
600.009583,       13.5233011246
600.359497,       13.5737438202
600.709412,       13.5242223740
601.059265,       13.4622783661
601.409058,       13.5486526489
601.758850,       13.5078725815
602.108521,       13.4277935028
602.458191,       13.4545774460
602.807922,       13.4415569305
603.157471,       13.4360971451
603.507080,       13.3871107101
603.856567,       13.3649663925
604.205994,       13.3493022919
604.555542,       13.2919101715
604.904846,       13.2351951599
605.254211,       13.2379322052
605.603516,       13.3787155151
605.952759,       13.3713569641
606.302063,       13.3233871460
606.651123,       13.2641878128
607.000305,       13.2012214661
607.349365,       13.1400394440
607.698425,       13.0707483292
608.047485,       13.0660161972
608.396362,       13.0152521133
608.745300,       12.8741760254
609.094177,       12.8505554199
609.442993,       12.8450469971
609.791809,       12.7837686539
610.140503,       12.7565011978
610.489258,       12.7136230469
610.837891,       12.6890296936
611.186523,       12.6234369278
611.535156,       12.5893745422
611.883606,       12.5822353363
612.232178,       12.6399145126
612.580566,       12.6316947937
612.928955,       12.4934682846
613.277344,       12.4348812103
613.625610,       12.4106521606
613.973938,       12.3902235031
614.322144,       12.3651676178
614.670288,       12.3725452423
615.018555,       12.3538703918
615.366516,       12.3074216843
615.714661,       12.2660703659
616.062622,       12.2748966217
616.410645,       12.2359771729
616.758606,       12.2496452332
617.106445,       12.2003536224
617.454285,       12.1843509674
617.802063,       12.1815690994
618.149841,       12.1332693100
618.497559,       12.1037359238
618.845215,       12.1076440811
619.192871,       12.0972871780
619.540466,       11.9885158539
619.888000,       11.9331922531
620.235535,       11.8972930908
620.582886,       11.9167490005
620.930359,       11.9175825119
621.277710,       11.8838090897
621.625061,       11.8328256607
621.972351,       11.7697086334
622.319519,       11.7372865677
622.666809,       11.7429466248
623.013916,       11.7426681519
623.361023,       11.7123517990
623.708130,       11.7306079865
624.055054,       11.7192564011
624.402100,       11.7299232483
624.749023,       11.7730236053
625.095947,       11.7765645981
625.442810,       11.7895555496
625.789551,       11.7754964828
626.136353,       11.7308216095
626.483032,       11.7445249557
626.829712,       11.8076152802
627.176392,       11.8208694458
627.522949,       11.8021354675
627.869507,       11.7514066696
628.216003,       11.7177572250
628.562500,       11.7328510284
628.908936,       11.7409095764
629.255310,       11.7416725159
629.601624,       11.7715606689
629.947876,       11.7606277466
630.294067,       11.8422393799
630.640320,       11.8075876236
630.986511,       11.7587614059
631.332642,       11.6972808838
631.678650,       11.7040443420
632.024658,       11.6138353348
632.370728,       11.6048078537
632.716614,       11.5849561691
633.062500,       11.5699453354
633.408325,       11.5880184174
633.754089,       11.6333255768
634.099915,       11.5529336929
634.445679,       11.5245885849
634.791321,       11.5334873199
635.136963,       11.5769023895
635.482483,       11.5630130768
635.828125,       11.5014476776
636.173584,       11.4226388931
636.519043,       11.4225950241
636.864502,       11.3673400879
637.209778,       11.3305406570
637.555237,       11.1869964600
637.900452,       11.1374244690
638.245728,       11.1043739319
638.590881,       11.0235319138
638.935974,       10.9428386688
639.281189,       10.8841829300
639.626221,       10.8658199310
639.971191,       10.8029174805
640.316223,       10.7359714508
640.661072,       10.6608028412
641.006042,       10.4920911789
641.350891,       10.4006509781
641.695679,       10.2863464355
642.040466,       10.1494407654
642.385071,        9.9788122177
642.729858,        9.8825025558
643.074463,        9.7761373520
643.419067,        9.7261343002
643.763611,        9.6374206543
644.108032,        9.5375423431
644.452515,        9.4131317139
644.796936,        9.3204202652
645.141296,        9.2597169876
645.485657,        9.1670684814
645.829834,        9.0921001434
646.174133,        8.9949903488
646.518311,        8.8957033157
646.862427,        8.7686605453
647.206604,        8.6456689835
647.550598,        8.5799045563
647.894653,        8.4481334686
648.238647,        8.3560466766
648.582458,        8.2827091217
648.926453,        8.2160215378
649.270203,        8.1566286087
649.614075,        8.0816764832
649.957764,        8.0377836227
650.301453,        7.9727954865
650.645142,        7.9049139023
650.988708,        7.8439950943
651.332336,        7.7632441521
651.675842,        7.7281327248
652.019348,        7.6754159927
652.362854,        7.6115903854
652.706177,        7.5299234390
653.049561,        7.4888811111
653.392883,        7.4572792053
653.736084,        7.4642753601
654.079346,        7.4236378670
654.422424,        7.3861012459
654.765625,        7.3338537216
655.108765,        7.3078317642
655.451721,        7.2502346039
655.794800,        7.1927046776
656.137695,        7.1530857086
656.480591,        7.1088185310
656.823486,        7.0708947182
657.166260,        6.9925107956
657.509094,        6.9781346321
657.851807,        6.9408426285
658.194519,        6.8542599678
658.537109,        6.8869457245
658.879761,        6.8332552910
659.222351,        6.7896766663
659.564758,        6.7318344116
659.907349,        6.6745529175
660.249695,        6.6200690269
660.592041,        6.5873661041
660.934448,        6.5208168030
661.276672,        6.4184441566
661.619019,        6.3662195206
661.961182,        6.2915983200
662.303284,        6.2402253151
662.645508,        6.2032299042
662.987427,        6.1699562073
663.329529,        6.1204128265
663.671448,        6.0740938187
664.013428,        6.0298180580
664.355347,        5.9690823555
664.697205,        5.9955511093
665.039001,        5.9332528114
665.380676,        5.8926405907
665.722412,        5.7865920067
666.064148,        5.7304086685
666.405701,        5.6522274017
666.747253,        5.5696315765
667.088806,        5.5236654282
667.430298,        5.4557604790
667.771790,        5.3828368187
668.113159,        5.3251132965
668.454529,        5.2896957397
668.795837,        5.2396950722
669.137085,        5.1966056824
669.478394,        5.1368551254
669.819519,        5.1112608910
670.160645,        5.0510673523
670.501709,        4.9717054367
670.842773,        4.9136013985
671.183777,        4.8815326691
671.524719,        4.8206372261
671.865662,        4.6881470680
672.206482,        4.6371126175
672.547302,        4.5684957504
672.888123,        4.5530781746
673.228821,        4.5206379890
673.569458,        4.5002455711
673.910095,        4.4819793701
674.250732,        4.4752893448
674.591370,        4.4744749069
674.931824,        4.4376864433
675.272217,        4.3831095695
675.612732,        4.3505387306
675.953003,        4.3294506073
676.293396,        4.2932467461
676.633667,        4.2852730751
676.973877,        4.2301135063
677.314148,        4.2089829445
677.654236,        4.2136707306
677.994385,        4.2291378975
678.334412,        4.2067589760
678.674438,        4.2223854065
679.014404,        4.2272524834
679.354309,        4.2589297295
679.694214,        4.2758975029
680.034058,        4.2691988945
680.373840,        4.2828626633
680.713623,        4.3277621269
681.053223,        4.3632936478
681.392944,        4.4714369774
681.732544,        5.0574345589
682.072083,        7.0177102089
682.411621,        7.1336917877
682.751038,        7.2089338303
683.090515,        7.2723617554
683.429871,        7.3435811996
683.769226,        7.4771337509
684.108582,        7.6139268875
684.447754,        7.7188611031
684.786987,        7.8368177414
685.126160,        7.9344086647
685.465210,        8.0562944412
685.804382,        8.2133207321
686.143311,        8.3830986023
686.482361,        8.5530538559
686.821289,        8.7857084274
687.160156,        8.9700822830
687.499023,        9.1818799973
687.837769,        9.4691324234
688.176514,        9.7021598816
688.515259,        9.8807621002
688.853882,        9.6460256577
689.192566,        8.0022583008
689.531067,        8.2383852005
689.869629,        8.5739297867
690.208130,        8.8974676132
690.546570,        9.2766647339
690.885010,        9.5485467911
691.223267,        9.8780641556
691.561584,       10.2552995682
691.899841,       10.6934957504
692.238037,       11.0910568237
692.576294,       11.5323591232
692.914307,       11.9884777069
693.252380,       12.3999166489
693.590454,       12.8231410980
693.928406,       13.2131843567
694.266357,       13.6581201553
694.604187,       14.1154918671
694.942078,       14.5120038986
695.279907,       14.9797391891
695.617615,       15.4711351395
695.955444,       15.8771591187
696.292969,       16.3782920837
696.630676,       16.8907184601
696.968201,       17.3271408081
697.305725,       17.8874225616
697.643250,       18.3506240845
697.980652,       18.8925724030
698.318054,       19.4101638794
698.655396,       19.9469604492
698.992676,       20.3435268402
699.330017,       20.8868141174
699.667175,       21.3293285370
700.004395,       21.7913970947
700.341492,       22.2618732452
700.678528,       22.7695903778
701.015564,       23.2856578827
701.352478,       23.7456912994
701.689514,       24.2308673859
702.026428,       24.7091007233
702.363220,       25.2006587982
702.700073,       25.6303253174
703.036804,       26.1348342896
703.373474,       26.6279125214
703.710144,       27.1011676788
704.046814,       27.5528335571
704.383362,       27.9094219208
704.719910,       28.3643093109
705.056335,       28.7461585999
705.392761,       29.1892204285
705.729187,       29.5830764771
706.065552,       30.0442066193
706.401855,       30.4373645782
706.738098,       30.9460849762
707.074280,       31.3286056519
707.410461,       31.7396755219
707.746643,       32.1726837158
708.082642,       32.5729980469
708.418701,       33.0446052551
708.754639,       33.4336891174
709.090576,       33.7939910889
709.426514,       34.1924934387
709.762329,       34.6566467285
710.098083,       35.0618019104
710.433838,       35.4027137756
710.769592,       35.7859764099
711.105286,       36.1969261169
711.440796,       36.6019668579
711.776367,       36.9867668152
712.112000,       37.3331336975
712.447388,       37.6802787781
712.782837,       38.1080741882
713.118225,       38.4891967773
713.453552,       38.8261833191
713.788818,       39.1020278931
714.124023,       39.4858131409
714.459290,       39.8903083801
714.794434,       40.1626701355
715.129517,       40.5250473022
715.464661,       40.8356819153
715.799622,       41.1787796021
716.134583,       41.5187110901
716.469482,       41.8905448914
716.804321,       42.2219467163
717.139221,       42.5388450623
717.473938,       42.8774375916
717.808777,       43.2029266357
718.143433,       43.5132904053
718.478088,       43.8889999390
718.812683,       44.1768074036
719.147217,       44.5591697693
719.481750,       44.8582725525
719.816223,       45.1334381104
720.150574,       45.5403442383
720.485046,       45.8737106323
720.819214,       46.2216644287
721.153564,       46.5544624329
721.487854,       46.8507575989
721.821960,       47.1569938660
722.156189,       47.6031875610
722.490234,       47.9085197449
722.824341,       48.1985816956
723.158264,       48.5909881592
723.492249,       48.8698616028
723.826172,       49.1241912842
724.159973,       49.4187698364
724.493835,       49.6922607422
724.827576,       49.9517478943
725.161316,       50.2846412659
725.494995,       50.5677833557
725.828613,       50.8601722717
726.162231,       51.1376609802
726.495728,       51.4985084534
726.829163,       51.7642517090
727.162720,       51.9337539673
727.496033,       52.2166976929
727.829468,       52.4938583374
728.162720,       52.7067832947
728.496033,       52.9290733337
728.829224,       53.1713676453
729.162354,       53.2619018555
729.495483,       53.4619979858
729.828552,       53.6714897156
730.161560,       53.8672447205
730.494629,       54.0534210205
730.827454,       54.2741241455
731.160400,       54.5030517578
731.493225,       54.7702140808
731.825989,       54.9950904846
732.158813,       55.1685867310
732.491455,       55.3267784119
732.824158,       55.5372657776
733.156799,       55.7565612793
733.489319,       55.8614006042
733.821899,       56.0420684814
734.154236,       56.2344322205
734.486755,       56.3950119019
734.819092,       56.5696487427
735.151428,       56.7228431702
735.483765,       56.9099617004
735.815857,       57.0655746460
736.148132,       57.2176933289
736.480286,       57.4113197327
736.812378,       57.5982208252
737.144470,       57.6965408325
737.476379,       57.8671035767
737.808411,       58.0009346008
738.140259,       58.1600837708
738.472168,       58.2518348694
738.804016,       58.3434410095
739.135742,       58.4520263672
739.467468,       58.6175842285
739.799133,       58.7648735046
740.130798,       58.8224487305
740.462402,       58.9933853149
740.793884,       59.1449012756
741.125366,       59.2337417603
741.456848,       59.3449897766
741.788208,       59.4078178406
742.119568,       59.5169296265
742.450928,       59.5777206421
742.782166,       59.6811523438
743.113281,       59.8507537842
743.444458,       59.9602355957
743.775635,       60.0285720825
744.106689,       60.1313705444
744.437683,       60.1749343872
744.768677,       60.2767181396
745.099609,       60.2928161621
745.430481,       60.3539047241
745.761353,       60.4846076965
746.092102,       60.5491523743
746.422852,       60.5852470398
746.753479,       60.6201248169
747.084229,       60.6842575073
747.414795,       60.6717605591
747.745300,       60.7556762695
748.075806,       60.8118705750
748.406311,       60.8528747559
748.736694,       60.8886528015
749.067078,       60.9094276428
749.397400,       61.0258522034
749.727722,       61.0806350708
750.057861,       61.0451354980
750.388062,       61.1033248901
750.718201,       61.1517906189
751.048279,       61.1831436157
751.378357,       61.2334365845
751.708252,       61.2413101196
752.038208,       61.3145103455
752.368164,       61.2935905457
752.697937,       61.2514381409
753.027832,       61.2552986145
753.357483,       61.2647056580
753.687256,       61.2200126648
754.016907,       61.3123588562
754.346497,       61.3766670227
754.676147,       61.3148498535
755.005493,       61.3000640869
755.335083,       61.3021545410
755.664490,       61.3241615295
755.993835,       61.3712654114
756.323181,       61.2970161438
756.652405,       61.2577896118
756.981689,       61.2390632629
757.310852,       61.2133903503
757.640015,       61.2442779541
757.969177,       61.2354354858
758.298096,       61.1983413696
758.627197,       61.2051315308
758.956116,       61.1675872803
759.284973,       61.1851577759
759.613892,       61.1944122314
759.942627,       61.1860046387
760.271423,       61.1982154846
760.600159,       61.2213211060
760.928772,       61.1630096436
761.257446,       61.0710334778
761.585999,       61.0710487366
761.914490,       61.0924835205
762.242981,       61.0508499146
762.571350,       61.0556106567
762.899841,       60.9541473389
763.228088,       60.9589080811
763.556396,       60.9600524902
763.884644,       60.9450531006
764.212830,       60.9323806763
764.541016,       60.8861618042
764.869080,       60.8497734070
765.197144,       60.8479423523
765.525146,       60.7747306824
765.853088,       60.7690162659
766.181030,       60.7969474792
766.508789,       60.7225608826
766.836670,       60.7352142334
767.164429,       60.6988182068
767.492126,       60.6177635193
767.819824,       60.5566558838
768.147400,       60.5805740356
768.475037,       60.5421257019
768.802490,       60.5321769714
769.130005,       60.5539016724
769.457458,       60.4973144531
769.784790,       60.5921211243
770.112183,       60.5633850098
770.439453,       60.5911712646
770.766663,       60.6180381775
771.093872,       60.5744438171
771.420959,       60.4954109192
771.748108,       60.4815826416
772.075195,       60.4787063599
772.402161,       60.4780731201
772.729126,       60.4404449463
773.055969,       60.3548126221
773.382874,       60.3678588867
773.709717,       60.2716979980
774.036438,       60.1976089478
774.363159,       60.2375755310
774.689758,       60.2495269775
775.016479,       60.1766510010
775.343018,       60.1975631714
775.669495,       60.1353416443
775.996033,       60.0691909790
776.322449,       60.0740432739
776.648865,       59.9977912903
776.975098,       59.9952163696
777.301453,       59.9103202820
777.627686,       59.8006362915
777.953857,       59.8335723877
778.280029,       59.7796554565
778.606079,       59.8496093750
778.932068,       59.7883758545
779.258179,       59.7408294678
779.584045,       59.6649703979
779.909973,       59.6680526733
780.235840,       59.6531257629
780.561646,       59.6804275513
780.887390,       59.6309585571
781.213135,       59.6326370239
781.538757,       59.5728645325
781.864380,       59.3950042725
782.189880,       59.3445281982
782.515442,       59.2604866028
782.840942,       59.2521324158
783.166321,       59.1844635010
783.491699,       59.1271095276
783.817017,       59.0631561279
784.142395,       59.0258789063
784.467529,       58.9734001160
784.792725,       58.8977165222
785.117859,       58.8763732910
785.442932,       58.8148956299
785.768005,       58.7912864685
786.092957,       58.7405853271
786.417908,       58.7577514648
786.742798,       58.7866020203
787.067566,       58.8169822693
787.392456,       58.7371406555
787.717163,       58.7655372620
788.041870,       58.7190170288
788.366577,       58.6835937500
788.691101,       58.7998504639
789.015686,       58.8612480164
789.340149,       58.9230232239
789.664673,       58.9319305420
789.989075,       58.9630317688
790.313354,       59.0883178711
790.637756,       59.1408004761
790.962036,       59.1657409668
791.286194,       59.2325210571
791.610413,       59.1920623779
791.934448,       59.2450675964
792.258606,       59.1731719971
792.582581,       59.2021217346
792.906555,       59.2608985901
793.230530,       59.1844367981
793.554321,       59.1003837585
793.878174,       59.0342102051
794.201965,       59.0263175964
794.525696,       59.0224571228
794.849426,       59.0174598694
795.172974,       59.0837059021
795.496643,       59.1530303955
795.820129,       59.1122436523
796.143616,       59.0354843140
796.467102,       59.0539855957
796.790405,       59.0227203369
797.113831,       58.8844490051
797.437134,       58.8586044312
797.760315,       58.8257484436
798.083618,       58.7539901733
798.406677,       58.8126068115
798.729797,       58.8818740845
799.052856,       58.8712501526
799.375854,       58.8078689575
799.698853,       58.8033447266
800.021729,       58.8604621887
800.344604,       58.8944969177
800.667358,       58.9148178101
800.990112,       58.9877052307
801.312866,       59.0018806458
801.635498,       59.0011253357
801.958191,       58.9892311096
802.280701,       58.9831695557
802.603210,       58.9536781311
802.925781,       59.0439453125
803.248108,       59.0225639343
803.570496,       59.0142021179
803.892822,       59.1211776733
804.215088,       59.1440429688
804.537354,       59.1433715820
804.859436,       59.1482162476
805.181641,       59.0287704468
805.503723,       58.9753684998
805.825745,       59.0120010376
806.147766,       59.0783882141
806.469604,       59.0673675537
806.791504,       59.1366271973
807.113342,       59.1536712646
807.435181,       59.1228408813
807.756897,       59.1504402161
808.078552,       59.1227302551
808.400208,       59.1760520935
808.721802,       59.1544036865
809.043335,       59.1490554810
809.364929,       59.1623077393
809.686279,       59.1355400085
810.007751,       59.1020660400
810.329041,       59.1189613342
810.650330,       59.0432090759
810.971619,       58.9775505066
811.292786,       58.9928016663
811.613953,       58.9754219055
811.935059,       59.0181350708
812.256104,       58.9640922546
812.577148,       58.9428672791
812.898071,       58.9129981995
813.218994,       58.8586044312
813.539795,       58.7885551453
813.860596,       58.7982902527
814.181396,       58.7780761719
814.502136,       58.6671295166
814.822754,       58.6742858887
815.143372,       58.5949478149
815.463928,       58.6073570251
815.784485,       58.5982551575
816.104919,       58.4835166931
816.425354,       58.4854965210
816.745728,       58.4768905640
817.065979,       58.4108009338
817.386353,       58.3961677551
817.706421,       58.4524345398
818.026733,       58.4751434326
818.346863,       58.5321884155
818.666809,       58.6022720337
818.986938,       58.6004028320
819.306824,       58.5652465820
819.626770,       58.6036376953
819.946716,       58.6311874390
820.266479,       58.6627082825
820.586304,       58.5685310364
820.905945,       58.5915451050
821.225647,       58.6182289124
821.545349,       58.5840225220
821.864868,       58.6148757935
822.184448,       58.6570968628
822.503845,       58.7100791931
822.823364,       58.7522697449
823.142761,       58.7513618469
823.462036,       58.7391014099
823.781372,       58.7449150085
824.100525,       58.7482376099
824.419800,       58.6675186157
824.738953,       58.6086349487
825.057922,       58.5940437317
825.377014,       58.4960861206
825.695984,       58.5398788452
826.014954,       58.5984840393
826.333862,       58.5690803528
826.652649,       58.6020050049
826.971497,       58.5631599426
827.290100,       58.5915222168
827.608887,       58.6051292419
827.927612,       58.6126441956
828.246094,       58.6697349548
828.564697,       58.6487007141
828.883118,       58.5614128113
829.201599,       58.4830474854
829.520020,       58.4505805969
829.838318,       58.4595756531
830.156616,       58.4316596985
830.474854,       58.4721755981
830.793091,       58.5120315552
831.111267,       58.5073814392
831.429260,       58.5096969604
831.747437,       58.4838027954
832.065308,       58.4958305359
832.383362,       58.5290679932
832.701233,       58.4682769775
833.019043,       58.3876113892
833.336914,       58.3228950500
833.654663,       58.3579177856
833.972351,       58.3596534729
834.289978,       58.3581581116
834.607483,       58.4077072144
834.925171,       58.4024429321
835.242676,       58.3848724365
835.560059,       58.3836860657
835.877502,       58.3641586304
836.194763,       58.3761978149
836.512146,       58.2938003540
836.829468,       58.4047927856
837.146545,       58.3829803467
837.463745,       58.2751693726
837.780823,       58.3261032104
838.097900,       58.3448295593
838.414917,       58.4185066223
838.731873,       58.3882865906
839.048828,       58.3348770142
839.365540,       58.3679084778
839.682434,       58.3845024109
839.999207,       58.4011268616
840.315857,       58.3236045837
840.632568,       58.3269882202
840.949097,       58.2607460022
841.265747,       58.1493148804
841.582275,       58.1428527832
841.898682,       58.1723556519
842.215088,       58.2256011963
842.531433,       58.2523231506
842.847778,       58.2815780640
843.164063,       58.3336753845
843.480164,       58.2258987427
843.796387,       58.2175025940
844.112427,       58.2893142700
844.428528,       58.2677612305
844.744568,       58.3103256226
845.060486,       58.3176116943
845.376404,       58.3323173523
845.692200,       58.3155937195
846.008057,       58.2880668640
846.323853,       58.3440361023
846.639465,       58.3226013184
846.955139,       58.3172569275
847.270691,       58.3063125610
847.586304,       58.4039039612
847.901855,       58.4414482117
848.217224,       58.3666877747
848.532715,       58.3755950928
848.847961,       58.3868446350
849.163330,       58.3142509460
849.478638,       58.2771224976
849.793823,       58.2371520996
850.108948,       58.1830520630
850.424011,       58.1921463013
850.739136,       58.1892204285
851.054199,       58.1818046570
851.369019,       58.1112251282
851.684021,       58.0225944519
851.998779,       58.0603065491
852.313660,       58.1310157776
852.628418,       58.1130561829
852.943054,       58.0908699036
853.257751,       58.1435394287
853.572327,       58.1961097717
853.886841,       58.2323303223
854.201477,       58.1977539063
854.515808,       58.3095893860
854.830261,       58.3159255981
855.144592,       58.3130111694
855.458862,       58.2480010986
855.773193,       58.2857856750
856.087280,       58.3137817383
856.401489,       58.2767944336
856.715515,       58.4316368103
857.029602,       58.4744567871
857.343628,       58.4253959656
857.657532,       58.3980331421
857.971497,       58.4076995850
858.285278,       58.4226188660
858.599121,       58.4080467224
858.912903,       58.3232765198
859.226501,       58.3417015076
859.540222,       58.2595939636
859.853699,       58.2514762878
860.167297,       58.2389221191
860.480896,       58.3033561707
860.794250,       58.3306236267
861.107666,       58.1956977844
861.420959,       58.2411003113
861.734314,       58.2354850769
862.047546,       58.2150955200
862.360657,       58.3179893494
862.673889,       58.3711280823
862.986938,       58.3916549683
863.299988,       58.3493843079
863.613037,       58.4855575562
863.925903,       58.5459403992
864.238831,       58.6562347412
864.551575,       58.7027473450
864.864380,       58.7193984985
865.177185,       58.7492408752
865.489807,       58.7861175537
865.802490,       58.8156394958
866.114990,       58.9058990479
866.427612,       58.9704704285
866.740112,       58.9820251465
867.052429,       58.8538703918
867.364868,       58.8069496155
867.677124,       58.8449668884
867.989502,       58.8970184326
868.301758,       58.9305038452
868.613831,       58.9990310669
868.926025,       59.0079650879
869.238159,       58.9763336182
869.550049,       59.0718078613
869.862122,       59.0544090271
870.173950,       58.8852882385
870.485901,       58.8883895874
870.797791,       58.8312873840
871.109497,       58.7712516785
871.421204,       58.7675857544
871.732849,       58.7924537659
872.044495,       58.8818359375
872.356079,       58.8478736877
872.667542,       58.8033485413
872.979065,       58.7441673279
873.290344,       58.7756500244
873.601807,       58.8751602173
873.913147,       58.9281387329
874.224304,       58.9484024048
874.535645,       58.8962860107
874.846741,       58.8941993713
875.157837,       58.8603515625
875.468994,       58.8146743774
875.779907,       58.7391777039
876.090881,       58.6610679626
876.401733,       58.6961669922
876.712646,       58.7107124329
877.023499,       58.7045021057
877.334167,       58.6394920349
877.644897,       58.7091789246
877.955505,       58.6868476868
878.266113,       58.6317787170
878.576721,       58.5641441345
878.887146,       58.6634750366
879.197571,       58.6526222229
879.507996,       58.7210235596
879.818298,       58.6782531738
880.128662,       58.7410278320
880.438843,       58.7041015625
880.749084,       58.7759361267
881.059143,       58.9990386963
881.369263,       58.9572296143
881.679382,       58.9699249268
881.989258,       58.9850425720
882.299194,       59.0100517273
882.609070,       59.0252151489
882.918945,       59.0365715027
883.228760,       59.0081939697
883.538452,       58.9778594971
883.848145,       59.1713790894
884.157654,       59.1888885498
884.467285,       59.2314834595
884.776917,       59.1891365051
885.086243,       59.1904144287
885.395813,       59.1965980530
885.705017,       59.2892227173
886.014404,       59.2033462524
886.323730,       59.2182502747
886.632874,       59.1394767761
886.942078,       59.2287254333
887.251160,       59.2013244629
887.560242,       58.9235076904
887.869263,       59.0168457031
888.178162,       59.0558166504
888.487122,       59.0380668640
888.795898,       59.1038780212
889.104797,       59.1011238098
889.413513,       59.1053543091
889.722168,       59.1571693420
890.030884,       59.2465209961
890.339417,       59.1507186890
890.648010,       59.1363296509
890.956543,       59.1899337769
891.264893,       59.2286949158
891.573364,       59.2720336914
891.881653,       59.1649246216
892.189941,       59.1595039368
892.498230,       59.2128829956
892.806335,       59.2648849487
893.114502,       59.2452049255
893.422546,       59.2080841064
893.730652,       59.2305908203
894.038696,       59.4028358459
894.346497,       59.3181266785
894.654419,       59.2996940613
894.962158,       59.2330856323
895.270020,       59.2375259399
895.577759,       59.3287811279
895.885376,       59.3288116455
896.192993,       59.2903213501
896.500549,       59.2491798401
896.808044,       59.1444244385
897.115601,       59.1567459106
897.422913,       59.2474632263
897.730347,       59.2480316162
898.037598,       59.2309303284
898.344910,       59.3324966431
898.652161,       59.3442306519
898.959167,       59.3584785461
899.266418,       59.3507995605
899.573364,       59.4241981506
899.880371,       59.3887672424
900.187378,       59.3583106995
900.494202,       59.2389297485
900.801086,       59.2548904419
901.107788,       59.2572708130
901.414612,       59.3223114014
901.721375,       59.2957992554
902.027832,       59.2517967224
902.334534,       59.2052154541
902.641113,       59.1897087097
902.947510,       59.2081832886
903.253967,       59.2406463623
903.560242,       59.2756881714
903.866638,       59.1370391846
904.172974,       59.1290054321
904.479126,       59.0860671997
904.785278,       59.0666847229
905.091370,       58.9937324524
905.397461,       58.9386405945
905.703552,       58.8823509216
906.009399,       58.8768005371
906.315369,       58.9897994995
906.621155,       58.9999847412
906.927002,       59.0134811401
907.232788,       58.9984893799
907.538452,       58.9290847778
907.844116,       58.9345512390
908.149658,       58.9713020325
908.455200,       58.9171218872
908.760803,       58.9818077087
909.066162,       59.0401229858
909.371582,       59.0189399719
909.676880,       59.1045989990
909.982178,       59.0963363647
910.287476,       59.0953903198
910.592529,       59.1514778137
910.897705,       59.2708053589
911.202759,       59.2003326416
911.507813,       59.2800254822
911.812805,       59.3256111145
912.117676,       59.2981987000
912.422546,       59.2540206909
912.727356,       59.2063446045
913.032104,       59.1575164795
913.336853,       59.2644462585
913.641479,       59.2590103149
913.946106,       59.3469276428
914.250610,       59.3714408875
914.555115,       59.3497161865
914.859619,       59.4319686890
915.163940,       59.3539886475
915.468323,       59.3734931946
915.772583,       59.3877868652
916.076843,       59.3611221313
916.381104,       59.3259277344
916.685120,       59.3499908447
916.989258,       59.3444290161
917.293213,       59.2872276306
917.597290,       59.5322494507
917.901184,       59.7311744690
918.205017,       59.7170104980
918.508850,       59.7959327698
918.812561,       59.7928657532
919.116333,       59.7884368896
919.420044,       59.7672538757
919.723572,       59.6634788513
920.027222,       59.7018051147
920.330627,       59.6110458374
920.634094,       59.6542015076
920.937561,       59.6116561890
921.240784,       59.6898956299
921.544189,       59.6985168457
921.847351,       59.7087326050
922.150574,       59.7434387207
922.453735,       59.7632331848
922.756775,       59.6861915588
923.059875,       59.6570129395
923.362793,       59.6087760925
923.665771,       59.6269607544
923.968689,       59.4663276672
924.271362,       59.2729568481
924.574219,       59.2943115234
924.876892,       59.2492752075
925.179565,       59.2911491394
925.482239,       59.2406044006
925.784729,       59.2905807495
926.087280,       59.3031120300
926.389648,       59.3226318359
926.692078,       59.2925262451
926.994507,       59.2472381592
927.296692,       59.2629852295
927.599060,       59.1193923950
927.901123,       59.1506309509
928.203308,       59.1146545410
928.505432,       59.0197143555
928.807434,       59.0105247498
929.109436,       59.1661529541
929.411316,       59.1034049988
929.713196,       59.1332244873
930.015015,       59.0691642761
930.316711,       58.9550743103
930.618530,       58.8050956726
930.920105,       58.7868270874
931.221802,       58.8671379089
931.523315,       58.8175430298
931.824829,       58.8563041687
932.126282,       58.8816032410
932.427612,       58.8131713867
932.729004,       58.7877998352
933.030334,       58.8304405212
933.331482,       58.7696723938
933.632751,       58.7590560913
933.933777,       58.8440971375
934.234924,       58.8461952209
934.536011,       58.7890739441
934.836914,       58.9093704224
935.137878,       58.9170112610
935.438660,       58.7756652832
935.739502,       58.8589553833
936.040344,       58.9776382446
936.340942,       58.9612503052
936.641663,       59.1028442383
936.942383,       59.2444229126
937.242798,       59.3008995056
937.543335,       59.2243804932
937.843750,       59.2787857056
938.144165,       59.2171058655
938.444580,       59.2947540283
938.744751,       59.3702201843
939.045044,       59.4532966614
939.345154,       59.5572052002
939.645325,       59.6337089539
939.945435,       59.6995887756
940.245361,       59.7536392212
940.545410,       59.8263320923
940.845215,       59.9041328430
941.145142,       59.8337516785
941.445007,       59.9489135742
941.744629,       60.0937728882
942.044434,       59.9936561584
942.343994,       59.9248542786
942.643677,       59.8417930603
942.943237,       59.7484474182
943.242676,       59.8768539429
943.542114,       60.0168228149
943.841431,       60.0752639771
944.140808,       60.0476989746
944.440125,       60.0087776184
944.739258,       59.8939819336
945.038513,       59.9647178650
945.337524,       59.8651428223
945.636597,       59.8252182007
945.935669,       59.8644790649
946.234558,       59.8463172913
946.533508,       59.7173461914
946.832275,       59.8566818237
947.131165,       59.9457244873
947.429932,       59.8084373474
947.728516,       59.5981292725
948.027222,       59.5564422607
948.325745,       59.6502609253
948.624329,       59.8483695984
948.922852,       59.8659286499
949.221191,       59.8942451477
949.519592,       59.7322235107
949.817810,       59.5901412964
950.116150,       59.7384757996
950.414368,       59.6782760620
950.712463,       59.7321701050
951.010620,       59.6124839783
951.308594,       59.5210266113
951.606628,       59.5554008484
951.904602,       59.5816917419
952.202454,       59.5679206848
952.500305,       59.9707717896
952.798035,       60.0527534485
953.095825,       59.8287124634
953.393494,       59.8184700012
953.691040,       60.1304817200
953.988647,       60.2025871277
954.286133,       60.1245765686
954.583618,       60.1669197083
954.881042,       59.7732658386
955.178345,       59.9427452087
955.475647,       59.8820343018
955.772827,       60.0167274475
956.070068,       59.8870162964
956.367310,       59.6646308899
956.664307,       59.7393112183
956.961365,       59.9944038391
957.258240,       60.1817893982
957.555176,       60.2853889465
957.852112,       60.2576446533
958.148865,       60.1670188904
958.445679,       60.1844024658
958.742310,       59.7323913574
959.039001,       59.7912292480
959.335632,       59.7034454346
959.632141,       59.6957092285
959.928650,       59.5793838501
960.224976,       59.6006164551
960.521484,       59.8017921448
960.817871,       59.6946601868
961.114014,       59.8001022339
961.410339,       59.6077919006
961.706421,       59.7159194946
962.002563,       59.5578918457
962.298645,       59.8133277893
962.594604,       59.8513832092
962.890564,       59.8106155396
963.186401,       60.6528625488
963.482300,       60.7353820801
963.778137,       60.5525627136
964.073792,       60.5911445618
964.369568,       60.6373596191
964.665100,       60.5871734619
964.960693,       60.7038421631
965.256287,       60.7919349670
965.551697,       61.0432090759
965.847168,       60.9321403503
966.142395,       60.9153938293
966.437744,       60.9960784912
966.733032,       60.8214035034
967.028198,       60.9634323120
967.323364,       60.9925155640
967.618408,       61.0482521057
967.913513,       61.2199325562
968.208496,       61.4312820435
968.503357,       61.2482376099
968.798279,       61.2839698792
969.093018,       61.2683219910
969.387817,       59.9605216980
969.682556,       59.8214225769
969.977173,       60.1063957214
970.271790,       60.3148117065
970.566406,       60.3658981323
970.860779,       60.3731269836
971.155334,       60.2847595215
971.449646,       59.9099464417
971.743958,       59.7802810669
972.038330,       59.8241043091
972.332458,       59.8828544617
972.626648,       59.6841621399
972.920715,       59.7576370239
973.214844,       59.7655830383
973.508911,       59.6658172607
973.802734,       59.8221664429
974.096741,       59.7281379700
974.390442,       59.7403297424
974.684265,       59.8261833191
974.978088,       59.7938461304
975.271667,       59.8706130981
975.565369,       60.0287246704
975.858826,       60.1242256165
976.152405,       60.0410041809
976.445923,       59.7840919495
976.739258,       59.6873893738
977.032654,       59.7250862122
977.325867,       60.0110931396
977.619202,       60.2556457520
977.912415,       60.6532630920
978.205505,       60.8788414001
978.498596,       60.8353385925
978.791504,       61.1527328491
979.084534,       61.2375450134
979.377563,       61.4945640564
979.670288,       61.6384963989
979.963196,       61.4619903564
980.255859,       61.4549446106
980.548584,       61.4454040527
980.841309,       61.4843711853
981.133850,       61.6442031860
981.426392,       61.8842773438
981.718811,       61.9555282593
982.011292,       61.8944358826
982.303650,       61.9175186157
982.595886,       62.0855522156
982.888245,       62.4098701477
983.180359,       62.4272880554
983.472595,       62.2284240723
983.764709,       62.0661811829
984.056641,       61.7426338196
984.348755,       61.7042350769
984.640625,       61.8461952209
984.932495,       61.7979278564
985.224365,       61.5970916748
985.516052,       61.3951034546
985.807861,       61.6490020752
986.099426,       62.1520690918
986.391052,       61.9993820190
986.682678,       61.9336891174
986.974121,       62.0344238281
987.265625,       61.8562049866
987.556885,       61.6421585083
987.848328,       61.5034408569
988.139648,       61.5803794861
988.430786,       61.5156250000
988.721985,       61.3640251160
989.013000,       61.2881965637
989.304138,       61.6781578064
989.595215,       61.5180244446
989.886047,       61.9007568359
990.177002,       61.8086166382
990.467834,       61.6164436340
990.758606,       61.6079978943
991.049377,       61.5772590637
991.339966,       62.0085220337
991.630676,       61.8644943237
991.921143,       61.5531311035
992.211670,       61.7645988464
992.502197,       61.8891906738
992.792542,       61.8935585022
993.082886,       61.6070213318
993.373169,       61.8798751831
993.663452,       61.8318367004
993.953613,       61.9309005737
994.243713,       61.9548797607
994.533813,       61.9913291931
994.823792,       61.9055671692
995.113770,       61.7756919861
995.403687,       61.3896369934
995.693481,       61.4259376526
995.983337,       61.2030143738
996.273010,       61.2025566101
996.562744,       61.1387596130
996.852417,       61.5273284912
997.141907,       61.4217948914
997.431458,       61.0801162720
997.720886,       61.5439109802
998.010315,       61.6707267761
998.299744,       60.9841003418
998.588928,       61.0069923401
998.878296,       61.0749244690
999.167419,       61.3759269714
999.456543,       62.0498237610
999.745667,       62.2764053345
1000.034607,       61.9409751892
1000.323669,       62.0223236084
1000.612488,       62.5898590088
1000.901367,       62.8754959106
1001.190247,       63.0762290955
1001.478882,       63.1661071777
1001.767639,       63.9207725525
1002.056335,       63.6379127502
1002.344849,       63.9463882446
1002.633423,       64.1474456787
1002.921814,       63.8232994080
1003.210266,       63.9559516907
1003.498657,       63.9701919556
1003.786926,       63.9020080566
1004.075256,       64.5936050415
1004.363342,       64.5359725952
1004.651489,       64.3283691406
1004.939697,       64.7210083008
1005.227600,       64.9376449585
1005.515686,       64.8702545166
1005.803467,       65.0925369263
1006.091370,       65.2929153442
1006.379272,       65.8414154053
1006.666870,       65.6400833130
1006.954712,       65.6013259888
1007.242188,       65.5415191650
1007.529907,       65.6474304199
1007.817444,       64.8219757080
1008.104858,       65.8219680786
1008.392334,       65.4711151123
1008.679565,       66.0077972412
1008.966980,       65.9788513184
1009.254272,       66.2807998657
1009.541382,       66.2761001587
1009.828613,       65.9141921997
1010.115601,       65.6281661987
1010.402649,       66.0279235840
1010.689697,       66.5438537598
1010.976563,       65.9829711914
1011.263489,       66.1000289917
1011.550171,       65.3346099854
1011.837036,       65.3408966064
1012.123657,       65.5995101929
1012.410278,       65.3037414551
1012.696899,       65.7046661377
1012.983337,       66.1217041016
1013.269897,       66.2118682861
1013.556396,       66.2421188354
1013.842651,       66.7946014404
1014.129028,       66.1949310303
1014.415161,       66.1974411011
1014.701477,       66.2318572998
1014.987671,       66.9943923950
1015.273560,       66.7833938599
1015.559692,       67.3271331787
1015.845581,       67.6684417725
1016.131592,       68.1457672119
1016.417542,       68.5139007568
1016.703247,       68.4823455811
1016.989014,       68.9170684814
1017.274658,       69.1990585327
1017.560303,       69.7864913940
1017.845947,       69.1781082153
1018.131409,       69.2297515869
1018.416870,       69.3180389404
1018.702271,       69.0471496582
1018.987671,       68.8557128906
1019.272949,       69.2281951904
1019.558228,       69.5944213867
1019.843445,       69.7944335938
1020.128540,       69.6782836914
1020.413574,       70.4423217773
1020.698608,       70.3125076294
1020.983521,       69.2466583252
1021.268555,       70.0681457520
1021.553284,       70.4459152222
1021.838135,       71.0226898193
1022.122925,       70.6098251343
1022.407593,       75.8089294434
1022.692261,       71.0203933716
1022.976807,       60.1134185791
1023.261292,       73.6842193604
1023.545837,       70.1939926147
1023.830200,       64.5220718384
1024.114624,       77.5175628662
1024.398804,       76.1124114990
1024.683105,       75.2562179565
1024.967285,       68.7500076294
