340.270844,        0.0000000000
340.648560,        0.0000000000
341.026306,     1111.7623291016
341.403961,      497.5608215332
341.781616,     -343.7499389648
342.159210,     2520.0021972656
342.536743,        9.3749895096
342.914307,       61.9631958008
343.291779,      100.3731384277
343.669250,        0.0000000000
344.046661,       56.3003082275
344.424042,       55.7864799500
344.801422,       78.0235137939
345.178711,       82.7713317871
345.556000,       84.7870025635
345.933258,       90.4318466187
346.310486,       91.4878845215
346.687622,       92.3024978638
347.064758,       94.7102432251
347.441895,       92.4141311646
347.818939,       91.3703079224
348.195953,       88.7658233643
348.572937,       87.7237243652
348.949890,       88.1955413818
349.326843,       90.0637130737
349.703735,       89.5497741699
350.080597,       90.2394256592
350.457397,       90.6966781616
350.834198,       84.8593978882
351.210968,       84.2104949951
351.587646,       85.6493682861
351.964325,       86.7487106323
352.340942,       87.4197998047
352.717560,       73.4533920288
353.094147,       73.5250473022
353.470673,       72.6783676147
353.847168,       68.3284378052
354.223602,       66.3651351929
354.600037,       64.9978942871
354.976440,       62.6713523865
355.352783,       65.8139877319
355.729126,       67.0903778076
356.105408,       67.1542968750
356.481628,       68.6087875366
356.857849,       67.9389801025
357.234009,       67.3913345337
357.610168,       70.0344161987
357.986267,       67.0185852051
358.362366,       65.0439605713
358.738373,       65.3390655518
359.114349,       67.1134033203
359.490326,       64.7724990845
359.866241,       61.7715492249
360.242157,       60.3789024353
360.617981,       56.7481918335
360.993805,       54.8491363525
361.369568,       56.5051307678
361.745331,       57.7293281555
362.121033,       58.3404884338
362.496704,       58.0190544128
362.872314,       55.9176788330
363.247925,       55.2495002747
363.623505,       52.2118034363
363.999023,       48.1288681030
364.374542,       56.2016410828
364.750000,       57.6316757202
365.125397,       56.7561874390
365.500763,       54.3929710388
365.876160,       53.4249534607
366.251434,       52.7292671204
366.626740,       51.2558212280
367.001953,       50.9014205933
367.377136,       51.7906608582
367.752350,       51.2100677490
368.127472,       56.2955398560
368.502594,       56.6139411926
368.877625,       55.6644020081
369.252625,       54.1770858765
369.627625,       54.8606758118
370.002563,       56.1485939026
370.377502,       54.7571907043
370.752380,       55.8312225342
371.127228,       61.5623474121
371.502014,       61.6178512573
371.876770,       63.0140113831
372.251526,       57.6763458252
372.626221,       56.3040542603
373.000885,       54.4474105835
373.375488,       54.1014175415
373.750092,       56.5288124084
374.124664,       59.1417198181
374.499146,       63.5710220337
374.873627,       64.5368881226
375.248108,       62.7270812988
375.622467,       71.0806198120
375.996887,       70.0255737305
376.371185,       70.7723464966
376.745483,       71.3805618286
377.119751,       72.6580581665
377.493958,       72.4126434326
377.868195,       71.8288803101
378.242310,       73.5837097168
378.616394,       75.1046447754
378.990540,       70.2470626831
379.364563,       69.8134613037
379.738556,       68.6766357422
380.112518,       66.0555191040
380.486481,       66.5074539185
380.860352,       66.5469589233
381.234192,       67.4039535522
381.608063,       64.6075820923
381.981812,       63.3150444031
382.355591,       58.4343414307
382.729309,       58.3261375427
383.102966,       58.9594345093
383.476624,       49.2731895447
383.850220,       46.4661865234
384.223816,       46.1061248779
384.597321,       45.1703567505
384.970856,       46.4724349976
385.344299,       44.2840881348
385.717682,       42.4351158142
386.091125,       40.5086746216
386.464447,       35.7485771179
386.837769,       33.3950462341
387.211029,       37.1484642029
387.584290,       37.1389007568
387.957489,       37.5626487732
388.330627,       35.3505592346
388.703766,       35.9946060181
389.076874,       35.5297698975
389.449921,       40.2929878235
389.822937,       39.0677413940
390.195923,       40.4774131775
390.568878,       39.7350654602
390.941772,       39.3405456543
391.314636,       36.9865074158
391.687500,       34.0538139343
392.060272,       34.6120147705
392.433075,       34.7306251526
392.805756,       30.5614795685
393.178436,       30.0655632019
393.551117,       32.7278900146
393.923737,       36.6157608032
394.296326,       37.1590118408
394.668854,       37.6612968445
395.041321,       33.5493240356
395.413849,       35.8036422729
395.786255,       37.2857666016
396.158630,       38.0615386963
396.531006,       37.4578971863
396.903320,       36.1365127563
397.275604,       37.5771446228
397.647827,       37.6035346985
398.020050,       41.5226745605
398.392212,       40.5803337097
398.764343,       39.1734390259
399.136444,       39.4736404419
399.508514,       40.6160469055
399.880554,       38.9056816101
400.252533,       40.4818878174
400.624512,       43.1465148926
400.996399,       43.1556777954
401.368286,       41.6370811462
401.740112,       38.9732818604
402.111908,       36.1629676819
402.483673,       35.1165618896
402.855408,       34.9741287231
403.227081,       33.4618911743
403.598755,       31.1927795410
403.970367,       29.3559131622
404.341980,       31.2525177002
404.713501,       31.6232719421
405.085022,       29.0667381287
405.456482,       28.6824588776
405.827911,       24.5505027771
406.199310,       23.5476722717
406.570648,       24.4159412384
406.942017,       25.8870010376
407.313263,       24.9387798309
407.684509,       25.7910499573
408.055725,       23.7827606201
408.426880,       22.6898689270
408.798035,       26.1417160034
409.169128,       26.5338249207
409.540161,       28.7714538574
409.911224,       28.8838958740
410.282196,       29.0004405975
410.653137,       28.8674926758
411.024048,       28.3846702576
411.394897,       30.3011951447
411.765747,       30.8520889282
412.136536,       28.8795166016
412.507324,       31.1750183105
412.878052,       30.5574035645
413.248718,       35.9671974182
413.619385,       35.6963500977
413.989990,       34.9601631165
414.360565,       35.9530258179
414.731110,       34.4731063843
415.101563,       35.0107841492
415.472076,       34.3053207397
415.842468,       34.0398254395
416.212891,       35.0419578552
416.583221,       32.6421394348
416.953522,       32.5697402954
417.323792,       29.5048198700
417.694031,       31.8155460358
418.064240,       32.1139984131
418.434418,       33.7516899109
418.804535,       40.0120391846
419.174622,       39.2881164551
419.544678,       38.0739707947
419.914673,       37.7587242126
420.284668,       35.6445121765
420.654572,       34.6044960022
421.024475,       29.9557590485
421.394348,       31.0691947937
421.764191,       31.4639720917
422.133972,       30.9987640381
422.503693,       32.4231834412
422.873444,       31.8928833008
423.243134,       31.9803295135
423.612762,       31.4957923889
423.982330,       28.6346378326
424.351929,       27.8006668091
424.721436,       27.3041191101
425.090942,       27.9883537292
425.460358,       27.1236686707
425.829773,       26.3471965790
426.199158,       24.3236045837
426.568481,       17.8891277313
426.937775,       17.1938457489
427.307037,       18.8974952698
427.676239,       18.7782421112
428.045441,       18.3611907959
428.414581,       17.8139038086
428.783722,       19.1462459564
429.152802,       17.4827728271
429.521790,       20.4735488892
429.890839,       20.0193901062
430.259766,       17.7552490234
430.628693,       19.6637840271
430.997589,       18.8218078613
431.366425,       18.8457489014
431.735229,       19.1001625061
432.104004,       19.2318401337
432.472748,       19.5961875916
432.841431,       19.3993892670
433.210052,       19.1900653839
433.578705,       18.5145530701
433.947266,       18.9710407257
434.315826,       18.2982063293
434.684326,       18.5095825195
435.052765,       17.5076866150
435.421204,       17.0389595032
435.789612,       16.5232257843
436.157959,       17.4927406311
436.526276,       15.5556659698
436.894531,       15.2707014084
437.262756,       11.4963006973
437.630951,       10.8094711304
437.999146,       10.7208690643
438.367249,        8.7411565781
438.735321,        8.1750898361
439.103394,        7.4222064018
439.471405,        7.7716217041
439.839386,       38.4926681519
440.207306,       38.3011627197
440.575195,       38.0491142273
440.943054,       36.9126243591
441.310883,       36.4699935913
441.678680,       36.2331848145
442.046387,       36.0766601563
442.414093,       35.3821563721
442.781799,       34.8125343323
443.149414,       35.0596046448
443.516998,       34.8611717224
443.884552,       34.0485801697
444.252045,       33.7957954407
444.619537,       33.3032455444
444.987000,       33.3034477234
445.354401,       33.4320678711
445.721710,       33.7002639771
446.089081,       33.5821990967
446.456360,       34.0246772766
446.823608,       34.0485420227
447.190826,       34.1256752014
447.557953,        7.5320348740
447.925110,        6.7744789124
448.292175,        6.3274803162
448.659271,        7.1865730286
449.026276,        7.2483615875
449.393250,        6.9596824646
449.760193,        6.9152264595
450.127075,        6.5013990402
450.493958,        6.7296676636
450.860779,        6.0013866425
451.227570,        6.0521326065
451.594330,        6.3806900978
451.960999,        6.5245075226
452.327698,        6.8366823196
452.694336,        6.5643138885
453.060913,        5.7828469276
453.427490,        5.0988888741
453.793976,        5.0562562943
454.160492,        4.5846381187
454.526917,        4.9521365166
454.893311,        4.7513475418
455.259674,        4.6141467094
455.626007,        4.9930067062
455.992310,        5.7013492584
456.358551,        5.1611514091
456.724731,        5.7592287064
457.090912,        6.2310481071
457.457031,        6.3967542648
457.823151,        6.8056411743
458.189209,        6.5888261795
458.555206,        6.9872951508
458.921173,        6.8952865601
459.287109,        6.7011222839
459.653015,        7.3680205345
460.018890,        7.2090544701
460.384705,        7.4000039101
460.750519,        7.2560281754
461.116241,        7.1190619469
461.481964,        6.7180604935
461.847626,        6.9160737991
462.213226,        6.8274073601
462.578827,        7.1856555939
462.944427,        6.8209185600
463.309906,        6.3543066978
463.675385,        5.5755691528
464.040802,        5.4461674690
464.406219,        4.9463815689
464.771606,        4.2216258049
465.136902,        4.1485915184
465.502197,        3.7719500065
465.867462,        3.9321753979
466.232635,        3.5075571537
466.597839,        3.5007948875
466.962921,        3.6199038029
467.328003,        3.1568963528
467.693054,        3.1229321957
468.058075,        3.0776391029
468.423035,        4.0004982948
468.787994,        4.1932287216
469.152863,        4.4400639534
469.517700,        4.1587748528
469.882538,        3.7819952965
470.247314,        3.1203055382
470.612061,        4.3510665894
470.976746,        4.2117371559
471.341431,        4.6452512741
471.706024,        4.9162921906
472.070618,        5.4548397064
472.435181,        5.4142327309
472.799622,        5.2842454910
473.164124,        5.7086348534
473.528534,        5.5598931313
473.892975,        5.5758099556
474.257294,        5.8851542473
474.621582,        5.6113696098
474.985870,        5.6385149956
475.350098,        5.8615541458
475.714325,        5.6017880440
476.078461,        5.2074270248
476.442535,        4.9891242981
476.806641,        4.8113474846
477.170685,        4.8347225189
477.534668,        4.7860751152
477.898621,        4.8958492279
478.262512,        4.0586485863
478.626404,        4.7039980888
478.990265,        4.4446864128
479.354065,        4.2566752434
479.717834,        3.5962429047
480.081512,        3.6792657375
480.445221,        3.6443254948
480.808899,        3.4569449425
481.172485,        3.5254449844
481.536041,        3.3886346817
481.899567,        3.5155534744
482.263062,        3.3724167347
482.626526,        3.5103843212
482.989929,        3.3488380909
483.353271,        3.3402719498
483.716583,        3.0856537819
484.079895,        2.9948408604
484.443146,        3.0705277920
484.806366,        3.1835887432
485.169525,        3.2555234432
485.532654,        3.1076598167
485.895752,        2.9339056015
486.258820,        2.5338385105
486.621857,        2.7849752903
486.984802,        2.7724325657
487.347748,        2.9688975811
487.710663,        2.8536417484
488.073517,        2.7173190117
488.436340,        2.8508906364
488.799072,        2.7532119751
489.161835,        2.7574226856
489.524536,        2.3058474064
489.887238,        2.3690369129
490.249847,        2.2283616066
490.612396,        2.1273756027
490.974915,        2.1251327991
491.337433,        2.1529533863
491.699921,        2.3163487911
492.062347,        2.4436333179
492.424713,        2.3798871040
492.787079,        2.2766749859
493.149353,        3.1666316986
493.511658,        3.1988832951
493.873871,        3.1235051155
494.236053,        2.9589211941
494.598206,        3.0977306366
494.960297,        3.1568109989
495.322388,        3.1734564304
495.684418,        3.2246007919
496.046356,        2.9638512135
496.408325,        2.9332141876
496.770264,        2.9571027756
497.132141,        3.0834772587
497.493958,        3.1265306473
497.855713,        3.0646052361
498.217499,        2.9912087917
498.579193,        3.0137107372
498.940887,        3.0396525860
499.302490,        3.0049638748
499.664093,        2.8190498352
500.025635,        2.6732611656
500.387177,        2.6535620689
500.748627,        1.8237243891
501.110077,        1.9967340231
501.471436,        1.9771019220
501.832825,        1.9081416130
502.194153,        1.7597162724
502.555389,        1.6431742907
502.916626,        1.7229120731
503.277802,        1.7436338663
503.638977,        1.8972426653
504.000092,        2.0623607635
504.361176,        2.0339660645
504.722198,        1.8756392002
505.083160,        1.8148120642
505.444153,        1.7430074215
505.805084,        1.7431716919
506.165924,        1.7219778299
506.526764,        1.7557878494
506.887543,        2.2389483452
507.248322,        2.3705265522
507.609070,        2.4629802704
507.969727,        2.4499363899
508.330322,        2.5290179253
508.690918,        2.2955501080
509.051514,        2.2886314392
509.412018,        2.2748925686
509.772491,        2.3279869556
510.132904,        2.5945267677
510.493286,        2.7209486961
510.853699,        2.7778618336
511.213989,        2.6649725437
511.574280,        2.5543122292
511.934509,        2.5785887241
512.294678,        2.7261426449
512.654846,        2.7148990631
513.014954,        2.8010289669
513.375061,        2.9687848091
513.735046,        3.0664389133
514.095032,        2.9457974434
514.455078,        2.5441486835
514.814941,        2.3586354256
515.174805,        2.2722146511
515.534607,        2.3260629177
515.894409,        2.3323481083
516.254211,        2.3515625000
516.613892,        2.4189431667
516.973572,        2.5306921005
517.333130,        2.5351293087
517.692749,        2.2737421989
518.052368,        2.0864019394
518.411865,        2.0775783062
518.771301,        2.0554783344
519.130737,        2.0642468929
519.490173,        2.1167163849
519.849548,        2.1423397064
520.208801,        2.1988909245
520.568054,        2.2291035652
520.927307,        2.1159303188
521.286499,        2.0937392712
521.645691,        2.2943074703
522.004822,        2.3611030579
522.363831,        2.4314560890
522.722839,        2.4540631771
523.081848,        2.4360973835
523.440796,        2.4121248722
523.799744,        2.4805252552
524.158569,        2.4195265770
524.517395,        2.3344290257
524.876160,        2.3153817654
525.234924,        2.3820633888
525.593628,        2.3957870007
525.952271,        2.6494286060
526.310913,        2.7564296722
526.669495,        2.7651348114
527.028076,        2.7318792343
527.386536,        2.8328285217
527.744995,        2.8410761356
528.103394,        2.8494312763
528.461792,        2.9779291153
528.820129,        3.0787401199
529.178406,        3.0761387348
529.536743,        3.0884895325
529.894958,        3.1401486397
530.253113,        3.2420954704
530.611267,        3.5289139748
530.969299,        3.6762113571
531.327393,        3.8003098965
531.685486,        3.8751330376
532.043335,        3.9238114357
532.401367,        3.9539418221
532.759216,        3.9446749687
533.117004,        4.0373177528
533.474915,        3.8167190552
533.832642,        3.8613722324
534.190430,        3.8692321777
534.548096,        3.9294614792
534.905762,        3.8233447075
535.263367,        3.8718249798
535.620850,        3.8949913979
535.978455,        3.8130350113
536.335876,        3.7649302483
536.693359,        3.7386953831
537.050781,        3.6904733181
537.408142,        3.7409934998
537.765442,        3.6889643669
538.122681,        3.5117492676
538.479919,        3.4763939381
538.837219,        3.3735320568
539.194336,        3.3722429276
539.551453,        3.5106692314
539.908508,        3.6039550304
540.265564,        3.6045591831
540.622559,        3.5514109135
540.979553,        3.5484771729
541.336426,        3.4954116344
541.693298,        3.5076513290
542.050110,        3.5626974106
542.406921,        3.6339559555
542.763672,        3.6719572544
543.120422,        3.6546700001
543.477051,        3.6855168343
543.833679,        3.6709003448
544.190308,        3.6214854717
544.546814,        3.6195404530
544.903381,        3.6406285763
545.259827,        3.6500220299
545.616211,        3.6143705845
545.972595,        3.5248572826
546.328979,        3.5464167595
546.685242,        3.5404660702
547.041504,        3.4463777542
547.397644,        3.3664028645
547.753906,        3.3859043121
548.110046,        3.4254930019
548.466125,        3.4194176197
548.822144,        3.4128818512
549.178223,        3.4270410538
549.534241,        3.4396581650
549.890137,        3.3734157085
550.246033,        3.3744864464
550.601868,        3.3740832806
550.957581,        3.3801832199
551.313416,        3.5248205662
551.669128,        3.6012086868
552.024841,        3.6530249119
552.380432,        3.5516765118
552.736023,        3.5591955185
553.091675,        3.7327487469
553.447144,        3.7808516026
553.802612,        3.7674975395
554.158020,        3.8395993710
554.513428,        3.7717971802
554.868774,        3.7486348152
555.224121,        3.9136540890
555.579346,        3.8799028397
555.934631,        3.8695483208
556.289734,        3.9022364616
556.644958,        3.9946131706
557.000000,        4.0003080368
557.355103,        3.9799950123
557.710083,        3.9514827728
558.065063,        3.9146807194
558.420105,        3.9280700684
558.774963,        3.7838008404
559.129822,        3.7889025211
559.484619,        3.7674541473
559.839355,        3.8062627316
560.194153,        3.7770390511
560.548828,        3.6380398273
560.903442,        3.6173143387
561.258057,        3.6678061485
561.612610,        3.5957813263
561.967224,        3.6487214565
562.321655,        3.6163854599
562.676086,        3.4163699150
563.030457,        3.4051544666
563.384827,        3.4319274426
563.739197,        3.3978455067
564.093445,        3.2685074806
564.447693,        3.1824429035
564.801880,        3.1610581875
565.156006,        3.1450445652
565.510132,        3.1665992737
565.864197,        3.1385433674
566.218262,        3.0994741917
566.572205,        3.0051391125
566.926086,        2.9464836121
567.280090,        2.8999485970
567.633972,        2.8844778538
567.987732,        2.8386638165
568.341553,        2.7875599861
568.695190,        2.6954827309
569.048950,        2.6807470322
569.402649,        2.6092679501
569.756165,        2.6016740799
570.109802,        2.6219978333
570.463257,        2.5976316929
570.816772,        2.5282683372
571.170227,        2.4780366421
571.523621,        2.4800441265
571.877014,        2.4292891026
572.230286,        2.4125192165
572.583557,        2.3860177994
572.936829,        2.3431348801
573.289978,        2.3688683510
573.643250,        2.4140851498
573.996216,        2.3912360668
574.349365,        2.3790740967
574.702393,        2.4189519882
575.055359,        2.4119937420
575.408325,        2.4278364182
575.761169,        2.4474551678
576.114075,        2.4546992779
576.466919,        2.4001500607
576.819641,        2.3729624748
577.172363,        2.3361356258
577.525085,        2.3776843548
577.877686,        2.3879737854
578.230286,        2.3790612221
578.582825,        2.3722519875
578.935425,        2.3211202621
579.287903,        2.3074166775
579.640320,        2.3077807426
579.992676,        2.2568249702
580.345093,        2.2475130558
580.697388,        2.1775734425
581.049683,        2.1011221409
581.401855,        2.0605473518
581.754089,        2.1950700283
582.106201,        2.2214782238
582.458313,        2.2476491928
582.810425,        2.2126009464
583.162354,        2.1670687199
583.514404,        2.1781899929
583.866272,        2.1643474102
584.218201,        2.1962795258
584.570068,        2.2800636292
584.921875,        2.2040855885
585.273560,        2.2074756622
585.625305,        2.2951869965
585.977051,        2.2682585716
586.328674,        2.4878182411
586.680237,        2.4944972992
587.031799,        2.5115351677
587.383301,        2.5567724705
587.734802,        2.5814585686
588.086243,        2.5979962349
588.437561,        2.6053478718
588.788940,        2.6735289097
589.140198,        2.5279304981
589.491516,        2.4343860149
589.842712,        2.4054872990
590.193848,        2.4385383129
590.544983,        2.4430568218
590.896057,        2.4668715000
591.247192,        2.4857320786
591.598145,        2.4393980503
591.949158,        2.3546206951
592.300049,        2.3563692570
592.650879,        2.3009765148
593.001770,        2.2126798630
593.352539,        2.2151343822
593.703308,        2.0731053352
594.054016,        2.0802762508
594.404663,        2.0508925915
594.755310,        2.0837545395
595.105896,        2.0282917023
595.456360,        2.0134382248
595.806885,        1.9985371828
596.157349,        2.0049874783
596.507751,        2.0884025097
596.858154,        2.0978701115
597.208435,        2.0862395763
597.558777,        2.0787856579
597.908997,        2.0695557594
598.259216,        1.9753376245
598.609314,        1.9931131601
598.959473,        2.0519549847
599.309570,        2.0750594139
599.659546,        2.1073925495
600.009583,        2.1653323174
600.359497,        2.1798224449
600.709412,        2.1709730625
601.059265,        2.1198971272
601.409058,        2.1951928139
601.758850,        2.1909570694
602.108521,        2.1028368473
602.458191,        2.1555883884
602.807922,        2.1449294090
603.157471,        2.1370108128
603.507080,        2.0882306099
603.856567,        2.0470814705
604.205994,        2.0314629078
604.555542,        2.0055127144
604.904846,        1.9586656094
605.254211,        1.9831429720
605.603516,        2.2083351612
605.952759,        2.2241284847
606.302063,        2.1832401752
606.651123,        2.1642935276
607.000305,        2.1477048397
607.349365,        2.0788469315
607.698425,        2.0512940884
608.047485,        2.0681450367
608.396362,        2.0430130959
608.745300,        1.9320577383
609.094177,        1.8972353935
609.442993,        1.9106049538
609.791809,        1.8494857550
610.140503,        1.8369936943
610.489258,        1.8225442171
610.837891,        1.8381828070
611.186523,        1.7844972610
611.535156,        1.7599866390
611.883606,        1.7453104258
612.232178,        1.8432006836
612.580566,        1.8602470160
612.928955,        1.6643660069
613.277344,        1.6003104448
613.625610,        1.6147960424
613.973938,        1.6221268177
614.322144,        1.6227792501
614.670288,        1.6546441317
615.018555,        1.6622983217
615.366516,        1.6274495125
615.714661,        1.5971517563
616.062622,        1.6819739342
616.410645,        1.6895768642
616.758606,        1.7037904263
617.106445,        1.6929901838
617.454285,        1.6846034527
617.802063,        1.7290347815
618.149841,        1.7083433867
618.497559,        1.6922926903
618.845215,        1.7393758297
619.192871,        1.7779396772
619.540466,        1.6606243849
619.888000,        1.6040964127
620.235535,        1.6274982691
620.582886,        1.6613049507
620.930359,        1.6838160753
621.277710,        1.6483147144
621.625061,        1.6028734446
621.972351,        1.5674078465
622.319519,        1.5426880121
622.666809,        1.5612814426
623.013916,        1.5820374489
623.361023,        1.5317085981
623.708130,        1.5710283518
624.055054,        1.5641762018
624.402100,        1.5474228859
624.749023,        1.5985853672
625.095947,        1.5988651514
625.442810,        1.6124626398
625.789551,        1.6138875484
626.136353,        1.5841152668
626.483032,        1.5826580524
626.829712,        1.6442961693
627.176392,        1.6679654121
627.522949,        1.6349554062
627.869507,        1.5987213850
628.216003,        1.5280669928
628.562500,        1.5331194401
628.908936,        1.5445587635
629.255310,        1.5421166420
629.601624,        1.5523927212
629.947876,        1.5528333187
630.294067,        1.6289972067
630.640320,        1.5730205774
630.986511,        1.5251864195
631.332642,        1.5018503666
631.678650,        1.5298841000
632.024658,        1.4645915031
632.370728,        1.4466252327
632.716614,        1.4123160839
633.062500,        1.4201059341
633.408325,        1.4162807465
633.754089,        1.5264949799
634.099915,        1.4838361740
634.445679,        1.4845434427
634.791321,        1.5127741098
635.136963,        1.5995813608
635.482483,        1.6128247976
635.828125,        1.5934861898
636.173584,        1.5534328222
636.519043,        1.5813795328
636.864502,        1.5748050213
637.209778,        1.5886852741
637.555237,        1.4961614609
637.900452,        1.5212146044
638.245728,        1.5229350328
638.590881,        1.5119007826
638.935974,        1.4978365898
639.281189,        1.5051805973
639.626221,        1.5662252903
639.971191,        1.5834156275
640.316223,        1.5852501392
640.661072,        1.6141066551
641.006042,        1.4871584177
641.350891,        1.4786698818
641.695679,        1.4627008438
642.040466,        1.4025336504
642.385071,        1.2746272087
642.729858,        1.2695958614
643.074463,        1.2775783539
643.419067,        1.2973736525
643.763611,        1.2927508354
644.108032,        1.2871111631
644.452515,        1.2560956478
644.796936,        1.2334797382
645.141296,        1.2400187254
645.485657,        1.2721433640
645.829834,        1.2630004883
646.174133,        1.2398955822
646.518311,        1.2125722170
646.862427,        1.1236943007
647.206604,        1.0672026873
647.550598,        1.0499210358
647.894653,        0.9934094548
648.238647,        0.9720479846
648.582458,        0.9509344697
648.926453,        0.9199221730
649.270203,        0.9252281785
649.614075,        0.9439494610
649.957764,        0.9755792022
650.301453,        0.9670292139
650.645142,        0.9737625718
650.988708,        0.9359503388
651.332336,        0.9021634459
651.675842,        0.8824470639
652.019348,        0.9019083977
652.362854,        0.8748648763
652.706177,        0.8082528710
653.049561,        0.8203076124
653.392883,        0.8339995742
653.736084,        0.8265819550
654.079346,        0.8607912064
654.422424,        0.8541758060
654.765625,        0.8637431860
655.108765,        0.8568903208
655.451721,        0.8196046352
655.794800,        0.8151605725
656.137695,        0.8047603369
656.480591,        0.8146961331
656.823486,        0.7986899614
657.166260,        0.7333158255
657.509094,        0.7383796573
657.851807,        0.7060412169
658.194519,        0.6787669659
658.537109,        0.7999163270
658.879761,        0.7952948213
659.222351,        0.8171380758
659.564758,        0.8179044127
659.907349,        0.8097070456
660.249695,        0.8032838702
660.592041,        0.8203264475
660.934448,        0.8426375389
661.276672,        0.7903859019
661.619019,        0.7936186194
661.961182,        0.7573468089
662.303284,        0.7637510300
662.645508,        0.7957679033
662.987427,        0.7905161977
663.329529,        0.8034417629
663.671448,        0.7883611321
664.013428,        0.8065483570
664.355347,        0.8208886981
664.697205,        0.8919194341
665.039001,        0.8921797276
665.380676,        0.9290711284
665.722412,        0.8556265235
666.064148,        0.8620523810
666.405701,        0.8349230289
666.747253,        0.8023826480
667.088806,        0.8177223802
667.430298,        0.7761777639
667.771790,        0.7592157722
668.113159,        0.7428138852
668.454529,        0.7510762811
668.795837,        0.7576126456
669.137085,        0.7720609903
669.478394,        0.7554059029
669.819519,        0.7697083950
670.160645,        0.7713509202
670.501709,        0.7453712821
670.842773,        0.7264480591
671.183777,        0.7441298366
671.524719,        0.7208014727
671.865662,        0.6386617422
672.206482,        0.6257838011
672.547302,        0.5841886997
672.888123,        0.5943085551
673.228821,        0.6004753709
673.569458,        0.5962609053
673.910095,        0.6078930497
674.250732,        0.6333931088
674.591370,        0.6663492918
674.931824,        0.6368274093
675.272217,        0.6085953712
675.612732,        0.5808538795
675.953003,        0.5879346132
676.293396,        0.5588811636
676.633667,        0.5689413548
676.973877,        0.5324288011
677.314148,        0.5354569554
677.654236,        0.5290127397
677.994385,        0.5199782848
678.334412,        0.4878420234
678.674438,        0.5044014454
679.014404,        0.5124945045
679.354309,        0.5542802811
679.694214,        0.5578887463
680.034058,        0.5127195716
680.373840,        0.4997526407
680.713623,        0.5194788575
681.053223,        0.5254053473
681.392944,        0.5982528329
681.732544,        1.3343875408
682.072083,        3.7777862549
682.411621,        3.8433096409
682.751038,        3.8707208633
683.090515,        3.8592309952
683.429871,        3.8588654995
683.769226,        3.8990683556
684.108582,        3.9349186420
684.447754,        3.9251096249
684.786987,        3.9339449406
685.126160,        3.9401876926
685.465210,        3.9444479942
685.804382,        3.9839279652
686.143311,        4.0003528595
686.482361,        3.9858791828
686.821289,        4.0474295616
687.160156,        4.0548048019
687.499023,        4.0693545341
687.837769,        4.1773262024
688.176514,        4.1995091438
688.515259,        4.1559095383
688.853882,        3.4919989109
689.192566,        1.0696977377
689.531067,        1.0513553619
689.869629,        1.1321263313
690.208130,        1.1792470217
690.546570,        1.2595635653
690.885010,        1.2468503714
691.223267,        1.2873524427
691.561584,        1.3624812365
691.899841,        1.4934688807
692.238037,        1.5769435167
692.576294,        1.6675900221
692.914307,        1.7411540747
693.252380,        1.8046826124
693.590454,        1.8642240763
693.928406,        1.8956445456
694.266357,        1.9984225035
694.604187,        2.0943021774
694.942078,        2.0858132839
695.279907,        2.1678390503
695.617615,        2.2888944149
695.955444,        2.3425350189
696.292969,        2.4893352985
696.630676,        2.6335077286
696.968201,        2.7191283703
697.305725,        2.9347708225
697.643250,        3.0706536770
697.980652,        3.2609324455
698.318054,        3.4041304588
698.655396,        3.5494699478
698.992676,        3.6245391369
699.330017,        3.8030834198
699.667175,        3.9331543446
700.004395,        4.1027841568
700.341492,        4.2465915680
700.678528,        4.4649457932
701.015564,        4.6700215340
701.352478,        4.8342328072
701.689514,        5.0459585190
702.026428,        5.2526135445
702.363220,        5.4715657234
702.700073,        5.6104588509
703.036804,        5.8405575752
703.373474,        6.0387287140
703.710144,        6.2727375031
704.046814,        6.4449691772
704.383362,        6.5511455536
704.719910,        6.7855148315
705.056335,        6.9517178535
705.392761,        7.1923828125
705.729187,        7.3914661407
706.065552,        7.6158084869
706.401855,        7.8042426109
706.738098,        8.0910053253
707.074280,        8.2755002975
707.410461,        8.5168609619
707.746643,        8.7617807388
708.082642,        9.0003061295
708.418701,        9.2467060089
708.754639,        9.4544801712
709.090576,        9.6581163406
709.426514,        9.8798656464
709.762329,       10.1821584702
710.098083,       10.3906736374
710.433838,       10.6343202591
710.769592,       10.8528776169
711.105286,       11.1062650681
711.440796,       11.3571147919
711.776367,       11.5656995773
712.112000,       11.8162307739
712.447388,       12.0524597168
712.782837,       12.3763198853
713.118225,       12.6425819397
713.453552,       12.8855447769
713.788818,       13.0791854858
714.124023,       13.3391094208
714.459290,       13.6084165573
714.794434,       13.8111677170
715.129517,       14.0981388092
715.464661,       14.3527183533
715.799622,       14.6180267334
716.134583,       14.9136219025
716.469482,       15.1980104446
716.804321,       15.4179544449
717.139221,       15.6867208481
717.473938,       15.9259271622
717.808777,       16.1564998627
718.143433,       16.4292411804
718.478088,       16.7693252563
718.812683,       17.0133018494
719.147217,       17.2851905823
719.481750,       17.5264873505
719.816223,       17.7494010925
720.150574,       18.1051158905
720.485046,       18.3873634338
720.819214,       18.6606655121
721.153564,       18.9765014648
721.487854,       19.2686443329
721.821960,       19.5473651886
722.156189,       19.9775180817
722.490234,       20.2815036774
722.824341,       20.5616836548
723.158264,       20.9229907990
723.492249,       21.2102088928
723.826172,       21.5075435638
724.159973,       21.8093833923
724.493835,       22.0676078796
724.827576,       22.3555831909
725.161316,       22.6569366455
725.494995,       22.8699169159
725.828613,       23.1676540375
726.162231,       23.4917030334
726.495728,       23.8870086670
726.829163,       24.1687507629
727.162720,       24.3546867371
727.496033,       24.6295223236
727.829468,       24.9353218079
728.162720,       25.1502132416
728.496033,       25.3958282471
728.829224,       25.6388282776
729.162354,       25.7506332397
729.495483,       25.9940776825
729.828552,       26.2209777832
730.161560,       26.4262313843
730.494629,       26.6438999176
730.827454,       26.8825092316
731.160400,       27.1292743683
731.493225,       27.4714107513
731.825989,       27.7307777405
732.158813,       27.9904327393
732.491455,       28.2620754242
732.824158,       28.5154876709
733.156799,       28.7733345032
733.489319,       28.8951129913
733.821899,       29.1071090698
734.154236,       29.3334693909
734.486755,       29.5653514862
734.819092,       29.7847537994
735.151428,       30.0213298798
735.483765,       30.2710647583
735.815857,       30.5165081024
736.148132,       30.7148990631
736.480286,       30.9189682007
736.812378,       31.1397037506
737.144470,       31.2826786041
737.476379,       31.4873924255
737.808411,       31.6951179504
738.140259,       31.9283523560
738.472168,       32.0646438599
738.804016,       32.2415008545
739.135742,       32.3562164307
739.467468,       32.5608139038
739.799133,       32.7651214600
740.130798,       32.8656692505
740.462402,       33.1407203674
740.793884,       33.4303207397
741.125366,       33.6175918579
741.456848,       33.7666778564
741.788208,       33.9589347839
742.119568,       34.0682868958
742.450928,       34.2217407227
742.782166,       34.3841667175
743.113281,       34.5747604370
743.444458,       34.7404670715
743.775635,       34.9278030396
744.106689,       35.1156501770
744.437683,       35.2500343323
744.768677,       35.4423446655
745.099609,       35.4939270020
745.430481,       35.6225013733
745.761353,       35.7971916199
746.092102,       35.9603958130
746.422852,       36.1200904846
746.753479,       36.2099113464
747.084229,       36.3489341736
747.414795,       36.3536529541
747.745300,       36.4671974182
748.075806,       36.5425796509
748.406311,       36.6579284668
748.736694,       36.7292175293
749.067078,       36.8584976196
749.397400,       36.9847106934
749.727722,       37.0666351318
750.057861,       37.1186141968
750.388062,       37.2348442078
750.718201,       37.2983169556
751.048279,       37.3695640564
751.378357,       37.4454154968
751.708252,       37.4851684570
752.038208,       37.6645622253
752.368164,       37.7559318542
752.697937,       37.8174362183
753.027832,       37.9097557068
753.357483,       37.9714813232
753.687256,       38.0722808838
754.016907,       38.1875648499
754.346497,       38.3162002563
754.676147,       38.2766113281
755.005493,       38.3033103943
755.335083,       38.3613243103
755.664490,       38.3983154297
755.993835,       38.4702491760
756.323181,       38.4907913208
756.652405,       38.5285491943
756.981689,       38.5739250183
757.310852,       38.6506233215
757.640015,       38.7708511353
757.969177,       38.7920150757
758.298096,       38.8416519165
758.627197,       38.9121055603
758.956116,       38.8844909668
759.284973,       38.8807563782
759.613892,       38.8309020996
759.942627,       38.8372268677
760.271423,       38.8069496155
760.600159,       38.7898788452
760.928772,       38.8237342834
761.257446,       38.7990264893
761.585999,       38.7994689941
761.914490,       38.9632377625
762.242981,       39.0405845642
762.571350,       39.0921516418
762.899841,       39.1143379211
763.228088,       39.1354446411
763.556396,       39.1857147217
763.884644,       39.1544723511
764.212830,       39.1365776062
764.541016,       39.1132354736
764.869080,       39.1072311401
765.197144,       39.1444625854
765.525146,       39.1033668518
765.853088,       39.1785736084
766.181030,       39.2679443359
766.508789,       39.3167953491
766.836670,       39.3842163086
767.164429,       39.4526710510
767.492126,       39.4486312866
767.819824,       39.4211578369
768.147400,       39.4916801453
768.475037,       39.5384063721
768.802490,       39.5506591797
769.130005,       39.5491943359
769.457458,       39.5519065857
769.784790,       39.6218681335
770.112183,       39.6344375610
770.439453,       39.6391639709
770.766663,       39.7147598267
771.093872,       39.7152290344
771.420959,       39.6789627075
771.748108,       39.7048339844
772.075195,       39.8081054688
772.402161,       39.8508186340
772.729126,       39.7847785950
773.055969,       39.7558860779
773.382874,       39.7994232178
773.709717,       39.7598915100
774.036438,       39.6967391968
774.363159,       39.7977409363
774.689758,       39.8444099426
775.016479,       39.7738227844
775.343018,       39.7922515869
775.669495,       39.7489814758
775.996033,       39.7407836914
776.322449,       39.7653541565
776.648865,       39.7024078369
776.975098,       39.7524833679
777.301453,       39.7812080383
777.627686,       39.7978668213
777.953857,       39.9083480835
778.280029,       39.8871765137
778.606079,       40.0158081055
778.932068,       39.9079208374
779.258179,       39.9189186096
779.584045,       39.9572334290
779.909973,       39.9485359192
780.235840,       39.9769897461
780.561646,       40.0310554504
780.887390,       40.0354804993
781.213135,       39.9727020264
781.538757,       39.9416389465
781.864380,       40.1783599854
782.189880,       40.2486724854
782.515442,       40.1902046204
782.840942,       40.2103881836
783.166321,       40.1907577515
783.491699,       40.2474517822
783.817017,       40.2210159302
784.142395,       40.2222747803
784.467529,       40.2012138367
784.792725,       40.1197471619
785.117859,       40.1627807617
785.442932,       40.0732460022
785.768005,       40.1181716919
786.092957,       40.0459861755
786.417908,       40.0443611145
786.742798,       40.0601043701
787.067566,       40.0794487000
787.392456,       40.0424766541
787.717163,       40.1128425598
788.041870,       40.1773910522
788.366577,       40.1517257690
788.691101,       39.9151458740
789.015686,       39.9884643555
789.340149,       40.0714721680
789.664673,       40.0766944885
789.989075,       40.1338119507
790.313354,       40.3824119568
790.637756,       40.4322280884
790.962036,       40.4846420288
791.286194,       40.5474586487
791.610413,       40.5472145081
791.934448,       40.5947189331
792.258606,       40.6547584534
792.582581,       40.7141876221
792.906555,       40.8167114258
793.230530,       40.8003578186
793.554321,       40.8265533447
793.878174,       40.8348159790
794.201965,       40.8615570068
794.525696,       40.8940544128
794.849426,       40.9188842773
795.172974,       40.9753303528
795.496643,       41.0943832397
795.820129,       41.0184097290
796.143616,       41.0124816895
796.467102,       41.0432243347
796.790405,       41.0720825195
797.113831,       40.8182716370
797.437134,       40.8043441772
797.760315,       40.7886085510
798.083618,       40.7360496521
798.406677,       40.8439712524
798.729797,       40.9127044678
799.052856,       40.9262733459
799.375854,       40.8548774719
799.698853,       40.8824844360
800.021729,       41.0183219910
800.344604,       40.9785766602
800.667358,       41.0836982727
800.990112,       41.1277313232
801.312866,       41.1709938049
801.635498,       41.1645278931
801.958191,       41.2005004883
802.280701,       41.1322097778
802.603210,       41.0658302307
802.925781,       41.0764007568
803.248108,       41.0594139099
803.570496,       41.0141220093
803.892822,       41.0735397339
804.215088,       41.0998687744
804.537354,       41.0799560547
804.859436,       41.0778350830
805.181641,       40.9266433716
805.503723,       40.9165763855
805.825745,       40.8941612244
806.147766,       40.9191207886
806.469604,       40.8748550415
806.791504,       40.8907890320
807.113342,       40.9878234863
807.435181,       40.8995704651
807.756897,       40.9032173157
808.078552,       40.8395042419
808.400208,       40.9204025269
808.721802,       40.9970664978
809.043335,       41.0351753235
809.364929,       41.1005096436
809.686279,       41.0706443787
810.007751,       41.0682334900
810.329041,       41.0403556824
810.650330,       41.0774688721
810.971619,       41.0331840515
811.292786,       41.0917587280
811.613953,       41.1554412842
811.935059,       41.1808738708
812.256104,       41.1331214905
812.577148,       41.1459426880
812.898071,       41.1732711792
813.218994,       41.2043800354
813.539795,       41.0823631287
813.860596,       41.1075515747
814.181396,       41.0853195190
814.502136,       41.0468330383
814.822754,       41.1046791077
815.143372,       41.0050582886
815.463928,       40.9638252258
815.784485,       41.0258903503
816.104919,       40.9869041443
816.425354,       40.9767494202
816.745728,       41.0111045837
817.065979,       41.0350036621
817.386353,       41.0148277283
817.706421,       41.0859107971
818.026733,       41.1112709045
818.346863,       41.1131553650
818.666809,       41.2043037415
818.986938,       41.2186241150
819.306824,       41.1753273010
819.626770,       41.2144660950
819.946716,       41.2034797668
820.266479,       41.2872314453
820.586304,       41.2386932373
820.905945,       41.2760391235
821.225647,       41.3240776062
821.545349,       41.3277626038
821.864868,       41.4046058655
822.184448,       41.5382995605
822.503845,       41.5595474243
822.823364,       41.5667877197
823.142761,       41.7040367126
823.462036,       41.7520484924
823.781372,       41.7708244324
824.100525,       41.7467117310
824.419800,       41.7342453003
824.738953,       41.7037353516
825.057922,       41.7288703918
825.377014,       41.6840438843
825.695984,       41.7619132996
826.014954,       41.8146934509
826.333862,       41.7484397888
826.652649,       41.7798728943
826.971497,       41.7750930786
827.290100,       41.8090629578
827.608887,       41.8424644470
827.927612,       41.8570861816
828.246094,       41.8153686523
828.564697,       41.7314376831
828.883118,       41.6253509521
829.201599,       41.5765914917
829.520020,       41.5447578430
829.838318,       41.4981079102
830.156616,       41.4139671326
830.474854,       41.4631423950
830.793091,       41.5540275574
831.111267,       41.4915008545
831.429260,       41.5048942566
831.747437,       41.4579544067
832.065308,       41.4761314392
832.383362,       41.5024032593
832.701233,       41.5573997498
833.019043,       41.5849342346
833.336914,       41.5521965027
833.654663,       41.5102043152
833.972351,       41.4549636841
834.289978,       41.4841041565
834.607483,       41.4970741272
834.925171,       41.5547981262
835.242676,       41.5902824402
835.560059,       41.5356445313
835.877502,       41.4958305359
836.194763,       41.5718002319
836.512146,       41.5450706482
836.829468,       41.6799430847
837.146545,       41.7041893005
837.463745,       41.5637168884
837.780823,       41.6294937134
838.097900,       41.6347961426
838.414917,       41.7036247253
838.731873,       41.6466903687
839.048828,       41.6114654541
839.365540,       41.5765228271
839.682434,       41.6061744690
839.999207,       41.6835594177
840.315857,       41.6900825500
840.632568,       41.7661209106
840.949097,       41.7293891907
841.265747,       41.6975593567
841.582275,       41.7762184143
841.898682,       41.8033409119
842.215088,       41.8727416992
842.531433,       41.9065704346
842.847778,       41.8702468872
843.164063,       41.8991699219
843.480164,       41.8101539612
843.796387,       41.7404975891
844.112427,       41.7744293213
844.428528,       41.8653793335
844.744568,       41.8113670349
845.060486,       41.9132003784
845.376404,       41.9720039368
845.692200,       41.9119720459
846.008057,       41.9139785767
846.323853,       41.9610748291
846.639465,       41.9843139648
846.955139,       41.9876556396
847.270691,       41.9178581238
847.586304,       41.8975982666
847.901855,       41.9194107056
848.217224,       41.7840919495
848.532715,       41.8534278870
848.847961,       42.0400161743
849.163330,       42.0062675476
849.478638,       42.0229034424
849.793823,       42.0395851135
850.108948,       42.0547904968
850.424011,       42.1294326782
850.739136,       42.2215614319
851.054199,       42.1377372742
851.369019,       42.1578216553
851.684021,       42.0686798096
851.998779,       42.1721191406
852.313660,       42.2384948730
852.628418,       42.2269515991
852.943054,       42.2501602173
853.257751,       42.2042236328
853.572327,       42.2591400146
853.886841,       42.2917480469
854.201477,       42.4559097290
854.515808,       42.5036125183
854.830261,       42.5453834534
855.144592,       42.4620285034
855.458862,       42.2037391663
855.773193,       42.2241554260
856.087280,       42.2505035400
856.401489,       42.1765098572
856.715515,       42.2761116028
857.029602,       42.3476142883
857.343628,       42.2723846436
857.657532,       42.2381515503
857.971497,       42.2961769104
858.285278,       42.2352180481
858.599121,       42.1755447388
858.912903,       42.1453742981
859.226501,       42.1880874634
859.540222,       42.1247711182
859.853699,       42.1457939148
860.167297,       42.1499900818
860.480896,       42.2749710083
860.794250,       42.2185707092
861.107666,       42.2457885742
861.420959,       42.2858352661
861.734314,       42.3338050842
862.047546,       42.3155899048
862.360657,       42.4043159485
862.673889,       42.5259246826
862.986938,       42.5951614380
863.299988,       42.5764312744
863.613037,       42.7964515686
863.925903,       42.8559532166
864.238831,       43.1594657898
864.551575,       43.1032257080
864.864380,       43.1683197021
865.177185,       43.1953773499
865.489807,       43.2152290344
865.802490,       43.1926422119
866.114990,       43.2775878906
866.427612,       43.4118270874
866.740112,       43.4083328247
867.052429,       43.3661766052
867.364868,       43.3090972900
867.677124,       43.2872047424
867.989502,       43.3468780518
868.301758,       43.3835372925
868.613831,       43.4988632202
868.926025,       43.4910507202
869.238159,       43.3720092773
869.550049,       43.3810691833
869.862122,       43.4328117371
870.173950,       43.1414299011
870.485901,       43.0766983032
870.797791,       42.8154602051
871.109497,       42.9415893555
871.421204,       42.9244422913
871.732849,       42.9618186951
872.044495,       43.0118217468
872.356079,       42.9785156250
872.667542,       42.9290008545
872.979065,       42.7732963562
873.290344,       42.8173370361
873.601807,       42.7443389893
873.913147,       42.9264221191
874.224304,       42.9255790710
874.535645,       42.8679618835
874.846741,       42.8635101318
875.157837,       42.9193382263
875.468994,       42.9908638000
875.779907,       43.0763092041
876.090881,       43.1496467590
876.401733,       43.1113166809
876.712646,       43.1003265381
877.023499,       43.1478958130
877.334167,       43.1483917236
877.644897,       43.0842514038
877.955505,       43.0572547913
878.266113,       43.0154228210
878.576721,       42.9822845459
878.887146,       43.1125144958
879.197571,       43.0910835266
879.507996,       43.1987953186
879.818298,       43.1626205444
880.128662,       43.4191856384
880.438843,       43.1438255310
880.749084,       43.3018264771
881.059143,       43.7525787354
881.369263,       43.6896095276
881.679382,       43.5131721497
881.989258,       43.5008277893
882.299194,       43.4002418518
882.609070,       43.3553504944
882.918945,       43.3298721313
883.228760,       43.3744964600
883.538452,       43.3697547913
883.848145,       43.5699157715
884.157654,       43.6264076233
884.467285,       43.7175903320
884.776917,       43.7078895569
885.086243,       43.8375282288
885.395813,       43.8165626526
885.705017,       43.8368415833
886.014404,       43.7702903748
886.323730,       43.8241195679
886.632874,       43.6482276917
886.942078,       43.8998107910
887.251160,       43.7919502258
887.560242,       43.3174972534
887.869263,       43.4507865906
888.178162,       43.5135231018
888.487122,       43.4076156616
888.795898,       43.4510498047
889.104797,       43.4646682739
889.413513,       43.4678535461
889.722168,       43.5111312866
890.030884,       43.5927314758
890.339417,       43.4339866638
890.648010,       43.3602256775
890.956543,       43.2573509216
891.264893,       43.2773780823
891.573364,       43.2044906616
891.881653,       43.2144660950
892.189941,       43.2707977295
892.498230,       43.4416961670
892.806335,       43.4706077576
893.114502,       43.5285491943
893.422546,       43.3993339539
893.730652,       43.4088668823
894.038696,       43.5455474854
894.346497,       43.5028800964
894.654419,       43.5865173340
894.962158,       43.6486053467
895.270020,       43.6970787048
895.577759,       43.6933326721
895.885376,       43.8014602661
896.192993,       43.7152786255
896.500549,       43.6773490906
896.808044,       43.6529846191
897.115601,       43.6884460449
897.422913,       43.8914184570
897.730347,       43.9706344604
898.037598,       44.0860366821
898.344910,       44.1368293762
898.652161,       44.1364364624
898.959167,       44.1226348877
899.266418,       44.1650848389
899.573364,       44.1849365234
899.880371,       44.1918182373
900.187378,       44.2119407654
900.494202,       44.1742591858
900.801086,       44.1319274902
901.107788,       44.1265602112
901.414612,       44.1405372620
901.721375,       44.1061820984
902.027832,       44.1285896301
902.334534,       44.0312652588
902.641113,       44.0995292664
902.947510,       44.0713653564
903.253967,       44.1110954285
903.560242,       44.1223678589
903.866638,       43.9814872742
904.172974,       43.8412666321
904.479126,       43.7039375305
904.785278,       43.6566734314
905.091370,       43.5781555176
905.397461,       43.4389991760
905.703552,       43.3626747131
906.009399,       43.3419151306
906.315369,       43.4367065430
906.621155,       43.3853836060
906.927002,       43.3161239624
907.232788,       43.2988929749
907.538452,       43.3303833008
907.844116,       43.3029670715
908.149658,       43.4051818848
908.455200,       43.3522987366
908.760803,       43.4271621704
909.066162,       43.4495162964
909.371582,       43.4709053040
909.676880,       43.4313430786
909.982178,       43.5347023010
910.287476,       43.5779228210
910.592529,       43.6048316956
910.897705,       43.7314529419
911.202759,       43.7432899475
911.507813,       43.8394203186
911.812805,       43.8243675232
912.117676,       43.8295059204
912.422546,       43.8426361084
912.727356,       43.7799835205
913.032104,       43.7560386658
913.336853,       43.7470397949
913.641479,       43.7783432007
913.946106,       43.6587791443
914.250610,       43.7589797974
914.555115,       43.6883125305
914.859619,       43.7362747192
915.163940,       43.6092529297
915.468323,       43.5058784485
915.772583,       43.5564117432
916.076843,       43.5380592346
916.381104,       43.4298439026
916.685120,       43.3774452209
916.989258,       43.5263671875
917.293213,       43.3486061096
917.597290,       43.6464729309
917.901184,       43.8572998047
918.205017,       43.8990173340
918.508850,       43.8824310303
918.812561,       43.8816909790
919.116333,       43.9272270203
919.420044,       43.9589653015
919.723572,       44.0378303528
920.027222,       44.0494499207
920.330627,       44.0236854553
920.634094,       44.0067939758
920.937561,       43.9152336121
921.240784,       44.1045684814
921.544189,       44.1131401062
921.847351,       44.1224746704
922.150574,       44.2483711243
922.453735,       44.4431457520
922.756775,       44.4140472412
923.059875,       44.3697509766
923.362793,       44.2145080566
923.665771,       44.3789672852
923.968689,       43.9967346191
924.271362,       43.7417221069
924.574219,       43.7713775635
924.876892,       43.7794876099
925.179565,       43.6547164917
925.482239,       43.4389266968
925.784729,       43.4478797913
926.087280,       43.3398971558
926.389648,       43.3533744812
926.692078,       43.3272628784
926.994507,       43.3133125305
927.296692,       43.3694229126
927.599060,       43.2229995728
927.901123,       43.1691780090
928.203308,       43.1681022644
928.505432,       42.9778862000
928.807434,       42.8066520691
929.109436,       42.8887176514
929.411316,       42.9804878235
929.713196,       42.9890594482
930.015015,       42.8417968750
930.316711,       42.9982948303
930.618530,       42.9952583313
930.920105,       42.8908233643
931.221802,       43.1168479919
931.523315,       43.1586265564
931.824829,       43.2072563171
932.126282,       43.2317810059
932.427612,       43.2033271790
932.729004,       43.1984481812
933.030334,       43.1812591553
933.331482,       43.1091995239
933.632751,       43.0612487793
933.933777,       43.0064010620
934.234924,       43.1181869507
934.536011,       43.1954307556
934.836914,       43.2857971191
935.137878,       43.2760696411
935.438660,       43.1526794434
935.739502,       43.1244354248
936.040344,       43.2635841370
936.340942,       43.2561454773
936.641663,       43.1889839172
936.942383,       43.2174530029
937.242798,       43.4554710388
937.543335,       43.2839546204
937.843750,       43.3181419373
938.144165,       43.4705581665
938.444580,       43.4492340088
938.744751,       43.4791831970
939.045044,       43.6134796143
939.345154,       43.7492980957
939.645325,       43.7212448120
939.945435,       43.9468803406
940.245361,       44.0644416809
940.545410,       44.0706710815
940.845215,       44.0897712708
941.145142,       44.1867141724
941.445007,       44.3056221008
941.744629,       44.3896331787
942.044434,       44.2764434814
942.343994,       44.2791213989
942.643677,       44.3625373840
942.943237,       44.4104957581
943.242676,       44.5755081177
943.542114,       44.8036727905
943.841431,       44.5767517090
944.140808,       44.4218254089
944.440125,       44.4734077454
944.739258,       44.7169418335
945.038513,       44.7369804382
945.337524,       44.6633377075
945.636597,       44.7695884705
945.935669,       44.8523025513
946.234558,       44.6613273621
946.533508,       44.5310630798
946.832275,       44.8554840088
947.131165,       44.8538856506
947.429932,       44.5981788635
947.728516,       44.3806838989
948.027222,       44.4235191345
948.325745,       44.6015243530
948.624329,       44.9484405518
948.922852,       44.9300842285
949.221191,       44.9026374817
949.519592,       44.9421920776
949.817810,       44.6856231689
950.116150,       45.1961975098
950.414368,       45.3021545410
950.712463,       45.3308181763
951.010620,       44.9043197632
951.308594,       44.8940124512
951.606628,       44.8438720703
951.904602,       44.8921928406
952.202454,       44.9407157898
952.500305,       45.7298889160
952.798035,       45.9091949463
953.095825,       45.5972557068
953.393494,       45.5515670776
953.691040,       45.9795455933
953.988647,       46.0728454590
954.286133,       46.1595993042
954.583618,       46.1296119690
954.881042,       45.6044425964
955.178345,       45.6757011414
955.475647,       46.0389747620
955.772827,       45.9889984131
956.070068,       45.8528366089
956.367310,       45.6487007141
956.664307,       45.7464027405
956.961365,       45.7302551270
957.258240,       45.8264045715
957.555176,       46.4512672424
957.852112,       46.3822135925
958.148865,       46.2802734375
958.445679,       46.2095947266
958.742310,       45.3167877197
959.039001,       45.4273681641
959.335632,       45.3744812012
959.632141,       45.6320037842
959.928650,       45.3588027954
960.224976,       45.7013206482
960.521484,       45.8985786438
960.817871,       45.9092178345
961.114014,       45.9096870422
961.410339,       45.7684364319
961.706421,       45.3065299988
962.002563,       44.9659690857
962.298645,       45.1080474854
962.594604,       44.9415397644
962.890564,       44.9808273315
963.186401,       47.5739974976
963.482300,       47.8803329468
963.778137,       47.3885803223
964.073792,       47.4749298096
964.369568,       47.3508644104
964.665100,       47.3811149597
964.960693,       47.5126876831
965.256287,       47.7248802185
965.551697,       47.7281799316
965.847168,       47.4887123108
966.142395,       47.5647430420
966.437744,       47.6794128418
966.733032,       47.2457313538
967.028198,       47.3280677795
967.323364,       47.5181808472
967.618408,       47.5505065918
967.913513,       47.8577919006
968.208496,       48.4602432251
968.503357,       48.3491630554
968.798279,       48.3754463196
969.093018,       48.3278350830
969.387817,       44.9925193787
969.682556,       44.8084449768
969.977173,       45.0241508484
970.271790,       45.4917335510
970.566406,       45.7906913757
970.860779,       45.8376502991
971.155334,       45.9206428528
971.449646,       45.2229156494
971.743958,       45.3905296326
972.038330,       45.4897727966
972.332458,       45.3853950500
972.626648,       44.9753227234
972.920715,       45.0680541992
973.214844,       45.1416091919
973.508911,       45.2444839478
973.802734,       45.9388694763
974.096741,       46.0579185486
974.390442,       45.7066688538
974.684265,       45.7574958801
974.978088,       45.8220825195
975.271667,       46.0307121277
975.565369,       46.3305549622
975.858826,       46.6359405518
976.152405,       46.4235649109
976.445923,       46.0657234192
976.739258,       45.8807830811
977.032654,       45.8517227173
977.325867,       45.9025573730
977.619202,       46.1971359253
977.912415,       46.7428131104
978.205505,       46.7650146484
978.498596,       46.9506492615
978.791504,       47.1954689026
979.084534,       47.5449981689
979.377563,       47.7222633362
979.670288,       47.7924156189
979.963196,       47.1881561279
980.255859,       46.9014434814
980.548584,       46.9296760559
980.841309,       46.9984931946
981.133850,       46.9870910645
981.426392,       47.3794059753
981.718811,       47.1581115723
982.011292,       46.6855545044
982.303650,       46.7052803040
982.595886,       46.7972908020
982.888245,       47.2218513489
983.180359,       47.3884277344
983.472595,       47.2935333252
983.764709,       47.0692443848
984.056641,       46.7131576538
984.348755,       46.7210426331
984.640625,       46.8783416748
984.932495,       46.8106079102
985.224365,       46.4498863220
985.516052,       46.2175025940
985.807861,       46.2280349731
986.099426,       47.1704177856
986.391052,       47.1755638123
986.682678,       47.2103843689
986.974121,       47.3171882629
987.265625,       47.4039726257
987.556885,       46.7721824646
987.848328,       46.7456970215
988.139648,       46.9122810364
988.430786,       46.7025146484
988.721985,       46.2574310303
989.013000,       45.9594764709
989.304138,       46.4600486755
989.595215,       46.5105972290
989.886047,       46.9143829346
990.177002,       46.4367256165
990.467834,       46.8086433411
990.758606,       46.6245460510
991.049377,       46.6466674805
991.339966,       47.6973876953
991.630676,       47.8018417358
991.921143,       47.1540641785
992.211670,       47.2564544678
992.502197,       46.9522323608
992.792542,       46.7331542969
993.082886,       46.2016448975
993.373169,       46.2228965759
993.663452,       46.7059631348
993.953613,       46.9908370972
994.243713,       46.8933029175
994.533813,       46.6987266541
994.823792,       47.1509475708
995.113770,       46.8767776489
995.403687,       46.4102630615
995.693481,       46.2612075806
995.983337,       45.8346405029
996.273010,       46.0569686890
996.562744,       45.3195037842
996.852417,       45.8228034973
997.141907,       46.0594100952
997.431458,       44.9517707825
997.720886,       45.0466995239
998.010315,       45.3746719360
998.299744,       44.0466537476
998.588928,       43.8602790833
998.878296,       43.8934440613
999.167419,       44.1022453308
999.456543,       45.7072219849
999.745667,       45.0769958496
1000.034607,       44.8774032593
1000.323669,       44.7228317261
1000.612488,       45.7866287231
1000.901367,       45.6992034912
1001.190247,       45.4866447449
1001.478882,       45.3044471741
1001.767639,       46.6762466431
1002.056335,       46.2017517090
1002.344849,       46.7861824036
1002.633423,       47.0118675232
1002.921814,       46.7579536438
1003.210266,       46.2104148865
1003.498657,       45.9720954895
1003.786926,       45.8094215393
1004.075256,       46.9225578308
1004.363342,       46.7688293457
1004.651489,       46.5708770752
1004.939697,       47.2522392273
1005.227600,       48.4830780029
1005.515686,       47.5061874390
1005.803467,       48.5861701965
1006.091370,       48.6380233765
1006.379272,       49.2046432495
1006.666870,       48.5565109253
1006.954712,       48.0833663940
1007.242188,       49.0771446228
1007.529907,       49.0117034912
1007.817444,       47.5828323364
1008.104858,       49.5372619629
1008.392334,       48.4132690430
1008.679565,       49.2121086121
1008.966980,       48.8595085144
1009.254272,       49.0633544922
1009.541382,       49.3962173462
1009.828613,       48.7981338501
1010.115601,       47.4155693054
1010.402649,       47.7170753479
1010.689697,       48.2642440796
1010.976563,       47.8010253906
1011.263489,       48.4208641052
1011.550171,       47.7206840515
1011.837036,       46.6714668274
1012.123657,       46.8330421448
1012.410278,       47.5692138672
1012.696899,       48.9509658813
1012.983337,       50.0596389771
1013.269897,       49.0484008789
1013.556396,       49.4917488098
1013.842651,       50.5794754028
1014.129028,       49.3541526794
1014.415161,       49.9512825012
1014.701477,       49.7502212524
1014.987671,       50.9656715393
1015.273560,       50.7922058105
1015.559692,       51.7995643616
1015.845581,       52.4825859070
1016.131592,       54.3974037170
1016.417542,       54.7284851074
1016.703247,       55.4035720825
1016.989014,       55.3240547180
1017.274658,       54.5254364014
1017.560303,       55.6178207397
1017.845947,       55.2161636353
1018.131409,       55.4933128357
1018.416870,       54.8798446655
1018.702271,       53.9057807922
1018.987671,       53.7744178772
1019.272949,       56.1562881470
1019.558228,       56.6917610168
1019.843445,       55.3520736694
1020.128540,       55.2484703064
1020.413574,       55.0699577332
1020.698608,       55.1660842896
1020.983521,       53.7699584961
1021.268555,       56.9969062805
1021.553284,       58.6654663086
1021.838135,       59.3695526123
1022.122925,       57.7024154663
1022.407593,       62.7382926941
1022.692261,       24.6305313110
1022.976807,       45.4909858704
1023.261292,       42.0618476868
1023.545837,       56.3265304565
1023.830200,       46.7268600464
1024.114624,       93.9072799683
1024.398804,       92.2137527466
1024.683105,       57.8044586182
1024.967285,       42.4580993652
