340.270844,        0.0000000000
340.648560,        0.0000000000
341.026306,     -404.9998779297
341.403961,    -1677.7791748047
341.781616,   -15800.0166015625
342.159210,    -1811.1130371094
342.536743,        9.3333911896
342.914307,       66.5217361450
343.291779,      102.5089645386
343.669250,        0.0000000000
344.046661,       63.8686370850
344.424042,       63.5913009644
344.801422,       62.6370964050
345.178711,       67.1761093140
345.556000,       69.2770156860
345.933258,       74.3109970093
346.310486,       77.3210220337
346.687622,       76.5724105835
347.064758,       78.0405578613
347.441895,       75.5269088745
347.818939,       76.0326538086
348.195953,       76.7919845581
348.572937,       75.0786209106
348.949890,       75.8535003662
349.326843,       73.2933731079
349.703735,       73.9728393555
350.080597,       74.8320846558
350.457397,       74.9434661865
350.834198,       70.3812484741
351.210968,       69.7866592407
351.587646,       71.7473831177
351.964325,       72.5091247559
352.340942,       71.4105148315
352.717560,       74.5588531494
353.094147,       75.0128326416
353.470673,       75.3138809204
353.847168,       73.8182373047
354.223602,       72.9700698853
354.600037,       72.9292526245
354.976440,       72.0672531128
355.352783,       74.3289566040
355.729126,       75.7748870850
356.105408,       76.2751083374
356.481628,       76.3128128052
356.857849,       75.9838027954
357.234009,       77.5370864868
357.610168,       78.1681976318
357.986267,       74.9863052368
358.362366,       73.8547058105
358.738373,       72.7434921265
359.114349,       73.3988723755
359.490326,       72.6179962158
359.866241,       70.2936325073
360.242157,       71.0855941772
360.617981,       67.8198852539
360.993805,       67.0290603638
361.369568,       68.2823867798
361.745331,       68.8766403198
362.121033,       69.6510620117
362.496704,       69.2251815796
362.872314,       67.2829360962
363.247925,       66.2751235962
363.623505,       63.3136444092
363.999023,       58.5981559753
364.374542,       64.9052047729
364.750000,       64.2201461792
365.125397,       64.6540374756
365.500763,       63.7785987854
365.876160,       63.1648826599
366.251434,       62.0689392090
366.626740,       61.5184783936
367.001953,       64.0765686035
367.377136,       63.4918136597
367.752350,       63.8179550171
368.127472,       66.5865020752
368.502594,       66.1459274292
368.877625,       65.5906295776
369.252625,       63.5568389893
369.627625,       62.6827316284
370.002563,       62.6194725037
370.377502,       63.6032638550
370.752380,       63.9167900085
371.127228,       69.0956039429
371.502014,       68.8291625977
371.876770,       69.8700714111
372.251526,       66.8909606934
372.626221,       65.5248565674
373.000885,       64.4251861572
373.375488,       63.3724632263
373.750092,       65.2889404297
374.124664,       67.8302230835
374.499146,       71.1959991455
374.873627,       70.3055801392
375.248108,       69.0410308838
375.622467,       74.8963165283
375.996887,       75.1267547607
376.371185,       75.7489852905
376.745483,       75.0817108154
377.119751,       76.1091461182
377.493958,       76.6484222412
377.868195,       75.5294876099
378.242310,       75.2298660278
378.616394,       77.6424179077
378.990540,       73.8318710327
379.364563,       73.4875183105
379.738556,       72.9875335693
380.112518,       70.1711578369
380.486481,       71.6441192627
380.860352,       71.9667739868
381.234192,       73.5448150635
381.608063,       71.7275772095
381.981812,       69.1868667603
382.355591,       66.2639465332
382.729309,       66.0253219604
383.102966,       64.4319534302
383.476624,       55.7449798584
383.850220,       53.1291770935
384.223816,       53.6959571838
384.597321,       53.7589416504
384.970856,       54.7172622681
385.344299,       52.1502609253
385.717682,       50.4436302185
386.091125,       50.0337791443
386.464447,       45.4449462891
386.837769,       44.1766433716
387.211029,       47.6959190369
387.584290,       48.2574386597
387.957489,       49.7020721436
388.330627,       48.2021408081
388.703766,       49.0968132019
389.076874,       48.9395675659
389.449921,       52.4740219116
389.822937,       52.3460502625
390.195923,       52.4457283020
390.568878,       51.6833190918
390.941772,       53.4472160339
391.314636,       52.7909584045
391.687500,       51.0408859253
392.060272,       49.3674888611
392.433075,       48.9141921997
392.805756,       45.6238975525
393.178436,       45.0868873596
393.551117,       47.7312164307
393.923737,       49.9238586426
394.296326,       49.9250526428
394.668854,       49.5870056152
395.041321,       46.4408111572
395.413849,       47.7639503479
395.786255,       48.3066329956
396.158630,       48.2205047607
396.531006,       46.8422584534
396.903320,       44.8324775696
397.275604,       44.9733657837
397.647827,       45.2434692383
398.020050,       48.4154891968
398.392212,       48.2198753357
398.764343,       46.5274353027
399.136444,       46.4569015503
399.508514,       46.4993553162
399.880554,       46.0142784119
400.252533,       47.7943077087
400.624512,       49.8687820435
400.996399,       50.4652442932
401.368286,       49.8171043396
401.740112,       47.5236930847
402.111908,       45.8073539734
402.483673,       44.3235588074
402.855408,       44.5029449463
403.227081,       43.1839599609
403.598755,       40.5316314697
403.970367,       39.1842079163
404.341980,       39.9906883240
404.713501,       40.8315200806
405.085022,       39.3575744629
405.456482,       38.1217498779
405.827911,       34.5626220703
406.199310,       33.0363235474
406.570648,       33.5102348328
406.942017,       32.5737838745
407.313263,       31.4654922485
407.684509,       31.3183212280
408.055725,       28.9107265472
408.426880,       28.1563663483
408.798035,       29.4329528809
409.169128,       29.2814426422
409.540161,       30.6150760651
409.911224,       31.0864353180
410.282196,       31.8285408020
410.653137,       31.1486091614
411.024048,       29.8164634705
411.394897,       31.5176658630
411.765747,       31.6683254242
412.136536,       31.2679805756
412.507324,       33.1937866211
412.878052,       32.7935562134
413.248718,       36.9747924805
413.619385,       36.3024940491
413.989990,       36.1608848572
414.360565,       36.8508300781
414.731110,       36.3722457886
415.101563,       36.5925598145
415.472076,       36.6861000061
415.842468,       36.1415214539
416.212891,       36.6671638489
416.583221,       35.2161369324
416.953522,       34.7472839355
417.323792,       32.6299896240
417.694031,       34.2575683594
418.064240,       34.5130310059
418.434418,       35.7183723450
418.804535,       38.6844978333
419.174622,       38.3638534546
419.544678,       37.4139785767
419.914673,       36.8293647766
420.284668,       34.8436622620
420.654572,       33.5196723938
421.024475,       30.0805053711
421.394348,       31.9792118073
421.764191,       32.1150283813
422.133972,       32.0663604736
422.503693,       34.0338630676
422.873444,       33.9382095337
423.243134,       33.7311706543
423.612762,       33.4933586121
423.982330,       31.3401546478
424.351929,       30.8354473114
424.721436,       30.0006217957
425.090942,       30.3327083588
425.460358,       29.4872608185
425.829773,       28.9055404663
426.199158,       27.2633991241
426.568481,       24.5658931732
426.937775,       23.7682113647
427.307037,       25.0411682129
427.676239,       24.6195220947
428.045441,       23.9366149902
428.414581,       23.3408012390
428.783722,       24.5637683868
429.152802,       22.3771171570
429.521790,       25.0313987732
429.890839,       24.4420490265
430.259766,       21.7631206512
430.628693,       23.1067333221
430.997589,       22.2821865082
431.366425,       22.0512161255
431.735229,       21.7093219757
432.104004,       21.3693389893
432.472748,       22.5955123901
432.841431,       22.2014389038
433.210052,       21.9872989655
433.578705,       20.8492908478
433.947266,       21.2354831696
434.315826,       20.6607036591
434.684326,       20.9775390625
435.052765,       19.9406814575
435.421204,       23.3966655731
435.789612,       23.0684261322
436.157959,       24.2023601532
436.526276,       22.3627815247
436.894531,       22.1050395966
437.262756,       18.6403980255
437.630951,       17.9121131897
437.999146,       17.8785285950
438.367249,       16.0836887360
438.735321,       15.6827640533
439.103394,       15.1117134094
439.471405,       15.2739915848
439.839386,       43.2289733887
440.207306,       42.8171997070
440.575195,       42.8672752380
440.943054,       41.8031463623
441.310883,       41.7460899353
441.678680,       41.5510559082
442.046387,       41.2087440491
442.414093,       40.5718765259
442.781799,       40.2476425171
443.149414,       38.2969665527
443.516998,       37.9242134094
443.884552,       36.9571838379
444.252045,       36.8456230164
444.619537,       36.2261848450
444.987000,       36.1680374146
445.354401,       36.3896636963
445.721710,       36.9357452393
446.089081,       36.9866180420
446.456360,       37.1884269714
446.823608,       37.3664741516
447.190826,       37.7310943604
447.557953,       11.6252765656
447.925110,       10.9365577698
448.292175,       10.3183965683
448.659271,       10.8310775757
449.026276,       10.5800714493
449.393250,       10.1545791626
449.760193,       10.4043369293
450.127075,       10.0690174103
450.493958,       10.2810811996
450.860779,        9.3471689224
451.227570,        9.6799335480
451.594330,        9.9955091476
451.960999,       10.0123653412
452.327698,       10.2529563904
452.694336,        9.9636592865
453.060913,        9.3526306152
453.427490,        8.4842157364
453.793976,        8.3108682632
454.160492,        7.9256720543
454.526917,        8.1814441681
454.893311,        7.7644562721
455.259674,        7.5044856071
455.626007,        7.8530302048
455.992310,        8.3704900742
456.358551,        7.9256095886
456.724731,        8.4412183762
457.090912,        8.7480497360
457.457031,        8.6597204208
457.823151,        8.8256092072
458.189209,        8.6117630005
458.555206,        8.7896184921
458.921173,        8.3752441406
459.287109,        8.2909870148
459.653015,        8.8018970490
460.018890,        8.6303882599
460.384705,        8.7681655884
460.750519,        8.4340171814
461.116241,        8.2875003815
461.481964,        7.9641213417
461.847626,        8.3395013809
462.213226,        8.0745782852
462.578827,        8.4116649628
462.944427,        8.1849527359
463.309906,        7.7095732689
463.675385,        7.1367993355
464.040802,        7.0320749283
464.406219,        6.6807789803
464.771606,        6.0743532181
465.136902,        6.0128126144
465.502197,        5.7498359680
465.867462,        5.7678098679
466.232635,        5.3879513741
466.597839,        5.4536147118
466.962921,        5.5064802170
467.328003,        5.1610994339
467.693054,        5.2330603600
468.058075,        5.1966705322
468.423035,        6.0631666183
468.787994,        6.1331858635
469.152863,        6.3884129524
469.517700,        5.9006757736
469.882538,        5.5864596367
470.247314,        4.8307156563
470.612061,        6.0659708977
470.976746,        5.9861850739
471.341431,        6.3601970673
471.706024,        6.6459178925
472.070618,        6.9026336670
472.435181,        6.7522711754
472.799622,        6.6123313904
473.164124,        6.9874258041
473.528534,        6.8193821907
473.892975,        6.9165802002
474.257294,        6.9022984505
474.621582,        6.5678529739
474.985870,        6.5817847252
475.350098,        6.8935661316
475.714325,        6.6469817162
476.078461,        6.3552417755
476.442535,        6.2622570992
476.806641,        6.0330624580
477.170685,        6.0990953445
477.534668,        5.9746103287
477.898621,        6.1784610748
478.262512,        5.2384262085
478.626404,        5.7767834663
478.990265,        5.5143852234
479.354065,        5.2793517113
479.717834,        4.7853760719
480.081512,        4.9130992889
480.445221,        4.8609995842
480.808899,        4.6171965599
481.172485,        4.7397375107
481.536041,        4.5154552460
481.899567,        4.8116374016
482.263062,        4.6706390381
482.626526,        4.7531166077
482.989929,        4.4988503456
483.353271,        4.4758157730
483.716583,        4.1880931854
484.079895,        3.9932544231
484.443146,        4.0494980812
484.806366,        4.0755224228
485.169525,        4.2175431252
485.532654,        4.0244808197
485.895752,        3.8732626438
486.258820,        3.5020225048
486.621857,        3.7238664627
486.984802,        3.7694952488
487.347748,        3.9326462746
487.710663,        3.7622220516
488.073517,        3.6403915882
488.436340,        3.7589747906
488.799072,        3.6620151997
489.161835,        3.6921911240
489.524536,        3.2998573780
489.887238,        3.3519241810
490.249847,        3.2172958851
490.612396,        3.1094577312
490.974915,        3.0901765823
491.337433,        3.1106998920
491.699921,        3.2764084339
492.062347,        3.4588401318
492.424713,        3.3847577572
492.787079,        3.2279086113
493.149353,        4.0083169937
493.511658,        4.0411653519
493.873871,        4.0007529259
494.236053,        3.8425304890
494.598206,        3.8866779804
494.960297,        3.9678156376
495.322388,        3.9768028259
495.684418,        4.0005035400
496.046356,        3.7591631413
496.408325,        3.7278604507
496.770264,        3.7288203239
497.132141,        3.8172457218
497.493958,        3.8327603340
497.855713,        3.7159891129
498.217499,        3.6250743866
498.579193,        3.6423988342
498.940887,        3.6753873825
499.302490,        3.6184024811
499.664093,        3.4222555161
500.025635,        3.3435993195
500.387177,        3.3344764709
500.748627,        2.5652344227
501.110077,        2.7571098804
501.471436,        2.6996290684
501.832825,        2.6074087620
502.194153,        2.5080318451
502.555389,        2.4054429531
502.916626,        2.5620412827
503.277802,        2.6433184147
503.638977,        2.8375401497
504.000092,        2.9697685242
504.361176,        2.9757971764
504.722198,        2.8830769062
505.083160,        2.8738698959
505.444153,        2.8398077488
505.805084,        2.8808102608
506.165924,        2.9010422230
506.526764,        2.9131860733
506.887543,        3.4222853184
507.248322,        3.5077352524
507.609070,        3.6204144955
507.969727,        3.6126141548
508.330322,        3.6614730358
508.690918,        3.4455642700
509.051514,        3.4570519924
509.412018,        3.5069603920
509.772491,        3.5297174454
510.132904,        3.7800569534
510.493286,        3.9131236076
510.853699,        3.8764834404
511.213989,        3.7200767994
511.574280,        3.6416628361
511.934509,        3.6770596504
512.294678,        3.8221359253
512.654846,        3.8068659306
513.014954,        3.9047260284
513.375061,        4.0774035454
513.735046,        4.2058935165
514.095032,        4.1178712845
514.455078,        3.7904672623
514.814941,        3.6559116840
515.174805,        3.5221214294
515.534607,        3.5961825848
515.894409,        3.6815450191
516.254211,        3.7111089230
516.613892,        3.7934050560
516.973572,        3.8740382195
517.333130,        3.9149947166
517.692749,        3.6645605564
518.052368,        3.4579291344
518.411865,        3.5025491714
518.771301,        3.5233345032
519.130737,        3.5280663967
519.490173,        3.5714790821
519.849548,        3.5351588726
520.208801,        3.5801153183
520.568054,        3.6665365696
520.927307,        3.5621364117
521.286499,        3.5078172684
521.645691,        3.6924521923
522.004822,        3.7194490433
522.363831,        3.7891547680
522.722839,        3.8500661850
523.081848,        3.8682181835
523.440796,        3.8716897964
523.799744,        3.9146072865
524.158569,        3.8730711937
524.517395,        3.7895388603
524.876160,        3.8055200577
525.234924,        3.8903343678
525.593628,        3.9157283306
525.952271,        4.1518340111
526.310913,        4.3068351746
526.669495,        4.3377208710
527.028076,        4.3330740929
527.386536,        4.5388059616
527.744995,        4.5761880875
528.103394,        4.6207466125
528.461792,        4.7784600258
528.820129,        4.9662837982
529.178406,        4.9451169968
529.536743,        4.9401836395
529.894958,        4.9834365845
530.253113,        5.0959100723
530.611267,        5.3442087173
530.969299,        5.4910511971
531.327393,        5.6342339516
531.685486,        5.7174496651
532.043335,        5.8189601898
532.401367,        5.8379049301
532.759216,        5.8722920418
533.117004,        6.0083274841
533.474915,        5.8257613182
533.832642,        5.8245925903
534.190430,        5.8817963600
534.548096,        5.9390163422
534.905762,        5.8473448753
535.263367,        5.9772915840
535.620850,        5.9950714111
535.978455,        5.9204578400
536.335876,        5.8112654686
536.693359,        5.8196849823
537.050781,        5.8299803734
537.408142,        5.9233570099
537.765442,        5.8998851776
538.122681,        5.7382693291
538.479919,        5.6847176552
538.837219,        5.5956068039
539.194336,        5.6539478302
539.551453,        5.7550444603
539.908508,        5.9422965050
540.265564,        5.9152760506
540.622559,        5.8551697731
540.979553,        5.8531169891
541.336426,        5.8411855698
541.693298,        5.8342289925
542.050110,        5.9102602005
542.406921,        5.9700808525
542.763672,        6.0217323303
543.120422,        5.9826254845
543.477051,        6.0178933144
543.833679,        6.0417704582
544.190308,        6.0117979050
544.546814,        5.9953727722
544.903381,        5.9873471260
545.259827,        5.9710106850
545.616211,        5.9443635941
545.972595,        5.8817267418
546.328979,        5.8946704865
546.685242,        5.8564977646
547.041504,        5.7825069427
547.397644,        5.6220436096
547.753906,        5.6523070335
548.110046,        5.6759085655
548.466125,        5.7078795433
548.822144,        5.6981482506
549.178223,        5.7292809486
549.534241,        5.7286696434
549.890137,        5.6419510841
550.246033,        5.5967359543
550.601868,        5.6132736206
550.957581,        5.5947599411
551.313416,        5.6687107086
551.669128,        5.7305088043
552.024841,        5.7601714134
552.380432,        5.6778635979
552.736023,        5.7293324471
553.091675,        5.9126100540
553.447144,        5.9443078041
553.802612,        5.9306421280
554.158020,        5.9743237495
554.513428,        5.9060473442
554.868774,        5.9004249573
555.224121,        6.0591568947
555.579346,        6.0586361885
555.934631,        6.0507502556
556.289734,        6.0637140274
556.644958,        6.1263942719
557.000000,        6.1383161545
557.355103,        6.1166081429
557.710083,        6.0602483749
558.065063,        6.0131015778
558.420105,        6.0146284103
558.774963,        5.9282989502
559.129822,        5.9389653206
559.484619,        5.9310703278
559.839355,        5.9771418571
560.194153,        5.9264130592
560.548828,        5.7805943489
560.903442,        5.7495570183
561.258057,        5.8166394234
561.612610,        5.7556924820
561.967224,        5.7899618149
562.321655,        5.7603678703
562.676086,        5.5765872002
563.030457,        5.5423579216
563.384827,        5.5314593315
563.739197,        5.5130348206
564.093445,        5.4007472992
564.447693,        5.2820644379
564.801880,        5.2478809357
565.156006,        5.2260203362
565.510132,        5.2243561745
565.864197,        5.2169113159
566.218262,        5.1507263184
566.572205,        5.0530138016
566.926086,        4.9800209999
567.280090,        4.9160051346
567.633972,        4.8789310455
567.987732,        4.8319282532
568.341553,        4.7758588791
568.695190,        4.6710133553
569.048950,        4.6510872841
569.402649,        4.5974173546
569.756165,        4.5762424469
570.109802,        4.5755338669
570.463257,        4.5592064857
570.816772,        4.4868698120
571.170227,        4.4186244011
571.523621,        4.4085249901
571.877014,        4.3775601387
572.230286,        4.3624210358
572.583557,        4.3430662155
572.936829,        4.3783288002
573.289978,        4.3959064484
573.643250,        4.4529767036
573.996216,        4.4209337234
574.349365,        4.4099268913
574.702393,        4.4319558144
575.055359,        4.4295630455
575.408325,        4.4154224396
575.761169,        4.4407668114
576.114075,        4.4557647705
576.466919,        4.3924579620
576.819641,        4.3737034798
577.172363,        4.3290977478
577.525085,        4.3611555099
577.877686,        4.3832893372
578.230286,        4.3904137611
578.582825,        4.3683056831
578.935425,        4.3302059174
579.287903,        4.3114500046
579.640320,        4.2856583595
579.992676,        4.2190608978
580.345093,        4.1338696480
580.697388,        4.0691156387
581.049683,        3.9713594913
581.401855,        3.9416570663
581.754089,        4.0858964920
582.106201,        4.1079926491
582.458313,        4.1076006889
582.810425,        4.0902276039
583.162354,        4.0370030403
583.514404,        4.0234622955
583.866272,        4.0176253319
584.218201,        4.0241880417
584.570068,        4.1072807312
584.921875,        4.0425186157
585.273560,        3.9918680191
585.625305,        4.0658974648
585.977051,        4.0611801147
586.328674,        4.2283997536
586.680237,        4.2159190178
587.031799,        4.2645330429
587.383301,        4.3158712387
587.734802,        4.3354086876
588.086243,        4.3467783928
588.437561,        4.3651132584
588.788940,        4.4244399071
589.140198,        4.2622656822
589.491516,        4.1665477753
589.842712,        4.1498179436
590.193848,        4.1978945732
590.544983,        4.2095637321
590.896057,        4.2498817444
591.247192,        4.2539496422
591.598145,        4.2297248840
591.949158,        4.1282558441
592.300049,        4.1192417145
592.650879,        4.1018624306
593.001770,        3.9929230213
593.352539,        4.0132427216
593.703308,        3.8932759762
594.054016,        3.9143013954
594.404663,        3.8970303535
594.755310,        3.9222877026
595.105896,        3.8939476013
595.456360,        3.8633623123
595.806885,        3.8327698708
596.157349,        3.8328521252
596.507751,        3.9268016815
596.858154,        3.9542424679
597.208435,        3.9654619694
597.558777,        3.9672539234
597.908997,        3.9555509090
598.259216,        3.8570322990
598.609314,        3.8589403629
598.959473,        3.9681539536
599.309570,        4.0323715210
599.659546,        4.0626106262
600.009583,        4.0935645103
600.359497,        4.1390504837
600.709412,        4.1124548912
601.059265,        4.0679240227
601.409058,        4.1564426422
601.758850,        4.1404552460
602.108521,        4.0553693771
602.458191,        4.0753650665
602.807922,        4.0660271645
603.157471,        4.0873789787
603.507080,        4.0398774147
603.856567,        3.9804387093
604.205994,        3.9679343700
604.555542,        3.9221305847
604.904846,        3.8659305573
605.254211,        3.8812308311
605.603516,        4.0984010696
605.952759,        4.1480464935
606.302063,        4.0550842285
606.651123,        4.0228257179
607.000305,        4.0057187080
607.349365,        3.9574522972
607.698425,        3.8960955143
608.047485,        3.8971471786
608.396362,        3.8670029640
608.745300,        3.7437188625
609.094177,        3.7032809258
609.442993,        3.7125818729
609.791809,        3.6569058895
610.140503,        3.6453871727
610.489258,        3.6083567142
610.837891,        3.6246235371
611.186523,        3.5802099705
611.535156,        3.5554633141
611.883606,        3.5615582466
612.232178,        3.6389882565
612.580566,        3.6618118286
612.928955,        3.4619650841
613.277344,        3.3720798492
613.625610,        3.3582155704
613.973938,        3.3437955379
614.322144,        3.3501398563
614.670288,        3.3842563629
615.018555,        3.4088909626
615.366516,        3.3838279247
615.714661,        3.3565218449
616.062622,        3.4324526787
616.410645,        3.4245486259
616.758606,        3.4590828419
617.106445,        3.4577317238
617.454285,        3.4444642067
617.802063,        3.4930267334
618.149841,        3.4879512787
618.497559,        3.4802675247
618.845215,        3.5183634758
619.192871,        3.5369801521
619.540466,        3.4339838028
619.888000,        3.3700742722
620.235535,        3.3839902878
620.582886,        3.4219210148
620.930359,        3.4122769833
621.277710,        3.3832643032
621.625061,        3.3292860985
621.972351,        3.2619204521
622.319519,        3.2350718975
622.666809,        3.2601177692
623.013916,        3.2732467651
623.361023,        3.2549283504
623.708130,        3.2920246124
624.055054,        3.2713565826
624.402100,        3.2494835854
624.749023,        3.3028516769
625.095947,        3.3031351566
625.442810,        3.2860369682
625.789551,        3.2862277031
626.136353,        3.2625689507
626.483032,        3.2751071453
626.829712,        3.3485476971
627.176392,        3.3889822960
627.522949,        3.3768210411
627.869507,        3.3344435692
628.216003,        3.3083610535
628.562500,        3.3111050129
628.908936,        3.3245303631
629.255310,        3.3305912018
629.601624,        3.3539943695
629.947876,        3.3284192085
630.294067,        3.4444570541
630.640320,        3.3970718384
630.986511,        3.3729975224
631.332642,        3.3386216164
631.678650,        3.3728117943
632.024658,        3.3041443825
632.370728,        3.2976839542
632.716614,        3.2809700966
633.062500,        3.2784442902
633.408325,        3.2765665054
633.754089,        3.3867809772
634.099915,        3.3420414925
634.445679,        3.3282003403
634.791321,        3.3461160660
635.136963,        3.4405820370
635.482483,        3.4485592842
635.828125,        3.4292049408
636.173584,        3.3872299194
636.519043,        3.4156575203
636.864502,        3.3975653648
637.209778,        3.4250020981
637.555237,        3.3006732464
637.900452,        3.2942750454
638.245728,        3.2862088680
638.590881,        3.2768838406
638.935974,        3.2429788113
639.281189,        3.2490212917
639.626221,        3.2986388206
639.971191,        3.3074214458
640.316223,        3.3098764420
640.661072,        3.3161621094
641.006042,        3.1719684601
641.350891,        3.1338856220
641.695679,        3.1215627193
642.040466,        3.0814983845
642.385071,        2.9575476646
642.729858,        2.9416112900
643.074463,        2.9352226257
643.419067,        2.9387977123
643.763611,        2.9415676594
644.108032,        2.9444174767
644.452515,        2.9003973007
644.796936,        2.8755328655
645.141296,        2.8759312630
645.485657,        2.8859789371
645.829834,        2.8814983368
646.174133,        2.8644592762
646.518311,        2.8330361843
646.862427,        2.7442750931
647.206604,        2.6944766045
647.550598,        2.6930003166
647.894653,        2.6548461914
648.238647,        2.6463139057
648.582458,        2.6363074780
648.926453,        2.5948910713
649.270203,        2.5772874355
649.614075,        2.5796923637
649.957764,        2.6088702679
650.301453,        2.5955905914
650.645142,        2.6158440113
650.988708,        2.5850374699
651.332336,        2.5381841660
651.675842,        2.5322673321
652.019348,        2.5386655331
652.362854,        2.5090029240
652.706177,        2.4460787773
653.049561,        2.4375259876
653.392883,        2.4351971149
653.736084,        2.4586238861
654.079346,        2.4928071499
654.422424,        2.4917614460
654.765625,        2.4843111038
655.108765,        2.4740445614
655.451721,        2.4284498692
655.794800,        2.4169569016
656.137695,        2.3978762627
656.480591,        2.3907063007
656.823486,        2.3762392998
657.166260,        2.3161737919
657.509094,        2.3138341904
657.851807,        2.2707176208
658.194519,        2.2160897255
658.537109,        2.3206946850
658.879761,        2.3036627769
659.222351,        2.3051307201
659.564758,        2.3149261475
659.907349,        2.2982964516
660.249695,        2.2780110836
660.592041,        2.3071599007
660.934448,        2.2998633385
661.276672,        2.2138509750
661.619019,        2.1963994503
661.961182,        2.1526031494
662.303284,        2.1401035786
662.645508,        2.1362760067
662.987427,        2.1111023426
663.329529,        2.1306841373
663.671448,        2.1027836800
664.013428,        2.1013686657
664.355347,        2.0903320313
664.697205,        2.1891891956
665.039001,        2.1713893414
665.380676,        2.1993572712
665.722412,        2.1189515591
666.064148,        2.1124622822
666.405701,        2.0758187771
666.747253,        2.0062875748
667.088806,        2.0149033070
667.430298,        1.9791874886
667.771790,        1.9449887276
668.113159,        1.9231295586
668.454529,        1.9304933548
668.795837,        1.9282132387
669.137085,        1.9231249094
669.478394,        1.9034485817
669.819519,        1.9317841530
670.160645,        1.9308604002
670.501709,        1.8641788960
670.842773,        1.8416652679
671.183777,        1.8594237566
671.524719,        1.8324017525
671.865662,        1.7203583717
672.206482,        1.7054475546
672.547302,        1.6525449753
672.888123,        1.6412103176
673.228821,        1.6391053200
673.569458,        1.6444228888
673.910095,        1.6405205727
674.250732,        1.6420336962
674.591370,        1.6672251225
674.931824,        1.6239387989
675.272217,        1.5809086561
675.612732,        1.5459318161
675.953003,        1.5386672020
676.293396,        1.5192606449
676.633667,        1.5207493305
676.973877,        1.4929111004
677.314148,        1.4820200205
677.654236,        1.5008201599
677.994385,        1.5091278553
678.334412,        1.4732286930
678.674438,        1.4944934845
679.014404,        1.4960881472
679.354309,        1.5280300379
679.694214,        1.5323773623
680.034058,        1.5192669630
680.373840,        1.5155067444
680.713623,        1.5361858606
681.053223,        1.5712413788
681.392944,        1.7024857998
681.732544,        2.4658102989
682.072083,        3.5604972839
682.411621,        3.6164760590
682.751038,        3.6591746807
683.090515,        3.6682765484
683.429871,        3.6699759960
683.769226,        3.7273004055
684.108582,        3.7656865120
684.447754,        3.7860505581
684.786987,        3.8048610687
685.126160,        3.8266413212
685.465210,        3.8434531689
685.804382,        3.9040884972
686.143311,        3.9457991123
686.482361,        3.9745445251
686.821289,        4.0791282654
687.160156,        4.1012492180
687.499023,        4.1386203766
687.837769,        4.2880306244
688.176514,        4.3370389938
688.515259,        4.2789969444
688.853882,        3.6232345104
689.192566,        2.6221776009
689.531067,        2.6610603333
689.869629,        2.7716851234
690.208130,        2.8589971066
690.546570,        2.9857170582
690.885010,        3.0311770439
691.223267,        3.1008670330
691.561584,        3.2174761295
691.899841,        3.4077632427
692.238037,        3.5420410633
692.576294,        3.6926035881
692.914307,        3.8222219944
693.252380,        3.9273817539
693.590454,        4.0309247971
693.928406,        4.1076440811
694.266357,        4.2739686966
694.604187,        4.4403815269
694.942078,        4.4845876694
695.279907,        4.6176819801
695.617615,        4.8075070381
695.955444,        4.9342226982
696.292969,        5.1344695091
696.630676,        5.3160386086
696.968201,        5.4743852615
697.305725,        5.7565660477
697.643250,        5.9208064079
697.980652,        6.1196098328
698.318054,        6.3098983765
698.655396,        6.5212955475
698.992676,        6.6405901909
699.330017,        6.8595805168
699.667175,        7.0444526672
700.004395,        7.2627730370
700.341492,        7.4598326683
700.678528,        7.7237815857
701.015564,        7.9798264503
701.352478,        8.1596975327
701.689514,        8.4066753387
702.026428,        8.6574096680
702.363220,        8.9115180969
702.700073,        9.1050081253
703.036804,        9.3748168945
703.373474,        9.6094608307
703.710144,        9.9222726822
704.046814,       10.1409425735
704.383362,       10.2690324783
704.719910,       10.5709657669
705.056335,       10.7984647751
705.392761,       11.0764341354
705.729187,       11.3079481125
706.065552,       11.5805969238
706.401855,       11.8086843491
706.738098,       12.1374912262
707.074280,       12.3614521027
707.410461,       12.6348953247
707.746643,       12.9165887833
708.082642,       13.1672410965
708.418701,       13.4768600464
708.754639,       13.7023792267
709.090576,       13.9266710281
709.426514,       14.1829519272
709.762329,       14.4923820496
710.098083,       14.7382154465
710.433838,       14.9810733795
710.769592,       15.2086820602
711.105286,       15.4585094452
711.440796,       15.7324209213
711.776367,       15.9424457550
712.112000,       16.1847610474
712.447388,       16.4295921326
712.782837,       16.7493991852
713.118225,       16.9946899414
713.453552,       17.2532348633
713.788818,       17.4089050293
714.124023,       17.6724338531
714.459290,       17.9277191162
714.794434,       18.1186084747
715.129517,       18.4074916840
715.464661,       18.6308231354
715.799622,       18.8672924042
716.134583,       19.1486034393
716.469482,       19.4244480133
716.804321,       19.6552429199
717.139221,       19.8858089447
717.473938,       20.1476669312
717.808777,       20.3464889526
718.143433,       20.5709323883
718.478088,       20.8465805054
718.812683,       21.0853061676
719.147217,       21.3551120758
719.481750,       21.5693626404
719.816223,       21.7899589539
720.150574,       22.1223564148
720.485046,       22.3599643707
720.819214,       22.6713905334
721.153564,       22.9327125549
721.487854,       23.1873950958
721.821960,       23.4298286438
722.156189,       23.8596267700
722.490234,       24.1351165771
722.824341,       24.4073791504
723.158264,       24.6995410919
723.492249,       24.9375801086
723.826172,       25.1461238861
724.159973,       25.4173870087
724.493835,       25.6231784821
724.827576,       25.8634357452
725.161316,       26.2120838165
725.494995,       26.4431171417
725.828613,       26.6974620819
726.162231,       26.9591960907
726.495728,       27.3453407288
726.829163,       27.5665817261
727.162720,       27.7426414490
727.496033,       27.9834957123
727.829468,       28.2131614685
728.162720,       28.4180316925
728.496033,       28.6480274200
728.829224,       28.8958816528
729.162354,       28.9018802643
729.495483,       29.0963687897
729.828552,       29.2817745209
730.161560,       29.4522457123
730.494629,       29.6839923859
730.827454,       29.9057579041
731.160400,       30.1632575989
731.493225,       30.4775333405
731.825989,       30.7294521332
732.158813,       30.9103183746
732.491455,       31.1409587860
732.824158,       31.3434486389
733.156799,       31.5948657990
733.489319,       31.6978130341
733.821899,       31.8956050873
734.154236,       32.0950012207
734.486755,       32.3167724609
734.819092,       32.5189399719
735.151428,       32.6655769348
735.483765,       32.8704757690
735.815857,       33.0235977173
736.148132,       33.2168388367
736.480286,       33.4299392700
736.812378,       33.6384620667
737.144470,       33.7983665466
737.476379,       33.9594230652
737.808411,       34.1663818359
738.140259,       34.3684158325
738.472168,       34.4792404175
738.804016,       34.6214332581
739.135742,       34.7718620300
739.467468,       34.9824218750
739.799133,       35.1872596741
740.130798,       35.2674674988
740.462402,       35.5182189941
740.793884,       35.7807731628
741.125366,       35.9429397583
741.456848,       36.0657730103
741.788208,       36.2336006165
742.119568,       36.3954887390
742.450928,       36.5387954712
742.782166,       36.7021293640
743.113281,       36.8945465088
743.444458,       37.0783195496
743.775635,       37.2068748474
744.106689,       37.3365478516
744.437683,       37.4519424438
744.768677,       37.6349906921
745.099609,       37.6476364136
745.430481,       37.7776870728
745.761353,       37.9206352234
746.092102,       38.0399017334
746.422852,       38.1039810181
746.753479,       38.2299957275
747.084229,       38.3353080750
747.414795,       38.3113937378
747.745300,       38.3959693909
748.075806,       38.4933547974
748.406311,       38.5779991150
748.736694,       38.6260528564
749.067078,       38.7202415466
749.397400,       38.8534278870
749.727722,       38.9312362671
750.057861,       39.0413589478
750.388062,       39.0956535339
750.718201,       39.2050971985
751.048279,       39.3093833923
751.378357,       39.3841819763
751.708252,       39.3795928955
752.038208,       39.5530052185
752.368164,       39.5764160156
752.697937,       39.5806732178
753.027832,       39.6181907654
753.357483,       39.7142639160
753.687256,       39.7300910950
754.016907,       39.9040756226
754.346497,       39.9818420410
754.676147,       39.9062500000
755.005493,       39.8889579773
755.335083,       39.9410324097
755.664490,       39.9762725830
755.993835,       40.0512886047
756.323181,       40.0430374146
756.652405,       40.0520210266
756.981689,       39.9559516907
757.310852,       39.9656410217
757.640015,       39.9847106934
757.969177,       39.9735260010
758.298096,       39.9910049438
758.627197,       40.0327033997
758.956116,       39.9328308105
759.284973,       39.9688453674
759.613892,       40.0095443726
759.942627,       40.0278129578
760.271423,       40.0003242493
760.600159,       39.9740333557
760.928772,       39.9680633545
761.257446,       39.9441223145
761.585999,       39.9744911194
761.914490,       40.0806274414
762.242981,       40.0761070251
762.571350,       40.0937881470
762.899841,       40.0538253784
763.228088,       40.0427131653
763.556396,       40.0762367249
763.884644,       40.0905570984
764.212830,       40.0872039795
764.541016,       40.0616035461
764.869080,       40.0620422363
765.197144,       40.0519790649
765.525146,       39.9987373352
765.853088,       40.0575714111
766.181030,       40.0931968689
766.508789,       40.0829505920
766.836670,       40.0689468384
767.164429,       40.0992050171
767.492126,       40.0837478638
767.819824,       39.9810562134
768.147400,       40.0816764832
768.475037,       40.0619659424
768.802490,       40.1419792175
769.130005,       40.1834144592
769.457458,       40.1852416992
769.784790,       40.2522277832
770.112183,       40.2794380188
770.439453,       40.2554893494
770.766663,       40.3022460938
771.093872,       40.3220520020
771.420959,       40.2835121155
771.748108,       40.2220001221
772.075195,       40.2871894836
772.402161,       40.3429107666
772.729126,       40.2963981628
773.055969,       40.2417793274
773.382874,       40.2383193970
773.709717,       40.2018203735
774.036438,       40.0794525146
774.363159,       40.0886459351
774.689758,       40.1080627441
775.016479,       39.9755554199
775.343018,       40.0198402405
775.669495,       39.8395347595
775.996033,       39.7785987854
776.322449,       39.7951660156
776.648865,       39.7042236328
776.975098,       39.7304458618
777.301453,       39.7818908691
777.627686,       39.7945594788
777.953857,       39.8527488708
778.280029,       39.8636245728
778.606079,       40.0330467224
778.932068,       39.9165916443
779.258179,       39.8965759277
779.584045,       39.8785438538
779.909973,       39.8293457031
780.235840,       39.8128623962
780.561646,       39.8570022583
780.887390,       39.8654594421
781.213135,       39.8786659241
781.538757,       39.8573608398
781.864380,       40.9508209229
782.189880,       40.9887847900
782.515442,       40.9647483826
782.840942,       41.0009307861
783.166321,       40.9747657776
783.491699,       41.0268516541
783.817017,       40.9072113037
784.142395,       40.8506317139
784.467529,       40.8213615417
784.792725,       40.7699928284
785.117859,       40.7961730957
785.442932,       40.6297988892
785.768005,       40.6824760437
786.092957,       40.6348304749
786.417908,       40.6410903931
786.742798,       40.6790924072
787.067566,       40.7098007202
787.392456,       40.6614875793
787.717163,       40.7166557312
788.041870,       40.7540397644
788.366577,       40.7205886841
788.691101,       39.5681648254
789.015686,       39.6567535400
789.340149,       39.7377777100
789.664673,       39.7682266235
789.989075,       39.7518081665
790.313354,       39.9732208252
790.637756,       40.0756416321
790.962036,       40.1567420959
791.286194,       40.1465263367
791.610413,       40.0906639099
791.934448,       40.1237525940
792.258606,       40.1840248108
792.582581,       40.2645263672
792.906555,       40.2902412415
793.230530,       40.2742500305
793.554321,       40.2953643799
793.878174,       40.3238525391
794.201965,       40.3454742432
794.525696,       40.3690071106
794.849426,       40.3170433044
795.172974,       40.3708953857
795.496643,       40.4474334717
795.820129,       40.3434410095
796.143616,       40.2832031250
796.467102,       40.2466392517
796.790405,       40.2820129395
797.113831,       40.0303001404
797.437134,       39.9963264465
797.760315,       39.9806022644
798.083618,       39.9881172180
798.406677,       40.0837135315
798.729797,       40.1389160156
799.052856,       40.1487541199
799.375854,       40.0358467102
799.698853,       40.1120796204
800.021729,       40.2195320129
800.344604,       40.1793174744
800.667358,       40.2229957581
800.990112,       40.2244338989
801.312866,       40.2369575500
801.635498,       40.2555885315
801.958191,       40.2540588379
802.280701,       40.1850967407
802.603210,       40.1523094177
802.925781,       40.1619110107
803.248108,       40.1639328003
803.570496,       40.1306228638
803.892822,       40.2011260986
804.215088,       40.2740135193
804.537354,       40.2240905762
804.859436,       40.1702690125
805.181641,       40.0244560242
805.503723,       39.9724884033
805.825745,       39.9691200256
806.147766,       40.0263214111
806.469604,       39.9557685852
806.791504,       39.9455833435
807.113342,       40.0398330688
807.435181,       40.0194625854
807.756897,       40.0621871948
808.078552,       40.0499191284
808.400208,       40.1319694519
808.721802,       40.1726379395
809.043335,       40.2434768677
809.364929,       40.2843894958
809.686279,       40.2730636597
810.007751,       40.3083190918
810.329041,       40.2583427429
810.650330,       40.2904243469
810.971619,       40.1998062134
811.292786,       40.2276840210
811.613953,       40.2445602417
811.935059,       40.2759170532
812.256104,       40.2457809448
812.577148,       40.2346115112
812.898071,       40.2036323547
813.218994,       40.1889228821
813.539795,       40.0898056030
813.860596,       40.0889778137
814.181396,       40.0217552185
814.502136,       39.9874420166
814.822754,       40.0062446594
815.143372,       39.9096870422
815.463928,       39.9164047241
815.784485,       39.9477539063
816.104919,       39.8454704285
816.425354,       39.8162155151
816.745728,       39.7652397156
817.065979,       39.7667961121
817.386353,       39.6932029724
817.706421,       39.7153053284
818.026733,       39.7121810913
818.346863,       39.7420654297
818.666809,       39.8168945313
818.986938,       39.8239135742
819.306824,       39.7831115723
819.626770,       39.8152503967
819.946716,       39.7990417480
820.266479,       39.8856658936
820.586304,       39.7770156860
820.905945,       39.8102912903
821.225647,       39.8322067261
821.545349,       39.8252525330
821.864868,       39.8562774658
822.184448,       39.9408760071
822.503845,       39.9559364319
822.823364,       39.9682044983
823.142761,       40.0654296875
823.462036,       40.0905761719
823.781372,       40.0893020630
824.100525,       40.0763435364
824.419800,       40.6421470642
824.738953,       40.6429023743
825.057922,       40.6486854553
825.377014,       40.6014060974
825.695984,       40.6598358154
826.014954,       40.7299575806
826.333862,       40.6744117737
826.652649,       40.6965332031
826.971497,       40.6622695923
827.290100,       40.7777900696
827.608887,       40.7506561279
827.927612,       40.7666740417
828.246094,       40.7378807068
828.564697,       40.6573371887
828.883118,       40.5392723083
829.201599,       40.4465789795
829.520020,       40.4398994446
829.838318,       40.3579406738
830.156616,       40.3593559265
830.474854,       40.4199371338
830.793091,       40.5238456726
831.111267,       39.9268798828
831.429260,       39.9224090576
831.747437,       39.9530982971
832.065308,       39.9732170105
832.383362,       40.0050964355
832.701233,       40.0487556458
833.019043,       40.0833511353
833.336914,       40.0856552124
833.654663,       40.1347999573
833.972351,       40.0596656799
834.289978,       40.1370239258
834.607483,       40.2075347900
834.925171,       40.1981239319
835.242676,       40.1975555420
835.560059,       40.2013168335
835.877502,       40.1632537842
836.194763,       40.1730880737
836.512146,       40.1369972229
836.829468,       40.2081718445
837.146545,       40.2354888916
837.463745,       40.1246643066
837.780823,       40.1264572144
838.097900,       40.1290969849
838.414917,       40.1635360718
838.731873,       40.1067504883
839.048828,       40.0338478088
839.365540,       39.9888534546
839.682434,       39.9714889526
839.999207,       40.0357818604
840.315857,       40.0293235779
840.632568,       40.0877342224
840.949097,       40.0365982056
841.265747,       39.9053459167
841.582275,       39.9743690491
841.898682,       40.1647491455
842.215088,       40.1323127747
842.531433,       40.2008743286
842.847778,       40.2061271667
843.164063,       40.3526344299
843.480164,       40.3092269897
843.796387,       40.2671241760
844.112427,       40.3313980103
844.428528,       40.4311790466
844.744568,       40.4620780945
845.060486,       40.5586929321
845.376404,       40.6207427979
845.692200,       40.6274490356
846.008057,       40.5917167664
846.323853,       40.6581459045
846.639465,       40.6278343201
846.955139,       40.5298194885
847.270691,       40.5264511108
847.586304,       40.5565643311
847.901855,       40.5938987732
848.217224,       40.5037612915
848.532715,       40.4619827271
848.847961,       40.6675529480
849.163330,       40.6204299927
849.478638,       40.6257553101
849.793823,       40.5703887939
850.108948,       40.5575523376
850.424011,       40.5641326904
850.739136,       40.5644721985
851.054199,       40.4421195984
851.369019,       40.3631019592
851.684021,       40.2390975952
851.998779,       40.3272743225
852.313660,       40.3807296753
852.628418,       40.3903350830
852.943054,       40.3989295959
853.257751,       40.4157524109
853.572327,       40.4970397949
853.886841,       40.4283180237
854.201477,       40.5177383423
854.515808,       40.6023025513
854.830261,       40.7056083679
855.144592,       40.6962890625
855.458862,       40.5111961365
855.773193,       40.5437927246
856.087280,       40.6097602844
856.401489,       40.5885620117
856.715515,       40.6457138062
857.029602,       40.6938018799
857.343628,       40.5551261902
857.657532,       40.6334915161
857.971497,       40.6972846985
858.285278,       40.6608505249
858.599121,       40.6104202271
858.912903,       40.5226898193
859.226501,       40.6016464233
859.540222,       40.5728759766
859.853699,       40.5738906860
860.167297,       40.5668640137
860.480896,       40.7114868164
860.794250,       40.6599082947
861.107666,       40.5755310059
861.420959,       40.5348014832
861.734314,       40.4506683350
862.047546,       40.4323730469
862.360657,       40.4993438721
862.673889,       40.5248832703
862.986938,       40.5809593201
863.299988,       40.5825691223
863.613037,       40.6702842712
863.925903,       40.8168601990
864.238831,       40.9733352661
864.551575,       40.9102134705
864.864380,       40.9093399048
865.177185,       40.8796119690
865.489807,       40.9575386047
865.802490,       40.9074325562
866.114990,       40.9137382507
866.427612,       41.0579490662
866.740112,       41.0315589905
867.052429,       40.9571685791
867.364868,       40.8819236755
867.677124,       40.9106063843
867.989502,       40.9641647339
868.301758,       41.0294265747
868.613831,       41.1010589600
868.926025,       41.0366935730
869.238159,       40.9966545105
869.550049,       40.9952354431
869.862122,       41.0182991028
870.173950,       40.8924942017
870.485901,       40.8595161438
870.797791,       40.6617393494
871.109497,       40.7804031372
871.421204,       40.7578239441
871.732849,       40.8180313110
872.044495,       40.8882560730
872.356079,       40.8907546997
872.667542,       40.8806991577
872.979065,       40.7415390015
873.290344,       40.8105163574
873.601807,       40.7612838745
873.913147,       40.9086990356
874.224304,       40.9054565430
874.535645,       40.8551559448
874.846741,       40.8913955688
875.157837,       40.9403610229
875.468994,       41.0711898804
875.779907,       41.0849571228
876.090881,       41.1140899658
876.401733,       41.0313568115
876.712646,       41.0807304382
877.023499,       41.0854797363
877.334167,       41.1362800598
877.644897,       41.1550979614
877.955505,       41.2133865356
878.266113,       41.1718826294
878.576721,       41.0575866699
878.887146,       41.1370010376
879.197571,       41.1601142883
879.507996,       41.2052078247
879.818298,       41.2280883789
880.128662,       41.4816665649
880.438843,       41.2918052673
880.749084,       41.4335098267
881.059143,       41.8837432861
881.369263,       41.7994422913
881.679382,       41.6373939514
881.989258,       41.5173416138
882.299194,       41.4595794678
882.609070,       41.4792137146
882.918945,       41.4991722107
883.228760,       41.4428367615
883.538452,       41.4304122925
883.848145,       41.5751419067
884.157654,       41.5809135437
884.467285,       41.6421203613
884.776917,       41.6373710632
885.086243,       41.7768707275
885.395813,       41.8173866272
885.705017,       41.7806549072
886.014404,       41.6964950562
886.323730,       41.6069107056
886.632874,       41.4032058716
886.942078,       41.5923309326
887.251160,       41.4674224854
887.560242,       41.0378036499
887.869263,       41.0903625488
888.178162,       41.1534729004
888.487122,       41.1291694641
888.795898,       41.2217140198
889.104797,       41.1415672302
889.413513,       41.1439132690
889.722168,       41.2490539551
890.030884,       41.3772773743
890.339417,       41.2566719055
890.648010,       41.1979675293
890.956543,       41.1223068237
891.264893,       41.0789413452
891.573364,       40.9180793762
891.881653,       40.7899780273
892.189941,       40.8545951843
892.498230,       40.9670066833
892.806335,       41.0823936462
893.114502,       41.1582489014
893.422546,       41.1323814392
893.730652,       41.1961212158
894.038696,       41.3526535034
894.346497,       41.3008766174
894.654419,       41.3840179443
894.962158,       41.4455451965
895.270020,       41.4240608215
895.577759,       41.4692535400
895.885376,       41.5666770935
896.192993,       41.5081825256
896.500549,       41.4648628235
896.808044,       41.4289741516
897.115601,       41.4477272034
897.422913,       41.5763053894
897.730347,       41.6510620117
898.037598,       41.7686805725
898.344910,       41.8864326477
898.652161,       41.8475570679
898.959167,       41.8210945129
899.266418,       41.8621520996
899.573364,       41.8957366943
899.880371,       41.8167343140
900.187378,       41.7665596008
900.494202,       41.5969047546
900.801086,       41.6489372253
901.107788,       41.5912437439
901.414612,       41.5293579102
901.721375,       41.5122680664
902.027832,       41.5446090698
902.334534,       41.4536781311
902.641113,       41.5556678772
902.947510,       41.5154457092
903.253967,       41.5620346069
903.560242,       41.5852737427
903.866638,       41.4483032227
904.172974,       41.4308853149
904.479126,       41.3525924683
904.785278,       41.2755470276
905.091370,       41.2575759888
905.397461,       41.2112922668
905.703552,       41.0835609436
906.009399,       41.0585212708
906.315369,       41.0489540100
906.621155,       41.0287780762
906.927002,       41.0176162720
907.232788,       41.0362358093
907.538452,       41.0988922119
907.844116,       41.2065925598
908.149658,       41.2143096924
908.455200,       41.1856956482
908.760803,       41.2370872498
909.066162,       41.1596946716
909.371582,       41.2223205566
909.676880,       41.1037330627
909.982178,       41.1606826782
910.287476,       41.1827964783
910.592529,       41.1611366272
910.897705,       41.2453994751
911.202759,       41.2731552124
911.507813,       41.3656768799
911.812805,       41.4121437073
912.117676,       41.4091911316
912.422546,       41.4388809204
912.727356,       41.5603904724
913.032104,       41.5376472473
913.336853,       41.5781593323
913.641479,       41.5678634644
913.946106,       41.4284286499
914.250610,       41.5302085876
914.555115,       41.5670204163
914.859619,       41.6063079834
915.163940,       41.5782966614
915.468323,       41.5663414001
915.772583,       41.5569267273
916.076843,       41.6666717529
916.381104,       41.6446609497
916.685120,       41.6931571960
916.989258,       41.7692642212
917.293213,       41.6370429993
917.597290,       41.9185752869
917.901184,       42.2354087830
918.205017,       42.2451820374
918.508850,       42.3159179688
918.812561,       42.2925758362
919.116333,       42.2713356018
919.420044,       42.3247642517
919.723572,       42.3554840088
920.027222,       42.4028244019
920.330627,       42.5144271851
920.634094,       42.4503440857
920.937561,       42.3953056335
921.240784,       42.5036773682
921.544189,       42.4595642090
921.847351,       42.4249458313
922.150574,       42.5510826111
922.453735,       42.6132659912
922.756775,       42.5456085205
923.059875,       42.4617156982
923.362793,       42.3977012634
923.665771,       42.6910972595
923.968689,       42.3953514099
924.271362,       42.0602149963
924.574219,       42.0751762390
924.876892,       41.9861335754
925.179565,       41.9342651367
925.482239,       41.8243637085
925.784729,       41.9814147949
926.087280,       41.9496192932
926.389648,       41.8728256226
926.692078,       41.7907943726
926.994507,       41.7219352722
927.296692,       41.7274665833
927.599060,       41.6650543213
927.901123,       41.6045684814
928.203308,       41.6164093018
928.505432,       41.4465560913
928.807434,       41.3584899902
929.109436,       41.3777503967
929.411316,       41.4413185120
929.713196,       41.3893661499
930.015015,       41.1055450439
930.316711,       41.2017364502
930.618530,       41.1336212158
930.920105,       41.0957412720
931.221802,       41.3778305054
931.523315,       41.3577957153
931.824829,       41.4618835449
932.126282,       41.3918647766
932.427612,       41.3192939758
932.729004,       41.4382362366
933.030334,       41.4995079041
933.331482,       41.4784088135
933.632751,       41.4369392395
933.933777,       41.3753585815
934.234924,       41.5961303711
934.536011,       41.7503547668
934.836914,       41.7056465149
935.137878,       41.6122360229
935.438660,       41.5614776611
935.739502,       41.5927543640
936.040344,       41.6572418213
936.340942,       41.6712036133
936.641663,       41.6062278748
936.942383,       41.6601524353
937.242798,       41.8768081665
937.543335,       41.5982666016
937.843750,       41.6124649048
938.144165,       41.4998397827
938.444580,       41.4981155396
938.744751,       41.5299453735
939.045044,       41.5447006226
939.345154,       41.6224937439
939.645325,       41.6329956055
939.945435,       41.9156570435
940.245361,       42.0461616516
940.545410,       41.9557418823
940.845215,       41.8721160889
941.145142,       41.9544181824
941.445007,       42.2606582642
941.744629,       42.3402633667
942.044434,       42.2853469849
942.343994,       42.3878974915
942.643677,       42.4708824158
942.943237,       42.5799407959
943.242676,       42.6969871521
943.542114,       42.7941741943
943.841431,       42.8721427917
944.140808,       42.7494239807
944.440125,       42.9972763062
944.739258,       43.1644744873
945.038513,       43.2458457947
945.337524,       43.2296447754
945.636597,       43.2938652039
945.935669,       43.3251457214
946.234558,       43.0963935852
946.533508,       42.9074096680
946.832275,       43.2177734375
947.131165,       43.1730155945
947.429932,       43.1183090210
947.728516,       42.8227882385
948.027222,       42.7896652222
948.325745,       42.8297615051
948.624329,       43.1256866455
948.922852,       43.1099205017
949.221191,       43.0612220764
949.519592,       43.1323547363
949.817810,       42.9323234558
950.116150,       43.2557601929
950.414368,       43.4062652588
950.712463,       43.2447624207
951.010620,       42.9808769226
951.308594,       42.9420013428
951.606628,       42.8776817322
951.904602,       42.9690246582
952.202454,       43.1733932495
952.500305,       44.0346946716
952.798035,       44.1676902771
953.095825,       43.7858963013
953.393494,       43.7998580933
953.691040,       44.1321258545
953.988647,       44.3202095032
954.286133,       44.4477424622
954.583618,       44.5439491272
954.881042,       44.1110763550
955.178345,       44.1606712341
955.475647,       44.6471023560
955.772827,       44.7001953125
956.070068,       44.6337471008
956.367310,       44.4486427307
956.664307,       44.3949317932
956.961365,       44.6524238586
957.258240,       44.7521400452
957.555176,       45.3446540833
957.852112,       45.4591140747
958.148865,       45.2385864258
958.445679,       45.1611175537
958.742310,       44.2233695984
959.039001,       44.4654159546
959.335632,       44.5054130554
959.632141,       44.7968711853
959.928650,       44.5660476685
960.224976,       44.7253036499
960.521484,       45.0652999878
960.817871,       45.0265922546
961.114014,       45.0630950928
961.410339,       44.9971160889
961.706421,       44.4157066345
962.002563,       44.1377792358
962.298645,       44.2681884766
962.594604,       44.1622924805
962.890564,       44.3037376404
963.186401,       46.7228279114
963.482300,       46.8700675964
963.778137,       46.4759407043
964.073792,       46.3677215576
964.369568,       46.2935867310
964.665100,       46.2667617798
964.960693,       46.2933044434
965.256287,       46.3550109863
965.551697,       46.3122596741
965.847168,       45.9584465027
966.142395,       46.1561279297
966.437744,       46.2531585693
966.733032,       45.7374496460
967.028198,       45.7624130249
967.323364,       45.7898826599
967.618408,       45.7821769714
967.913513,       46.2387542725
968.208496,       46.5529441833
968.503357,       46.3489608765
968.798279,       46.4078216553
969.093018,       46.4648933411
969.387817,       43.3852539063
969.682556,       43.3214569092
969.977173,       43.2468872070
970.271790,       43.7592430115
970.566406,       44.1379165649
970.860779,       44.0088615417
971.155334,       44.1905288696
971.449646,       43.6346893311
971.743958,       43.9085350037
972.038330,       44.2169227600
972.332458,       43.9297065735
972.626648,       43.5420951843
972.920715,       43.6236000061
973.214844,       43.6137161255
973.508911,       43.9262161255
973.802734,       44.4849243164
974.096741,       44.4125976563
974.390442,       44.3649368286
974.684265,       44.6381454468
974.978088,       44.6995124817
975.271667,       44.8613433838
975.565369,       44.9748573303
975.858826,       44.9338722229
976.152405,       45.0200576782
976.445923,       44.5377883911
976.739258,       44.2350997925
977.032654,       44.3218383789
977.325867,       44.4446754456
977.619202,       44.8660087585
977.912415,       45.4874229431
978.205505,       45.4660911560
978.498596,       45.8128051758
978.791504,       46.1052017212
979.084534,       46.6063003540
979.377563,       46.7565193176
979.670288,       46.6694412231
979.963196,       46.0837326050
980.255859,       46.0712776184
980.548584,       46.0242500305
980.841309,       46.0147514343
981.133850,       45.9009628296
981.426392,       46.1074752808
981.718811,       46.0110740662
982.011292,       45.8773689270
982.303650,       45.8199577332
982.595886,       46.0142402649
982.888245,       46.4279747009
983.180359,       46.6783828735
983.472595,       46.3164329529
983.764709,       46.0036506653
984.056641,       45.3119888306
984.348755,       45.5823974609
984.640625,       45.7887573242
984.932495,       45.8220710754
985.224365,       45.2980041504
985.516052,       45.3626785278
985.807861,       45.3481788635
986.099426,       46.6097793579
986.391052,       46.2735557556
986.682678,       46.1423721313
986.974121,       46.2549171448
987.265625,       46.1812782288
987.556885,       45.8504867554
987.848328,       45.7351913452
988.139648,       45.7059135437
988.430786,       45.5370826721
988.721985,       45.3289222717
989.013000,       45.0835113525
989.304138,       45.5572013855
989.595215,       45.8213233948
989.886047,       46.1893043518
990.177002,       46.1457023621
990.467834,       46.0781440735
990.758606,       45.7280120850
991.049377,       45.5932083130
991.339966,       46.1910896301
991.630676,       45.8521614075
991.921143,       45.5195960999
992.211670,       45.2480773926
992.502197,       45.0675811768
992.792542,       45.1339035034
993.082886,       44.5245819092
993.373169,       44.8447837830
993.663452,       44.9317016602
993.953613,       45.3573150635
994.243713,       45.3958969116
994.533813,       45.5329246521
994.823792,       45.7877349854
995.113770,       45.8289489746
995.403687,       45.1766204834
995.693481,       44.9753990173
995.983337,       44.6622657776
996.273010,       44.7650871277
996.562744,       44.1885719299
996.852417,       44.6912879944
997.141907,       44.7924957275
997.431458,       44.3380775452
997.720886,       44.8416481018
998.010315,       44.9770240784
998.299744,       43.6189346313
998.588928,       43.6051712036
998.878296,       43.3795051575
999.167419,       43.5992393494
999.456543,       44.8487319946
999.745667,       44.6722869873
1000.034607,       44.1226348877
1000.323669,       44.0725669861
1000.612488,       44.7642745972
1000.901367,       44.7766075134
1001.190247,       44.3152313232
1001.478882,       44.3137664795
1001.767639,       45.9878273010
1002.056335,       45.8249053955
1002.344849,       46.5726165771
1002.633423,       46.7989807129
1002.921814,       46.1048049927
1003.210266,       45.7708358765
1003.498657,       45.3382682800
1003.786926,       45.3971633911
1004.075256,       46.4271583557
1004.363342,       46.7638092041
1004.651489,       46.5767669678
1004.939697,       47.5185661316
1005.227600,       49.2139358521
1005.515686,       48.7437019348
1005.803467,       49.5045433044
1006.091370,       49.6867523193
1006.379272,       50.2763824463
1006.666870,       50.1554603577
1006.954712,       49.8595504761
1007.242188,       50.8129043579
1007.529907,       51.1806716919
1007.817444,       49.4481849670
1008.104858,       50.8244819641
1008.392334,       49.7534675598
1008.679565,       50.3306617737
1008.966980,       50.4648323059
1009.254272,       50.8077430725
1009.541382,       51.1917228699
1009.828613,       50.8992004395
1010.115601,       49.8774032593
1010.402649,       49.7248497009
1010.689697,       50.0663566589
1010.976563,       49.5285263062
1011.263489,       49.5766983032
1011.550171,       48.8110885620
1011.837036,       48.5506820679
1012.123657,       48.9178199768
1012.410278,       49.3957443237
1012.696899,       49.9530868530
1012.983337,       50.3754386902
1013.269897,       49.8037796021
1013.556396,       49.4186973572
1013.842651,       49.7286453247
1014.129028,       48.3635940552
1014.415161,       48.7339782715
1014.701477,       48.9802322388
1014.987671,       50.3580856323
1015.273560,       50.8343353271
1015.559692,       51.8493041992
1015.845581,       52.2136077881
1016.131592,       54.1888885498
1016.417542,       55.4154052734
1016.703247,       55.7263793945
1016.989014,       55.9885482788
1017.274658,       55.4747467041
1017.560303,       56.3758735657
1017.845947,       55.9272689819
1018.131409,       56.1336326599
1018.416870,       55.7845420837
1018.702271,       55.4441375732
1018.987671,       55.7607574463
1019.272949,       57.3935089111
1019.558228,       58.3305168152
1019.843445,       58.0470733643
1020.128540,       58.1760330200
1020.413574,       58.4963684082
1020.698608,       58.1454277039
1020.983521,       57.0407142639
1021.268555,       57.5076866150
1021.553284,       58.9001121521
1021.838135,       59.7435836792
1022.122925,       58.0316238403
1022.407593,       64.7244110107
1022.692261,       29.0322628021
1022.976807,       44.1176414490
1023.261292,       51.1450424194
1023.545837,       50.3999938965
1023.830200,       52.5547447205
1024.114624,       62.9502639771
1024.398804,       81.1279907227
1024.683105,       66.1417388916
1024.967285,       40.4517440796
