340.270844,        0.0000000000
340.648560,        0.0000000000
341.026306,     -349.9998474121
341.403961,    -1866.6684570313
341.781616,   -15600.0166015625
342.159210,    -1666.6684570313
342.536743,      -11.9999828339
342.914307,       76.9565200806
343.291779,      113.9785156250
343.669250,        0.0000000000
344.046661,       66.2669372559
344.424042,       65.7489776611
344.801422,       65.4744644165
345.178711,       70.6204452515
345.556000,       73.3481903076
345.933258,       77.5606994629
346.310486,       79.9763641357
346.687622,       79.3421325684
347.064758,       80.4804306030
347.441895,       77.3115081787
347.818939,       76.7714843750
348.195953,       76.8306045532
348.572937,       74.6658401489
348.949890,       76.1027603149
349.326843,       73.0210266113
349.703735,       72.9411392212
350.080597,       72.8879241943
350.457397,       72.9438400269
350.834198,       68.6129684448
351.210968,       67.5983886719
351.587646,       69.6244049072
351.964325,       70.1636734009
352.340942,       69.5817947388
352.717560,       71.9553527832
353.094147,       72.2137222290
353.470673,       71.3268203735
353.847168,       69.4575576782
354.223602,       68.2646026611
354.600037,       67.9168472290
354.976440,       66.5951538086
355.352783,       68.4617843628
355.729126,       70.4473342896
356.105408,       71.1582946777
356.481628,       71.9066085815
356.857849,       70.7651062012
357.234009,       71.4157867432
357.610168,       73.1865310669
357.986267,       71.2662658691
358.362366,       70.2299880981
358.738373,       68.5241699219
359.114349,       69.5736236572
359.490326,       68.2397460938
359.866241,       66.4924926758
360.242157,       67.0189361572
360.617981,       63.9940910339
360.993805,       62.8115577698
361.369568,       64.0065917969
361.745331,       64.5119400024
362.121033,       64.7359085083
362.496704,       64.7737960815
362.872314,       63.1559677124
363.247925,       63.0163421631
363.623505,       59.9408340454
363.999023,       55.7253494263
364.374542,       61.8035240173
364.750000,       62.0986213684
365.125397,       64.8603591919
365.500763,       62.4046134949
365.876160,       61.3288269043
366.251434,       59.8208923340
366.626740,       59.5204582214
367.001953,       60.7770080566
367.377136,       61.2005310059
367.752350,       60.4762306213
368.127472,       64.7743453979
368.502594,       64.6388092041
368.877625,       63.0594062805
369.252625,       61.2104301453
369.627625,       60.3330497742
370.002563,       61.7560501099
370.377502,       61.9438819885
370.752380,       62.4201583862
371.127228,       67.3208465576
371.502014,       67.1687545776
371.876770,       68.0232543945
372.251526,       65.0793685913
372.626221,       64.0251998901
373.000885,       62.2990531921
373.375488,       61.4547729492
373.750092,       63.5911636353
374.124664,       66.2267837524
374.499146,       69.5370101929
374.873627,       69.7069473267
375.248108,       67.2074966431
375.622467,       74.6297225952
375.996887,       73.7548370361
376.371185,       74.2882385254
376.745483,       74.2946701050
377.119751,       76.1383743286
377.493958,       77.0371856689
377.868195,       76.0303955078
378.242310,       76.0504074097
378.616394,       78.8875732422
378.990540,       75.8404617310
379.364563,       74.9823608398
379.738556,       74.4614028931
380.112518,       71.8106613159
380.486481,       73.5555572510
380.860352,       73.3562316895
381.234192,       75.5983352661
381.608063,       73.6917572021
381.981812,       71.6437530518
382.355591,       67.1968154907
382.729309,       66.2391204834
383.102966,       65.8425598145
383.476624,       56.2913703918
383.850220,       53.4824790955
384.223816,       53.5958938599
384.597321,       53.1755447388
384.970856,       54.4749450684
385.344299,       52.3315620422
385.717682,       50.2762451172
386.091125,       49.8310279846
386.464447,       43.8414115906
386.837769,       42.3469352722
387.211029,       46.0295715332
387.584290,       46.3731842041
387.957489,       47.2359924316
388.330627,       44.9544067383
388.703766,       45.2888145447
389.076874,       45.6940994263
389.449921,       49.0226249695
389.822937,       48.8878517151
390.195923,       50.3515167236
390.568878,       50.0822715759
390.941772,       51.0901527405
391.314636,       50.1781692505
391.687500,       48.8557510376
392.060272,       47.8670310974
392.433075,       47.6607055664
392.805756,       43.6705245972
393.178436,       42.5704307556
393.551117,       45.0028953552
393.923737,       47.0026321411
394.296326,       48.0446929932
394.668854,       47.3121566772
395.041321,       44.6166801453
395.413849,       46.5758857727
395.786255,       47.7028160095
396.158630,       48.0277824402
396.531006,       48.1974258423
396.903320,       45.7825431824
397.275604,       46.6870269775
397.647827,       46.7244338989
398.020050,       50.0301780701
398.392212,       49.9518966675
398.764343,       48.0816345215
399.136444,       48.3906211853
399.508514,       47.8443603516
399.880554,       46.6553878784
400.252533,       48.4430198669
400.624512,       50.5419120789
400.996399,       51.6341094971
401.368286,       50.9599876404
401.740112,       49.7917175293
402.111908,       47.5714454651
402.483673,       46.5586433411
402.855408,       46.5379943848
403.227081,       44.2867202759
403.598755,       41.3231086731
403.970367,       39.6598815918
404.341980,       39.7693176270
404.713501,       40.6139259338
405.085022,       38.4545249939
405.456482,       37.8151359558
405.827911,       34.3436698914
406.199310,       32.9220848083
406.570648,       33.1602020264
406.942017,       32.1003837585
407.313263,       31.5201931000
407.684509,       32.1543159485
408.055725,       29.8823127747
408.426880,       29.5876922607
408.798035,       30.6781883240
409.169128,       30.7653064728
409.540161,       32.1749382019
409.911224,       32.3515129089
410.282196,       32.8834877014
410.653137,       32.1859779358
411.024048,       31.2000045776
411.394897,       33.2783203125
411.765747,       33.9716453552
412.136536,       33.2014427185
412.507324,       34.5020256042
412.878052,       34.0145606995
413.248718,       37.6421089172
413.619385,       36.7372207642
413.989990,       36.8583221436
414.360565,       38.1531219482
414.731110,       37.8666801453
415.101563,       37.7195663452
415.472076,       37.3694572449
415.842468,       36.9406356812
416.212891,       37.5335884094
416.583221,       36.1123428345
416.953522,       35.7164115906
417.323792,       32.9917144775
417.694031,       35.1695213318
418.064240,       35.3034896851
418.434418,       36.2588806152
418.804535,       39.3422317505
419.174622,       38.5209007263
419.544678,       37.0936012268
419.914673,       36.7889633179
420.284668,       35.0607109070
420.654572,       33.7446441650
421.024475,       30.4830722809
421.394348,       32.3706016541
421.764191,       32.2548522949
422.133972,       31.6433105469
422.503693,       33.2902297974
422.873444,       33.3075981140
423.243134,       32.7163581848
423.612762,       32.4320983887
423.982330,       29.8404693604
424.351929,       29.0316638947
424.721436,       28.2443828583
425.090942,       28.8108444214
425.460358,       27.7027435303
425.829773,       27.1046047211
426.199158,       25.6870269775
426.568481,       23.0366134644
426.937775,       22.4370517731
427.307037,       24.0296421051
427.676239,       23.5600376129
428.045441,       22.8689231873
428.414581,       22.3927135468
428.783722,       23.5313892365
429.152802,       21.3160991669
429.521790,       24.0268516541
429.890839,       23.6962890625
430.259766,       21.0383987427
430.628693,       22.5201587677
430.997589,       22.0486698151
431.366425,       21.7597980499
431.735229,       21.7143688202
432.104004,       21.3048038483
432.472748,       22.4935684204
432.841431,       22.1151065826
433.210052,       21.8450851440
433.578705,       20.8587665558
433.947266,       21.2401409149
434.315826,       20.6053428650
434.684326,       21.0862464905
435.052765,       20.0260620117
435.421204,       23.4138545990
435.789612,       23.0174236298
436.157959,       24.0863475800
436.526276,       22.2712268829
436.894531,       21.9691028595
437.262756,       18.4196224213
437.630951,       17.7548770905
437.999146,       17.8251800537
438.367249,       16.0836734772
438.735321,       15.7357826233
439.103394,       14.8805770874
439.471405,       14.8854227066
439.839386,       43.9216003418
440.207306,       43.5285034180
440.575195,       43.4322204590
440.943054,       42.5156440735
441.310883,       42.3252563477
441.678680,       42.0956649780
442.046387,       41.8296966553
442.414093,       41.2089843750
442.781799,       40.9195022583
443.149414,       38.8707466125
443.516998,       38.6175651550
443.884552,       37.7695007324
444.252045,       37.7651786804
444.619537,       37.1787147522
444.987000,       37.1671142578
445.354401,       37.4452209473
445.721710,       37.9536323547
446.089081,       37.8901710510
446.456360,       38.0803031921
446.823608,       38.3971443176
447.190826,       38.6612091064
447.557953,       11.9118289948
447.925110,       11.0103588104
448.292175,       10.3498888016
448.659271,       10.6063756943
449.026276,       10.5356674194
449.393250,       10.1477785110
449.760193,       10.1385908127
450.127075,        9.8389539719
450.493958,        9.8790559769
450.860779,        8.9890565872
451.227570,        9.3942794800
451.594330,        9.7358531952
451.960999,        9.6760911942
452.327698,        9.7864913940
452.694336,        9.4667320251
453.060913,        8.7015562057
453.427490,        7.9092340469
453.793976,        7.7596435547
454.160492,        7.3303475380
454.526917,        7.5719060898
454.893311,        7.2427244186
455.259674,        6.9744529724
455.626007,        7.4283094406
455.992310,        8.0480079651
456.358551,        7.6615190506
456.724731,        7.9540224075
457.090912,        8.3068819046
457.457031,        8.3275747299
457.823151,        8.2781057358
458.189209,        8.1326122284
458.555206,        8.2473964691
458.921173,        7.8472561836
459.287109,        7.6619467735
459.653015,        8.2672004700
460.018890,        8.2976217270
460.384705,        8.5181169510
460.750519,        8.2408037186
461.116241,        8.0021228790
461.481964,        7.6271576881
461.847626,        8.0774173737
462.213226,        7.9020633698
462.578827,        8.2484722137
462.944427,        7.9586057663
463.309906,        7.4188842773
463.675385,        6.8272428513
464.040802,        6.7197704315
464.406219,        6.4421815872
464.771606,        5.7774400711
465.136902,        5.7638893127
465.502197,        5.6187467575
465.867462,        5.5707082748
466.232635,        5.3621978760
466.597839,        5.3010420799
466.962921,        5.3557248116
467.328003,        4.9347834587
467.693054,        4.9528503418
468.058075,        4.8205342293
468.423035,        5.6195664406
468.787994,        5.7521300316
469.152863,        6.0541577339
469.517700,        5.5412940979
469.882538,        5.1424226761
470.247314,        4.3785972595
470.612061,        5.6285538673
470.976746,        5.5743298531
471.341431,        5.9338679314
471.706024,        6.1977443695
472.070618,        6.4874486923
472.435181,        6.3284726143
472.799622,        6.1005811691
473.164124,        6.4851536751
473.528534,        6.2953977585
473.892975,        6.3935689926
474.257294,        6.4663357735
474.621582,        6.1579971313
474.985870,        6.1867690086
475.350098,        6.4181032181
475.714325,        6.1760277748
476.078461,        5.9505095482
476.442535,        5.8325867653
476.806641,        5.5667529106
477.170685,        5.5126700401
477.534668,        5.4535260201
477.898621,        5.6237587929
478.262512,        4.6975069046
478.626404,        5.2314338684
478.990265,        5.0115447044
479.354065,        4.7515349388
479.717834,        4.2022800446
480.081512,        4.2746143341
480.445221,        4.2872419357
480.808899,        4.0473380089
481.172485,        4.1661605835
481.536041,        3.8728761673
481.899567,        4.1819901466
482.263062,        4.0504202843
482.626526,        4.1361637115
482.989929,        3.9308593273
483.353271,        3.9735636711
483.716583,        3.6678307056
484.079895,        3.5091333389
484.443146,        3.5997688770
484.806366,        3.6967601776
485.169525,        3.8017268181
485.532654,        3.6682567596
485.895752,        3.5396933556
486.258820,        3.1691894531
486.621857,        3.3943700790
486.984802,        3.4510216713
487.347748,        3.6466367245
487.710663,        3.5425386429
488.073517,        3.3916804790
488.436340,        3.4812185764
488.799072,        3.3927009106
489.161835,        3.4332909584
489.524536,        3.0005397797
489.887238,        3.0232880116
490.249847,        2.8804895878
490.612396,        2.7802691460
490.974915,        2.7375757694
491.337433,        2.7152581215
491.699921,        2.8385305405
492.062347,        2.9708013535
492.424713,        2.9632649422
492.787079,        2.7990677357
493.149353,        3.7141084671
493.511658,        3.6869316101
493.873871,        3.6565461159
494.236053,        3.4678418636
494.598206,        3.5480551720
494.960297,        3.6054987907
495.322388,        3.5992965698
495.684418,        3.6262385845
496.046356,        3.3974778652
496.408325,        3.3590033054
496.770264,        3.4024293423
497.132141,        3.5092499256
497.493958,        3.5508320332
497.855713,        3.4454681873
498.217499,        3.3585357666
498.579193,        3.3588871956
498.940887,        3.4212296009
499.302490,        3.3795461655
499.664093,        3.1877729893
500.025635,        3.0512609482
500.387177,        3.0399541855
500.748627,        2.1188509464
501.110077,        2.3314979076
501.471436,        2.2824709415
501.832825,        2.2253987789
502.194153,        2.0742692947
502.555389,        1.9683225155
502.916626,        2.0916705132
503.277802,        2.0951216221
503.638977,        2.2577741146
504.000092,        2.4097511768
504.361176,        2.3652977943
504.722198,        2.2533462048
505.083160,        2.2148666382
505.444153,        2.1533074379
505.805084,        2.1584868431
506.165924,        2.1879973412
506.526764,        2.2235674858
506.887543,        2.7447288036
507.248322,        2.8642189503
507.609070,        2.9536814690
507.969727,        2.9545567036
508.330322,        2.9976513386
508.690918,        2.7789986134
509.051514,        2.7612757683
509.412018,        2.7586886883
509.772491,        2.8121078014
510.132904,        3.0572359562
510.493286,        3.1865522861
510.853699,        3.1752884388
511.213989,        3.0506384373
511.574280,        2.9446597099
511.934509,        2.9582121372
512.294678,        3.0672583580
512.654846,        3.0138573647
513.014954,        3.0616607666
513.375061,        3.2126426697
513.735046,        3.2924468517
514.095032,        3.1565699577
514.455078,        2.8079626560
514.814941,        2.6348273754
515.174805,        2.5086319447
515.534607,        2.5718615055
515.894409,        2.6137075424
516.254211,        2.6187627316
516.613892,        2.6923003197
516.973572,        2.7831516266
517.333130,        2.7685995102
517.692749,        2.5008177757
518.052368,        2.3027348518
518.411865,        2.3613448143
518.771301,        2.3575472832
519.130737,        2.3336210251
519.490173,        2.3876552582
519.849548,        2.3493726254
520.208801,        2.4000742435
520.568054,        2.4912292957
520.927307,        2.3717186451
521.286499,        2.3186039925
521.645691,        2.4966852665
522.004822,        2.5034236908
522.363831,        2.5611140728
522.722839,        2.5881385803
523.081848,        2.5785202980
523.440796,        2.5690734386
523.799744,        2.5872256756
524.158569,        2.5038521290
524.517395,        2.3783626556
524.876160,        2.3786101341
525.234924,        2.4349482059
525.593628,        2.4221830368
525.952271,        2.6340715885
526.310913,        2.7241897583
526.669495,        2.7272281647
527.028076,        2.6787838936
527.386536,        2.8620672226
527.744995,        2.8755929470
528.103394,        2.8659148216
528.461792,        2.9940702915
528.820129,        3.1297113895
529.178406,        3.0586874485
529.536743,        3.0360631943
529.894958,        3.0804631710
530.253113,        3.1664803028
530.611267,        3.4122948647
530.969299,        3.5308890343
531.327393,        3.6961977482
531.685486,        3.7762312889
532.043335,        3.8705461025
532.401367,        3.8999013901
532.759216,        3.9392809868
533.117004,        4.0629234314
533.474915,        3.8383092880
533.832642,        3.8739125729
534.190430,        3.9267911911
534.548096,        4.0001316071
534.905762,        3.8841381073
535.263367,        4.0168809891
535.620850,        4.0463151932
535.978455,        4.0387310982
536.335876,        3.9389512539
536.693359,        3.9557762146
537.050781,        3.9048213959
537.408142,        3.9702291489
537.765442,        3.9298877716
538.122681,        3.7410485744
538.479919,        3.6804859638
538.837219,        3.5663623810
539.194336,        3.6214227676
539.551453,        3.7208595276
539.908508,        3.8896317482
540.265564,        3.8286454678
540.622559,        3.7506525517
540.979553,        3.7641367912
541.336426,        3.7265517712
541.693298,        3.7323708534
542.050110,        3.7927944660
542.406921,        3.8482322693
542.763672,        3.8739695549
543.120422,        3.8521881104
543.477051,        3.8351309299
543.833679,        3.8620061874
544.190308,        3.8360998631
544.546814,        3.8489012718
544.903381,        3.8206439018
545.259827,        3.8005895615
545.616211,        3.7781019211
545.972595,        3.7142832279
546.328979,        3.7221200466
546.685242,        3.6581456661
547.041504,        3.5664505959
547.397644,        3.3868529797
547.753906,        3.4192614555
548.110046,        3.4437592030
548.466125,        3.4782934189
548.822144,        3.4600734711
549.178223,        3.4798831940
549.534241,        3.4820165634
549.890137,        3.3954575062
550.246033,        3.3502697945
550.601868,        3.3420767784
550.957581,        3.3124713898
551.313416,        3.4066367149
551.669128,        3.4581928253
552.024841,        3.4699068069
552.380432,        3.3865656853
552.736023,        3.4306020737
553.091675,        3.6125230789
553.447144,        3.6645271778
553.802612,        3.6479868889
554.158020,        3.7278692722
554.513428,        3.6698176861
554.868774,        3.6716189384
555.224121,        3.8432705402
555.579346,        3.8620173931
555.934631,        3.8360948563
556.289734,        3.8599226475
556.644958,        3.8994088173
557.000000,        3.9116659164
557.355103,        3.9085884094
557.710083,        3.8580651283
558.065063,        3.8277904987
558.420105,        3.8426153660
558.774963,        3.7243804932
559.129822,        3.7225339413
559.484619,        3.7300984859
559.839355,        3.7799079418
560.194153,        3.7299935818
560.548828,        3.6044411659
560.903442,        3.5619060993
561.258057,        3.6387329102
561.612610,        3.5646014214
561.967224,        3.6067094803
562.321655,        3.5860638618
562.676086,        3.3936679363
563.030457,        3.3495471478
563.384827,        3.3638815880
563.739197,        3.3472762108
564.093445,        3.2571263313
564.447693,        3.1632654667
564.801880,        3.1412019730
565.156006,        3.1296312809
565.510132,        3.1380164623
565.864197,        3.1447999477
566.218262,        3.1108443737
566.572205,        3.0412626266
566.926086,        3.0153183937
567.280090,        2.9778137207
567.633972,        2.9898934364
567.987732,        2.9409754276
568.341553,        2.9142935276
568.695190,        2.8139977455
569.048950,        2.8170080185
569.402649,        2.7681100368
569.756165,        2.7674968243
570.109802,        2.7995417118
570.463257,        2.7963752747
570.816772,        2.7347497940
571.170227,        2.6827714443
571.523621,        2.6968753338
571.877014,        2.6625206470
572.230286,        2.6607654095
572.583557,        2.6583323479
572.936829,        2.7123577595
573.289978,        2.7322213650
573.643250,        2.7919471264
573.996216,        2.7627563477
574.349365,        2.7411453724
574.702393,        2.7769060135
575.055359,        2.7739751339
575.408325,        2.7742512226
575.761169,        2.7970445156
576.114075,        2.8155236244
576.466919,        2.7517807484
576.819641,        2.7436764240
577.172363,        2.7106022835
577.525085,        2.7386698723
577.877686,        2.7610414028
578.230286,        2.7666978836
578.582825,        2.7578120232
578.935425,        2.7152981758
579.287903,        2.7162990570
579.640320,        2.6904120445
579.992676,        2.6385154724
580.345093,        2.5588991642
580.697388,        2.5085184574
581.049683,        2.4218504429
581.401855,        2.4052648544
581.754089,        2.5687842369
582.106201,        2.6003198624
582.458313,        2.6385262012
582.810425,        2.6218707561
583.162354,        2.5926761627
583.514404,        2.6058776379
583.866272,        2.6041085720
584.218201,        2.6192805767
584.570068,        2.7155466080
584.921875,        2.6633064747
585.273560,        2.6434586048
585.625305,        2.7318665981
585.977051,        2.7195611000
586.328674,        2.9166932106
586.680237,        2.8916175365
587.031799,        2.9564588070
587.383301,        3.0041546822
587.734802,        3.0358965397
588.086243,        3.0414404869
588.437561,        3.0663545132
588.788940,        3.1259391308
589.140198,        2.9565038681
589.491516,        2.8706214428
589.842712,        2.8328793049
590.193848,        2.8919277191
590.544983,        2.8958418369
590.896057,        2.9232416153
591.247192,        2.9363837242
591.598145,        2.9138154984
591.949158,        2.8138301373
592.300049,        2.8129403591
592.650879,        2.7711021900
593.001770,        2.6629543304
593.352539,        2.6960704327
593.703308,        2.5701010227
594.054016,        2.5989878178
594.404663,        2.5693001747
594.755310,        2.6074874401
595.105896,        2.5803966522
595.456360,        2.5643105507
595.806885,        2.5379176140
596.157349,        2.5498366356
596.507751,        2.6423783302
596.858154,        2.6634645462
597.208435,        2.6720631123
597.558777,        2.6704013348
597.908997,        2.6625161171
598.259216,        2.5676310062
598.609314,        2.5724155903
598.959473,        2.6985964775
599.309570,        2.7518603802
599.659546,        2.7887859344
600.009583,        2.8453228474
600.359497,        2.8963935375
600.709412,        2.8785729408
601.059265,        2.8495872021
601.409058,        2.9567365646
601.758850,        2.9402990341
602.108521,        2.8586683273
602.458191,        2.8748311996
602.807922,        2.8630995750
603.157471,        2.8829276562
603.507080,        2.8380157948
603.856567,        2.7835092545
604.205994,        2.7673172951
604.555542,        2.7453274727
604.904846,        2.6951425076
605.254211,        2.7282853127
605.603516,        2.9609525204
605.952759,        3.0245494843
606.302063,        2.9319560528
606.651123,        2.9007184505
607.000305,        2.8728079796
607.349365,        2.8125946522
607.698425,        2.7633717060
608.047485,        2.7609300613
608.396362,        2.7271404266
608.745300,        2.5941262245
609.094177,        2.5657031536
609.442993,        2.5689573288
609.791809,        2.5314733982
610.140503,        2.5248501301
610.489258,        2.4876351357
610.837891,        2.5170388222
611.186523,        2.4675092697
611.535156,        2.4539377689
611.883606,        2.4410147667
612.232178,        2.5069429874
612.580566,        2.5289609432
612.928955,        2.3308365345
613.277344,        2.2386610508
613.625610,        2.2272479534
613.973938,        2.2226583958
614.322144,        2.2436010838
614.670288,        2.2903940678
615.018555,        2.3165977001
615.366516,        2.2969965935
615.714661,        2.2673432827
616.062622,        2.3618845940
616.410645,        2.3627891541
616.758606,        2.3969438076
617.106445,        2.3806116581
617.454285,        2.3761413097
617.802063,        2.4316434860
618.149841,        2.4184563160
618.497559,        2.4174673557
618.845215,        2.4499886036
619.192871,        2.4778406620
619.540466,        2.3965430260
619.888000,        2.3202130795
620.235535,        2.3227496147
620.582886,        2.3505191803
620.930359,        2.3338072300
621.277710,        2.3000149727
621.625061,        2.2463390827
621.972351,        2.1956608295
622.319519,        2.1614730358
622.666809,        2.1897175312
623.013916,        2.2066066265
623.361023,        2.1770710945
623.708130,        2.2094938755
624.055054,        2.2026512623
624.402100,        2.1826841831
624.749023,        2.2381353378
625.095947,        2.2527418137
625.442810,        2.2443912029
625.789551,        2.2471866608
626.136353,        2.2272295952
626.483032,        2.2345340252
626.829712,        2.2956445217
627.176392,        2.3428730965
627.522949,        2.3348805904
627.869507,        2.3119471073
628.216003,        2.2905800343
628.562500,        2.3075711727
628.908936,        2.3282423019
629.255310,        2.3326001167
629.601624,        2.3660936356
629.947876,        2.3433706760
630.294067,        2.4615581036
630.640320,        2.4005379677
630.986511,        2.3756682873
631.332642,        2.3411405087
631.678650,        2.3916025162
632.024658,        2.3213105202
632.370728,        2.3037440777
632.716614,        2.2801346779
633.062500,        2.2802672386
633.408325,        2.2758767605
633.754089,        2.3935148716
634.099915,        2.3475828171
634.445679,        2.3419826031
634.791321,        2.3748922348
635.136963,        2.4656300545
635.482483,        2.4583334923
635.828125,        2.4410290718
636.173584,        2.3957903385
636.519043,        2.4215831757
636.864502,        2.3915903568
637.209778,        2.4109892845
637.555237,        2.2725794315
637.900452,        2.2651975155
638.245728,        2.2575798035
638.590881,        2.2533855438
638.935974,        2.2144320011
639.281189,        2.2183852196
639.626221,        2.2804696560
639.971191,        2.2950081825
640.316223,        2.3022735119
640.661072,        2.3090920448
641.006042,        2.1656796932
641.350891,        2.1504843235
641.695679,        2.1317434311
642.040466,        2.0685214996
642.385071,        1.9388881922
642.729858,        1.9501868486
643.074463,        1.9499722719
643.419067,        1.9537540674
643.763611,        1.9516091347
644.108032,        1.9593491554
644.452515,        1.9267237186
644.796936,        1.9181798697
645.141296,        1.9189655781
645.485657,        1.9431637526
645.829834,        1.9250029325
646.174133,        1.9105428457
646.518311,        1.8912745714
646.862427,        1.7969486713
647.206604,        1.7480518818
647.550598,        1.7456181049
647.894653,        1.7244063616
648.238647,        1.7156891823
648.582458,        1.6973223686
648.926453,        1.6655203104
649.270203,        1.6647081375
649.614075,        1.6836475134
649.957764,        1.7166469097
650.301453,        1.7064481974
650.645142,        1.7272213697
650.988708,        1.6881797314
651.332336,        1.6388695240
651.675842,        1.6307028532
652.019348,        1.6483185291
652.362854,        1.6496760845
652.706177,        1.5885829926
653.049561,        1.5931739807
653.392883,        1.5959322453
653.736084,        1.6077253819
654.079346,        1.6381360292
654.422424,        1.6290664673
654.765625,        1.6205538511
655.108765,        1.6081286669
655.451721,        1.5665067434
655.794800,        1.5594878197
656.137695,        1.5483050346
656.480591,        1.5517042875
656.823486,        1.5350480080
657.166260,        1.4692027569
657.509094,        1.4716227055
657.851807,        1.4375710487
658.194519,        1.3899811506
658.537109,        1.5064363480
658.879761,        1.5027036667
659.222351,        1.5005631447
659.564758,        1.5074769258
659.907349,        1.4964936972
660.249695,        1.4837530851
660.592041,        1.5188533068
660.934448,        1.5115500689
661.276672,        1.4409654140
661.619019,        1.4408695698
661.961182,        1.3953044415
662.303284,        1.3821657896
662.645508,        1.3832634687
662.987427,        1.3645838499
663.329529,        1.3680076599
663.671448,        1.3427205086
664.013428,        1.3428895473
664.355347,        1.3376579285
664.697205,        1.4370651245
665.039001,        1.4254496098
665.380676,        1.4731055498
665.722412,        1.3885779381
666.064148,        1.3800150156
666.405701,        1.3458812237
666.747253,        1.2835202217
667.088806,        1.2794605494
667.430298,        1.2398557663
667.771790,        1.1943184137
668.113159,        1.1787798405
668.454529,        1.1753022671
668.795837,        1.1751353741
669.137085,        1.1840717793
669.478394,        1.1729991436
669.819519,        1.2057962418
670.160645,        1.2064018250
670.501709,        1.1709389687
670.842773,        1.1409276724
671.183777,        1.1572731733
671.524719,        1.1313774586
671.865662,        1.0157216787
672.206482,        0.9983206987
672.547302,        0.9395698905
672.888123,        0.9422971606
673.228821,        0.9434717894
673.569458,        0.9440165162
673.910095,        0.9303039908
674.250732,        0.9372936487
674.591370,        0.9619783759
674.931824,        0.9228407145
675.272217,        0.8893691301
675.612732,        0.8692634106
675.953003,        0.8769680858
676.293396,        0.8604932427
676.633667,        0.8587713242
676.973877,        0.8337233067
677.314148,        0.8334459066
677.654236,        0.8395383954
677.994385,        0.8519083261
678.334412,        0.8172307014
678.674438,        0.8372061849
679.014404,        0.8294219375
679.354309,        0.8638594151
679.694214,        0.8766777515
680.034058,        0.8590714931
680.373840,        0.8576651216
680.713623,        0.8831120133
681.053223,        0.9177430272
681.392944,        1.0426586866
681.732544,        1.8411507607
682.072083,        2.9547598362
682.411621,        3.0012459755
682.751038,        3.0406239033
683.090515,        3.0247628689
683.429871,        3.0366899967
683.769226,        3.0824947357
684.108582,        3.1117992401
684.447754,        3.1108846664
684.786987,        3.1302452087
685.126160,        3.1481237411
685.465210,        3.1601052284
685.804382,        3.2170243263
686.143311,        3.2577176094
686.482361,        3.2742991447
686.821289,        3.3581898212
687.160156,        3.3807582855
687.499023,        3.4093253613
687.837769,        3.5470540524
688.176514,        3.5807106495
688.515259,        3.5205905437
688.853882,        2.8185532093
689.192566,        1.7812438011
689.531067,        1.8027755022
689.869629,        1.9043203592
690.208130,        1.9770125151
690.546570,        2.0690393448
690.885010,        2.0891005993
691.223267,        2.1426777840
691.561584,        2.2438786030
691.899841,        2.3871164322
692.238037,        2.4936466217
692.576294,        2.6061205864
692.914307,        2.6954612732
693.252380,        2.7689559460
693.590454,        2.8315727711
693.928406,        2.8802986145
694.266357,        2.9845438004
694.604187,        3.0757465363
694.942078,        3.0639057159
695.279907,        3.1590678692
695.617615,        3.2946836948
695.955444,        3.3568487167
696.292969,        3.4973480701
696.630676,        3.6253035069
696.968201,        3.6912333965
697.305725,        3.9200046062
697.643250,        4.0249342918
697.980652,        4.1747527122
698.318054,        4.3060245514
698.655396,        4.4218087196
698.992676,        4.4716382027
699.330017,        4.6192264557
699.667175,        4.7212367058
700.004395,        4.8561639786
700.341492,        4.9621963501
700.678528,        5.1387844086
701.015564,        5.3083987236
701.352478,        5.4294528961
701.689514,        5.5872535706
702.026428,        5.7627792358
702.363220,        5.9256329536
702.700073,        6.0257425308
703.036804,        6.2247610092
703.373474,        6.3586540222
703.710144,        6.5828151703
704.046814,        6.7161293030
704.383362,        6.7399868965
704.719910,        6.9515032768
705.056335,        7.0747961998
705.392761,        7.2431817055
705.729187,        7.4041657448
706.065552,        7.5636358261
706.401855,        7.6882162094
706.738098,        7.9343819618
707.074280,        8.0702257156
707.410461,        8.2718324661
707.746643,        8.4474868774
708.082642,        8.6051216125
708.418701,        8.8011112213
708.754639,        8.9622612000
709.090576,        9.0930738449
709.426514,        9.2472534180
709.762329,        9.4613666534
710.098083,        9.5905065536
710.433838,        9.7628393173
710.769592,        9.8913002014
711.105286,       10.0636205673
711.440796,       10.2609958649
711.776367,       10.3721771240
712.112000,       10.5218725204
712.447388,       10.6762065887
712.782837,       10.8969278336
713.118225,       11.0956134796
713.453552,       11.2760105133
713.788818,       11.3693933487
714.124023,       11.5652589798
714.459290,       11.7521944046
714.794434,       11.8954086304
715.129517,       12.1090974808
715.464661,       12.2471189499
715.799622,       12.4022493362
716.134583,       12.5877542496
716.469482,       12.7912368774
716.804321,       12.9686298370
717.139221,       13.1450939178
717.473938,       13.3295745850
717.808777,       13.4554042816
718.143433,       13.6360301971
718.478088,       13.8288202286
718.812683,       13.9820146561
719.147217,       14.2011852264
719.481750,       14.3648281097
719.816223,       14.4982757568
720.150574,       14.7593021393
720.485046,       14.9375438690
720.819214,       15.1675996780
721.153564,       15.3819036484
721.487854,       15.5558633804
721.821960,       15.7362375259
722.156189,       16.1135139465
722.490234,       16.3460807800
722.824341,       16.5547199249
723.158264,       16.8168087006
723.492249,       17.0311412811
723.826172,       17.1874389648
724.159973,       17.4224414825
724.493835,       17.6001720428
724.827576,       17.8069248199
725.161316,       18.0642166138
725.494995,       18.2604293823
725.828613,       18.4849872589
726.162231,       18.7006511688
726.495728,       19.0145359039
726.829163,       19.2224388123
727.162720,       19.3437500000
727.496033,       19.5288619995
727.829468,       19.7248439789
728.162720,       19.8593196869
728.496033,       20.0383834839
728.829224,       20.2475452423
729.162354,       20.2209033966
729.495483,       20.3935813904
729.828552,       20.5971202850
730.161560,       20.7452793121
730.494629,       20.8867721558
730.827454,       21.0575962067
731.160400,       21.2444915771
731.493225,       21.5042438507
731.825989,       21.7312030792
732.158813,       21.8990020752
732.491455,       22.0873107910
732.824158,       22.2812824249
733.156799,       22.5005817413
733.489319,       22.6028804779
733.821899,       22.7533550262
734.154236,       22.9516201019
734.486755,       23.1452369690
734.819092,       23.3313999176
735.151428,       23.4806289673
735.483765,       23.6800174713
735.815857,       23.8258113861
736.148132,       23.9801101685
736.480286,       24.1885337830
736.812378,       24.3495121002
737.144470,       24.4925193787
737.476379,       24.6711902618
737.808411,       24.8669242859
738.140259,       25.0378189087
738.472168,       25.1387653351
738.804016,       25.2508068085
739.135742,       25.3852748871
739.467468,       25.5980224609
739.799133,       25.7884120941
740.130798,       25.8768596649
740.462402,       26.1045608521
740.793884,       26.3909645081
741.125366,       26.5272407532
741.456848,       26.6532573700
741.788208,       26.7908840179
742.119568,       26.9298381805
742.450928,       27.0599594116
742.782166,       27.2025547028
743.113281,       27.3987464905
743.444458,       27.5047569275
743.775635,       27.6178512573
744.106689,       27.7267665863
744.437683,       27.8390617371
744.768677,       28.0025119781
745.099609,       28.0725784302
745.430481,       28.1991596222
745.761353,       28.3612613678
746.092102,       28.4850025177
746.422852,       28.5540485382
746.753479,       28.6098098755
747.084229,       28.6929302216
747.414795,       28.6819782257
747.745300,       28.7579307556
748.075806,       28.8264045715
748.406311,       28.9031620026
748.736694,       28.9414081573
749.067078,       29.0530986786
749.397400,       29.1971988678
749.727722,       29.2879199982
750.057861,       29.3784999847
750.388062,       29.4750633240
750.718201,       29.5565967560
751.048279,       29.6426467896
751.378357,       29.7137470245
751.708252,       29.7244014740
752.038208,       29.8917808533
752.368164,       29.9217395782
752.697937,       29.8986263275
753.027832,       29.9289436340
753.357483,       29.9803428650
753.687256,       30.0540199280
754.016907,       30.2349681854
754.346497,       30.3298511505
754.676147,       30.2599735260
755.005493,       30.2843151093
755.335083,       30.3494758606
755.664490,       30.4010715485
755.993835,       30.4557380676
756.323181,       30.4310112000
756.652405,       30.4204425812
756.981689,       30.3689785004
757.310852,       30.4175052643
757.640015,       30.4956760406
757.969177,       30.5136718750
758.298096,       30.5161037445
758.627197,       30.5626602173
758.956116,       30.4584064484
759.284973,       30.4662494659
759.613892,       30.4838027954
759.942627,       30.4513072968
760.271423,       30.4532203674
760.600159,       30.4342994690
760.928772,       30.4021930695
761.257446,       30.3800525665
761.585999,       30.4123649597
761.914490,       30.4908313751
762.242981,       30.5085144043
762.571350,       30.5532875061
762.899841,       30.5414524078
763.228088,       30.5452308655
763.556396,       30.5868053436
763.884644,       30.6073150635
764.212830,       30.5730762482
764.541016,       30.5735683441
764.869080,       30.5837936401
765.197144,       30.6314163208
765.525146,       30.5939788818
765.853088,       30.6758995056
766.181030,       30.7396736145
766.508789,       30.7821159363
766.836670,       30.8841171265
767.164429,       30.9286632538
767.492126,       30.9428806305
767.819824,       30.8922595978
768.147400,       30.9968414307
768.475037,       30.9711570740
768.802490,       31.0567893982
769.130005,       31.0859985352
769.457458,       31.0675182343
769.784790,       31.1539535522
770.112183,       31.2078113556
770.439453,       31.2261161804
770.766663,       31.2944374084
771.093872,       31.3268394470
771.420959,       31.2940120697
771.748108,       31.2420368195
772.075195,       31.3009567261
772.402161,       31.3543014526
772.729126,       31.3140010834
773.055969,       31.2799243927
773.382874,       31.3125972748
773.709717,       31.2416858673
774.036438,       31.1576118469
774.363159,       31.1864852905
774.689758,       31.2257232666
775.016479,       31.1379947662
775.343018,       31.2587432861
775.669495,       31.1559352875
775.996033,       31.1278495789
776.322449,       31.1651344299
776.648865,       31.1026992798
776.975098,       31.1086349487
777.301453,       31.1231403351
777.627686,       31.1076126099
777.953857,       31.1664314270
778.280029,       31.1493778229
778.606079,       31.2801685333
778.932068,       31.1879310608
779.258179,       31.1913433075
779.584045,       31.1953010559
779.909973,       31.1846504211
780.235840,       31.1798572540
780.561646,       31.2739906311
780.887390,       31.2598171234
781.213135,       31.2458419800
781.538757,       31.2002964020
781.864380,       32.2639045715
782.189880,       32.2662429810
782.515442,       32.2072601318
782.840942,       32.2550163269
783.166321,       32.2532424927
783.491699,       32.2623329163
783.817017,       32.2128982544
784.142395,       32.2049407959
784.467529,       32.1629066467
784.792725,       32.1254501343
785.117859,       32.1557998657
785.442932,       32.0871696472
785.768005,       32.0845909119
786.092957,       32.0315475464
786.417908,       32.0232582092
786.742798,       32.0264129639
787.067566,       32.0230674744
787.392456,       31.9595432281
787.717163,       32.0613784790
788.041870,       32.1141090393
788.366577,       32.0987968445
788.691101,       30.9153938293
789.015686,       30.9886074066
789.340149,       31.0917739868
789.664673,       31.1150512695
789.989075,       31.0891780853
790.313354,       31.3240165710
790.637756,       31.3962574005
790.962036,       31.4549674988
791.286194,       31.4468822479
791.610413,       31.4169883728
791.934448,       31.4569320679
792.258606,       31.5101566315
792.582581,       31.6665058136
792.906555,       31.7420043945
793.230530,       31.7159538269
793.554321,       31.7433147430
793.878174,       31.7646121979
794.201965,       31.7713470459
794.525696,       31.7536392212
794.849426,       31.7325592041
795.172974,       31.8368606567
795.496643,       31.9798851013
795.820129,       31.9074096680
796.143616,       31.8916435242
796.467102,       31.8843040466
796.790405,       31.9256820679
797.113831,       31.6639728546
797.437134,       31.6540298462
797.760315,       31.6667499542
798.083618,       31.6806278229
798.406677,       31.7627849579
798.729797,       31.8366832733
799.052856,       31.8207836151
799.375854,       31.6656913757
799.698853,       31.6719474792
800.021729,       31.7715339661
800.344604,       31.7496891022
800.667358,       31.8261108398
800.990112,       31.8702125549
801.312866,       31.8944454193
801.635498,       31.8805866241
801.958191,       31.8668594360
802.280701,       31.7701511383
802.603210,       31.7090187073
802.925781,       31.6815338135
803.248108,       31.6821899414
803.570496,       31.6553478241
803.892822,       31.7431240082
804.215088,       31.7468166351
804.537354,       31.6922092438
804.859436,       31.6945972443
805.181641,       31.5589942932
805.503723,       31.4795799255
805.825745,       31.4758663177
806.147766,       31.5739898682
806.469604,       31.5656356812
806.791504,       31.5898666382
807.113342,       31.6885643005
807.435181,       31.6537799835
807.756897,       31.6496887207
808.078552,       31.6202678680
808.400208,       31.7003612518
808.721802,       31.7550563812
809.043335,       31.8046569824
809.364929,       31.8719482422
809.686279,       31.8619251251
810.007751,       31.8551292419
810.329041,       31.8425827026
810.650330,       31.8700256348
810.971619,       31.8359260559
811.292786,       31.8902015686
811.613953,       31.8747291565
811.935059,       31.8997859955
812.256104,       31.9203262329
812.577148,       31.9206504822
812.898071,       31.9066562653
813.218994,       31.8563098907
813.539795,       31.7614936829
813.860596,       31.7509975433
814.181396,       31.6959476471
814.502136,       31.6766223907
814.822754,       31.7430286407
815.143372,       31.6654415131
815.463928,       31.5954723358
815.784485,       31.6243820190
816.104919,       31.5686283112
816.425354,       31.5495719910
816.745728,       31.5526123047
817.065979,       31.5578765869
817.386353,       31.5092201233
817.706421,       31.5230541229
818.026733,       31.5017814636
818.346863,       31.5784835815
818.666809,       31.6733055115
818.986938,       31.6405887604
819.306824,       31.5981445313
819.626770,       31.5889835358
819.946716,       31.6197776794
820.266479,       31.6764202118
820.586304,       31.6083393097
820.905945,       31.6334724426
821.225647,       31.6365966797
821.545349,       31.6435718536
821.864868,       31.6828193665
822.184448,       31.8495864868
822.503845,       31.9027576447
822.823364,       31.8539733887
823.142761,       31.9396705627
823.462036,       31.9573917389
823.781372,       31.9574737549
824.100525,       31.9398155212
824.419800,       32.4911231995
824.738953,       32.4605827332
825.057922,       32.4397850037
825.377014,       32.3476715088
825.695984,       32.4272079468
826.014954,       32.4730796814
826.333862,       32.4448585510
826.652649,       32.4631843567
826.971497,       32.4487648010
827.290100,       32.5356559753
827.608887,       32.5905914307
827.927612,       32.6483993530
828.246094,       32.5834236145
828.564697,       32.5216674805
828.883118,       32.3613777161
829.201599,       32.2878303528
829.520020,       32.3458557129
829.838318,       32.3241195679
830.156616,       32.2630004883
830.474854,       32.2698020935
830.793091,       32.3507728577
831.111267,       31.7556324005
831.429260,       31.7502803802
831.747437,       31.7531852722
832.065308,       31.7958030701
832.383362,       31.8526096344
832.701233,       31.9129085541
833.019043,       31.9249420166
833.336914,       31.9242744446
833.654663,       31.9327564240
833.972351,       31.9018211365
834.289978,       31.9507865906
834.607483,       32.0394630432
834.925171,       32.0579528809
835.242676,       32.0714263916
835.560059,       32.0987358093
835.877502,       32.0457801819
836.194763,       32.0125083923
836.512146,       31.9691543579
836.829468,       32.0533142090
837.146545,       32.0877952576
837.463745,       31.9955101013
837.780823,       32.0248489380
838.097900,       32.0563812256
838.414917,       32.0743484497
838.731873,       32.0663681030
839.048828,       31.9691143036
839.365540,       31.9244174957
839.682434,       31.9309062958
839.999207,       32.0077438354
840.315857,       32.0581932068
840.632568,       32.0189971924
840.949097,       31.9197292328
841.265747,       31.7288608551
841.582275,       31.7770156860
841.898682,       31.9410095215
842.215088,       31.9132862091
842.531433,       31.9938659668
842.847778,       32.0046157837
843.164063,       32.0582199097
843.480164,       32.0387687683
843.796387,       32.0302543640
844.112427,       32.0714530945
844.428528,       32.1448860168
844.744568,       32.2004814148
845.060486,       32.3310089111
845.376404,       32.3665962219
845.692200,       32.3521041870
846.008057,       32.3398399353
846.323853,       32.3812026978
846.639465,       32.3282356262
846.955139,       32.2494697571
847.270691,       32.3046951294
847.586304,       32.3643341064
847.901855,       32.4137496948
848.217224,       32.3093299866
848.532715,       32.2753677368
848.847961,       32.4408454895
849.163330,       32.3541908264
849.478638,       32.3637580872
849.793823,       32.3377685547
850.108948,       32.3265419006
850.424011,       32.3508338928
850.739136,       32.3369102478
851.054199,       32.2122497559
851.369019,       32.1235771179
851.684021,       31.9844512939
851.998779,       32.0774993896
852.313660,       32.1171188354
852.628418,       32.1154174805
852.943054,       32.1418952942
853.257751,       32.1537933350
853.572327,       32.1808738708
853.886841,       32.1035995483
854.201477,       32.1427421570
854.515808,       32.2083549500
854.830261,       32.2906684875
855.144592,       32.2526397705
855.458862,       32.1195678711
855.773193,       32.1724128723
856.087280,       32.1674690247
856.401489,       32.1672210693
856.715515,       32.2439117432
857.029602,       32.2772789001
857.343628,       32.2194252014
857.657532,       32.3008193970
857.971497,       32.3827133179
858.285278,       32.3998641968
858.599121,       32.3137817383
858.912903,       32.2051696777
859.226501,       32.2812271118
859.540222,       32.2165794373
859.853699,       32.2312850952
860.167297,       32.2103500366
860.480896,       32.3180007935
860.794250,       32.3084030151
861.107666,       32.2438735962
861.420959,       32.2591743469
861.734314,       32.1910018921
862.047546,       32.1680946350
862.360657,       32.1932601929
862.673889,       32.3234481812
862.986938,       32.3561019897
863.299988,       32.3521003723
863.613037,       32.4213790894
863.925903,       32.5384063721
864.238831,       32.7174530029
864.551575,       32.6781311035
864.864380,       32.6250953674
865.177185,       32.6338310242
865.489807,       32.7659530640
865.802490,       32.7357254028
866.114990,       32.7884216309
866.427612,       32.9944496155
866.740112,       33.0288505554
867.052429,       33.0454635620
867.364868,       32.9818191528
867.677124,       33.0622329712
867.989502,       33.1203880310
868.301758,       33.1610260010
868.613831,       33.1891555786
868.926025,       33.1512413025
869.238159,       33.0434265137
869.550049,       33.0252876282
869.862122,       33.0460929871
870.173950,       32.9476356506
870.485901,       32.8891830444
870.797791,       32.6607742310
871.109497,       32.7628631592
871.421204,       32.7520484924
871.732849,       32.7545280457
872.044495,       32.7993545532
872.356079,       32.7271537781
872.667542,       32.6754226685
872.979065,       32.4615898132
873.290344,       32.4795837402
873.601807,       32.3942375183
873.913147,       32.5771713257
874.224304,       32.5268554688
874.535645,       32.4414291382
874.846741,       32.4893608093
875.157837,       32.6008605957
875.468994,       32.7347793579
875.779907,       32.7717437744
876.090881,       32.8660697937
876.401733,       32.7622528076
876.712646,       32.7853469849
877.023499,       32.7925758362
877.334167,       32.8975410461
877.644897,       32.8497543335
877.955505,       32.8849105835
878.266113,       32.8981895447
878.576721,       32.8419952393
878.887146,       32.9857826233
879.197571,       33.0055274963
879.507996,       33.0432319641
879.818298,       33.0892372131
880.128662,       33.3195075989
880.438843,       33.0771865845
880.749084,       33.1951179504
881.059143,       33.7564849854
881.369263,       33.6698608398
881.679382,       33.4569931030
881.989258,       33.3298835754
882.299194,       33.2950630188
882.609070,       33.2908287048
882.918945,       33.3552932739
883.228760,       33.3213996887
883.538452,       33.3784484863
883.848145,       33.4860992432
884.157654,       33.5238265991
884.467285,       33.6273231506
884.776917,       33.6081581116
885.086243,       33.6772460938
885.395813,       33.6653709412
885.705017,       33.6396102905
886.014404,       33.5955390930
886.323730,       33.5534973145
886.632874,       33.3824615479
886.942078,       33.5854110718
887.251160,       33.5512123108
887.560242,       33.0061035156
887.869263,       33.0810050964
888.178162,       33.1183700562
888.487122,       33.0889816284
888.795898,       33.1361579895
889.104797,       33.0579147339
889.413513,       33.0344619751
889.722168,       33.1098861694
890.030884,       33.1752510071
890.339417,       33.0337486267
890.648010,       32.9606475830
890.956543,       32.8918571472
891.264893,       32.8622970581
891.573364,       32.7453231812
891.881653,       32.6789779663
892.189941,       32.7276611328
892.498230,       32.8296737671
892.806335,       32.9134864807
893.114502,       32.9761581421
893.422546,       32.8858184814
893.730652,       32.8581504822
894.038696,       32.9929885864
894.346497,       32.9477462769
894.654419,       33.0318832397
894.962158,       33.0944709778
895.270020,       33.0759124756
895.577759,       33.1081352234
895.885376,       33.1944580078
896.192993,       33.1348114014
896.500549,       33.0482978821
896.808044,       33.0140113831
897.115601,       33.0356712341
897.422913,       33.1523742676
897.730347,       33.1907958984
898.037598,       33.3291816711
898.344910,       33.4192733765
898.652161,       33.4313621521
898.959167,       33.4086837769
899.266418,       33.4189720154
899.573364,       33.4493827820
899.880371,       33.3719482422
900.187378,       33.3783073425
900.494202,       33.2891998291
900.801086,       33.2329368591
901.107788,       33.2534179688
901.414612,       33.2068099976
901.721375,       33.1532897949
902.027832,       33.1795692444
902.334534,       33.0834274292
902.641113,       33.1548919678
902.947510,       33.1116218567
903.253967,       33.1705284119
903.560242,       33.1334457397
903.866638,       33.0049858093
904.172974,       32.9968109131
904.479126,       32.9449996948
904.785278,       32.9000854492
905.091370,       32.8899497986
905.397461,       32.8194007874
905.703552,       32.7056350708
906.009399,       32.6484985352
906.315369,       32.6918525696
906.621155,       32.6267890930
906.927002,       32.6136550903
907.232788,       32.7280044556
907.538452,       32.7235374451
907.844116,       32.7546615601
908.149658,       32.7898178101
908.455200,       32.7709350586
908.760803,       32.8514213562
909.066162,       32.8128318787
909.371582,       32.8598213196
909.676880,       32.8346290588
909.982178,       32.9190330505
910.287476,       32.9226951599
910.592529,       32.9284744263
910.897705,       33.0227241516
911.202759,       33.0045127869
911.507813,       33.0839729309
911.812805,       33.1183509827
912.117676,       33.1341133118
912.422546,       33.1816024780
912.727356,       33.2350234985
913.032104,       33.2107276917
913.336853,       33.2174034119
913.641479,       33.1504478455
913.946106,       33.0027923584
914.250610,       33.2189254761
914.555115,       33.3132896423
914.859619,       33.3782691956
915.163940,       33.2973518372
915.468323,       33.2290077209
915.772583,       33.2940177917
916.076843,       33.2962188721
916.381104,       33.2235870361
916.685120,       33.2315521240
916.989258,       33.3269653320
917.293213,       33.1329956055
917.597290,       33.5170364380
917.901184,       33.8841934204
918.205017,       33.9725685120
918.508850,       34.0542678833
918.812561,       34.0157699585
919.116333,       34.0725708008
919.420044,       34.1244964600
919.723572,       34.1289405823
920.027222,       34.2317047119
920.330627,       34.3330879211
920.634094,       34.2483863831
920.937561,       34.1788749695
921.240784,       34.2913703918
921.544189,       34.3257789612
921.847351,       34.3845176697
922.150574,       34.5267906189
922.453735,       34.6196670532
922.756775,       34.6565704346
923.059875,       34.5926208496
923.362793,       34.4774932861
923.665771,       34.7240829468
923.968689,       34.3042449951
924.271362,       33.9187698364
924.574219,       33.8689575195
924.876892,       33.7287826538
925.179565,       33.6472053528
925.482239,       33.5312347412
925.784729,       33.7221641541
926.087280,       33.6483345032
926.389648,       33.5564079285
926.692078,       33.4744911194
926.994507,       33.4058418274
927.296692,       33.3652534485
927.599060,       33.2585792542
927.901123,       33.1878128052
928.203308,       33.1550712585
928.505432,       32.9511985779
928.807434,       32.8353919983
929.109436,       32.8805923462
929.411316,       32.9942665100
929.713196,       33.0163192749
930.015015,       32.7320442200
930.316711,       32.8103179932
930.618530,       32.6703567505
930.920105,       32.5319252014
931.221802,       32.7591247559
931.523315,       32.7465591431
931.824829,       32.8619194031
932.126282,       32.7982444763
932.427612,       32.8136634827
932.729004,       32.9553680420
933.030334,       32.9822731018
933.331482,       32.9106674194
933.632751,       32.8783149719
933.933777,       32.8476676941
934.234924,       33.0128936768
934.536011,       33.0977897644
934.836914,       33.1237945557
935.137878,       33.0663642883
935.438660,       32.9331474304
935.739502,       32.9839057922
936.040344,       33.0105819702
936.340942,       33.0993843079
936.641663,       33.0216674805
936.942383,       33.1659088135
937.242798,       33.4615249634
937.543335,       33.2622451782
937.843750,       33.3829460144
938.144165,       33.2969322205
938.444580,       33.3147773743
938.744751,       33.3383750916
939.045044,       33.3181419373
939.345154,       33.5002136230
939.645325,       33.5742645264
939.945435,       33.9072570801
940.245361,       33.9631881714
940.545410,       33.9527053833
940.845215,       33.9515380859
941.145142,       33.9935722351
941.445007,       34.3020591736
941.744629,       34.3979072571
942.044434,       34.2991638184
942.343994,       34.3519897461
942.643677,       34.3661155701
942.943237,       34.4466819763
943.242676,       34.5004272461
943.542114,       34.6914901733
943.841431,       34.7665748596
944.140808,       34.5735740662
944.440125,       34.6859245300
944.739258,       34.8173713684
945.038513,       34.8478660583
945.337524,       34.8860511780
945.636597,       34.8682594299
945.935669,       34.8436813354
946.234558,       34.5149536133
946.533508,       34.4625587463
946.832275,       34.7697067261
947.131165,       34.7840652466
947.429932,       34.7129707336
947.728516,       34.4191322327
948.027222,       34.4954261780
948.325745,       34.4946365356
948.624329,       34.8345222473
948.922852,       34.8329505920
949.221191,       34.9840354919
949.519592,       35.0912857056
949.817810,       34.8335533142
950.116150,       35.1047477722
950.414368,       35.2284202576
950.712463,       35.1306304932
951.010620,       34.7065582275
951.308594,       34.7414627075
951.606628,       34.6568870544
951.904602,       34.8223915100
952.202454,       35.0959434509
952.500305,       36.0250434875
952.798035,       36.1407623291
953.095825,       35.7566375732
953.393494,       35.6946334839
953.691040,       36.0497779846
953.988647,       36.1459426880
954.286133,       36.2633514404
954.583618,       36.4754257202
954.881042,       36.0486831665
955.178345,       36.2074813843
955.475647,       36.6355705261
955.772827,       36.6432342529
956.070068,       36.4056472778
956.367310,       36.1918907166
956.664307,       36.2385482788
956.961365,       36.4972534180
957.258240,       36.7216377258
957.555176,       37.3196258545
957.852112,       37.4974327087
958.148865,       37.3538856506
958.445679,       37.1644668579
958.742310,       36.2143478394
959.039001,       36.2988471985
959.335632,       36.2767143250
959.632141,       36.5449714661
959.928650,       36.2631568909
960.224976,       36.5474777222
960.521484,       36.7595291138
960.817871,       36.5464515686
961.114014,       36.5697517395
961.410339,       36.4742507935
961.706421,       35.8420906067
962.002563,       35.6153640747
962.298645,       35.9439926147
962.594604,       35.9513397217
962.890564,       36.1356620789
963.186401,       38.9630546570
963.482300,       39.1679573059
963.778137,       38.6414337158
964.073792,       38.5189895630
964.369568,       38.3941307068
964.665100,       38.3716659546
964.960693,       38.4259300232
965.256287,       38.6129989624
965.551697,       38.5212516785
965.847168,       38.1565437317
966.142395,       38.3701553345
966.437744,       38.4762268066
966.733032,       38.0984840393
967.028198,       38.2011604309
967.323364,       38.4059677124
967.618408,       38.2616386414
967.913513,       38.6450424194
968.208496,       39.0042114258
968.503357,       38.7752265930
968.798279,       38.8401603699
969.093018,       38.8288650513
969.387817,       35.2717742920
969.682556,       35.3541259766
969.977173,       35.1550903320
970.271790,       35.6191520691
970.566406,       35.8900794983
970.860779,       35.8754158020
971.155334,       36.0525779724
971.449646,       35.5325317383
971.743958,       35.7993774414
972.038330,       36.1897087097
972.332458,       36.0973548889
972.626648,       35.6236343384
972.920715,       35.6334609985
973.214844,       35.6046333313
973.508911,       35.7133140564
973.802734,       36.4696617126
974.096741,       36.6496849060
974.390442,       36.4240531921
974.684265,       36.6376686096
974.978088,       36.6441116333
975.271667,       36.7850227356
975.565369,       36.9827003479
975.858826,       36.8830070496
976.152405,       37.2167358398
976.445923,       36.8347702026
976.739258,       36.6223411560
977.032654,       36.7419586182
977.325867,       36.8710441589
977.619202,       37.2421417236
977.912415,       37.8350524902
978.205505,       37.8372650146
978.498596,       37.8992500305
978.791504,       38.0338935852
979.084534,       38.5245246887
979.377563,       38.8086929321
979.670288,       38.7256546021
979.963196,       38.0804634094
980.255859,       37.9142189026
980.548584,       37.9287910461
980.841309,       37.8990364075
981.133850,       37.9246520996
981.426392,       38.1252593994
981.718811,       37.8873863220
982.011292,       37.5407066345
982.303650,       37.5023651123
982.595886,       37.6068801880
982.888245,       38.0586013794
983.180359,       38.3676948547
983.472595,       38.0107269287
983.764709,       37.6629180908
984.056641,       37.0506744385
984.348755,       37.1613311768
984.640625,       37.4068298340
984.932495,       37.6370124817
985.224365,       37.2035522461
985.516052,       37.2856750488
985.807861,       37.3822021484
986.099426,       38.5791931152
986.391052,       38.2447013855
986.682678,       38.3871269226
986.974121,       38.6119270325
987.265625,       38.6276473999
987.556885,       38.3253860474
987.848328,       38.3833084106
988.139648,       38.4068183899
988.430786,       38.3166503906
988.721985,       38.0039405823
989.013000,       37.8926467896
989.304138,       38.2771759033
989.595215,       38.4543724060
989.886047,       38.8772201538
990.177002,       39.0043182373
990.467834,       39.1066017151
990.758606,       38.7848777771
991.049377,       38.6755371094
991.339966,       39.3480720520
991.630676,       39.0764198303
991.921143,       38.7300567627
992.211670,       38.6910972595
992.502197,       38.5802841187
992.792542,       38.4326744080
993.082886,       37.8913345337
993.373169,       38.2409133911
993.663452,       38.4010925293
993.953613,       38.7623863220
994.243713,       38.8115005493
994.533813,       38.8089981079
994.823792,       39.1286811829
995.113770,       38.8788948059
995.403687,       38.3116416931
995.693481,       38.2666854858
995.983337,       37.9571228027
996.273010,       37.9309082031
996.562744,       37.4574584961
996.852417,       38.3099479675
997.141907,       38.5273590088
997.431458,       37.7671432495
997.720886,       38.1972007751
998.010315,       38.4780540466
998.299744,       37.0634460449
998.588928,       36.9056510925
998.878296,       36.8315849304
999.167419,       37.1138648987
999.456543,       38.1332817078
999.745667,       38.0579948425
1000.034607,       37.6966362000
1000.323669,       37.8801307678
1000.612488,       38.7061233521
1000.901367,       38.9577674866
1001.190247,       38.6366386414
1001.478882,       38.4872894287
1001.767639,       40.0383949280
1002.056335,       39.8387298584
1002.344849,       40.4549980164
1002.633423,       40.4396400452
1002.921814,       39.4898910522
1003.210266,       39.2134666443
1003.498657,       39.0094375610
1003.786926,       38.9074172974
1004.075256,       40.0399322510
1004.363342,       40.1707496643
1004.651489,       39.9158401489
1004.939697,       40.5687408447
1005.227600,       42.0779075623
1005.515686,       41.5945549011
1005.803467,       41.9771995544
1006.091370,       41.9066734314
1006.379272,       42.5191993713
1006.666870,       42.0186386108
1006.954712,       41.3211975098
1007.242188,       42.3383979797
1007.529907,       42.7983436584
1007.817444,       41.2561340332
1008.104858,       42.8336563110
1008.392334,       41.8593940735
1008.679565,       42.6841430664
1008.966980,       42.7243156433
1009.254272,       42.8808708191
1009.541382,       43.0333862305
1009.828613,       42.5102615356
1010.115601,       41.1431388855
1010.402649,       41.2612838745
1010.689697,       41.8998336792
1010.976563,       41.4234580994
1011.263489,       41.3083000183
1011.550171,       40.8812294006
1011.837036,       40.7725906372
1012.123657,       41.3807449341
1012.410278,       41.6730613708
1012.696899,       42.9861717224
1012.983337,       43.8284530640
1013.269897,       43.2580146790
1013.556396,       43.1299209595
1013.842651,       44.4946975708
1014.129028,       43.1517829895
1014.415161,       43.8865737915
1014.701477,       44.2817916870
1014.987671,       45.6311836243
1015.273560,       45.9971389771
1015.559692,       47.3398551941
1015.845581,       48.0552864075
1016.131592,       49.8822860718
1016.417542,       50.9041366577
1016.703247,       51.1764068604
1016.989014,       51.7554893494
1017.274658,       51.5172538757
1017.560303,       52.4747543335
1017.845947,       51.8210525513
1018.131409,       51.7937240601
1018.416870,       51.5901908875
1018.702271,       50.7853736877
1018.987671,       51.0384864807
1019.272949,       52.5314674377
1019.558228,       53.1512870789
1019.843445,       51.9501914978
1020.128540,       52.0154953003
1020.413574,       51.8655700684
1020.698608,       51.5290451050
1020.983521,       50.4766044617
1021.268555,       51.6512794495
1021.553284,       52.7289161682
1021.838135,       53.8946685791
1022.122925,       52.3018913269
1022.407593,       56.3779602051
1022.692261,       30.3605346680
1022.976807,       35.4902000427
1023.261292,       38.9312934875
1023.545837,       49.5999946594
1023.830200,       43.4306602478
1024.114624,       61.6638183594
1024.398804,       70.8243026733
1024.683105,       65.6693038940
1024.967285,       32.8542137146
