340.270844,        0.0000000000
340.648560,        0.0000000000
341.026306,      746.4292602539
341.403961,      760.8685913086
341.781616,      799.9989013672
342.159210,      790.4749145508
342.536743,       -8.1632604599
342.914307,       59.8360595703
343.291779,       90.1754531860
343.669250,        0.0000000000
344.046661,       56.7140045166
344.424042,       56.6003074646
344.801422,       55.7205276489
345.178711,       62.5686111450
345.556000,       66.3646316528
345.933258,       74.1442947388
346.310486,       77.1925964355
346.687622,       77.7110061646
347.064758,       79.5268554688
347.441895,       76.6411590576
347.818939,       75.0227355957
348.195953,       74.0330657959
348.572937,       70.4778976440
348.949890,       72.0805816650
349.326843,       71.3189239502
349.703735,       70.4933853149
350.080597,       71.3718109131
350.457397,       71.7854309082
350.834198,       68.4253463745
351.210968,       67.9184417725
351.587646,       68.5474777222
351.964325,       68.5614776611
352.340942,       67.2879257202
352.717560,       69.0400695801
353.094147,       69.5926437378
353.470673,       68.7511444092
353.847168,       65.3240585327
354.223602,       64.0808486938
354.600037,       63.2547721863
354.976440,       62.2619857788
355.352783,       65.1795043945
355.729126,       67.7373275757
356.105408,       68.4744110107
356.481628,       69.2006149292
356.857849,       67.8358383179
357.234009,       67.1470108032
357.610168,       69.2220687866
357.986267,       65.7588424683
358.362366,       64.9288253784
358.738373,       62.8704261780
359.114349,       63.7044258118
359.490326,       61.4152984619
359.866241,       58.5172958374
360.242157,       60.2257118225
360.617981,       60.1853713989
360.993805,       58.0120010376
361.369568,       58.1755142212
361.745331,       57.3704185486
362.121033,       57.0794754028
362.496704,       56.5384941101
362.872314,       55.0664787292
363.247925,       54.6822853088
363.623505,       52.7643547058
363.999023,       48.2975540161
364.374542,       54.9280090332
364.750000,       54.9674682617
365.125397,       57.5591583252
365.500763,       56.4135551453
365.876160,       55.9228019714
366.251434,       53.5812683105
366.626740,       54.4664993286
367.001953,       57.0638427734
367.377136,       58.3035545349
367.752350,       58.7272224426
368.127472,       62.6356048584
368.502594,       59.4149055481
368.877625,       57.7278594971
369.252625,       58.0713691711
369.627625,       58.7611427307
370.002563,       60.8695907593
370.377502,       60.8714408875
370.752380,       60.3808746338
371.127228,       65.6517562866
371.502014,       63.6524734497
371.876770,       65.0681991577
372.251526,       63.5314865112
372.626221,       64.2210388184
373.000885,       62.4639930725
373.375488,       62.1306343079
373.750092,       63.9762954712
374.124664,       67.3763427734
374.499146,       70.5044479370
374.873627,       70.9221267700
375.248108,       68.9015808105
375.622467,       76.4357604980
375.996887,       75.7349014282
376.371185,       77.9312820435
376.745483,       79.1221923828
377.119751,       78.9034271240
377.493958,       79.9246673584
377.868195,       79.5251693726
378.242310,       80.0709991455
378.616394,       82.7172241211
378.990540,       79.9551162720
379.364563,       79.7401580811
379.738556,       78.5079498291
380.112518,       75.8722305298
380.486481,       75.2831115723
380.860352,       75.2925033569
381.234192,       75.6432495117
381.608063,       73.4877090454
381.981812,       71.2291030884
382.355591,       67.1239166260
382.729309,       66.4116592407
383.102966,       64.6143188477
383.476624,       56.3094558716
383.850220,       52.7540626526
384.223816,       51.5729370117
384.597321,       51.3042373657
384.970856,       52.7314300537
385.344299,       49.1400871277
385.717682,       46.6405525208
386.091125,       45.5588951111
386.464447,       40.2113685608
386.837769,       37.0118103027
387.211029,       40.6068344116
387.584290,       40.7052192688
387.957489,       40.6615638733
388.330627,       39.0895042419
388.703766,       38.9657707214
389.076874,       39.4391441345
389.449921,       44.4095687866
389.822937,       43.4003410339
390.195923,       44.2475280762
390.568878,       43.3258056641
390.941772,       45.1242904663
391.314636,       43.9935493469
391.687500,       41.7232589722
392.060272,       41.4210853577
392.433075,       40.5879173279
392.805756,       36.0390472412
393.178436,       37.6566162109
393.551117,       39.6443786621
393.923737,       42.4125480652
394.296326,       43.3944244385
394.668854,       43.4262657166
395.041321,       40.9965858459
395.413849,       42.4680633545
395.786255,       43.9248466492
396.158630,       43.7148818970
396.531006,       43.1256179810
396.903320,       41.2848777771
397.275604,       41.3367118835
397.647827,       41.1147499084
398.020050,       44.3263549805
398.392212,       44.0240097046
398.764343,       42.1378059387
399.136444,       42.2039527893
399.508514,       42.5133895874
399.880554,       41.6605072021
400.252533,       43.4339294434
400.624512,       46.1601448059
400.996399,       45.5674209595
401.368286,       45.1489486694
401.740112,       42.7203712463
402.111908,       40.0951080322
402.483673,       38.6946449280
402.855408,       38.1175231934
403.227081,       36.9917678833
403.598755,       34.2384185791
403.970367,       32.5667953491
404.341980,       33.0948219299
404.713501,       33.8002395630
405.085022,       31.3434810638
405.456482,       30.7514400482
405.827911,       27.0337104797
406.199310,       24.8206214905
406.570648,       25.2864265442
406.942017,       23.7927322388
407.313263,       22.8942756653
407.684509,       22.9841823578
408.055725,       21.0543689728
408.426880,       20.6889324188
408.798035,       22.9982089996
409.169128,       22.4432220459
409.540161,       24.5252132416
409.911224,       24.4233970642
410.282196,       25.4773883820
410.653137,       25.5239105225
411.024048,       24.2046356201
411.394897,       25.9557781219
411.765747,       27.0481948853
412.136536,       26.6104259491
412.507324,       29.6927566528
412.878052,       29.4965953827
413.248718,       33.8723297119
413.619385,       33.3249435425
413.989990,       34.1459426880
414.360565,       35.7636528015
414.731110,       36.0100822449
415.101563,       36.2638931274
415.472076,       36.0098571777
415.842468,       35.0795211792
416.212891,       35.6675376892
416.583221,       33.3307342529
416.953522,       33.5418014526
417.323792,       31.0911960602
417.694031,       33.7901916504
418.064240,       33.4995994568
418.434418,       34.6983375549
418.804535,       37.4247360229
419.174622,       36.7730331421
419.544678,       35.6119499207
419.914673,       35.6884040833
420.284668,       32.7478904724
420.654572,       30.9655399323
421.024475,       27.7370395660
421.394348,       29.5251903534
421.764191,       29.1444473267
422.133972,       28.4151725769
422.503693,       29.8283481598
422.873444,       30.0489845276
423.243134,       30.0077018738
423.612762,       30.2066059113
423.982330,       28.0165367126
424.351929,       27.3536205292
424.721436,       25.9770355225
425.090942,       26.3483963013
425.460358,       24.9721755981
425.829773,       24.9481925964
426.199158,       23.1640930176
426.568481,       20.7209014893
426.937775,       20.4483261108
427.307037,       21.7313709259
427.676239,       20.6188926697
428.045441,       20.3621616364
428.414581,       20.3958282471
428.783722,       21.2890415192
429.152802,       19.1440124512
429.521790,       22.0911254883
429.890839,       21.8982448578
430.259766,       19.3870506287
430.628693,       20.6715087891
430.997589,       19.6184577942
431.366425,       19.1429519653
431.735229,       18.9925155640
432.104004,       18.9322299957
432.472748,       20.0865135193
432.841431,       19.9042091370
433.210052,       19.6735286713
433.578705,       18.5326709747
433.947266,       19.0590553284
434.315826,       18.3391265869
434.684326,       18.4427013397
435.052765,       17.6259193420
435.421204,       21.4226951599
435.789612,       21.0238838196
436.157959,       21.8211727142
436.526276,       20.2306213379
436.894531,       19.9949684143
437.262756,       16.3241081238
437.630951,       15.5757665634
437.999146,       15.4963541031
438.367249,       13.9638309479
438.735321,       13.7139930725
439.103394,       13.1550712585
439.471405,       13.2635536194
439.839386,       42.0540466309
440.207306,       41.7483673096
440.575195,       41.6519889832
440.943054,       40.6797218323
441.310883,       40.2675476074
441.678680,       40.2127838135
442.046387,       40.1616821289
442.414093,       39.4237289429
442.781799,       39.0090141296
443.149414,       36.9176712036
443.516998,       36.6395988464
443.884552,       35.8178215027
444.252045,       35.4633712769
444.619537,       34.8861045837
444.987000,       34.9503898621
445.354401,       35.0898971558
445.721710,       35.6203842163
446.089081,       35.5471534729
446.456360,       35.7512969971
446.823608,       35.7212371826
447.190826,       36.1183128357
447.557953,       10.1635141373
447.925110,        9.3138999939
448.292175,        8.6705198288
448.659271,        9.3127613068
449.026276,        9.2912635803
449.393250,        8.5817861557
449.760193,        8.4188785553
450.127075,        8.2206201553
450.493958,        8.1672067642
450.860779,        7.2480797768
451.227570,        7.3511881828
451.594330,        7.6717905998
451.960999,        7.7355957031
452.327698,        7.8930130005
452.694336,        7.5550050735
453.060913,        6.8755707741
453.427490,        5.9862041473
453.793976,        5.6185812950
454.160492,        5.2400155067
454.526917,        5.6021628380
454.893311,        5.1306605339
455.259674,        4.7811002731
455.626007,        5.1128363609
455.992310,        5.6660089493
456.358551,        5.2112450600
456.724731,        5.7029967308
457.090912,        6.1141338348
457.457031,        6.0783720016
457.823151,        6.2500028610
458.189209,        6.1017498970
458.555206,        6.3942022324
458.921173,        6.1821365356
459.287109,        5.9002747536
459.653015,        6.5563969612
460.018890,        6.4135618210
460.384705,        6.7760748863
460.750519,        6.6108675003
461.116241,        6.4859194756
461.481964,        6.3873348236
461.847626,        6.8525304794
462.213226,        6.6817326546
462.578827,        7.0079922676
462.944427,        6.8853197098
463.309906,        6.5117688179
463.675385,        5.9249629974
464.040802,        5.8527889252
464.406219,        5.4587435722
464.771606,        4.8016238213
465.136902,        4.9702048302
465.502197,        4.7284259796
465.867462,        4.7534384727
466.232635,        4.3273096085
466.597839,        4.2808637619
466.962921,        4.4629139900
467.328003,        3.9971959591
467.693054,        4.1433210373
468.058075,        3.9385595322
468.423035,        4.6365461349
468.787994,        4.7327985764
469.152863,        4.8359146118
469.517700,        4.3041152954
469.882538,        4.0868306160
470.247314,        3.4479241371
470.612061,        4.4105806351
470.976746,        4.2536640167
471.341431,        4.6148080826
471.706024,        4.8475937843
472.070618,        5.2392468452
472.435181,        5.2126431465
472.799622,        4.9972357750
473.164124,        5.3466057777
473.528534,        5.1348056793
473.892975,        5.2602257729
474.257294,        5.2355747223
474.621582,        4.9543924332
474.985870,        5.0248785019
475.350098,        5.5408291817
475.714325,        5.3268713951
476.078461,        5.0523090363
476.442535,        5.0079002380
476.806641,        4.8327531815
477.170685,        4.8376321793
477.534668,        4.6869854927
477.898621,        4.8392310143
478.262512,        4.1884346008
478.626404,        4.7933516502
478.990265,        4.5943760872
479.354065,        4.3861908913
479.717834,        3.8854379654
480.081512,        3.9115839005
480.445221,        3.8551826477
480.808899,        3.6728718281
481.172485,        3.8140065670
481.536041,        3.6245870590
481.899567,        4.0062808990
482.263062,        3.8758172989
482.626526,        3.9595274925
482.989929,        3.5711765289
483.353271,        3.5681605339
483.716583,        3.2481696606
484.079895,        3.0915462971
484.443146,        3.1223750114
484.806366,        3.1693286896
485.169525,        3.2498672009
485.532654,        3.0672762394
485.895752,        2.8521413803
486.258820,        2.4529802799
486.621857,        2.5995140076
486.984802,        2.6110627651
487.347748,        2.7762234211
487.710663,        2.6685366631
488.073517,        2.5612382889
488.436340,        2.6135718822
488.799072,        2.5498478413
489.161835,        2.5315661430
489.524536,        2.1236431599
489.887238,        2.1840906143
490.249847,        2.0503196716
490.612396,        1.9202158451
490.974915,        1.9496243000
491.337433,        2.0043630600
491.699921,        2.1596076488
492.062347,        2.3446376324
492.424713,        2.2976880074
492.787079,        2.1812982559
493.149353,        3.0164151192
493.511658,        3.0526335239
493.873871,        3.0390539169
494.236053,        2.9431235790
494.598206,        3.0094406605
494.960297,        3.0658562183
495.322388,        3.0955471992
495.684418,        3.1574010849
496.046356,        2.9565846920
496.408325,        2.8993234634
496.770264,        2.9413940907
497.132141,        3.0347676277
497.493958,        3.0151288509
497.855713,        2.9380164146
498.217499,        2.8644886017
498.579193,        2.8436939716
498.940887,        2.8710298538
499.302490,        2.8244581223
499.664093,        2.6330697536
500.025635,        2.5679748058
500.387177,        2.5496129990
500.748627,        1.7522945404
501.110077,        1.9303301573
501.471436,        1.8484773636
501.832825,        1.8091419935
502.194153,        1.6780799627
502.555389,        1.5666557550
502.916626,        1.6745209694
503.277802,        1.6519522667
503.638977,        1.8299169540
504.000092,        2.0188810825
504.361176,        1.9819598198
504.722198,        1.8196430206
505.083160,        1.8209556341
505.444153,        1.7459585667
505.805084,        1.7751359940
506.165924,        1.7656795979
506.526764,        1.7815006971
506.887543,        2.2077054977
507.248322,        2.3151142597
507.609070,        2.3914980888
507.969727,        2.3810341358
508.330322,        2.4309663773
508.690918,        2.2609388828
509.051514,        2.2742180824
509.412018,        2.2404265404
509.772491,        2.3025872707
510.132904,        2.5322508812
510.493286,        2.6444439888
510.853699,        2.6670176983
511.213989,        2.5554788113
511.574280,        2.4362711906
511.934509,        2.4676277637
512.294678,        2.6114132404
512.654846,        2.5812180042
513.014954,        2.6436965466
513.375061,        2.7684621811
513.735046,        2.8268206120
514.095032,        2.7208907604
514.455078,        2.4480047226
514.814941,        2.2745518684
515.174805,        2.1611552238
515.534607,        2.1952292919
515.894409,        2.2351839542
516.254211,        2.2076201439
516.613892,        2.2284982204
516.973572,        2.2923710346
517.333130,        2.3102040291
517.692749,        2.0766036510
518.052368,        1.8625223637
518.411865,        1.8948949575
518.771301,        1.8235822916
519.130737,        1.7848852873
519.490173,        1.8667802811
519.849548,        1.8651330471
520.208801,        1.8817328215
520.568054,        1.9405167103
520.927307,        1.8498381376
521.286499,        1.8424028158
521.645691,        2.0153586864
522.004822,        2.0011882782
522.363831,        2.0460228920
522.722839,        2.0579171181
523.081848,        2.0516746044
523.440796,        2.0247063637
523.799744,        2.0465164185
524.158569,        1.9948875904
524.517395,        1.8993993998
524.876160,        1.8486330509
525.234924,        1.8937336206
525.593628,        1.9265294075
525.952271,        2.1197028160
526.310913,        2.2555315495
526.669495,        2.2587234974
527.028076,        2.1662640572
527.386536,        2.2743196487
527.744995,        2.2888729572
528.103394,        2.3020555973
528.461792,        2.4014790058
528.820129,        2.5046300888
529.178406,        2.4308488369
529.536743,        2.3860206604
529.894958,        2.4368622303
530.253113,        2.5959377289
530.611267,        2.8405199051
530.969299,        2.9438791275
531.327393,        3.0564477444
531.685486,        3.1348466873
532.043335,        3.2100265026
532.401367,        3.2281131744
532.759216,        3.2234151363
533.117004,        3.2970082760
533.474915,        3.0795552731
533.832642,        3.0725109577
534.190430,        3.1083078384
534.548096,        3.1785633564
534.905762,        3.1071352959
535.263367,        3.1697955132
535.620850,        3.1683597565
535.978455,        3.1014099121
536.335876,        3.0055627823
536.693359,        3.0311281681
537.050781,        3.0226593018
537.408142,        3.0746734142
537.765442,        2.9506726265
538.122681,        2.7737460136
538.479919,        2.7232396603
538.837219,        2.6507968903
539.194336,        2.6511151791
539.551453,        2.7497198582
539.908508,        2.9284105301
540.265564,        2.9087822437
540.622559,        2.8398556709
540.979553,        2.8277382851
541.336426,        2.8163070679
541.693298,        2.8124577999
542.050110,        2.8799455166
542.406921,        2.9258096218
542.763672,        2.9559803009
543.120422,        2.9521222115
543.477051,        2.9528050423
543.833679,        2.9804890156
544.190308,        2.9368627071
544.546814,        2.9388363361
544.903381,        2.9163267612
545.259827,        2.9288840294
545.616211,        2.9089591503
545.972595,        2.8395605087
546.328979,        2.8222007751
546.685242,        2.8154418468
547.041504,        2.7286608219
547.397644,        2.5837202072
547.753906,        2.6102108955
548.110046,        2.6424505711
548.466125,        2.6577286720
548.822144,        2.6250312328
549.178223,        2.6536583900
549.534241,        2.6486163139
549.890137,        2.5537192822
550.246033,        2.5415253639
550.601868,        2.5343985558
550.957581,        2.5519134998
551.313416,        2.6635456085
551.669128,        2.7227854729
552.024841,        2.7206437588
552.380432,        2.6522614956
552.736023,        2.6887702942
553.091675,        2.8696913719
553.447144,        2.9182276726
553.802612,        2.9162704945
554.158020,        2.9858722687
554.513428,        2.9462404251
554.868774,        2.9176993370
555.224121,        3.0667932034
555.579346,        3.0723397732
555.934631,        3.0733709335
556.289734,        3.1170005798
556.644958,        3.1593058109
557.000000,        3.1627345085
557.355103,        3.1648781300
557.710083,        3.1418011189
558.065063,        3.1100387573
558.420105,        3.1042134762
558.774963,        2.9772448540
559.129822,        2.9853370190
559.484619,        3.0060274601
559.839355,        3.0465285778
560.194153,        2.9980454445
560.548828,        2.8564043045
560.903442,        2.8344192505
561.258057,        2.9226043224
561.612610,        2.8493037224
561.967224,        2.8981397152
562.321655,        2.8838193417
562.676086,        2.7174789906
563.030457,        2.6895256042
563.384827,        2.6936194897
563.739197,        2.6691422462
564.093445,        2.5860235691
564.447693,        2.5131273270
564.801880,        2.4930796623
565.156006,        2.4599325657
565.510132,        2.4707467556
565.864197,        2.4746515751
566.218262,        2.4377796650
566.572205,        2.3618931770
566.926086,        2.3145833015
567.280090,        2.2712290287
567.633972,        2.2732431889
567.987732,        2.2391407490
568.341553,        2.2106220722
568.695190,        2.1122233868
569.048950,        2.1217720509
569.402649,        2.0676853657
569.756165,        2.0794820786
570.109802,        2.0978641510
570.463257,        2.0956480503
570.816772,        2.1073617935
571.170227,        2.0664343834
571.523621,        2.0644762516
571.877014,        2.0241849422
572.230286,        2.0230927467
572.583557,        2.0403444767
572.936829,        2.0814218521
573.289978,        2.1176588535
573.643250,        2.1866505146
573.996216,        2.1778016090
574.349365,        2.1680979729
574.702393,        2.2128007412
575.055359,        2.2079875469
575.408325,        2.2130808830
575.761169,        2.2439253330
576.114075,        2.2693390846
576.466919,        2.2162730694
576.819641,        2.2054438591
577.172363,        2.1653583050
577.525085,        2.2192072868
577.877686,        2.2492542267
578.230286,        2.2115054131
578.582825,        2.2012021542
578.935425,        2.1750280857
579.287903,        2.1602327824
579.640320,        2.1382644176
579.992676,        2.0870354176
580.345093,        2.0196611881
580.697388,        1.9569827318
581.049683,        1.8825879097
581.401855,        1.8501458168
581.754089,        1.9926571846
582.106201,        2.0201425552
582.458313,        2.0481417179
582.810425,        2.0252318382
583.162354,        1.9788345098
583.514404,        1.9891191721
583.866272,        1.9734015465
584.218201,        1.9898319244
584.570068,        2.0680434704
584.921875,        1.9869866371
585.273560,        1.9508435726
585.625305,        2.0281865597
585.977051,        2.0216503143
586.328674,        2.2217235565
586.680237,        2.2317931652
587.031799,        2.2955338955
587.383301,        2.3333957195
587.734802,        2.3591036797
588.086243,        2.3914127350
588.437561,        2.4180119038
588.788940,        2.4889333248
589.140198,        2.3426613808
589.491516,        2.2439920902
589.842712,        2.2397756577
590.193848,        2.2874486446
590.544983,        2.2963080406
590.896057,        2.3207144737
591.247192,        2.3318071365
591.598145,        2.3071501255
591.949158,        2.2166774273
592.300049,        2.2105960846
592.650879,        2.1787941456
593.001770,        2.0976321697
593.352539,        2.1223654747
593.703308,        1.9933164120
594.054016,        2.0123856068
594.404663,        1.9841974974
594.755310,        2.0324456692
595.105896,        1.9890576601
595.456360,        1.9527405500
595.806885,        1.9143044949
596.157349,        1.9353259802
596.507751,        2.0305318832
596.858154,        2.0761041641
597.208435,        2.0580093861
597.558777,        2.0524501801
597.908997,        2.0441510677
598.259216,        1.9576504230
598.609314,        1.9855518341
598.959473,        2.1018335819
599.309570,        2.1569333076
599.659546,        2.2032690048
600.009583,        2.2613120079
600.359497,        2.2845227718
600.709412,        2.2469568253
601.059265,        2.2109062672
601.409058,        2.2960631847
601.758850,        2.2784116268
602.108521,        2.2026872635
602.458191,        2.2423312664
602.807922,        2.2302453518
603.157471,        2.2370793819
603.507080,        2.1796898842
603.856567,        2.1171419621
604.205994,        2.1002461910
604.555542,        2.0709748268
604.904846,        2.0275893211
605.254211,        2.0524506569
605.603516,        2.2723774910
605.952759,        2.3126764297
606.302063,        2.2173483372
606.651123,        2.1978576183
607.000305,        2.1726448536
607.349365,        2.1177136898
607.698425,        2.0702538490
608.047485,        2.0858020782
608.396362,        2.0568127632
608.745300,        1.9516084194
609.094177,        1.9217759371
609.442993,        1.9339290857
609.791809,        1.8861962557
610.140503,        1.8955959082
610.489258,        1.8718814850
610.837891,        1.8858038187
611.186523,        1.8633980751
611.535156,        1.8353985548
611.883606,        1.8430005312
612.232178,        1.9100178480
612.580566,        1.9264360666
612.928955,        1.7341388464
613.277344,        1.6547530890
613.625610,        1.6450170279
613.973938,        1.6274148226
614.322144,        1.6407657862
614.670288,        1.6783604622
615.018555,        1.7212703228
615.366516,        1.7024600506
615.714661,        1.6842319965
616.062622,        1.7551481724
616.410645,        1.7636243105
616.758606,        1.7810888290
617.106445,        1.7838457823
617.454285,        1.7824537754
617.802063,        1.8319811821
618.149841,        1.8312703371
618.497559,        1.8112821579
618.845215,        1.8766820431
619.192871,        1.9081773758
619.540466,        1.8172495365
619.888000,        1.7478708029
620.235535,        1.7467032671
620.582886,        1.7773149014
620.930359,        1.7785202265
621.277710,        1.7716801167
621.625061,        1.7310271263
621.972351,        1.6784671545
622.319519,        1.6278041601
622.666809,        1.6420069933
623.013916,        1.6568042040
623.361023,        1.6328928471
623.708130,        1.6699023247
624.055054,        1.6581250429
624.402100,        1.6498357058
624.749023,        1.6919538975
625.095947,        1.7059115171
625.442810,        1.6941249371
625.789551,        1.7029573917
626.136353,        1.6495445967
626.483032,        1.6504466534
626.829712,        1.7264002562
627.176392,        1.7748881578
627.522949,        1.7803606987
627.869507,        1.7629407644
628.216003,        1.7303045988
628.562500,        1.7408270836
628.908936,        1.7427576780
629.255310,        1.7484117746
629.601624,        1.7825087309
629.947876,        1.7881433964
630.294067,        1.8868753910
630.640320,        1.8210705519
630.986511,        1.7747387886
631.332642,        1.7493437529
631.678650,        1.7652753592
632.024658,        1.6978158951
632.370728,        1.6942981482
632.716614,        1.6679048538
633.062500,        1.6616555452
633.408325,        1.6591465473
633.754089,        1.7653144598
634.099915,        1.7198791504
634.445679,        1.7239015102
634.791321,        1.7418915033
635.136963,        1.8265824318
635.482483,        1.8394792080
635.828125,        1.8085290194
636.173584,        1.7770509720
636.519043,        1.8091682196
636.864502,        1.7816741467
637.209778,        1.8008012772
637.555237,        1.6859266758
637.900452,        1.7153760195
638.245728,        1.7317390442
638.590881,        1.7136914730
638.935974,        1.6845713854
639.281189,        1.6817765236
639.626221,        1.7132066488
639.971191,        1.7415401936
640.316223,        1.7556734085
640.661072,        1.7677793503
641.006042,        1.6422817707
641.350891,        1.6274207830
641.695679,        1.6010655165
642.040466,        1.5445564985
642.385071,        1.4076056480
642.729858,        1.4005373716
643.074463,        1.4031651020
643.419067,        1.4261711836
643.763611,        1.4253244400
644.108032,        1.4370739460
644.452515,        1.3842912912
644.796936,        1.3675538301
645.141296,        1.3640098572
645.485657,        1.3734275103
645.829834,        1.4056454897
646.174133,        1.4014569521
646.518311,        1.3885598183
646.862427,        1.3199999332
647.206604,        1.2674988508
647.550598,        1.2717926502
647.894653,        1.2565878630
648.238647,        1.2390091419
648.582458,        1.2278188467
648.926453,        1.1956200600
649.270203,        1.1943988800
649.614075,        1.2187027931
649.957764,        1.2423869371
650.301453,        1.2417242527
650.645142,        1.2542700768
650.988708,        1.2172191143
651.332336,        1.1836175919
651.675842,        1.1923871040
652.019348,        1.2167037725
652.362854,        1.1959731579
652.706177,        1.1461070776
653.049561,        1.1201422215
653.392883,        1.1286860704
653.736084,        1.1438665390
654.079346,        1.1684867144
654.422424,        1.1703771353
654.765625,        1.1476477385
655.108765,        1.1361339092
655.451721,        1.1126502752
655.794800,        1.1130002737
656.137695,        1.1298629045
656.480591,        1.1395161152
656.823486,        1.1329659224
657.166260,        1.0815824270
657.509094,        1.0769861937
657.851807,        1.0386586189
658.194519,        1.0112395287
658.537109,        1.1328703165
658.879761,        1.1330932379
659.222351,        1.1445825100
659.564758,        1.1550606489
659.907349,        1.1381034851
660.249695,        1.1225984097
660.592041,        1.1423504353
660.934448,        1.1397768259
661.276672,        1.0773694515
661.619019,        1.0585758686
661.961182,        1.0332500935
662.303284,        1.0211964846
662.645508,        1.0129028559
662.987427,        0.9932978153
663.329529,        0.9851922393
663.671448,        0.9673939347
664.013428,        0.9710104465
664.355347,        0.9915723205
664.697205,        1.0898140669
665.039001,        1.0931063890
665.380676,        1.1198822260
665.722412,        1.0350370407
666.064148,        1.0172258615
666.405701,        0.9747157097
666.747253,        0.9194505215
667.088806,        0.9329901934
667.430298,        0.9135187864
667.771790,        0.8872096539
668.113159,        0.8707130551
668.454529,        0.8928100467
668.795837,        0.9096950293
669.137085,        0.9186075330
669.478394,        0.9192212224
669.819519,        0.9397554994
670.160645,        0.9474052787
670.501709,        0.9111371636
670.842773,        0.8862288594
671.183777,        0.9091971517
671.524719,        0.8760678768
671.865662,        0.7743352056
672.206482,        0.7548354864
672.547302,        0.7196236253
672.888123,        0.7152309418
673.228821,        0.7261312604
673.569458,        0.7330985665
673.910095,        0.7226386070
674.250732,        0.7447494864
674.591370,        0.7703295946
674.931824,        0.7338479161
675.272217,        0.7012506127
675.612732,        0.6824724674
675.953003,        0.6705266237
676.293396,        0.6393811107
676.633667,        0.6293333173
676.973877,        0.6234246492
677.314148,        0.6192491651
677.654236,        0.6322261691
677.994385,        0.6332533360
678.334412,        0.6005377769
678.674438,        0.6106635332
679.014404,        0.6118078828
679.354309,        0.6352021694
679.694214,        0.6276727915
680.034058,        0.6109709740
680.373840,        0.6044848561
680.713623,        0.6280076504
681.053223,        0.6573382020
681.392944,        0.7667700648
681.732544,        1.5078746080
682.072083,        2.4967985153
682.411621,        2.5441763401
682.751038,        2.5547857285
683.090515,        2.5591456890
683.429871,        2.5661983490
683.769226,        2.6242721081
684.108582,        2.6532325745
684.447754,        2.6458814144
684.786987,        2.6507279873
685.126160,        2.6674289703
685.465210,        2.6738286018
685.804382,        2.7206132412
686.143311,        2.7519228458
686.482361,        2.7678194046
686.821289,        2.8413069248
687.160156,        2.8560369015
687.499023,        2.8755030632
687.837769,        2.9897930622
688.176514,        3.0209596157
688.515259,        2.9531745911
688.853882,        2.2928113937
689.192566,        1.3542193174
689.531067,        1.3738816977
689.869629,        1.4663183689
690.208130,        1.5228052139
690.546570,        1.6155097485
690.885010,        1.6138795614
691.223267,        1.6809062958
691.561584,        1.7670750618
691.899841,        1.9107344151
692.238037,        2.0059111118
692.576294,        2.1158680916
692.914307,        2.1991829872
693.252380,        2.2779414654
693.590454,        2.3414025307
693.928406,        2.3943471909
694.266357,        2.5113892555
694.604187,        2.6140713692
694.942078,        2.6100394726
695.279907,        2.6937999725
695.617615,        2.8276124001
695.955444,        2.8725852966
696.292969,        3.0238924026
696.630676,        3.1394596100
696.968201,        3.2091279030
697.305725,        3.4483988285
697.643250,        3.5591185093
697.980652,        3.7019963264
698.318054,        3.8102343082
698.655396,        3.9438571930
698.992676,        4.0018172264
699.330017,        4.1498165131
699.667175,        4.2254300117
700.004395,        4.3752241135
700.341492,        4.4707236290
700.678528,        4.6575808525
701.015564,        4.8249058723
701.352478,        4.9228801727
701.689514,        5.0772995949
702.026428,        5.2570633888
702.363220,        5.4125866890
702.700073,        5.4874472618
703.036804,        5.6750402451
703.373474,        5.8151650429
703.710144,        6.0292849541
704.046814,        6.1556024551
704.383362,        6.1591191292
704.719910,        6.4201793671
705.056335,        6.5622034073
705.392761,        6.7150802612
705.729187,        6.8528904915
706.065552,        6.9988307953
706.401855,        7.1114807129
706.738098,        7.3545069695
707.074280,        7.4820013046
707.410461,        7.6620869637
707.746643,        7.8379197121
708.082642,        7.9952888489
708.418701,        8.2075815201
708.754639,        8.3650178909
709.090576,        8.4852027893
709.426514,        8.6452245712
709.762329,        8.8796720505
710.098083,        9.0125017166
710.433838,        9.1571865082
710.769592,        9.2856311798
711.105286,        9.4613389969
711.440796,        9.6421041489
711.776367,        9.6951112747
712.112000,        9.8418579102
712.447388,       10.0002069473
712.782837,       10.2235536575
713.118225,       10.4053926468
713.453552,       10.5800437927
713.788818,       10.6683034897
714.124023,       10.8439464569
714.459290,       11.0327062607
714.794434,       11.1432027817
715.129517,       11.3383798599
715.464661,       11.4649076462
715.799622,       11.5826358795
716.134583,       11.7597866058
716.469482,       11.9512147903
716.804321,       12.0828046799
717.139221,       12.2334260941
717.473938,       12.3820428848
717.808777,       12.5148115158
718.143433,       12.6748304367
718.478088,       12.8968772888
718.812683,       13.0370674133
719.147217,       13.2228403091
719.481750,       13.3719949722
719.816223,       13.5020523071
720.150574,       13.7584285736
720.485046,       13.9420614243
720.819214,       14.1640405655
721.153564,       14.3411397934
721.487854,       14.4991559982
721.821960,       14.6556673050
722.156189,       14.9956789017
722.490234,       15.1723918915
722.824341,       15.3672914505
723.158264,       15.6126470566
723.492249,       15.7986879349
723.826172,       15.9384546280
724.159973,       16.1813430786
724.493835,       16.3605155945
724.827576,       16.5331630707
725.161316,       16.7541294098
725.494995,       16.9153709412
725.828613,       17.1096820831
726.162231,       17.2955989838
726.495728,       17.6266536713
726.829163,       17.7954578400
727.162720,       17.8939990997
727.496033,       18.0556888580
727.829468,       18.2189693451
728.162720,       18.3626422882
728.496033,       18.5125617981
728.829224,       18.6970443726
729.162354,       18.6390419006
729.495483,       18.8004741669
729.828552,       18.9529399872
730.161560,       19.0537014008
730.494629,       19.1741199493
730.827454,       19.3572807312
731.160400,       19.5117378235
731.493225,       19.7318382263
731.825989,       19.9289112091
732.158813,       20.0990104675
732.491455,       20.2253189087
732.824158,       20.3924198151
733.156799,       20.5595550537
733.489319,       20.5823249817
733.821899,       20.7371845245
734.154236,       20.8773822784
734.486755,       21.0197162628
734.819092,       21.1693229675
735.151428,       21.2899436951
735.483765,       21.4275894165
735.815857,       21.5371131897
736.148132,       21.6690158844
736.480286,       21.8128147125
736.812378,       21.9770221710
737.144470,       22.1051940918
737.476379,       22.2489948273
737.808411,       22.3887023926
738.140259,       22.5274257660
738.472168,       22.6016559601
738.804016,       22.6793460846
739.135742,       22.7449378967
739.467468,       22.9132289886
739.799133,       23.0576343536
740.130798,       23.1136035919
740.462402,       23.3003826141
740.793884,       23.5138168335
741.125366,       23.6346607208
741.456848,       23.7156562805
741.788208,       23.8330154419
742.119568,       23.9429779053
742.450928,       24.0570659637
742.782166,       24.1700477600
743.113281,       24.3585014343
743.444458,       24.4999809265
743.775635,       24.5842208862
744.106689,       24.6516742706
744.437683,       24.7412509918
744.768677,       24.8465938568
745.099609,       24.8636856079
745.430481,       24.9992160797
745.761353,       25.1550464630
746.092102,       25.2355670929
746.422852,       25.3070983887
746.753479,       25.3665924072
747.084229,       25.4799327850
747.414795,       25.4501972198
747.745300,       25.4917297363
748.075806,       25.5304126740
748.406311,       25.6230201721
748.736694,       25.6343879700
749.067078,       25.6999435425
749.397400,       25.8131980896
749.727722,       25.8693428040
750.057861,       25.9151020050
750.388062,       25.9935684204
750.718201,       26.0681667328
751.048279,       26.1533508301
751.378357,       26.2162170410
751.708252,       26.2672939301
752.038208,       26.4191398621
752.368164,       26.4269886017
752.697937,       26.3914756775
753.027832,       26.4673004150
753.357483,       26.5154514313
753.687256,       26.5479621887
754.016907,       26.6713104248
754.346497,       26.7522811890
754.676147,       26.6975288391
755.005493,       26.7271881104
755.335083,       26.7490425110
755.664490,       26.7934494019
755.993835,       26.8606281281
756.323181,       26.8580265045
756.652405,       26.8931980133
756.981689,       26.8597660065
757.310852,       26.8508052826
757.640015,       26.8982944489
757.969177,       26.8904571533
758.298096,       26.8971881866
758.627197,       26.9182109833
758.956116,       26.8478565216
759.284973,       26.8325290680
759.613892,       26.8849010468
759.942627,       26.8757495880
760.271423,       26.8491306305
760.600159,       26.8423347473
760.928772,       26.8380432129
761.257446,       26.7799968719
761.585999,       26.7854175568
761.914490,       26.8724822998
762.242981,       26.9119682312
762.571350,       26.9324932098
762.899841,       26.8909301758
763.228088,       26.9095516205
763.556396,       26.9294528961
763.884644,       26.9529132843
764.212830,       26.9606742859
764.541016,       26.9528446198
764.869080,       26.9775981903
765.197144,       26.9794788361
765.525146,       26.9557743073
765.853088,       27.0054721832
766.181030,       27.0894527435
766.508789,       27.0565929413
766.836670,       27.0826015472
767.164429,       27.1246967316
767.492126,       27.1368656158
767.819824,       27.0704002380
768.147400,       27.1997299194
768.475037,       27.2040939331
768.802490,       27.2902317047
769.130005,       27.3132266998
769.457458,       27.3164577484
769.784790,       27.4167385101
770.112183,       27.4444580078
770.439453,       27.4745464325
770.766663,       27.4988288879
771.093872,       27.4864463806
771.420959,       27.4664783478
771.748108,       27.4302444458
772.075195,       27.5234756470
772.402161,       27.5624713898
772.729126,       27.5281906128
773.055969,       27.4741802216
773.382874,       27.5091476440
773.709717,       27.5084648132
774.036438,       27.4574069977
774.363159,       27.4951934814
774.689758,       27.5379772186
775.016479,       27.4719409943
775.343018,       27.5318202972
775.669495,       27.4228992462
775.996033,       27.4083137512
776.322449,       27.4421424866
776.648865,       27.3901710510
776.975098,       27.4053039551
777.301453,       27.4324302673
777.627686,       27.4844284058
777.953857,       27.5983448029
778.280029,       27.5971946716
778.606079,       27.7522029877
778.932068,       27.6898498535
779.258179,       27.6931495667
779.584045,       27.7186660767
779.909973,       27.7324352264
780.235840,       27.7380466461
780.561646,       27.7683086395
780.887390,       27.7939319611
781.213135,       27.7854080200
781.538757,       27.7665710449
781.864380,       27.8520011902
782.189880,       27.8903751373
782.515442,       27.8466873169
782.840942,       27.9018230438
783.166321,       27.9278793335
783.491699,       27.9753208160
783.817017,       27.9423446655
784.142395,       27.9297313690
784.467529,       27.8725109100
784.792725,       27.8205966949
785.117859,       27.8349647522
785.442932,       27.7672615051
785.768005,       27.7991676331
786.092957,       27.7681789398
786.417908,       27.7496452332
786.742798,       27.7679958344
787.067566,       27.7929077148
787.392456,       27.7904205322
787.717163,       27.8341026306
788.041870,       27.8685569763
788.366577,       27.8626289368
788.691101,       27.7712974548
789.015686,       27.9126052856
789.340149,       28.0098266602
789.664673,       28.0164833069
789.989075,       28.0322914124
790.313354,       28.2304248810
790.637756,       28.3046283722
790.962036,       28.3656387329
791.286194,       28.4158878326
791.610413,       28.3774051666
791.934448,       28.4562797546
792.258606,       28.5012569427
792.582581,       28.6002197266
792.906555,       28.6693000793
793.230530,       28.6589679718
793.554321,       28.6671199799
793.878174,       28.7133331299
794.201965,       28.7282562256
794.525696,       28.7632369995
794.849426,       28.7962589264
795.172974,       28.8619346619
795.496643,       28.9844245911
795.820129,       28.9168720245
796.143616,       28.9148159027
796.467102,       28.9527454376
796.790405,       29.0015964508
797.113831,       28.7733612061
797.437134,       28.7509231567
797.760315,       28.7782249451
798.083618,       28.7679977417
798.406677,       28.8838691711
798.729797,       28.9341812134
799.052856,       28.9644832611
799.375854,       28.8469047546
799.698853,       28.8759136200
800.021729,       28.9914493561
800.344604,       28.9962921143
800.667358,       29.0401611328
800.990112,       29.0586261749
801.312866,       29.1213569641
801.635498,       29.1289501190
801.958191,       29.1421585083
802.280701,       29.0886249542
802.603210,       29.0121383667
802.925781,       28.9839706421
803.248108,       28.9614791870
803.570496,       28.9100971222
803.892822,       28.9553470612
804.215088,       28.9742145538
804.537354,       28.9464855194
804.859436,       28.9300079346
805.181641,       28.7859401703
805.503723,       28.7079544067
805.825745,       28.7031764984
806.147766,       28.7557716370
806.469604,       28.7661972046
806.791504,       28.7890949249
807.113342,       28.8624763489
807.435181,       28.8503589630
807.756897,       28.8673553467
808.078552,       28.8026390076
808.400208,       28.8579616547
808.721802,       28.9152297974
809.043335,       28.9114475250
809.364929,       28.9587440491
809.686279,       28.9853954315
810.007751,       29.0032825470
810.329041,       28.9575939178
810.650330,       29.0230159760
810.971619,       29.0304622650
811.292786,       29.0554046631
811.613953,       29.0441608429
811.935059,       29.1293315887
812.256104,       29.1894321442
812.577148,       29.1416339874
812.898071,       29.1490287781
813.218994,       29.0963611603
813.539795,       29.0105991364
813.860596,       29.0627117157
814.181396,       29.0342979431
814.502136,       29.0027675629
814.822754,       29.0296859741
815.143372,       28.9666824341
815.463928,       28.9368152618
815.784485,       29.0091209412
816.104919,       28.9751148224
816.425354,       28.9454898834
816.745728,       28.9011440277
817.065979,       28.9488201141
817.386353,       28.9249420166
817.706421,       28.9632110596
818.026733,       28.9670886993
818.346863,       29.0275135040
818.666809,       29.0819854736
818.986938,       29.0577297211
819.306824,       29.0393924713
819.626770,       29.0597496033
819.946716,       29.0827636719
820.266479,       29.1800460815
820.586304,       29.0746650696
820.905945,       29.1166362762
821.225647,       29.1493892670
821.545349,       29.2365016937
821.864868,       29.2642116547
822.184448,       29.4203319550
822.503845,       29.4746398926
822.823364,       29.4463577271
823.142761,       29.5395965576
823.462036,       29.6238574982
823.781372,       29.6293163300
824.100525,       29.6270637512
824.419800,       30.1175918579
824.738953,       30.1409606934
825.057922,       30.1354560852
825.377014,       30.0784759521
825.695984,       30.1585102081
826.014954,       30.2205886841
826.333862,       30.1994228363
826.652649,       30.2878971100
826.971497,       30.2563552856
827.290100,       30.4212150574
827.608887,       30.4715003967
827.927612,       30.5161437988
828.246094,       30.4363212585
828.564697,       30.4323558807
828.883118,       30.2985515594
829.201599,       30.2301464081
829.520020,       30.3105831146
829.838318,       30.2890987396
830.156616,       30.2213134766
830.474854,       30.2392005920
830.793091,       30.2358360291
831.111267,       29.6405735016
831.429260,       29.6166038513
831.747437,       29.6570720673
832.065308,       29.7130355835
832.383362,       29.7985172272
832.701233,       29.8522205353
833.019043,       29.9089336395
833.336914,       29.8746376038
833.654663,       29.8738994598
833.972351,       29.7933521271
834.289978,       29.8052101135
834.607483,       29.8913898468
834.925171,       29.9333305359
835.242676,       29.9060859680
835.560059,       29.9025688171
835.877502,       29.8764648438
836.194763,       29.8481941223
836.512146,       29.8258666992
836.829468,       29.9523506165
837.146545,       30.0319976807
837.463745,       30.0182933807
837.780823,       30.0804443359
838.097900,       30.1141948700
838.414917,       30.1272716522
838.731873,       30.0524616241
839.048828,       29.9495258331
839.365540,       29.9212455750
839.682434,       29.8619995117
839.999207,       29.9061870575
840.315857,       30.0355014801
840.632568,       29.9976863861
840.949097,       29.9536914825
841.265747,       29.8683280945
841.582275,       29.9093875885
841.898682,       30.0637397766
842.215088,       30.0785274506
842.531433,       30.1261539459
842.847778,       30.1147670746
843.164063,       30.1550559998
843.480164,       30.1155242920
843.796387,       30.0555953979
844.112427,       30.0899982452
844.428528,       30.1790618896
844.744568,       30.1683692932
845.060486,       30.3124866486
845.376404,       30.3620128632
845.692200,       30.3555278778
846.008057,       30.3416080475
846.323853,       30.3919887543
846.639465,       30.3802928925
846.955139,       30.2632770538
847.270691,       30.2990074158
847.586304,       30.3177947998
847.901855,       30.3302612305
848.217224,       30.2354984283
848.532715,       30.1811122894
848.847961,       30.3337001801
849.163330,       30.2645797729
849.478638,       30.3008289337
849.793823,       30.3113937378
850.108948,       30.2664127350
850.424011,       30.3143825531
850.739136,       30.3589973450
851.054199,       30.3111190796
851.369019,       30.2873725891
851.684021,       30.1660442352
851.998779,       30.2864398956
852.313660,       30.3131637573
852.628418,       30.3388919830
852.943054,       30.4191684723
853.257751,       30.4249134064
853.572327,       30.4638442993
853.886841,       30.4628887177
854.201477,       30.5219688416
854.515808,       30.6014499664
854.830261,       30.6759510040
855.144592,       30.6445217133
855.458862,       30.4706687927
855.773193,       30.4944725037
856.087280,       30.5465488434
856.401489,       30.5340023041
856.715515,       30.6580772400
857.029602,       30.6728572845
857.343628,       30.6019096375
857.657532,       30.6244373322
857.971497,       30.6540336609
858.285278,       30.6659545898
858.599121,       30.6374320984
858.912903,       30.5992641449
859.226501,       30.5893516541
859.540222,       30.5332756042
859.853699,       30.5525360107
860.167297,       30.5384159088
860.480896,       30.6315536499
860.794250,       30.6456947327
861.107666,       30.6172313690
861.420959,       30.6483917236
861.734314,       30.6546382904
862.047546,       30.6238765717
862.360657,       30.7097434998
862.673889,       30.7854537964
862.986938,       30.8275604248
863.299988,       30.8052444458
863.613037,       30.9095439911
863.925903,       30.9664516449
864.238831,       31.1273097992
864.551575,       31.1127014160
864.864380,       31.0523509979
865.177185,       31.0071525574
865.489807,       31.0729331970
865.802490,       31.1510047913
866.114990,       31.1355152130
866.427612,       31.2762985229
866.740112,       31.2695865631
867.052429,       31.1941719055
867.364868,       31.1470355988
867.677124,       31.1451644897
867.989502,       31.2011337280
868.301758,       31.2454853058
868.613831,       31.3258590698
868.926025,       31.3098468781
869.238159,       31.1667404175
869.550049,       31.1201210022
869.862122,       31.1524276733
870.173950,       31.0494899750
870.485901,       31.0424633026
870.797791,       30.8902168274
871.109497,       30.9773292542
871.421204,       31.0137710571
871.732849,       31.0737762451
872.044495,       31.1350460052
872.356079,       31.0697765350
872.667542,       31.0980739594
872.979065,       30.9694976807
873.290344,       31.0383205414
873.601807,       31.0409851074
873.913147,       31.2067832947
874.224304,       31.1934051514
874.535645,       31.1039447784
874.846741,       31.1363372803
875.157837,       31.2664508820
875.468994,       31.3759326935
875.779907,       31.4030170441
876.090881,       31.4617519379
876.401733,       31.3761138916
876.712646,       31.4124546051
877.023499,       31.4417266846
877.334167,       31.4479732513
877.644897,       31.4115619659
877.955505,       31.4214382172
878.266113,       31.3963031769
878.576721,       31.3668079376
878.887146,       31.5115451813
879.197571,       31.4824676514
879.507996,       31.4897003174
879.818298,       31.5424499512
880.128662,       31.8568019867
880.438843,       31.6524276733
880.749084,       31.7660160065
881.059143,       32.3024787903
881.369263,       32.2408103943
881.679382,       32.1114044189
881.989258,       32.0372924805
882.299194,       32.0598754883
882.609070,       32.1004028320
882.918945,       32.1424522400
883.228760,       32.1078224182
883.538452,       32.1245498657
883.848145,       32.3105468750
884.157654,       32.3491401672
884.467285,       32.3994636536
884.776917,       32.4033699036
885.086243,       32.4809608459
885.395813,       32.4542236328
885.705017,       32.4704666138
886.014404,       32.4636802673
886.323730,       32.4106864929
886.632874,       32.1485862732
886.942078,       32.3024215698
887.251160,       32.2378845215
887.560242,       31.7012996674
887.869263,       31.7538852692
888.178162,       31.7367668152
888.487122,       31.6682548523
888.795898,       31.7244567871
889.104797,       31.7115516663
889.413513,       31.7179775238
889.722168,       31.7879467010
890.030884,       31.8853549957
890.339417,       31.7179908752
890.648010,       31.6981048584
890.956543,       31.6572399139
891.264893,       31.6104450226
891.573364,       31.5293464661
891.881653,       31.4900550842
892.189941,       31.5701847076
892.498230,       31.7169189453
892.806335,       31.8113594055
893.114502,       31.9214878082
893.422546,       31.8787536621
893.730652,       31.9134807587
894.038696,       32.0920867920
894.346497,       32.1023712158
894.654419,       32.2151794434
894.962158,       32.2678222656
895.270020,       32.2962112427
895.577759,       32.2830123901
895.885376,       32.3736381531
896.192993,       32.2463874817
896.500549,       32.1912956238
896.808044,       32.1551818848
897.115601,       32.2022781372
897.422913,       32.3749427795
897.730347,       32.3870468140
898.037598,       32.4473304749
898.344910,       32.4532127380
898.652161,       32.4346046448
898.959167,       32.3963432312
899.266418,       32.3268280029
899.573364,       32.2801437378
899.880371,       32.1818733215
900.187378,       32.1117286682
900.494202,       31.9341545105
900.801086,       31.9468860626
901.107788,       31.9067649841
901.414612,       31.9157123566
901.721375,       31.8545761108
902.027832,       31.9246864319
902.334534,       31.8294887543
902.641113,       31.9758148193
902.947510,       31.9372234344
903.253967,       32.0258636475
903.560242,       31.9979705811
903.866638,       31.8901062012
904.172974,       31.8592643738
904.479126,       31.8375740051
904.785278,       31.7478122711
905.091370,       31.7346305847
905.397461,       31.6355133057
905.703552,       31.5689811707
906.009399,       31.6021060944
906.315369,       31.8070564270
906.621155,       31.7936306000
906.927002,       31.8496646881
907.232788,       31.8133735657
907.538452,       31.8108520508
907.844116,       31.7843856812
908.149658,       31.7759819031
908.455200,       31.7280979156
908.760803,       31.8782653809
909.066162,       31.8399696350
909.371582,       31.9010791779
909.676880,       31.8262138367
909.982178,       31.8958129883
910.287476,       31.9004020691
910.592529,       31.9799461365
910.897705,       32.1287422180
911.202759,       32.2407531738
911.507813,       32.4972038269
911.812805,       32.4751663208
912.117676,       32.5254364014
912.422546,       32.5186653137
912.727356,       32.4775619507
913.032104,       32.4672813416
913.336853,       32.5078201294
913.641479,       32.5689239502
913.946106,       32.5218009949
914.250610,       32.7353172302
914.555115,       32.8462333679
914.859619,       32.9221992493
915.163940,       32.7446937561
915.468323,       32.7264328003
915.772583,       32.7478332520
916.076843,       32.7539863586
916.381104,       32.6644668579
916.685120,       32.6907920837
916.989258,       32.7089385986
917.293213,       32.5147972107
917.597290,       32.8724784851
917.901184,       33.0466194153
918.205017,       33.1703529358
918.508850,       33.2450942993
918.812561,       33.2301826477
919.116333,       33.2406272888
919.420044,       33.3323059082
919.723572,       33.3534584045
920.027222,       33.3891258240
920.330627,       33.3791999817
920.634094,       33.2624130249
920.937561,       33.1481132507
921.240784,       33.2373275757
921.544189,       33.3247947693
921.847351,       33.3650894165
922.150574,       33.4716262817
922.453735,       33.6543655396
922.756775,       33.6478042603
923.059875,       33.6001625061
923.362793,       33.5486488342
923.665771,       33.7577896118
923.968689,       33.3261947632
924.271362,       32.9467353821
924.574219,       32.9148788452
924.876892,       32.7838821411
925.179565,       32.7610778809
925.482239,       32.6393585205
925.784729,       32.6884460449
926.087280,       32.5621986389
926.389648,       32.5128097534
926.692078,       32.5251502991
926.994507,       32.5189170837
927.296692,       32.5283927917
927.599060,       32.4404678345
927.901123,       32.3649673462
928.203308,       32.3848228455
928.505432,       32.2912635803
928.807434,       32.0995140076
929.109436,       32.1391906738
929.411316,       32.1620063782
929.713196,       32.1319046021
930.015015,       31.8988647461
930.316711,       32.0804481506
930.618530,       31.9754543304
930.920105,       31.9528789520
931.221802,       32.2558937073
931.523315,       32.1775550842
931.824829,       32.1521873474
932.126282,       32.1535530090
932.427612,       32.1265373230
932.729004,       32.1910667419
933.030334,       32.3512687683
933.331482,       32.2606506348
933.632751,       32.2141532898
933.933777,       32.1801300049
934.234924,       32.2707252502
934.536011,       32.3405151367
934.836914,       32.3894577026
935.137878,       32.3649024963
935.438660,       32.3196067810
935.739502,       32.3367347717
936.040344,       32.4796066284
936.340942,       32.4457855225
936.641663,       32.2761192322
936.942383,       32.2467880249
937.242798,       32.4073448181
937.543335,       32.1671257019
937.843750,       32.2383308411
938.144165,       32.2920722961
938.444580,       32.3420448303
938.744751,       32.4226188660
939.045044,       32.3973731995
939.345154,       32.4946365356
939.645325,       32.5291900635
939.945435,       32.8539657593
940.245361,       32.8742141724
940.545410,       32.8630218506
940.845215,       32.8131484985
941.145142,       32.7476806641
941.445007,       32.9863471985
941.744629,       33.1023979187
942.044434,       33.0125579834
942.343994,       33.0078773499
942.643677,       33.0262527466
942.943237,       33.2183227539
943.242676,       33.4335365295
943.542114,       33.6797103882
943.841431,       33.6585884094
944.140808,       33.5240364075
944.440125,       33.5604858398
944.739258,       33.6408271790
945.038513,       33.6660690308
945.337524,       33.6726493835
945.636597,       33.5964965820
945.935669,       33.5692634583
946.234558,       33.2506523132
946.533508,       33.2280616760
946.832275,       33.5872840881
947.131165,       33.5862236023
947.429932,       33.4442710876
947.728516,       33.1964950562
948.027222,       33.2611274719
948.325745,       33.3447761536
948.624329,       33.7838096619
948.922852,       33.8473396301
949.221191,       33.8392944336
949.519592,       33.9110336304
949.817810,       33.6485862732
950.116150,       33.9901580811
950.414368,       34.1181907654
950.712463,       34.1811294556
951.010620,       33.9100494385
951.308594,       33.9334182739
951.606628,       33.8960075378
951.904602,       33.9897689819
952.202454,       34.3221588135
952.500305,       35.3034515381
952.798035,       35.4685325623
953.095825,       34.9895401001
953.393494,       34.8366546631
953.691040,       35.2041091919
953.988647,       35.3306694031
954.286133,       35.3799171448
954.583618,       35.4082069397
954.881042,       34.8652992249
955.178345,       34.9518203735
955.475647,       35.4273719788
955.772827,       35.4654998779
956.070068,       35.2542800903
956.367310,       35.0863990784
956.664307,       35.1425361633
956.961365,       35.3209152222
957.258240,       35.4631652832
957.555176,       36.0326499939
957.852112,       36.0842208862
958.148865,       36.0292243958
958.445679,       35.9027595520
958.742310,       34.9274139404
959.039001,       34.9463958740
959.335632,       35.0717315674
959.632141,       35.4404449463
959.928650,       35.3089141846
960.224976,       35.5537147522
960.521484,       35.8403129578
960.817871,       35.8542556763
961.114014,       35.7720146179
961.410339,       35.6891059875
961.706421,       34.9873924255
962.002563,       34.6747398376
962.298645,       34.9222640991
962.594604,       34.9123382568
962.890564,       35.1323089600
963.186401,       37.6440925598
963.482300,       37.9164886475
963.778137,       37.3820381165
964.073792,       37.2914428711
964.369568,       37.1771278381
964.665100,       37.1035614014
964.960693,       37.2449111938
965.256287,       37.5498466492
965.551697,       37.5335350037
965.847168,       37.3263435364
966.142395,       37.2779655457
966.437744,       37.4102859497
966.733032,       37.0487022400
967.028198,       37.0771484375
967.323364,       37.3614616394
967.618408,       37.3492431641
967.913513,       37.8182258606
968.208496,       38.1581611633
968.503357,       37.8757400513
968.798279,       37.8565483093
969.093018,       37.7051582336
969.387817,       34.5017738342
969.682556,       34.5668869019
969.977173,       34.5846633911
970.271790,       35.0539550781
970.566406,       35.1496772766
970.860779,       35.1324806213
971.155334,       35.2142219543
971.449646,       34.4647483826
971.743958,       34.6216278076
972.038330,       34.8080825806
972.332458,       34.8823432922
972.626648,       34.4263153076
972.920715,       34.3274040222
973.214844,       34.4753341675
973.508911,       34.4610939026
973.802734,       34.9167289734
974.096741,       34.9055099487
974.390442,       34.9632949829
974.684265,       35.3418998718
974.978088,       35.3165550232
975.271667,       35.5060958862
975.565369,       35.8371772766
975.858826,       35.7039413452
976.152405,       35.8169937134
976.445923,       35.6575355530
976.739258,       35.5566101074
977.032654,       35.6785469055
977.325867,       35.8166885376
977.619202,       36.2863426208
977.912415,       36.8944435120
978.205505,       36.8821372986
978.498596,       36.7499008179
978.791504,       36.8962478638
979.084534,       37.3108825684
979.377563,       37.4566688538
979.670288,       37.6165313721
979.963196,       37.1070060730
980.255859,       37.0384521484
980.548584,       36.9416618347
980.841309,       37.0386390686
981.133850,       37.1914024353
981.426392,       37.4953918457
981.718811,       37.1740989685
982.011292,       36.7037849426
982.303650,       36.7352142334
982.595886,       36.6000480652
982.888245,       36.8959960938
983.180359,       36.8956108093
983.472595,       36.3795928955
983.764709,       36.1337013245
984.056641,       35.6467552185
984.348755,       35.7349052429
984.640625,       36.2932128906
984.932495,       36.5075187683
985.224365,       35.9313201904
985.516052,       35.7589530945
985.807861,       35.8023986816
986.099426,       37.0418815613
986.391052,       36.7205352783
986.682678,       36.7309875488
986.974121,       36.7110061646
987.265625,       36.4538841248
987.556885,       36.1330146790
987.848328,       36.0177841187
988.139648,       36.1237869263
988.430786,       35.9428939819
988.721985,       35.7306098938
989.013000,       35.6215362549
989.304138,       36.2876815796
989.595215,       36.5109939575
989.886047,       36.8817977905
990.177002,       36.7450675964
990.467834,       36.6459808350
990.758606,       36.4844474792
991.049377,       36.2910079956
991.339966,       37.3200263977
991.630676,       37.2253494263
991.921143,       36.8327255249
992.211670,       36.7589073181
992.502197,       36.9386482239
992.792542,       36.7791175842
993.082886,       36.1733932495
993.373169,       36.8262214661
993.663452,       36.9694976807
993.953613,       37.2506637573
994.243713,       37.2662887573
994.533813,       37.2963409424
994.823792,       37.5089645386
995.113770,       37.2497024536
995.403687,       37.0782203674
995.693481,       37.2054443359
995.983337,       36.8483047485
996.273010,       36.9544906616
996.562744,       36.7803153992
996.852417,       37.1780319214
997.141907,       37.4175453186
997.431458,       36.5306243896
997.720886,       36.7787284851
998.010315,       36.8729057312
998.299744,       35.6154632568
998.588928,       35.1217689514
998.878296,       35.2559127808
999.167419,       35.9617004395
999.456543,       36.6646957397
999.745667,       36.4553718567
1000.034607,       35.9481582642
1000.323669,       35.9110946655
1000.612488,       37.2117805481
1000.901367,       37.2798995972
1001.190247,       37.1378402710
1001.478882,       36.5797729492
1001.767639,       38.2526702881
1002.056335,       38.0653457642
1002.344849,       38.6660461426
1002.633423,       39.0774841309
1002.921814,       38.3419876099
1003.210266,       38.1478309631
1003.498657,       38.1043853760
1003.786926,       38.3823814392
1004.075256,       39.5524978638
1004.363342,       39.9492340088
1004.651489,       39.8573608398
1004.939697,       40.3586006165
1005.227600,       40.7561111450
1005.515686,       40.5092391968
1005.803467,       41.0676193237
1006.091370,       41.7069435120
1006.379272,       42.7270126343
1006.666870,       41.7587509155
1006.954712,       41.6132316589
1007.242188,       42.4943580627
1007.529907,       42.8227386475
1007.817444,       40.9857673645
1008.104858,       42.9743766785
1008.392334,       41.8838920593
1008.679565,       42.4059524536
1008.966980,       42.6558151245
1009.254272,       42.9065589905
1009.541382,       43.1684112549
1009.828613,       42.6286773682
1010.115601,       41.7546882629
1010.402649,       41.5085983276
1010.689697,       41.8927383423
1010.976563,       41.0414199829
1011.263489,       42.0332145691
1011.550171,       41.3270339966
1011.837036,       40.9613494873
1012.123657,       41.1201515198
1012.410278,       41.5347709656
1012.696899,       42.8158264160
1012.983337,       43.3121833801
1013.269897,       42.1739158630
1013.556396,       41.8583145142
1013.842651,       42.8863716125
1014.129028,       40.9753456116
1014.415161,       41.7085723877
1014.701477,       41.4975738525
1014.987671,       42.6086349487
1015.273560,       43.1636657715
1015.559692,       44.1010971069
1015.845581,       44.6432189941
1016.131592,       46.1966590881
1016.417542,       47.1613388062
1016.703247,       48.0897445679
1016.989014,       49.0200920105
1017.274658,       48.2342910767
1017.560303,       49.2120018005
1017.845947,       48.2802314758
1018.131409,       48.3336677551
1018.416870,       47.4580955505
1018.702271,       46.7226142883
1018.987671,       46.8046951294
1019.272949,       49.3808670044
1019.558228,       50.1872138977
1019.843445,       49.4196701050
1020.128540,       48.8172111511
1020.413574,       48.6552734375
1020.698608,       48.5705909729
1020.983521,       47.1250419617
1021.268555,       48.5646171570
1021.553284,       50.4309883118
1021.838135,       51.3624420166
1022.122925,       49.8905105591
1022.407593,       52.7303695679
1022.692261,       29.3139247894
1022.976807,       11.8126277924
1023.261292,       37.2848968506
1023.545837,       45.4212341309
1023.830200,       34.8134918213
1024.114624,       75.4299774170
1024.398804,       81.4285659790
1024.683105,       58.7541923523
1024.967285,       34.7345161438
