340.270844,        0.0000000000
340.648560,        0.0000000000
341.026306,      389.2861022949
341.403961,      369.5648193359
341.781616,      354.5450744629
342.159210,      395.2375793457
342.536743,       43.8775825500
342.914307,       85.6557312012
343.291779,       79.2982254028
343.669250,        0.0000000000
344.046661,       77.7275390625
344.424042,       78.9279861450
344.801422,       78.8936767578
345.178711,       82.9582748413
345.556000,       85.8209533691
345.933258,       89.2145385742
346.310486,       89.9600753784
346.687622,       89.1560134888
347.064758,       89.2856750488
347.441895,       88.8657608032
347.818939,       87.7272644043
348.195953,       86.0891647339
348.572937,       84.8159255981
348.949890,       84.8881072998
349.326843,       87.0800247192
349.703735,       86.5619583130
350.080597,       86.2021484375
350.457397,       85.9992523193
350.834198,       84.2535629272
351.210968,       83.4443664551
351.587646,       83.6587371826
351.964325,       83.4686889648
352.340942,       81.7511138916
352.717560,       81.8638916016
353.094147,       80.1910247803
353.470673,       78.2834625244
353.847168,       75.9245300293
354.223602,       75.0918655396
354.600037,       75.7915878296
354.976440,       75.9984970093
355.352783,       78.2009277344
355.729126,       79.8536834717
356.105408,       81.1343994141
356.481628,       81.7987442017
356.857849,       80.4013824463
357.234009,       77.1565933228
357.610168,       78.0967330933
357.986267,       76.3173828125
358.362366,       76.6994628906
358.738373,       74.6852569580
359.114349,       75.1247634888
359.490326,       73.7892608643
359.866241,       72.4933776855
360.242157,       74.0681228638
360.617981,       73.5240249634
360.993805,       73.2315902710
361.369568,       73.9564132690
361.745331,       74.3900146484
362.121033,       74.6672134399
362.496704,       74.5169754028
362.872314,       73.1727447510
363.247925,       71.3837051392
363.623505,       70.0087203979
363.999023,       67.3507080078
364.374542,       70.7369918823
364.750000,       70.9110336304
365.125397,       73.0151519775
365.500763,       72.4526138306
365.876160,       72.9179534912
366.251434,       72.3910598755
366.626740,       73.8917465210
367.001953,       74.5531311035
367.377136,       76.3628692627
367.752350,       74.6482467651
368.127472,       75.4721145630
368.502594,       73.7932357788
368.877625,       72.8266525269
369.252625,       72.4511871338
369.627625,       72.6879272461
370.002563,       73.1884231567
370.377502,       73.0711975098
370.752380,       71.5570678711
371.127228,       75.3233337402
371.502014,       74.0374679565
371.876770,       74.8926773071
372.251526,       72.5590972900
372.626221,       72.4019622803
373.000885,       70.9378738403
373.375488,       70.1831130981
373.750092,       69.9632492065
374.124664,       70.4514465332
374.499146,       72.4170303345
374.873627,       72.6946792603
375.248108,       70.1431961060
375.622467,       75.7222137451
375.996887,       75.4044570923
376.371185,       76.4635467529
376.745483,       76.9535217285
377.119751,       77.5493240356
377.493958,       77.4827651978
377.868195,       77.5898361206
378.242310,       77.2976531982
378.616394,       79.7597503662
378.990540,       76.7800292969
379.364563,       76.3394775391
379.738556,       74.9206542969
380.112518,       73.8833007813
380.486481,       73.4970626831
380.860352,       73.5061950684
381.234192,       73.7251968384
381.608063,       72.3219604492
381.981812,       71.0846633911
382.355591,       67.9833602905
382.729309,       67.7086029053
383.102966,       68.1561889648
383.476624,       62.1611518860
383.850220,       60.1164054871
384.223816,       58.7453384399
384.597321,       58.5897445679
384.970856,       58.5769348145
385.344299,       55.9143829346
385.717682,       54.1614608765
386.091125,       52.9048042297
386.464447,       48.9988594055
386.837769,       47.9550209045
387.211029,       50.4498062134
387.584290,       50.2356872559
387.957489,       49.7201423645
388.330627,       48.0403709412
388.703766,       47.1058998108
389.076874,       47.1466369629
389.449921,       49.8980445862
389.822937,       48.6208419800
390.195923,       49.5950737000
390.568878,       49.3152427673
390.941772,       49.3454666138
391.314636,       48.1693763733
391.687500,       47.1083030701
392.060272,       46.9652633667
392.433075,       46.3075447083
392.805756,       42.9407234192
393.178436,       44.2593727112
393.551117,       45.8036766052
393.923737,       47.7829437256
394.296326,       47.6910362244
394.668854,       47.4767341614
395.041321,       45.1178665161
395.413849,       46.1386795044
395.786255,       47.5647506714
396.158630,       48.5309181213
396.531006,       48.6354103088
396.903320,       47.8130950928
397.275604,       47.7403144836
397.647827,       48.2432022095
398.020050,       50.1648979187
398.392212,       49.3754768372
398.764343,       47.9030151367
399.136444,       48.5780830383
399.508514,       48.1069641113
399.880554,       47.5558738708
400.252533,       48.7658576965
400.624512,       50.3384819031
400.996399,       49.4546546936
401.368286,       48.6495933533
401.740112,       47.3204956055
402.111908,       45.8739624023
402.483673,       45.1019897461
402.855408,       45.2352790833
403.227081,       44.7238273621
403.598755,       42.6937866211
403.970367,       40.4958648682
404.341980,       40.5443458557
404.713501,       41.0348396301
405.085022,       39.4806938171
405.456482,       38.4624137878
405.827911,       35.6283950806
406.199310,       34.4077339172
406.570648,       34.4751853943
406.942017,       32.7449035645
407.313263,       31.8711433411
407.684509,       32.1424827576
408.055725,       30.6496086121
408.426880,       30.2401447296
408.798035,       31.7755222321
409.169128,       31.4037685394
409.540161,       32.2238044739
409.911224,       32.3899536133
410.282196,       32.2350692749
410.653137,       31.5638542175
411.024048,       30.0766105652
411.394897,       31.1924896240
411.765747,       32.2770156860
412.136536,       31.8472633362
412.507324,       33.5020523071
412.878052,       32.8850669861
413.248718,       35.8702888489
413.619385,       35.4381484985
413.989990,       35.0497093201
414.360565,       35.7229919434
414.731110,       35.8314399719
415.101563,       36.2959136963
415.472076,       35.9622077942
415.842468,       35.0795402527
416.212891,       35.4494476318
416.583221,       33.7986450195
416.953522,       33.5031929016
417.323792,       31.4731178284
417.694031,       32.9768791199
418.064240,       33.0975990295
418.434418,       33.7762184143
418.804535,       35.6742744446
419.174622,       34.9438056946
419.544678,       33.9429931641
419.914673,       33.7186622620
420.284668,       31.7798576355
420.654572,       30.7511367798
421.024475,       28.2750225067
421.394348,       29.4774971008
421.764191,       29.6306304932
422.133972,       29.3156185150
422.503693,       30.3030242920
422.873444,       29.9587574005
423.243134,       29.7901000977
423.612762,       29.7312679291
423.982330,       28.0929679871
424.351929,       27.9003295898
424.721436,       27.2062606812
425.090942,       27.6441364288
425.460358,       26.5607662201
425.829773,       26.4781227112
426.199158,       25.0505332947
426.568481,       23.2224426270
426.937775,       22.5558910370
427.307037,       23.5651340485
427.676239,       22.8848762512
428.045441,       22.5116901398
428.414581,       22.3750171661
428.783722,       22.8539295197
429.152802,       20.9597549438
429.521790,       22.9067020416
429.890839,       22.6420230865
430.259766,       20.7036190033
430.628693,       21.9292755127
430.997589,       21.2863578796
431.366425,       21.1806354523
431.735229,       21.0539646149
432.104004,       20.6139984131
432.472748,       21.3938732147
432.841431,       21.2547836304
433.210052,       20.9983367920
433.578705,       19.9528045654
433.947266,       20.4672374725
434.315826,       19.9139385223
434.684326,       20.3091182709
435.052765,       19.4680385590
435.421204,       22.1102752686
435.789612,       21.6514759064
436.157959,       22.2104778290
436.526276,       21.0234050751
436.894531,       20.8541183472
437.262756,       18.2567882538
437.630951,       17.7491283417
437.999146,       17.8272590637
438.367249,       16.4373359680
438.735321,       16.1481914520
439.103394,       15.4545354843
439.471405,       15.3403072357
439.839386,       37.6979293823
440.207306,       37.4565124512
440.575195,       37.1116752625
440.943054,       36.4133644104
441.310883,       36.2355003357
441.678680,       36.1558303833
442.046387,       36.1722488403
442.414093,       35.5226974487
442.781799,       35.1809005737
443.149414,       33.5900917053
443.516998,       33.2761459351
443.884552,       32.5109519958
444.252045,       32.2758979797
444.619537,       31.8633308411
444.987000,       31.7725391388
445.354401,       31.7791938782
445.721710,       32.0335922241
446.089081,       31.8389034271
446.456360,       31.9288692474
446.823608,       31.8944702148
447.190826,       32.1756973267
447.557953,       11.6218652725
447.925110,       10.7303237915
448.292175,       10.2601099014
448.659271,       10.6756839752
449.026276,       10.3982524872
449.393250,        9.8240709305
449.760193,        9.5453958511
450.127075,        9.2787904739
450.493958,        9.2801752090
450.860779,        8.5419101715
451.227570,        8.6728572845
451.594330,        8.8779487610
451.960999,        8.8236083984
452.327698,        8.9111680984
452.694336,        8.7951974869
453.060913,        8.1412391663
453.427490,        7.3475308418
453.793976,        7.3683872223
454.160492,        7.0352234840
454.526917,        7.3502755165
454.893311,        6.9528989792
455.259674,        6.7255759239
455.626007,        6.9981446266
455.992310,        7.3694138527
456.358551,        7.0359959602
456.724731,        7.3888788223
457.090912,        7.6532406807
457.457031,        7.5660476685
457.823151,        7.8125000000
458.189209,        7.5483746529
458.555206,        7.6190500259
458.921173,        7.4827289581
459.287109,        7.3497509956
459.653015,        7.7484664917
460.018890,        7.5721449852
460.384705,        7.6838893890
460.750519,        7.6019206047
461.116241,        7.6017537117
461.481964,        7.4184970856
461.847626,        7.5595097542
462.213226,        7.3595581055
462.578827,        7.6215190887
462.944427,        7.4680314064
463.309906,        7.1553015709
463.675385,        6.7924356461
464.040802,        6.6150202751
464.406219,        6.3774595261
464.771606,        5.8400335312
465.136902,        5.9319181442
465.502197,        5.6113815308
465.867462,        5.6760711670
466.232635,        5.4649362564
466.597839,        5.3360452652
466.962921,        5.4033818245
467.328003,        5.0728511810
467.693054,        5.0952949524
468.058075,        5.0090003014
468.423035,        5.5201315880
468.787994,        5.5452704430
469.152863,        5.4961628914
469.517700,        5.1989736557
469.882538,        4.9453921318
470.247314,        4.4671759605
470.612061,        5.3212633133
470.976746,        5.1591267586
471.341431,        5.4225611687
471.706024,        5.6084375381
472.070618,        5.8576679230
472.435181,        5.7928633690
472.799622,        5.6370434761
473.164124,        5.7539377213
473.528534,        5.6258144379
473.892975,        5.6568641663
474.257294,        5.6300067902
474.621582,        5.3948421478
474.985870,        5.4819388390
475.350098,        5.9240398407
475.714325,        5.6884040833
476.078461,        5.5106420517
476.442535,        5.4279727936
476.806641,        5.2940750122
477.170685,        5.2850952148
477.534668,        5.1352305412
477.898621,        5.2324690819
478.262512,        4.5894937515
478.626404,        5.0483531952
478.990265,        4.8269400597
479.354065,        4.6939721107
479.717834,        4.2417092323
480.081512,        4.2659406662
480.445221,        4.1944231987
480.808899,        4.1964650154
481.172485,        4.2433438301
481.536041,        4.1157312393
481.899567,        4.3761391640
482.263062,        4.2837414742
482.626526,        4.3162288666
482.989929,        3.9730229378
483.353271,        3.9332342148
483.716583,        3.6065685749
484.079895,        3.4713308811
484.443146,        3.4727041721
484.806366,        3.5317287445
485.169525,        3.6098308563
485.532654,        3.4431233406
485.895752,        3.3066310883
486.258820,        2.9911108017
486.621857,        3.1217124462
486.984802,        3.0938153267
487.347748,        3.2108132839
487.710663,        3.1063485146
488.073517,        3.0123305321
488.436340,        3.0230042934
488.799072,        2.9232735634
489.161835,        2.8754458427
489.524536,        2.5309512615
489.887238,        2.5483710766
490.249847,        2.4359898567
490.612396,        2.3471879959
490.974915,        2.3707215786
491.337433,        2.4027769566
491.699921,        2.5049910545
492.062347,        2.6427857876
492.424713,        2.5709376335
492.787079,        2.5135886669
493.149353,        3.1555786133
493.511658,        3.1291291714
493.873871,        3.0820386410
494.236053,        3.0057270527
494.598206,        3.0341298580
494.960297,        3.0966746807
495.322388,        3.1463270187
495.684418,        3.1912689209
496.046356,        3.0020172596
496.408325,        2.9998424053
496.770264,        3.0277664661
497.132141,        3.1314213276
497.493958,        3.0983600616
497.855713,        3.0427789688
498.217499,        2.9721579552
498.579193,        2.9545900822
498.940887,        2.9912297726
499.302490,        2.9557802677
499.664093,        2.7873427868
500.025635,        2.7170884609
500.387177,        2.6597952843
500.748627,        2.0119197369
501.110077,        2.1851482391
501.471436,        2.1220190525
501.832825,        2.0587022305
502.194153,        1.9916929007
502.555389,        1.8735727072
502.916626,        1.9462006092
503.277802,        1.9120315313
503.638977,        2.0300154686
504.000092,        2.1380355358
504.361176,        2.1012079716
504.722198,        1.9768128395
505.083160,        1.9698762894
505.444153,        1.8825793266
505.805084,        1.8846247196
506.165924,        1.8532190323
506.526764,        1.8613222837
506.887543,        2.1953923702
507.248322,        2.2825074196
507.609070,        2.3365671635
507.969727,        2.3211770058
508.330322,        2.3646626472
508.690918,        2.1920461655
509.051514,        2.2024595737
509.412018,        2.1775844097
509.772491,        2.2212083340
510.132904,        2.4137244225
510.493286,        2.4884679317
510.853699,        2.4979422092
511.213989,        2.4119429588
511.574280,        2.3045077324
511.934509,        2.3327007294
512.294678,        2.4289641380
512.654846,        2.4084360600
513.014954,        2.4319908619
513.375061,        2.5286700726
513.735046,        2.5835256577
514.095032,        2.4986109734
514.455078,        2.2738361359
514.814941,        2.1332433224
515.174805,        2.0583133698
515.534607,        2.0962364674
515.894409,        2.1418435574
516.254211,        2.1532239914
516.613892,        2.2075603008
516.973572,        2.2778513432
517.333130,        2.2741892338
517.692749,        2.0847141743
518.052368,        1.9378774166
518.411865,        1.9828673601
518.771301,        1.9613788128
519.130737,        1.9402744770
519.490173,        1.9919375181
519.849548,        1.9720239639
520.208801,        1.9947446585
520.568054,        2.0823826790
520.927307,        2.0219280720
521.286499,        2.0230660439
521.645691,        2.1615927219
522.004822,        2.1538741589
522.363831,        2.2046546936
522.722839,        2.2137808800
523.081848,        2.2058415413
523.440796,        2.2000207901
523.799744,        2.2250308990
524.158569,        2.1821470261
524.517395,        2.1062226295
524.876160,        2.0811831951
525.234924,        2.1319119930
525.593628,        2.1367647648
525.952271,        2.2965865135
526.310913,        2.4125137329
526.669495,        2.4416868687
527.028076,        2.4078602791
527.386536,        2.5260372162
527.744995,        2.5712819099
528.103394,        2.5491867065
528.461792,        2.6609919071
528.820129,        2.7810938358
529.178406,        2.7730462551
529.536743,        2.7567403316
529.894958,        2.7892253399
530.253113,        2.9324264526
530.611267,        3.1164484024
530.969299,        3.2090399265
531.327393,        3.2937462330
531.685486,        3.3499751091
532.043335,        3.4042148590
532.401367,        3.4186966419
532.759216,        3.4080193043
533.117004,        3.4660387039
533.474915,        3.3080067635
533.832642,        3.3029661179
534.190430,        3.3523373604
534.548096,        3.4050922394
534.905762,        3.3143255711
535.263367,        3.3530571461
535.620850,        3.3971934319
535.978455,        3.3463687897
536.335876,        3.2515571117
536.693359,        3.2228388786
537.050781,        3.2040379047
537.408142,        3.2707507610
537.765442,        3.1731355190
538.122681,        3.0492961407
538.479919,        2.9999511242
538.837219,        2.9510221481
539.194336,        2.9515299797
539.551453,        3.0526547432
539.908508,        3.2109699249
540.265564,        3.2065529823
540.622559,        3.1650688648
540.979553,        3.1645872593
541.336426,        3.1460344791
541.693298,        3.1299569607
542.050110,        3.1699533463
542.406921,        3.2460770607
542.763672,        3.2651848793
543.120422,        3.2470715046
543.477051,        3.2173569202
543.833679,        3.2366759777
544.190308,        3.2250642776
544.546814,        3.2218217850
544.903381,        3.1975309849
545.259827,        3.1952924728
545.616211,        3.1922600269
545.972595,        3.1384780407
546.328979,        3.1266748905
546.685242,        3.1300704479
547.041504,        3.0397891998
547.397644,        2.9139001369
547.753906,        2.9285051823
548.110046,        2.9496750832
548.466125,        2.9559235573
548.822144,        2.9238910675
549.178223,        2.9311575890
549.534241,        2.9429073334
549.890137,        2.8579537868
550.246033,        2.8535172939
550.601868,        2.8637676239
550.957581,        2.8961708546
551.313416,        2.9880042076
551.669128,        3.0400745869
552.024841,        3.0586361885
552.380432,        2.9962637424
552.736023,        3.0212943554
553.091675,        3.1506168842
553.447144,        3.1785130501
553.802612,        3.1864614487
554.158020,        3.2335388660
554.513428,        3.1909770966
554.868774,        3.1580798626
555.224121,        3.2872471809
555.579346,        3.2947189808
555.934631,        3.2785129547
556.289734,        3.3068447113
556.644958,        3.3561482430
557.000000,        3.3570508957
557.355103,        3.3567321301
557.710083,        3.3150336742
558.065063,        3.2750911713
558.420105,        3.2546525002
558.774963,        3.1703929901
559.129822,        3.1677544117
559.484619,        3.1872801781
559.839355,        3.2195661068
560.194153,        3.1852345467
560.548828,        3.0692121983
560.903442,        3.0463235378
561.258057,        3.0898599625
561.612610,        3.0217094421
561.967224,        3.0612056255
562.321655,        3.0397884846
562.676086,        2.8949794769
563.030457,        2.8652014732
563.384827,        2.8760898113
563.739197,        2.8661623001
564.093445,        2.7870097160
564.447693,        2.6973078251
564.801880,        2.6662466526
565.156006,        2.6371433735
565.510132,        2.6264650822
565.864197,        2.6221466064
566.218262,        2.5620784760
566.572205,        2.4836602211
566.926086,        2.4256753922
567.280090,        2.3668453693
567.633972,        2.3620135784
567.987732,        2.3163783550
568.341553,        2.2680406570
568.695190,        2.1812725067
569.048950,        2.1712756157
569.402649,        2.1177423000
569.756165,        2.1091847420
570.109802,        2.1100709438
570.463257,        2.0683462620
570.816772,        2.0624208450
571.170227,        2.0076828003
571.523621,        2.0009906292
571.877014,        1.9731303453
572.230286,        1.9630899429
572.583557,        1.9752267599
572.936829,        2.0043931007
573.289978,        2.0187153816
573.643250,        2.0681464672
573.996216,        2.0512614250
574.349365,        2.0182657242
574.702393,        2.0402288437
575.055359,        2.0100164413
575.408325,        2.0025098324
575.761169,        2.0424218178
576.114075,        2.0390391350
576.466919,        1.9899338484
576.819641,        1.9731819630
577.172363,        1.9391754866
577.525085,        1.9508202076
577.877686,        1.9826630354
578.230286,        1.9432084560
578.582825,        1.9307755232
578.935425,        1.8833901882
579.287903,        1.8702943325
579.640320,        1.8475028276
579.992676,        1.7968406677
580.345093,        1.7371622324
580.697388,        1.6896573305
581.049683,        1.6137435436
581.401855,        1.5795525312
581.754089,        1.6829587221
582.106201,        1.7066646814
582.458313,        1.7396042347
582.810425,        1.7221686840
583.162354,        1.6660680771
583.514404,        1.6799601316
583.866272,        1.6633470058
584.218201,        1.6800943613
584.570068,        1.7488529682
584.921875,        1.7054634094
585.273560,        1.6740027666
585.625305,        1.7276816368
585.977051,        1.7163107395
586.328674,        1.8821398020
586.680237,        1.8849346638
587.031799,        1.9261544943
587.383301,        1.9483602047
587.734802,        1.9637528658
588.086243,        1.9768980742
588.437561,        1.9985566139
588.788940,        2.0397436619
589.140198,        1.9461274147
589.491516,        1.8646497726
589.842712,        1.8449313641
590.193848,        1.8806123734
590.544983,        1.8843290806
590.896057,        1.8992977142
591.247192,        1.9137043953
591.598145,        1.8711292744
591.949158,        1.7883939743
592.300049,        1.7814913988
592.650879,        1.7614411116
593.001770,        1.6923083067
593.352539,        1.7166067362
593.703308,        1.6123454571
594.054016,        1.6224642992
594.404663,        1.5950100422
594.755310,        1.6401482821
595.105896,        1.6033241749
595.456360,        1.5762494802
595.806885,        1.5425778627
596.157349,        1.5747282505
596.507751,        1.6338871717
596.858154,        1.6578465700
597.208435,        1.6398336887
597.558777,        1.6389708519
597.908997,        1.6234921217
598.259216,        1.5554897785
598.609314,        1.5692422390
598.959473,        1.6763825417
599.309570,        1.7135128975
599.659546,        1.7460054159
600.009583,        1.7881102562
600.359497,        1.8027607203
600.709412,        1.7656285763
601.059265,        1.7322689295
601.409058,        1.7862859964
601.758850,        1.7714357376
602.108521,        1.6973782778
602.458191,        1.7350720167
602.807922,        1.7296867371
603.157471,        1.7295923233
603.507080,        1.6667008400
603.856567,        1.6052265167
604.205994,        1.6056140661
604.555542,        1.5743881464
604.904846,        1.5359902382
605.254211,        1.5629979372
605.603516,        1.7303695679
605.952759,        1.7672680616
606.302063,        1.6827533245
606.651123,        1.6709841490
607.000305,        1.6449216604
607.349365,        1.5891864300
607.698425,        1.5539878607
608.047485,        1.5639526844
608.396362,        1.5300731659
608.745300,        1.4401079416
609.094177,        1.4173017740
609.442993,        1.4258480072
609.791809,        1.3748136759
610.140503,        1.3728983402
610.489258,        1.3495149612
610.837891,        1.3627388477
611.186523,        1.3456236124
611.535156,        1.3186872005
611.883606,        1.3355730772
612.232178,        1.3881015778
612.580566,        1.4087419510
612.928955,        1.2547775507
613.277344,        1.1794582605
613.625610,        1.1764205694
613.973938,        1.1562747955
614.322144,        1.1764805317
614.670288,        1.2033901215
615.018555,        1.2242770195
615.366516,        1.1962912083
615.714661,        1.1783132553
616.062622,        1.2457343340
616.410645,        1.2430917025
616.758606,        1.2585287094
617.106445,        1.2539243698
617.454285,        1.2512484789
617.802063,        1.2942184210
618.149841,        1.2836633921
618.497559,        1.2710963488
618.845215,        1.3174513578
619.192871,        1.3431521654
619.540466,        1.2679165602
619.888000,        1.2037570477
620.235535,        1.2064435482
620.582886,        1.2244757414
620.930359,        1.2078040838
621.277710,        1.2049583197
621.625061,        1.1633164883
621.972351,        1.1315917969
622.319519,        1.0963977575
622.666809,        1.1204036474
623.013916,        1.1324143410
623.361023,        1.1000739336
623.708130,        1.1405508518
624.055054,        1.1319992542
624.402100,        1.1242443323
624.749023,        1.1512928009
625.095947,        1.1556227207
625.442810,        1.1562584639
625.789551,        1.1580333710
626.136353,        1.1163060665
626.483032,        1.1110203266
626.829712,        1.1596158743
627.176392,        1.1935375929
627.522949,        1.1914120913
627.869507,        1.1740906239
628.216003,        1.1598073244
628.562500,        1.1672054529
628.908936,        1.1735002995
629.255310,        1.1711190939
629.601624,        1.1948752403
629.947876,        1.1839044094
630.294067,        1.2611540556
630.640320,        1.2125860453
630.986511,        1.1835395098
631.332642,        1.1601552963
631.678650,        1.1728043556
632.024658,        1.1257487535
632.370728,        1.1184072495
632.716614,        1.0975348949
633.062500,        1.0971556902
633.408325,        1.0984956026
633.754089,        1.1870120764
634.099915,        1.1501382589
634.445679,        1.1514235735
634.791321,        1.1628463268
635.136963,        1.2403845787
635.482483,        1.2482857704
635.828125,        1.2208049297
636.173584,        1.1933425665
636.519043,        1.2164798975
636.864502,        1.1920429468
637.209778,        1.2103747129
637.555237,        1.1268095970
637.900452,        1.1498700380
638.245728,        1.1520792246
638.590881,        1.1247837543
638.935974,        1.1075726748
639.281189,        1.1064124107
639.626221,        1.1290296316
639.971191,        1.1433395147
640.316223,        1.1530367136
640.661072,        1.1525772810
641.006042,        1.0424335003
641.350891,        1.0338793993
641.695679,        1.0228977203
642.040466,        0.9825873971
642.385071,        0.8725934625
642.729858,        0.8658526540
643.074463,        0.8710618019
643.419067,        0.8820399642
643.763611,        0.8884350061
644.108032,        0.8976449370
644.452515,        0.8617804646
644.796936,        0.8399625421
645.141296,        0.8437457681
645.485657,        0.8485209942
645.829834,        0.8827177882
646.174133,        0.8793268204
646.518311,        0.8654658794
646.862427,        0.8207758069
647.206604,        0.7872899175
647.550598,        0.7897226214
647.894653,        0.7786977291
648.238647,        0.7794950604
648.582458,        0.7923467755
648.926453,        0.7584950328
649.270203,        0.7571222782
649.614075,        0.7711896896
649.957764,        0.7894015908
650.301453,        0.7874397635
650.645142,        0.7914124727
650.988708,        0.7637904286
651.332336,        0.7322489023
651.675842,        0.7336726189
652.019348,        0.7571493983
652.362854,        0.7402171493
652.706177,        0.6984053850
653.049561,        0.6889191270
653.392883,        0.6918928027
653.736084,        0.7009130716
654.079346,        0.7226850390
654.422424,        0.7259593606
654.765625,        0.7099208236
655.108765,        0.7049689293
655.451721,        0.6748890281
655.794800,        0.6536180377
656.137695,        0.6674467325
656.480591,        0.6817303896
656.823486,        0.6827086210
657.166260,        0.6438122392
657.509094,        0.6492750049
657.851807,        0.6239972115
658.194519,        0.6044213772
658.537109,        0.7098739147
658.879761,        0.7137598991
659.222351,        0.7276126146
659.564758,        0.7395798564
659.907349,        0.7346082330
660.249695,        0.7180554867
660.592041,        0.7450523973
660.934448,        0.7543592453
661.276672,        0.7088260651
661.619019,        0.6955546737
661.961182,        0.6777030230
662.303284,        0.6749026179
662.645508,        0.6742536426
662.987427,        0.6614334583
663.329529,        0.6566032767
663.671448,        0.6348638535
664.013428,        0.6338775754
664.355347,        0.6489343643
664.697205,        0.7289125323
665.039001,        0.7354463935
665.380676,        0.7485697865
665.722412,        0.7009747624
666.064148,        0.6955623031
666.405701,        0.6687835455
666.747253,        0.6274150014
667.088806,        0.6324805021
667.430298,        0.6173207164
667.771790,        0.5936617255
668.113159,        0.5800895691
668.454529,        0.5936012864
668.795837,        0.6139768362
669.137085,        0.6208003759
669.478394,        0.6196541190
669.819519,        0.6503785253
670.160645,        0.6711824536
670.501709,        0.6523714662
670.842773,        0.6444082856
671.183777,        0.6634887457
671.524719,        0.6365505457
671.865662,        0.5456019044
672.206482,        0.5346350670
672.547302,        0.5156255960
672.888123,        0.5002043247
673.228821,        0.5007868409
673.569458,        0.5121411681
673.910095,        0.5029535890
674.250732,        0.5191370249
674.591370,        0.5428318381
674.931824,        0.5179089308
675.272217,        0.4939807653
675.612732,        0.4878342152
675.953003,        0.4759808183
676.293396,        0.4624416232
676.633667,        0.4674282074
676.973877,        0.4471487701
677.314148,        0.4385083914
677.654236,        0.4416118860
677.994385,        0.4426325560
678.334412,        0.4212299287
678.674438,        0.4355106056
679.014404,        0.4366528392
679.354309,        0.4530123770
679.694214,        0.4550246000
680.034058,        0.4367863238
680.373840,        0.4352063835
680.713623,        0.4424209595
681.053223,        0.4680445492
681.392944,        0.5582162142
681.732544,        1.1276671886
682.072083,        3.1298432350
682.411621,        3.1904242039
682.751038,        3.1942777634
683.090515,        3.1875185966
683.429871,        3.1845557690
683.769226,        3.2084836960
684.108582,        3.2382593155
684.447754,        3.2291271687
684.786987,        3.2318460941
685.126160,        3.2297801971
685.465210,        3.2273881435
685.804382,        3.2567989826
686.143311,        3.2709698677
686.482361,        3.2803921700
686.821289,        3.3240675926
687.160156,        3.3209176064
687.499023,        3.3272848129
687.837769,        3.4147388935
688.176514,        3.4249384403
688.515259,        3.3638942242
688.853882,        2.8492572308
689.192566,        0.8671972752
689.531067,        0.8387911320
689.869629,        0.9034755826
690.208130,        0.9430381656
690.546570,        0.9985008240
690.885010,        1.0031769276
691.223267,        1.0306025743
691.561584,        1.0958719254
691.899841,        1.2116940022
692.238037,        1.2844687700
692.576294,        1.3621004820
692.914307,        1.4412941933
693.252380,        1.5074778795
693.590454,        1.5580996275
693.928406,        1.5995045900
694.266357,        1.7076466084
694.604187,        1.8079389334
694.942078,        1.8176285028
695.279907,        1.8982917070
695.617615,        2.0200743675
695.955444,        2.0852029324
696.292969,        2.2264032364
696.630676,        2.3557286263
696.968201,        2.4476497173
697.305725,        2.6789422035
697.643250,        2.8153769970
697.980652,        2.9650335312
698.318054,        3.1073095798
698.655396,        3.2499341965
698.992676,        3.3092637062
699.330017,        3.4784660339
699.667175,        3.5982239246
700.004395,        3.7551138401
700.341492,        3.8936476707
700.678528,        4.0780134201
701.015564,        4.2746796608
701.352478,        4.4116520882
701.689514,        4.5811419487
702.026428,        4.7874317169
702.363220,        4.9753551483
702.700073,        5.1066975594
703.036804,        5.3092689514
703.373474,        5.4979071617
703.710144,        5.7250485420
704.046814,        5.8939647675
704.383362,        5.9602136612
704.719910,        6.2328739166
705.056335,        6.4026327133
705.392761,        6.5976014137
705.729187,        6.7751646042
706.065552,        6.9819083214
706.401855,        7.1447296143
706.738098,        7.4099540710
707.074280,        7.5787410736
707.410461,        7.7923445702
707.746643,        8.0143909454
708.082642,        8.2065591812
708.418701,        8.4333934784
708.754639,        8.6341390610
709.090576,        8.7909965515
709.426514,        9.0027284622
709.762329,        9.2741346359
710.098083,        9.4633445740
710.433838,        9.6473464966
710.769592,        9.8301630020
711.105286,       10.0302848816
711.440796,       10.2462720871
711.776367,       10.3776540756
712.112000,       10.6003780365
712.447388,       10.8071899414
712.782837,       11.0747861862
713.118225,       11.2993259430
713.453552,       11.5233926773
713.788818,       11.6753339767
714.124023,       11.9023818970
714.459290,       12.1428279877
714.794434,       12.3390130997
715.129517,       12.5972480774
715.464661,       12.8162269592
715.799622,       13.0408630371
716.134583,       13.2903871536
716.469482,       13.5436038971
716.804321,       13.7721929550
717.139221,       14.0205707550
717.473938,       14.2702836990
717.808777,       14.4858226776
718.143433,       14.7436485291
718.478088,       15.0515794754
718.812683,       15.2882280350
719.147217,       15.5450582504
719.481750,       15.7858743668
719.816223,       16.0206146240
720.150574,       16.3731784821
720.485046,       16.6281261444
720.819214,       16.9351100922
721.153564,       17.2120304108
721.487854,       17.4819374084
721.821960,       17.7551937103
722.156189,       18.1500377655
722.490234,       18.4410343170
722.824341,       18.7024612427
723.158264,       19.0339756012
723.492249,       19.3180427551
723.826172,       19.5630702972
724.159973,       19.8866329193
724.493835,       20.1708660126
724.827576,       20.4797630310
725.161316,       20.8327560425
725.494995,       21.1064090729
725.828613,       21.4167785645
726.162231,       21.7345848083
726.495728,       22.0837059021
726.829163,       22.3949260712
727.162720,       22.6254768372
727.496033,       22.9487762451
727.829468,       23.2443428040
728.162720,       23.5504550934
728.496033,       23.8581218719
728.829224,       24.1406097412
729.162354,       24.2884368896
729.495483,       24.5752391815
729.828552,       24.8870620728
730.161560,       25.1577167511
730.494629,       25.4146347046
730.827454,       25.7000446320
731.160400,       25.9632892609
731.493225,       26.3207702637
731.825989,       26.6277217865
732.158813,       26.9009017944
732.491455,       27.1637535095
732.824158,       27.4531154633
733.156799,       27.7680187225
733.489319,       28.0110836029
733.821899,       28.2504520416
734.154236,       28.4849605560
734.486755,       28.7784042358
734.819092,       29.0527572632
735.151428,       29.2585010529
735.483765,       29.5167026520
735.815857,       29.7640647888
736.148132,       30.0004596710
736.480286,       30.2613105774
736.812378,       30.4962463379
737.144470,       30.7304592133
737.476379,       30.9838523865
737.808411,       31.2492065430
738.140259,       31.5148239136
738.472168,       31.6855735779
738.804016,       31.8661098480
739.135742,       32.0423164368
739.467468,       32.3054924011
739.799133,       32.5539360046
740.130798,       32.6772079468
740.462402,       32.9506835938
740.793884,       33.2811050415
741.125366,       33.5109825134
741.456848,       33.6818389893
741.788208,       33.8989410400
742.119568,       34.1544265747
742.450928,       34.3111228943
742.782166,       34.5174827576
743.113281,       34.7699089050
743.444458,       34.9674568176
743.775635,       35.1598472595
744.106689,       35.2990837097
744.437683,       35.4833526611
744.768677,       35.6735496521
745.099609,       35.7871665955
745.430481,       35.9655570984
745.761353,       36.1748886108
746.092102,       36.3504524231
746.422852,       36.4805297852
746.753479,       36.6227645874
747.084229,       36.8060035706
747.414795,       36.8860588074
747.745300,       36.9958267212
748.075806,       37.1538314819
748.406311,       37.2689399719
748.736694,       37.3079643250
749.067078,       37.3820228577
749.397400,       37.5744743347
749.727722,       37.7040252686
750.057861,       37.8141860962
750.388062,       37.9319953918
750.718201,       38.0246086121
751.048279,       38.1522560120
751.378357,       38.2318000793
751.708252,       38.3003120422
752.038208,       38.4677276611
752.368164,       38.5497741699
752.697937,       38.6168785095
753.027832,       38.6941070557
753.357483,       38.8031616211
753.687256,       38.8193893433
754.016907,       38.9750671387
754.346497,       39.0789566040
754.676147,       39.0384902954
755.005493,       39.0644264221
755.335083,       39.1409683228
755.664490,       39.2437477112
755.993835,       39.3193321228
756.323181,       39.3150138855
756.652405,       39.3563804626
756.981689,       39.3026657104
757.310852,       39.3256072998
757.640015,       39.4248161316
757.969177,       39.4467239380
758.298096,       39.4466743469
758.627197,       39.4993972778
758.956116,       39.4273910522
759.284973,       39.4315414429
759.613892,       39.4244499207
759.942627,       39.4442977905
760.271423,       39.4242210388
760.600159,       39.4349784851
760.928772,       39.4023132324
761.257446,       39.3378143311
761.585999,       39.3562850952
761.914490,       39.4460029602
762.242981,       39.4264831543
762.571350,       39.4661827087
762.899841,       39.4722175598
763.228088,       39.4867706299
763.556396,       39.5044288635
763.884644,       39.5453796387
764.212830,       39.5914459229
764.541016,       39.5771102905
764.869080,       39.5759391785
765.197144,       39.6705284119
765.525146,       39.6399078369
765.853088,       39.7303199768
766.181030,       39.8001594543
766.508789,       39.8084983826
766.836670,       39.8241310120
767.164429,       39.8907012939
767.492126,       39.9126586914
767.819824,       39.8736114502
768.147400,       39.9666938782
768.475037,       39.9622459412
768.802490,       39.9699974060
769.130005,       40.0345077515
769.457458,       40.0164489746
769.784790,       40.0679740906
770.112183,       40.0907096863
770.439453,       40.0899124146
770.766663,       40.1347846985
771.093872,       40.1140823364
771.420959,       40.0665626526
771.748108,       40.0384063721
772.075195,       40.0247230530
772.402161,       40.0200653076
772.729126,       39.9723243713
773.055969,       39.8812370300
773.382874,       39.8620719910
773.709717,       39.8012237549
774.036438,       39.6954879761
774.363159,       39.7490425110
774.689758,       39.7819824219
775.016479,       39.7355079651
775.343018,       39.7851829529
775.669495,       39.6962966919
775.996033,       39.6392402649
776.322449,       39.6544265747
776.648865,       39.6002845764
776.975098,       39.6158676147
777.301453,       39.6365509033
777.627686,       39.6437721252
777.953857,       39.7202072144
778.280029,       39.7333793640
778.606079,       39.8127326965
778.932068,       39.7690162659
779.258179,       39.7803001404
779.584045,       39.7860984802
779.909973,       39.7778358459
780.235840,       39.8022308350
780.561646,       39.8465118408
780.887390,       39.8435440063
781.213135,       39.7785034180
781.538757,       39.7417335510
781.864380,       39.7677917480
782.189880,       39.7682914734
782.515442,       39.7441711426
782.840942,       39.7404327393
783.166321,       39.7237243652
783.491699,       39.7267112732
783.817017,       39.6820678711
784.142395,       39.6462821960
784.467529,       39.5904731750
784.792725,       39.5191612244
785.117859,       39.5059242249
785.442932,       39.4556465149
785.768005,       39.4656677246
786.092957,       39.4496002197
786.417908,       39.4118385315
786.742798,       39.4264144897
787.067566,       39.4330558777
787.392456,       39.4387969971
787.717163,       39.4770965576
788.041870,       39.4915733337
788.366577,       39.4885177612
788.691101,       39.3914222717
789.015686,       39.4750251770
789.340149,       39.5001716614
789.664673,       39.5750160217
789.989075,       39.5514984131
790.313354,       39.7483177185
790.637756,       39.7938919067
790.962036,       39.8241195679
791.286194,       39.8518791199
791.610413,       39.7989883423
791.934448,       39.8465766907
792.258606,       39.8906059265
792.582581,       39.9407348633
792.906555,       39.9629249573
793.230530,       39.9369468689
793.554321,       39.9413871765
793.878174,       39.9221572876
794.201965,       39.8854179382
794.525696,       39.8991508484
794.849426,       39.8960990906
795.172974,       39.9727210999
795.496643,       40.0284843445
795.820129,       39.9560127258
796.143616,       39.9707183838
796.467102,       39.9354934692
796.790405,       39.9675559998
797.113831,       39.7376937866
797.437134,       39.7352752686
797.760315,       39.7247238159
798.083618,       39.7181205750
798.406677,       39.7885551453
798.729797,       39.8687324524
799.052856,       39.8737030029
799.375854,       39.7942962646
799.698853,       39.8181610107
800.021729,       39.8951530457
800.344604,       39.9129829407
800.667358,       39.9839286804
800.990112,       40.0008621216
801.312866,       40.0371475220
801.635498,       40.0692596436
801.958191,       40.0331077576
802.280701,       40.0314674377
802.603210,       40.0248527527
802.925781,       39.9941749573
803.248108,       39.9894485474
803.570496,       39.9722709656
803.892822,       40.0547447205
804.215088,       40.0684089661
804.537354,       39.9930610657
804.859436,       39.9647331238
805.181641,       39.8348312378
805.503723,       39.7261009216
805.825745,       39.7442359924
806.147766,       39.8039283752
806.469604,       39.7655792236
806.791504,       39.7812652588
807.113342,       39.8290634155
807.435181,       39.7970466614
807.756897,       39.8601455688
808.078552,       39.8201065063
808.400208,       39.8425788879
808.721802,       39.8744964600
809.043335,       39.9160842896
809.364929,       39.9685478210
809.686279,       39.9887809753
810.007751,       39.9782333374
810.329041,       39.9300765991
810.650330,       39.9415969849
810.971619,       39.8732528687
811.292786,       39.9536247253
811.613953,       39.9242591858
811.935059,       39.9709358215
812.256104,       39.9943046570
812.577148,       39.9557609558
812.898071,       39.9248886108
813.218994,       39.9166336060
813.539795,       39.8503913879
813.860596,       39.8375244141
814.181396,       39.8277893066
814.502136,       39.7536277771
814.822754,       39.7609634399
815.143372,       39.6918869019
815.463928,       39.6338272095
815.784485,       39.6189346313
816.104919,       39.5073585510
816.425354,       39.4810562134
816.745728,       39.4659042358
817.065979,       39.4799728394
817.386353,       39.4237060547
817.706421,       39.4643859863
818.026733,       39.4539604187
818.346863,       39.5297088623
818.666809,       39.5907325745
818.986938,       39.5569953918
819.306824,       39.5292015076
819.626770,       39.5585289001
819.946716,       39.5582237244
820.266479,       39.6274070740
820.586304,       39.5722885132
820.905945,       39.5658264160
821.225647,       39.5554084778
821.545349,       39.6129722595
821.864868,       39.6397819519
822.184448,       39.7651176453
822.503845,       39.8311309814
822.823364,       39.8630752563
823.142761,       39.9195594788
823.462036,       39.9785003662
823.781372,       40.0080490112
824.100525,       40.0188980103
824.419800,       40.3431625366
824.738953,       40.3704261780
825.057922,       40.3733901978
825.377014,       40.3250083923
825.695984,       40.3699684143
826.014954,       40.3917579651
826.333862,       40.3411483765
826.652649,       40.4091300964
826.971497,       40.4145088196
827.290100,       40.4963684082
827.608887,       40.5456466675
827.927612,       40.6349449158
828.246094,       40.5689315796
828.564697,       40.5070915222
828.883118,       40.4080696106
829.201599,       40.3232192993
829.520020,       40.2981033325
829.838318,       40.2222976685
830.156616,       40.1205596924
830.474854,       40.1177215576
830.793091,       40.1331062317
831.111267,       39.7244071960
831.429260,       39.6686515808
831.747437,       39.6369667053
832.065308,       39.6853256226
832.383362,       39.7283096313
832.701233,       39.7886695862
833.019043,       39.8406372070
833.336914,       39.7962112427
833.654663,       39.7792472839
833.972351,       39.7382354736
834.289978,       39.7551918030
834.607483,       39.7685203552
834.925171,       39.8140296936
835.242676,       39.8865852356
835.560059,       39.9009552002
835.877502,       39.8854217529
836.194763,       39.8748741150
836.512146,       39.8715362549
836.829468,       40.0096702576
837.146545,       40.0571937561
837.463745,       40.0613937378
837.780823,       40.1275024414
838.097900,       40.1347541809
838.414917,       40.1959457397
838.731873,       40.1414909363
839.048828,       40.1006546021
839.365540,       40.0870132446
839.682434,       40.0084991455
839.999207,       40.0386352539
840.315857,       40.0961608887
840.632568,       40.0497741699
840.949097,       39.9480209351
841.265747,       39.8436889648
841.582275,       39.8337211609
841.898682,       39.9051589966
842.215088,       39.8618469238
842.531433,       39.9079513550
842.847778,       39.9317588806
843.164063,       40.0277557373
843.480164,       39.9559364319
843.796387,       39.9360504150
844.112427,       39.9220504761
844.428528,       39.9687995911
844.744568,       40.0037689209
845.060486,       40.0437126160
845.376404,       40.0519485474
845.692200,       40.0443801880
846.008057,       40.0392990112
846.323853,       40.0762481689
846.639465,       40.0447921753
846.955139,       39.9681739807
847.270691,       39.9862556458
847.586304,       40.0365524292
847.901855,       40.0886878967
848.217224,       40.0468215942
848.532715,       40.0044097900
848.847961,       40.0991096497
849.163330,       40.0119743347
849.478638,       40.0005302429
849.793823,       39.9980430603
850.108948,       39.9793281555
850.424011,       39.9914169312
850.739136,       40.0244789124
851.054199,       39.9503898621
851.369019,       39.8983535767
851.684021,       39.8505821228
851.998779,       39.9931488037
852.313660,       40.0094871521
852.628418,       39.9616584778
852.943054,       39.9691085815
853.257751,       39.9763984680
853.572327,       39.9858055115
853.886841,       39.9625129700
854.201477,       39.9979858398
854.515808,       40.0663566589
854.830261,       40.1026802063
855.144592,       40.0636749268
855.458862,       39.9848098755
855.773193,       40.0342903137
856.087280,       40.0792427063
856.401489,       40.0238113403
856.715515,       40.1306724548
857.029602,       40.1681251526
857.343628,       40.0865478516
857.657532,       40.1353225708
857.971497,       40.1920127869
858.285278,       40.2069168091
858.599121,       40.1429405212
858.912903,       40.1042213440
859.226501,       40.0919685364
859.540222,       40.0723800659
859.853699,       40.0882720947
860.167297,       40.0987701416
860.480896,       40.2422866821
860.794250,       40.2625694275
861.107666,       40.1948699951
861.420959,       40.2134552002
861.734314,       40.2226715088
862.047546,       40.2181472778
862.360657,       40.2630500793
862.673889,       40.3124237061
862.986938,       40.3193244934
863.299988,       40.3168869019
863.613037,       40.3569374084
863.925903,       40.4063835144
864.238831,       40.5371589661
864.551575,       40.5240898132
864.864380,       40.4567070007
865.177185,       40.4359321594
865.489807,       40.5283966064
865.802490,       40.6420669556
866.114990,       40.7335472107
866.427612,       40.8925781250
866.740112,       40.8584632874
867.052429,       40.7899513245
867.364868,       40.7968711853
867.677124,       40.8194885254
867.989502,       40.8595428467
868.301758,       40.8907508850
868.613831,       40.9109878540
868.926025,       40.8866462708
869.238159,       40.8066825867
869.550049,       40.8316268921
869.862122,       40.8316040039
870.173950,       40.7670783997
870.485901,       40.8154563904
870.797791,       40.6800765991
871.109497,       40.6853866577
871.421204,       40.6708374023
871.732849,       40.6572837830
872.044495,       40.6472015381
872.356079,       40.5879592896
872.667542,       40.5598716736
872.979065,       40.4516258240
873.290344,       40.5300216675
873.601807,       40.5263214111
873.913147,       40.5990486145
874.224304,       40.5916748047
874.535645,       40.5788345337
874.846741,       40.5869979858
875.157837,       40.6747474670
875.468994,       40.7379913330
875.779907,       40.7216415405
876.090881,       40.7075462341
876.401733,       40.6504249573
876.712646,       40.6722526550
877.023499,       40.6599769592
877.334167,       40.6787567139
877.644897,       40.7163619995
877.955505,       40.7714958191
878.266113,       40.8170204163
878.576721,       40.8193244934
878.887146,       40.8781890869
879.197571,       40.8267326355
879.507996,       40.8033638000
879.818298,       40.7442703247
880.128662,       40.9133148193
880.438843,       40.7821769714
880.749084,       40.8809127808
881.059143,       41.2618751526
881.369263,       41.2246971130
881.679382,       41.0921669006
881.989258,       41.0742301941
882.299194,       41.1515083313
882.609070,       41.2189712524
882.918945,       41.2901535034
883.228760,       41.2211685181
883.538452,       41.2234687805
883.848145,       41.3271636963
884.157654,       41.3463249207
884.467285,       41.3599700928
884.776917,       41.3360939026
885.086243,       41.3498878479
885.395813,       41.3444595337
885.705017,       41.3671150208
886.014404,       41.3597183228
886.323730,       41.3810462952
886.632874,       41.2549095154
886.942078,       41.3350181580
887.251160,       41.2565612793
887.560242,       40.7929725647
887.869263,       40.8030471802
888.178162,       40.8216934204
888.487122,       40.7531051636
888.795898,       40.7530708313
889.104797,       40.7203598022
889.413513,       40.6410636902
889.722168,       40.7357292175
890.030884,       40.7961349487
890.339417,       40.7027397156
890.648010,       40.6568374634
890.956543,       40.7029190063
891.264893,       40.6664962769
891.573364,       40.6409454346
891.881653,       40.6620025635
892.189941,       40.6796798706
892.498230,       40.7255859375
892.806335,       40.7845306396
893.114502,       40.8059616089
893.422546,       40.8146247864
893.730652,       40.8176879883
894.038696,       40.9204483032
894.346497,       40.9294471741
894.654419,       40.9924163818
894.962158,       41.0366668701
895.270020,       41.0885238647
895.577759,       41.0952606201
895.885376,       41.1463203430
896.192993,       41.0539436340
896.500549,       41.0327606201
896.808044,       40.9398956299
897.115601,       40.9597778320
897.422913,       41.0152893066
897.730347,       41.0508308411
898.037598,       41.0911293030
898.344910,       41.0562438965
898.652161,       41.0947380066
898.959167,       41.1384506226
899.266418,       41.0828514099
899.573364,       41.0509757996
899.880371,       40.9796943665
900.187378,       41.0000991821
900.494202,       40.9197998047
900.801086,       40.9530181885
901.107788,       40.9144477844
901.414612,       40.9125671387
901.721375,       40.8098182678
902.027832,       40.8675384521
902.334534,       40.7707061768
902.641113,       40.8904685974
902.947510,       40.8137741089
903.253967,       40.9170684814
903.560242,       40.9432067871
903.866638,       40.8343086243
904.172974,       40.7904663086
904.479126,       40.7249679565
904.785278,       40.6343650818
905.091370,       40.6011657715
905.397461,       40.5196151733
905.703552,       40.4917106628
906.009399,       40.5345878601
906.315369,       40.5960960388
906.621155,       40.5470848083
906.927002,       40.5484695435
907.232788,       40.5043411255
907.538452,       40.5894622803
907.844116,       40.5969810486
908.149658,       40.6493492126
908.455200,       40.5891609192
908.760803,       40.7514343262
909.066162,       40.6974105835
909.371582,       40.6970748901
909.676880,       40.6687545776
909.982178,       40.6553840637
910.287476,       40.6410484314
910.592529,       40.7007141113
910.897705,       40.7730712891
911.202759,       40.8444137573
911.507813,       40.8696365356
911.812805,       40.8794326782
912.117676,       40.8900604248
912.422546,       40.9119682312
912.727356,       40.9145202637
913.032104,       40.9187507629
913.336853,       41.0074996948
913.641479,       41.0347175598
913.946106,       40.9260940552
914.250610,       41.0418357849
914.555115,       41.0532150269
914.859619,       41.1097908020
915.163940,       41.0060958862
915.468323,       41.0047035217
915.772583,       41.1128692627
916.076843,       41.0884056091
916.381104,       41.0549926758
916.685120,       41.0856246948
916.989258,       41.0258102417
917.293213,       40.9770812988
917.597290,       41.2246360779
917.901184,       41.5222434998
918.205017,       41.5305061340
918.508850,       41.5673446655
918.812561,       41.5040969849
919.116333,       41.5134010315
919.420044,       41.4652786255
919.723572,       41.4473342896
920.027222,       41.4998397827
920.330627,       41.5522918701
920.634094,       41.4594802856
920.937561,       41.4200439453
921.240784,       41.4600028992
921.544189,       41.4892616272
921.847351,       41.4313659668
922.150574,       41.4684524536
922.453735,       41.5370559692
922.756775,       41.5949058533
923.059875,       41.5750160217
923.362793,       41.5804367065
923.665771,       41.7377204895
923.968689,       41.3621940613
924.271362,       41.0916023254
924.574219,       41.0592041016
924.876892,       41.0175476074
925.179565,       41.0160255432
925.482239,       40.9062690735
925.784729,       41.0360946655
926.087280,       40.9633750916
926.389648,       40.8909721375
926.692078,       40.8077545166
926.994507,       40.8385047913
927.296692,       40.8330307007
927.599060,       40.7491493225
927.901123,       40.6372871399
928.203308,       40.6793060303
928.505432,       40.5860061646
928.807434,       40.5329933167
929.109436,       40.4940109253
929.411316,       40.5793800354
929.713196,       40.5971336365
930.015015,       40.3546752930
930.316711,       40.5123291016
930.618530,       40.4455757141
930.920105,       40.4914093018
931.221802,       40.5551185608
931.523315,       40.5622711182
931.824829,       40.6245422363
932.126282,       40.6161994934
932.427612,       40.5817489624
932.729004,       40.6100196838
933.030334,       40.7016716003
933.331482,       40.6428184509
933.632751,       40.5651283264
933.933777,       40.6060752869
934.234924,       40.7558784485
934.536011,       40.8312606812
934.836914,       40.8802375793
935.137878,       40.8535766602
935.438660,       40.8323860168
935.739502,       40.7710952759
936.040344,       40.8867912292
936.340942,       40.9626426697
936.641663,       40.8373565674
936.942383,       40.8770065308
937.242798,       40.9300193787
937.543335,       40.9180450439
937.843750,       41.0251274109
938.144165,       41.0130653381
938.444580,       40.9837799072
938.744751,       41.0273170471
939.045044,       41.0674591064
939.345154,       41.1610679626
939.645325,       41.2074813843
939.945435,       41.5052223206
940.245361,       41.4845924377
940.545410,       41.4959907532
940.845215,       41.4270477295
941.145142,       41.4501724243
941.445007,       41.5507469177
941.744629,       41.6233253479
942.044434,       41.5908622742
942.343994,       41.5519523621
942.643677,       41.5362052917
942.943237,       41.7171669006
943.242676,       41.7935905457
943.542114,       42.0226173401
943.841431,       41.9664573669
944.140808,       41.7047996521
944.440125,       41.8085021973
944.739258,       41.9192810059
945.038513,       41.9498519897
945.337524,       41.9465370178
945.636597,       41.8499832153
945.935669,       41.8992919922
946.234558,       41.6204528809
946.533508,       41.6026725769
946.832275,       41.7763023376
947.131165,       41.7451667786
947.429932,       41.5691146851
947.728516,       41.4428367615
948.027222,       41.5366516113
948.325745,       41.6026573181
948.624329,       41.8130683899
948.922852,       41.8737220764
949.221191,       41.8595237732
949.519592,       41.8825683594
949.817810,       41.7563095093
950.116150,       42.0058479309
950.414368,       42.0991172791
950.712463,       42.0430221558
951.010620,       41.8900833130
951.308594,       41.8982391357
951.606628,       41.9211196899
951.904602,       42.0439796448
952.202454,       42.1279449463
952.500305,       42.8201866150
952.798035,       42.8979644775
953.095825,       42.6406440735
953.393494,       42.6829185486
953.691040,       42.8615264893
953.988647,       43.1330871582
954.286133,       43.0462150574
954.583618,       43.0335464478
954.881042,       42.7811317444
955.178345,       42.8099021912
955.475647,       43.1809120178
955.772827,       43.2278289795
956.070068,       42.9739875793
956.367310,       42.8346977234
956.664307,       42.8869857788
956.961365,       42.9487342834
957.258240,       42.9216461182
957.555176,       43.3493423462
957.852112,       43.3948745728
958.148865,       43.3182106018
958.445679,       43.2412528992
958.742310,       42.5433921814
959.039001,       42.5847778320
959.335632,       42.5975608826
959.632141,       42.8733139038
959.928650,       42.9160690308
960.224976,       42.8307075500
960.521484,       43.0214042664
960.817871,       43.0701332092
961.114014,       42.9685592651
961.410339,       42.9433212280
961.706421,       42.3957519531
962.002563,       42.2399215698
962.298645,       42.5002098083
962.594604,       42.4828109741
962.890564,       42.6355133057
963.186401,       44.5706100464
963.482300,       44.8252944946
963.778137,       44.3921890259
964.073792,       44.3204269409
964.369568,       44.3439674377
964.665100,       44.3182754517
964.960693,       44.4863624573
965.256287,       44.5946350098
965.551697,       44.5889015198
965.847168,       44.3298797607
966.142395,       44.2990646362
966.437744,       44.3241271973
966.733032,       44.1304435730
967.028198,       44.1444625854
967.323364,       44.2613296509
967.618408,       44.2917900085
967.913513,       44.6727561951
968.208496,       44.7478027344
968.503357,       44.5600814819
968.798279,       44.5385780334
969.093018,       44.4510803223
969.387817,       42.1225395203
969.682556,       42.2455101013
969.977173,       42.1207847595
970.271790,       42.3426971436
970.566406,       42.4256935120
970.860779,       42.4182395935
971.155334,       42.4050750732
971.449646,       42.0818824768
971.743958,       42.2345619202
972.038330,       42.3655853271
972.332458,       42.3560714722
972.626648,       42.1308593750
972.920715,       42.0958328247
973.214844,       42.0510406494
973.508911,       42.0242347717
973.802734,       42.2665100098
974.096741,       42.3754692078
974.390442,       42.5119018555
974.684265,       42.7214775085
974.978088,       42.9147415161
975.271667,       43.1051826477
975.565369,       43.2727775574
975.858826,       43.1717681885
976.152405,       43.5356636047
976.445923,       43.3734779358
976.739258,       43.3694915771
977.032654,       43.3814353943
977.325867,       43.4034004211
977.619202,       43.6832771301
977.912415,       44.1231193542
978.205505,       44.1619987488
978.498596,       44.2321319580
978.791504,       44.4492378235
979.084534,       44.8064918518
979.377563,       45.1036872864
979.670288,       45.4089889526
979.963196,       45.0882301331
980.255859,       45.0263519287
980.548584,       44.9505119324
980.841309,       44.9535255432
981.133850,       44.9879379272
981.426392,       45.2334747314
981.718811,       45.1745758057
982.011292,       44.8395118713
982.303650,       44.7490615845
982.595886,       44.7820091248
982.888245,       44.7327499390
983.180359,       44.7616233826
983.472595,       44.6578750610
983.764709,       44.4707374573
984.056641,       44.1176567078
984.348755,       44.0596580505
984.640625,       44.3932456970
984.932495,       44.5621528625
985.224365,       44.1771011353
985.516052,       44.0831604004
985.807861,       44.0154304504
986.099426,       44.8170127869
986.391052,       44.5033149719
986.682678,       44.4197921753
986.974121,       44.3720359802
987.265625,       44.2271575928
987.556885,       43.8923416138
987.848328,       43.7015380859
988.139648,       43.7368736267
988.430786,       43.5421752930
988.721985,       43.4593734741
989.013000,       43.5133857727
989.304138,       44.0666999817
989.595215,       44.1461105347
989.886047,       44.4777145386
990.177002,       44.4037399292
990.467834,       44.5909690857
990.758606,       44.4159889221
991.049377,       44.2740058899
991.339966,       44.8755455017
991.630676,       44.7443885803
991.921143,       44.4791603088
992.211670,       44.5672378540
992.502197,       44.8277015686
992.792542,       45.0587081909
993.082886,       44.8209457397
993.373169,       45.2655830383
993.663452,       45.4374313354
993.953613,       45.6117095947
994.243713,       45.7285881042
994.533813,       46.0793304443
994.823792,       46.1073455811
995.113770,       46.0348320007
995.403687,       45.8897132874
995.693481,       46.0561676025
995.983337,       45.7278480530
996.273010,       45.8125991821
996.562744,       45.5995483398
996.852417,       45.8497123718
997.141907,       46.1188735962
997.431458,       45.6359405518
997.720886,       45.8879356384
998.010315,       46.1217575073
998.299744,       45.4474372864
998.588928,       45.0300521851
998.878296,       44.9472274780
999.167419,       45.4070434570
999.456543,       45.6514091492
999.745667,       45.5291786194
1000.034607,       45.3038673401
1000.323669,       45.3542785645
1000.612488,       45.8667144775
1000.901367,       46.2851676941
1001.190247,       46.2302742004
1001.478882,       45.8953094482
1001.767639,       46.8752441406
1002.056335,       46.7008323669
1002.344849,       47.0811576843
1002.633423,       47.2526969910
1002.921814,       46.7804412842
1003.210266,       46.8103828430
1003.498657,       46.5868988037
1003.786926,       46.6681556702
1004.075256,       47.2648124695
1004.363342,       47.0668373108
1004.651489,       47.0443077087
1004.939697,       47.4526596069
1005.227600,       48.1881217957
1005.515686,       48.2797431946
1005.803467,       48.8129348755
1006.091370,       49.2796821594
1006.379272,       49.9430694580
1006.666870,       49.3846282959
1006.954712,       49.2144470215
1007.242188,       49.7205657959
1007.529907,       50.1129989624
1007.817444,       48.8345527649
1008.104858,       50.4656982422
1008.392334,       49.9511528015
1008.679565,       50.4618873596
1008.966980,       50.8194999695
1009.254272,       50.7625465393
1009.541382,       51.0761909485
1009.828613,       50.9687118530
1010.115601,       50.7425842285
1010.402649,       50.8984985352
1010.689697,       51.4066886902
1010.976563,       50.8858909607
1011.263489,       51.2371177673
1011.550171,       50.5568199158
1011.837036,       50.4030342102
1012.123657,       50.3650016785
1012.410278,       50.6349868774
1012.696899,       51.5392532349
1012.983337,       52.0277900696
1013.269897,       51.2431221008
1013.556396,       50.8584899902
1013.842651,       51.8008842468
1014.129028,       50.6845016479
1014.415161,       51.1362800598
1014.701477,       50.9439888000
1014.987671,       51.5419731140
1015.273560,       51.8806877136
1015.559692,       52.9814186096
1015.845581,       53.1352691650
1016.131592,       54.3918838501
1016.417542,       55.1646652222
1016.703247,       55.6144523621
1016.989014,       56.1064071655
1017.274658,       55.4750328064
1017.560303,       56.3402519226
1017.845947,       55.6316833496
1018.131409,       55.8271484375
1018.416870,       55.5555648804
1018.702271,       55.0106773376
1018.987671,       55.2447738647
1019.272949,       56.9482994080
1019.558228,       57.6757659912
1019.843445,       57.2115821838
1020.128540,       56.9892425537
1020.413574,       56.9904098511
1020.698608,       56.6948661804
1020.983521,       56.3651275635
1021.268555,       57.3181495667
1021.553284,       58.2258682251
1021.838135,       58.8688735962
1022.122925,       57.7866554260
1022.407593,       61.7747497559
1022.692261,       44.6985397339
1022.976807,       40.5295295715
1023.261292,       51.6252403259
1023.545837,       42.4908332825
1023.830200,       58.9698066711
1024.114624,       72.8501281738
1024.398804,       77.3809509277
1024.683105,       61.4478111267
1024.967285,       53.7610588074
