340.270844,        0.0000000000
340.648560,        0.0000000000
341.026306,      -93.5483932495
341.403961,     -109.0908966064
341.781616,      -92.5925979614
342.159210,    -1050.0013427734
342.536743,       79.3427200317
342.914307,       82.9850769043
343.291779,       99.4152069092
343.669250,        0.0000000000
344.046661,       94.3434143066
344.424042,       94.2046661377
344.801422,       93.6449127197
345.178711,       95.8050994873
345.556000,       96.2505874634
345.933258,       97.1974639893
346.310486,       97.2678909302
346.687622,       97.4652023315
347.064758,       98.4732284546
347.441895,       99.0847778320
347.818939,       97.9963455200
348.195953,       97.0774002075
348.572937,       96.9239501953
348.949890,       96.7049636841
349.326843,       96.7661895752
349.703735,       96.2902221680
350.080597,       96.6318893433
350.457397,       96.0672302246
350.834198,       95.1092453003
351.210968,       94.1051330566
351.587646,       94.1078491211
351.964325,       93.8696441650
352.340942,       93.5134201050
352.717560,       93.7317657471
353.094147,       92.9104537964
353.470673,       92.6370162964
353.847168,       92.1341018677
354.223602,       92.0971832275
354.600037,       92.2295761108
354.976440,       91.6827468872
355.352783,       92.0154037476
355.729126,       93.5854187012
356.105408,       94.3214340210
356.481628,       94.3847656250
356.857849,       94.1002273560
357.234009,       92.8033370972
357.610168,       92.9641113281
357.986267,       91.8830108643
358.362366,       92.1849365234
358.738373,       89.1206436157
359.114349,       89.0789184570
359.490326,       88.5946655273
359.866241,       87.6910629272
360.242157,       88.0197219849
360.617981,       87.2529144287
360.993805,       86.4139785767
361.369568,       86.9364471436
361.745331,       86.7154312134
362.121033,       86.9271240234
362.496704,       86.3249053955
362.872314,       85.7458572388
363.247925,       84.4830093384
363.623505,       82.6596221924
363.999023,       81.1349182129
364.374542,       83.4415664673
364.750000,       83.8258590698
365.125397,       84.7055587769
365.500763,       84.6736907959
365.876160,       84.2635726929
366.251434,       83.4668045044
366.626740,       85.5791625977
367.001953,       87.1334991455
367.377136,       87.6118545532
367.752350,       87.7713546753
368.127472,       88.2828445435
368.502594,       88.4803466797
368.877625,       88.3882904053
369.252625,       87.6304931641
369.627625,       87.2930679321
370.002563,       87.2330932617
370.377502,       86.9918746948
370.752380,       87.1486892700
371.127228,       88.6479949951
371.502014,       89.0692825317
371.876770,       89.5602416992
372.251526,       89.0339431763
372.626221,       88.7898788452
373.000885,       88.6937408447
373.375488,       88.7424926758
373.750092,       89.9570159912
374.124664,       90.8841476440
374.499146,       92.0317840576
374.873627,       91.2396011353
375.248108,       90.4114761353
375.622467,       91.6258316040
375.996887,       91.7092361450
376.371185,       91.6666488647
376.745483,       91.8374023438
377.119751,       91.7762069702
377.493958,       91.9730606079
377.868195,       91.5496292114
378.242310,       92.1207275391
378.616394,       93.0387344360
378.990540,       91.8683853149
379.364563,       91.4460983276
379.738556,       90.9785003662
380.112518,       89.5291290283
380.486481,       88.8924789429
380.860352,       88.2952499390
381.234192,       87.9949493408
381.608063,       86.8462982178
381.981812,       85.7574691772
382.355591,       83.9869155884
382.729309,       83.7157363892
383.102966,       83.1982345581
383.476624,       80.8043975830
383.850220,       79.8892059326
384.223816,       80.0349807739
384.597321,       79.6243362427
384.970856,       79.5948410034
385.344299,       78.0806503296
385.717682,       77.2704391479
386.091125,       76.5494079590
386.464447,       73.7958755493
386.837769,       73.3886566162
387.211029,       74.4206466675
387.584290,       74.0722122192
387.957489,       73.7906341553
388.330627,       73.5093688965
388.703766,       73.2445144653
389.076874,       72.8305206299
389.449921,       73.9381713867
389.822937,       73.1993026733
390.195923,       72.9773788452
390.568878,       72.2495117188
390.941772,       71.2131805420
391.314636,       70.6685028076
391.687500,       68.9905853271
392.060272,       68.1521606445
392.433075,       67.1059875488
392.805756,       65.6447448730
393.178436,       66.0869598389
393.551117,       67.0378723145
393.923737,       67.8361358643
394.296326,       67.9666748047
394.668854,       66.9933166504
395.041321,       65.4440078735
395.413849,       65.8784713745
395.786255,       66.5553359985
396.158630,       66.6666564941
396.531006,       66.4114303589
396.903320,       65.7224273682
397.275604,       64.9474105835
397.647827,       65.0737075806
398.020050,       66.4667892456
398.392212,       65.8388290405
398.764343,       66.2700500488
399.136444,       65.2857513428
399.508514,       65.1723632813
399.880554,       64.5239868164
400.252533,       65.0407409668
400.624512,       65.6891784668
400.996399,       65.8269424438
401.368286,       65.5457763672
401.740112,       64.2488861084
402.111908,       62.7744216919
402.483673,       62.3650016785
402.855408,       61.9211616516
403.227081,       61.7567291260
403.598755,       60.3084907532
403.970367,       59.1175613403
404.341980,       58.8989448547
404.713501,       58.6111373901
405.085022,       58.1573677063
405.456482,       57.5517539978
405.827911,       55.7300491333
406.199310,       54.0449485779
406.570648,       53.8008155823
406.942017,       53.5104408264
407.313263,       52.9864845276
407.684509,       52.9793395996
408.055725,       52.1259613037
408.426880,       51.6972770691
408.798035,       52.4496688843
409.169128,       51.9930076599
409.540161,       52.5776672363
409.911224,       52.3332405090
410.282196,       52.1731987000
410.653137,       51.7835426331
411.024048,       50.2525672913
411.394897,       50.7812576294
411.765747,       51.1279983521
412.136536,       50.3376617432
412.507324,       52.0478591919
412.878052,       51.5920104980
413.248718,       53.3654022217
413.619385,       52.7954940796
413.989990,       52.9288825989
414.360565,       53.2662277222
414.731110,       53.1131439209
415.101563,       53.2352790833
415.472076,       52.9705886841
415.842468,       52.1914138794
416.212891,       51.9308700562
416.583221,       50.3762855530
416.953522,       49.5789031982
417.323792,       47.8867645264
417.694031,       49.1792869568
418.064240,       49.3919181824
418.434418,       49.7073135376
418.804535,       51.2985115051
419.174622,       50.8685531616
419.544678,       49.8626174927
419.914673,       49.8199615479
420.284668,       47.7773284912
420.654572,       46.5189056396
421.024475,       44.4992218018
421.394348,       45.8565788269
421.764191,       46.0028266907
422.133972,       45.3853874207
422.503693,       45.8907203674
422.873444,       45.4126205444
423.243134,       44.7676315308
423.612762,       44.6841735840
423.982330,       43.1713218689
424.351929,       42.5809898376
424.721436,       42.1556663513
425.090942,       42.0349311829
425.460358,       41.1582374573
425.829773,       40.3482780457
426.199158,       39.2570266724
426.568481,       37.1298103333
426.937775,       36.6077346802
427.307037,       37.4202232361
427.676239,       36.7978706360
428.045441,       36.4660339355
428.414581,       36.0715446472
428.783722,       36.3659782410
429.152802,       34.1870651245
429.521790,       36.0920982361
429.890839,       35.8293724060
430.259766,       33.8465957642
430.628693,       35.0100669861
430.997589,       34.2670021057
431.366425,       33.9612770081
431.735229,       33.8273811340
432.104004,       33.2423362732
432.472748,       34.0269889832
432.841431,       33.8486785889
433.210052,       33.3772010803
433.578705,       32.6107788086
433.947266,       32.7778739929
434.315826,       32.1105995178
434.684326,       32.2694473267
435.052765,       31.3589572906
435.421204,       33.9124145508
435.789612,       33.5114402771
436.157959,       34.1155929565
436.526276,       32.7516479492
436.894531,       32.4067611694
437.262756,       29.5285339355
437.630951,       28.8150558472
437.999146,       28.8047046661
438.367249,       27.0407142639
438.735321,       26.9324417114
439.103394,       26.3713111877
439.471405,       26.3794937134
439.839386,       48.1528778076
440.207306,       47.6726341248
440.575195,       47.3569526672
440.943054,       46.6893196106
441.310883,       46.4571113586
441.678680,       46.2294425964
442.046387,       45.9984970093
442.414093,       45.3914756775
442.781799,       44.8750991821
443.149414,       43.3689346313
443.516998,       42.9250526428
443.884552,       42.0981216431
444.252045,       41.8951225281
444.619537,       41.5566520691
444.987000,       41.4764823914
445.354401,       41.4136047363
445.721710,       41.6961784363
446.089081,       41.7279357910
446.456360,       41.6270179749
446.823608,       41.4520416260
447.190826,       41.4511489868
447.557953,       20.2192134857
447.925110,       19.6017131805
448.292175,       19.1863784790
448.659271,       19.2391777039
449.026276,       19.1413860321
449.393250,       18.8736667633
449.760193,       18.9144611359
450.127075,       18.4894981384
450.493958,       18.5965728760
450.860779,       17.6965465546
451.227570,       17.7384414673
451.594330,       17.9498271942
451.960999,       17.7600421906
452.327698,       17.8785820007
452.694336,       17.4201793671
453.060913,       16.8385887146
453.427490,       15.9778356552
453.793976,       15.6539802551
454.160492,       15.1959314346
454.526917,       15.3517885208
454.893311,       14.8446884155
455.259674,       14.5237369537
455.626007,       14.7863473892
455.992310,       15.3322725296
456.358551,       14.9117279053
456.724731,       15.0910091400
457.090912,       15.0804538727
457.457031,       14.9584684372
457.823151,       15.2204008102
458.189209,       14.9410161972
458.555206,       15.0856065750
458.921173,       14.9015159607
459.287109,       14.6593809128
459.653015,       15.3005104065
460.018890,       14.9892520905
460.384705,       15.0825901031
460.750519,       14.5925207138
461.116241,       14.4062566757
461.481964,       14.1914758682
461.847626,       14.4654664993
462.213226,       14.3476943970
462.578827,       14.6685762405
462.944427,       14.3179597855
463.309906,       13.7452945709
463.675385,       13.1380949020
464.040802,       13.0885658264
464.406219,       12.8244562149
464.771606,       12.1849250793
465.136902,       12.1341629028
465.502197,       11.6702089310
465.867462,       11.6057672501
466.232635,       11.2313814163
466.597839,       11.0840597153
466.962921,       11.3161907196
467.328003,       10.7902250290
467.693054,       10.7571477890
468.058075,       10.6756401062
468.423035,       11.5307903290
468.787994,       11.6337394714
469.152863,       11.7441406250
469.517700,       11.2906360626
469.882538,       10.8233852386
470.247314,       10.2166490555
470.612061,       11.2110080719
470.976746,       11.1116714478
471.341431,       11.3527660370
471.706024,       11.5062894821
472.070618,       11.7985143661
472.435181,       11.5615682602
472.799622,       11.4631204605
473.164124,       11.6794786453
473.528534,       11.4809722900
473.892975,       11.4974622726
474.257294,       11.4903964996
474.621582,       11.0803718567
474.985870,       11.0297727585
475.350098,       11.3795928955
475.714325,       11.0422458649
476.078461,       10.7305583954
476.442535,       10.4283485413
476.806641,       10.0604600906
477.170685,        9.9820661545
477.534668,        9.8917980194
477.898621,        9.8871555328
478.262512,        9.0759258270
478.626404,        9.5731105804
478.990265,        9.2478561401
479.354065,        8.9046039581
479.717834,        8.2652778625
480.081512,        8.3062181473
480.445221,        8.1175651550
480.808899,        7.9108605385
481.172485,        7.9445481300
481.536041,        7.7024788857
481.899567,        7.9422712326
482.263062,        7.6923904419
482.626526,        7.7457904816
482.989929,        7.3455514908
483.353271,        7.3170490265
483.716583,        6.9206633568
484.079895,        6.7627744675
484.443146,        6.7796101570
484.806366,        6.8029246330
485.169525,        6.9001460075
485.532654,        6.6678047180
485.895752,        6.4453339577
486.258820,        6.0165653229
486.621857,        6.2134647369
486.984802,        6.2276835442
487.347748,        6.3988127708
487.710663,        6.3282341957
488.073517,        6.2005224228
488.436340,        6.2220058441
488.799072,        6.0981507301
489.161835,        6.0439834595
489.524536,        5.6280589104
489.887238,        5.6657404900
490.249847,        5.5091767311
490.612396,        5.4201536179
490.974915,        5.3973259926
491.337433,        5.4066686630
491.699921,        5.5453667641
492.062347,        5.6733088493
492.424713,        5.6012701988
492.787079,        5.3902525902
493.149353,       11.4077444077
493.511658,       11.5060348511
493.873871,       11.4258794785
494.236053,       11.2609720230
494.598206,       11.2218790054
494.960297,       11.2193374634
495.322388,       11.1251802444
495.684418,       11.0972108841
496.046356,       10.8878345490
496.408325,       10.8120498657
496.770264,       10.8172254562
497.132141,       10.8571615219
497.493958,       10.8562412262
497.855713,       10.7183475494
498.217499,       10.6061401367
498.579193,       10.5686340332
498.940887,       10.5749168396
499.302490,       10.4716434479
499.664093,       10.3028526306
500.025635,       10.2112264633
500.387177,       10.1877231598
500.748627,        4.7115077972
501.110077,        4.7948641777
501.471436,        4.7143745422
501.832825,        4.6183099747
502.194153,        4.5832991600
502.555389,        4.4769902229
502.916626,        4.6083250046
503.277802,        4.6573052406
503.638977,        4.8148217201
504.000092,        4.9681077003
504.361176,        4.9404878616
504.722198,        4.8229055405
505.083160,        4.7711625099
505.444153,        4.7240314484
505.805084,        4.7524652481
506.165924,        4.7544760704
506.526764,        4.8087763786
506.887543,        5.2453098297
507.248322,        5.3774762154
507.609070,        5.4621315002
507.969727,        5.4212398529
508.330322,        5.5103402138
508.690918,        5.3398790359
509.051514,        5.3854360580
509.412018,        5.4325342178
509.772491,        5.4739537239
510.132904,        5.7218766212
510.493286,        5.8371005058
510.853699,        5.8074040413
511.213989,        5.6482052803
511.574280,        5.5639939308
511.934509,        5.5681262016
512.294678,        5.6824736595
512.654846,        5.6422328949
513.014954,        5.6744928360
513.375061,        5.7902355194
513.735046,        5.8708162308
514.095032,        5.7484259605
514.455078,        5.4016885757
514.814941,        5.2028832436
515.174805,        5.0791082382
515.534607,        5.1413998604
515.894409,        5.1472215652
516.254211,        5.0792818069
516.613892,        5.0670485497
516.973572,        5.1011505127
517.333130,        5.1147909164
517.692749,        4.8472266197
518.052368,        4.6268868446
518.411865,        4.6762733459
518.771301,        4.7166976929
519.130737,        4.7013134956
519.490173,        4.7297964096
519.849548,        4.6712799072
520.208801,        4.7226057053
520.568054,        4.7969741821
520.927307,        4.7044405937
521.286499,        4.6675190926
521.645691,        4.8309531212
522.004822,        4.9159517288
522.363831,        4.9607191086
522.722839,        4.9772119522
523.081848,        4.9475173950
523.440796,        4.9462819099
523.799744,        4.9986906052
524.158569,        4.9912719727
524.517395,        4.9235448837
524.876160,        4.8919191360
525.234924,        4.9703741074
525.593628,        4.9835453033
525.952271,        5.2223348618
526.310913,        5.3627529144
526.669495,        5.4021997452
527.028076,        5.4081163406
527.386536,        5.5629944801
527.744995,        5.5925459862
528.103394,        5.6022925377
528.461792,        5.7622799873
528.820129,        5.9089055061
529.178406,        5.8748192787
529.536743,        5.8676142693
529.894958,        5.9423313141
530.253113,        6.0393686295
530.611267,        6.3189496994
530.969299,        6.4491629601
531.327393,        6.6010222435
531.685486,        6.6705646515
532.043335,        6.7420916557
532.401367,        6.7739734650
532.759216,        6.7570352554
533.117004,        6.8572306633
533.474915,        6.6475348473
533.832642,        6.6219038963
534.190430,        6.6244306564
534.548096,        6.6642274857
534.905762,        6.5928468704
535.263367,        6.6942958832
535.620850,        6.7380280495
535.978455,        6.6598815918
536.335876,        6.5587496758
536.693359,        6.5571389198
537.050781,        6.5350303650
537.408142,        6.5992207527
537.765442,        6.5770173073
538.122681,        6.4082756042
538.479919,        6.3488492966
538.837219,        6.2508902550
539.194336,        6.3153548241
539.551453,        6.4447598457
539.908508,        6.6360793114
540.265564,        6.6368198395
540.622559,        6.5887041092
540.979553,        6.5861845016
541.336426,        6.5554218292
541.693298,        6.5667510033
542.050110,        6.6352272034
542.406921,        6.6846175194
542.763672,        6.6975936890
543.120422,        6.6883139610
543.477051,        6.8144073486
543.833679,        6.8406014442
544.190308,        6.8267369270
544.546814,        6.8222393990
544.903381,        6.8115243912
545.259827,        6.8157067299
545.616211,        6.7828149796
545.972595,        6.7123785019
546.328979,        6.7172527313
546.685242,        6.6800012589
547.041504,        6.5800838470
547.397644,        6.3873095512
547.753906,        6.4016556740
548.110046,        6.4228267670
548.466125,        6.4084239006
548.822144,        6.4012937546
549.178223,        6.4149804115
549.534241,        6.4147462845
549.890137,        6.3535757065
550.246033,        6.3270664215
550.601868,        6.3137249947
550.957581,        6.1918077469
551.313416,        6.2864990234
551.669128,        6.3324966431
552.024841,        6.3574008942
552.380432,        6.2756195068
552.736023,        6.2749757767
553.091675,        6.4492745399
553.447144,        6.4972662926
553.802612,        6.4885296822
554.158020,        6.5124497414
554.513428,        6.4473910332
554.868774,        6.4431242943
555.224121,        6.6197142601
555.579346,        6.5947980881
555.934631,        6.5926260948
556.289734,        6.6192164421
556.644958,        6.6698946953
557.000000,        6.6799349785
557.355103,        6.6369676590
557.710083,        6.6008434296
558.065063,        6.5686240196
558.420105,        6.5697393417
558.774963,        6.4562983513
559.129822,        6.4787082672
559.484619,        6.4781026840
559.839355,        6.5075082779
560.194153,        6.4718923569
560.548828,        6.3419804573
560.903442,        6.3100447655
561.258057,        6.3812775612
561.612610,        6.3272943497
561.967224,        6.3448948860
562.321655,        6.3187308311
562.676086,        6.1129441261
563.030457,        6.1071038246
563.384827,        6.1447458267
563.739197,        6.0988621712
564.093445,        6.0210762024
564.447693,        5.9285478592
564.801880,        5.9213171005
565.156006,        5.8901915550
565.510132,        5.8834657669
565.864197,        5.8791995049
566.218262,        5.8358678818
566.572205,        5.7257661819
566.926086,        5.6521291733
567.280090,        5.5791363716
567.633972,        5.5579290390
567.987732,        5.4863104820
568.341553,        5.4348049164
568.695190,        5.3049674034
569.048950,        5.2772355080
569.402649,        5.2197380066
569.756165,        5.2067961693
570.109802,        5.2245440483
570.463257,        5.1965227127
570.816772,        5.1724586487
571.170227,        5.1264057159
571.523621,        5.1020431519
571.877014,        5.0502901077
572.230286,        5.0194058418
572.583557,        5.0235009193
572.936829,        4.9849052429
573.289978,        4.9973025322
573.643250,        5.0423631668
573.996216,        5.0381984711
574.349365,        5.0082645416
574.702393,        5.0455527306
575.055359,        5.0519046783
575.408325,        5.0521831512
575.761169,        5.0767292976
576.114075,        5.0870165825
576.466919,        5.0181746483
576.819641,        5.0035014153
577.172363,        4.9620947838
577.525085,        4.9920654297
577.877686,        5.0231733322
578.230286,        4.9656405449
578.582825,        4.9341773987
578.935425,        4.8955078125
579.287903,        4.8889632225
579.640320,        4.8672327995
579.992676,        4.8077931404
580.345093,        4.7876224518
580.697388,        4.7292847633
581.049683,        4.6238594055
581.401855,        4.5709972382
581.754089,        4.7118043900
582.106201,        4.7267336845
582.458313,        4.7361006737
582.810425,        4.7182273865
583.162354,        4.6664819717
583.514404,        4.6715879440
583.866272,        4.6554665565
584.218201,        4.6485395432
584.570068,        4.7170290947
584.921875,        4.6431126595
585.273560,        4.6121788025
585.625305,        4.6872181892
585.977051,        4.6749019623
586.328674,        4.8477888107
586.680237,        4.8401956558
587.031799,        4.8850879669
587.383301,        4.9028348923
587.734802,        4.9290003777
588.086243,        4.9398775101
588.437561,        4.9731340408
588.788940,        5.0577425957
589.140198,        4.8992676735
589.491516,        4.8065867424
589.842712,        4.7700576782
590.193848,        4.8039426804
590.544983,        4.8022913933
590.896057,        4.8171682358
591.247192,        4.8443665504
591.598145,        4.8379998207
591.949158,        4.7539110184
592.300049,        4.7388224602
592.650879,        4.6836495399
593.001770,        4.5833177567
593.352539,        4.6231803894
593.703308,        4.4895453453
594.054016,        4.4900040627
594.404663,        4.4643511772
594.755310,        4.5062932968
595.105896,        4.4476847649
595.456360,        4.4181728363
595.806885,        4.3783130646
596.157349,        4.3766398430
596.507751,        4.4793257713
596.858154,        4.4998846054
597.208435,        4.5078530312
597.558777,        4.4992189407
597.908997,        4.4820079803
598.259216,        4.4058494568
598.609314,        4.3959283829
598.959473,        4.4320354462
599.309570,        4.4794602394
599.659546,        4.5271401405
600.009583,        4.5863504410
600.359497,        4.6151795387
600.709412,        4.5603418350
601.059265,        4.5295133591
601.409058,        4.6367731094
601.758850,        4.6160478592
602.108521,        4.5286264420
602.458191,        4.5667657852
602.807922,        4.5457725525
603.157471,        4.5466451645
603.507080,        4.4719638824
603.856567,        4.4243140221
604.205994,        4.4270968437
604.555542,        4.3752861023
604.904846,        4.3412218094
605.254211,        4.3593564034
605.603516,        4.5841956139
605.952759,        4.6261773109
606.302063,        4.6017923355
606.651123,        4.5630674362
607.000305,        4.5329666138
607.349365,        4.4615054131
607.698425,        4.4138660431
608.047485,        4.4350667000
608.396362,        4.4049587250
608.745300,        4.2687153816
609.094177,        4.2383527756
609.442993,        4.2444167137
609.791809,        4.2007741928
610.140503,        4.1902918816
610.489258,        4.1638484001
610.837891,        4.1763806343
611.186523,        4.1034617424
611.535156,        4.0719108582
611.883606,        4.0862488747
612.232178,        4.1692380905
612.580566,        4.2017955780
612.928955,        3.9951231480
613.277344,        3.9114449024
613.625610,        3.9017245770
613.973938,        3.8754694462
614.322144,        3.8725090027
614.670288,        3.9045746326
615.018555,        3.9242691994
615.366516,        3.8899161816
615.714661,        3.8624367714
616.062622,        3.9419672489
616.410645,        3.9259803295
616.758606,        3.9679970741
617.106445,        3.9548938274
617.454285,        3.9479141235
617.802063,        4.0029387474
618.149841,        3.9777615070
618.497559,        3.9814646244
618.845215,        4.0251936913
619.192871,        4.0465140343
619.540466,        3.9190273285
619.888000,        3.8520555496
620.235535,        3.8681995869
620.582886,        3.9077584743
620.930359,        3.8923621178
621.277710,        3.8863036633
621.625061,        3.8344964981
621.972351,        3.7919006348
622.319519,        3.7380852699
622.666809,        3.7598836422
623.013916,        3.7741622925
623.361023,        3.7370772362
623.708130,        3.7741920948
624.055054,        3.7308373451
624.402100,        3.7078037262
624.749023,        3.7636463642
625.095947,        3.7553555965
625.442810,        3.7639791965
625.789551,        3.7532112598
626.136353,        3.7084341049
626.483032,        3.7188687325
626.829712,        3.7929420471
627.176392,        3.8252890110
627.522949,        3.7994894981
627.869507,        3.7677984238
628.216003,        3.7385654449
628.562500,        3.7544059753
628.908936,        3.7690274715
629.255310,        3.7613577843
629.601624,        3.8007948399
629.947876,        3.7987418175
630.294067,        3.8920331001
630.640320,        3.8405458927
630.986511,        3.8011271954
631.332642,        3.7833981514
631.678650,        3.8149006367
632.024658,        3.7485971451
632.370728,        3.7364408970
632.716614,        3.7148394585
633.062500,        3.7298266888
633.408325,        3.7331137657
633.754089,        3.8303561211
634.099915,        3.7808337212
634.445679,        3.7695963383
634.791321,        3.7915275097
635.136963,        3.8787436485
635.482483,        3.8862168789
635.828125,        3.8514602184
636.173584,        3.8088002205
636.519043,        3.8276309967
636.864502,        3.7958667278
637.209778,        3.7967352867
637.555237,        3.6817491055
637.900452,        3.6761376858
638.245728,        3.6843206882
638.590881,        3.6483104229
638.935974,        3.6165840626
639.281189,        3.6086771488
639.626221,        3.6582376957
639.971191,        3.6575527191
640.316223,        3.6462566853
640.661072,        3.6329572201
641.006042,        3.4982912540
641.350891,        3.4770317078
641.695679,        3.4491672516
642.040466,        3.3854026794
642.385071,        3.2552692890
642.729858,        3.2398741245
643.074463,        3.2347228527
643.419067,        3.2396721840
643.763611,        3.2472312450
644.108032,        3.2561492920
644.452515,        3.2257936001
644.796936,        3.1975615025
645.141296,        3.2080960274
645.485657,        3.2114381790
645.829834,        3.2273344994
646.174133,        3.2131836414
646.518311,        3.1916136742
646.862427,        3.0920639038
647.206604,        3.0412464142
647.550598,        3.0398223400
647.894653,        3.0038387775
648.238647,        2.9852850437
648.582458,        2.9965813160
648.926453,        2.9890227318
649.270203,        2.9685940742
649.614075,        2.9581332207
649.957764,        2.9859530926
650.301453,        2.9819154739
650.645142,        2.9874498844
650.988708,        2.9509444237
651.332336,        2.9018416405
651.675842,        2.8947644234
652.019348,        2.9048314095
652.362854,        2.8745441437
652.706177,        2.8130047321
653.049561,        2.7968578339
653.392883,        2.7953891754
653.736084,        2.7862851620
654.079346,        2.8157536983
654.422424,        2.8053970337
654.765625,        2.7809467316
655.108765,        2.7771613598
655.451721,        2.7179956436
655.794800,        2.6693229675
656.137695,        2.6213250160
656.480591,        2.6415293217
656.823486,        2.6454725266
657.166260,        2.5657596588
657.509094,        2.5617413521
657.851807,        2.5346333981
658.194519,        2.4874198437
658.537109,        2.5933160782
658.879761,        2.5658671856
659.222351,        2.5731949806
659.564758,        2.5587337017
659.907349,        2.5448789597
660.249695,        2.5315358639
660.592041,        2.5482397079
660.934448,        2.5590174198
661.276672,        2.4899964333
661.619019,        2.4829485416
661.961182,        2.4626641273
662.303284,        2.4645771980
662.645508,        2.4741611481
662.987427,        2.4666976929
663.329529,        2.4810793400
663.671448,        2.4515798092
664.013428,        2.4361956120
664.355347,        2.4388363361
664.697205,        2.5021767616
665.039001,        2.4889397621
665.380676,        2.5069069862
665.722412,        2.4291391373
666.064148,        2.4172825813
666.405701,        2.3698496819
666.747253,        2.3236713409
667.088806,        2.3281061649
667.430298,        2.2967987061
667.771790,        2.2518136501
668.113159,        2.2201900482
668.454529,        2.2439897060
668.795837,        2.2486498356
669.137085,        2.2298629284
669.478394,        2.2032916546
669.819519,        2.2280628681
670.160645,        2.2197325230
670.501709,        2.1738657951
670.842773,        2.1487121582
671.183777,        2.1747624874
671.524719,        2.1459345818
671.865662,        2.0558001995
672.206482,        2.0398883820
672.547302,        2.0036456585
672.888123,        2.0019893646
673.228821,        2.0198063850
673.569458,        2.0266096592
673.910095,        2.0183241367
674.250732,        2.0264017582
674.591370,        2.0490672588
674.931824,        2.0285673141
675.272217,        1.9994511604
675.612732,        1.9571264982
675.953003,        1.9481800795
676.293396,        1.9201759100
676.633667,        1.9219127893
676.973877,        1.8891665936
677.314148,        1.8735789061
677.654236,        1.8765274286
677.994385,        1.8797678947
678.334412,        1.8386347294
678.674438,        1.8663476706
679.014404,        1.8619948626
679.354309,        1.8841542006
679.694214,        1.8814984560
680.034058,        1.8680233955
680.373840,        1.8404026031
680.713623,        1.8517080545
681.053223,        1.8838355541
681.392944,        2.0079755783
681.732544,        2.4696969986
682.072083,        3.7727708817
682.411621,        3.8173952103
682.751038,        3.8509130478
683.090515,        3.8571465015
683.429871,        3.8685221672
683.769226,        3.9175097942
684.108582,        3.9726667404
684.447754,        3.9845030308
684.786987,        4.0131335258
685.126160,        4.0330114365
685.465210,        4.0672106743
685.804382,        4.1085910797
686.143311,        4.1499004364
686.482361,        4.1736164093
686.821289,        4.2583084106
687.160156,        4.2676477432
687.499023,        4.3282918930
687.837769,        4.4821047783
688.176514,        4.5224123001
688.515259,        4.4695353508
688.853882,        4.1123495102
689.192566,        2.8767802715
689.531067,        2.9259676933
689.869629,        3.0432212353
690.208130,        3.1325550079
690.546570,        3.2465379238
690.885010,        3.2842006683
691.223267,        3.3601210117
691.561584,        3.4775223732
691.899841,        3.6509335041
692.238037,        3.7762322426
692.576294,        3.9033095837
692.914307,        4.0536632538
693.252380,        4.1789178848
693.590454,        4.2881407738
693.928406,        4.3783316612
694.266357,        4.5444941521
694.604187,        4.6736259460
694.942078,        4.7096233368
695.279907,        4.8353586197
695.617615,        5.0279746056
695.955444,        5.1146006584
696.292969,        5.3264079094
696.630676,        5.4879031181
696.968201,        5.6155610085
697.305725,        5.8953285217
697.643250,        6.0620026588
697.980652,        6.2677636147
698.318054,        6.4392895699
698.655396,        6.6337151527
698.992676,        6.7418498993
699.330017,        6.9573841095
699.667175,        7.1011161804
700.004395,        7.2876439095
700.341492,        7.4540109634
700.678528,        7.6897025108
701.015564,        7.9115791321
701.352478,        8.0741968155
701.689514,        8.2993764877
702.026428,        8.5544185638
702.363220,        8.8029975891
702.700073,        8.9417905807
703.036804,        9.2290430069
703.373474,        9.4472684860
703.710144,        9.7410964966
704.046814,        9.9287185669
704.383362,       10.0082921982
704.719910,       10.2860927582
705.056335,       10.4872026443
705.392761,       10.7464885712
705.729187,       10.9318943024
706.065552,       11.1626596451
706.401855,       11.3511152267
706.738098,       11.6668634415
707.074280,       11.8630409241
707.410461,       12.1153306961
707.746643,       12.3670282364
708.082642,       12.6038656235
708.418701,       12.9029054642
708.754639,       13.1333322525
709.090576,       13.3103799820
709.426514,       13.5346975327
709.762329,       13.8357791901
710.098083,       14.0408735275
710.433838,       14.2466382980
710.769592,       14.4598026276
711.105286,       14.7064285278
711.440796,       14.9401922226
711.776367,       15.1485147476
712.112000,       15.3533906937
712.447388,       15.5432586670
712.782837,       15.9069910049
713.118225,       16.1545085907
713.453552,       16.3893566132
713.788818,       16.5513305664
714.124023,       16.8229064941
714.459290,       17.0790309906
714.794434,       17.2343139648
715.129517,       17.4929103851
715.464661,       17.6726436615
715.799622,       17.8918056488
716.134583,       18.1414279938
716.469482,       18.4319953918
716.804321,       18.6589031219
717.139221,       18.9006175995
717.473938,       19.1389923096
717.808777,       19.3354415894
718.143433,       19.5730514526
718.478088,       19.8686695099
718.812683,       20.0700244904
719.147217,       20.3624496460
719.481750,       20.5794105530
719.816223,       20.7460479736
720.150574,       21.0967369080
720.485046,       21.3628540039
720.819214,       21.6445388794
721.153564,       21.9017410278
721.487854,       22.1544189453
721.821960,       22.4467716217
722.156189,       22.8947887421
722.490234,       23.2015571594
722.824341,       23.4732589722
723.158264,       23.8274726868
723.492249,       24.0691070557
723.826172,       24.3032646179
724.159973,       24.6223964691
724.493835,       24.8702354431
724.827576,       25.1377544403
725.161316,       25.4691867828
725.494995,       25.7501392365
725.828613,       26.0320072174
726.162231,       26.2836456299
726.495728,       26.6444511414
726.829163,       26.8841228485
727.162720,       27.0675239563
727.496033,       27.3161029816
727.829468,       27.5862865448
728.162720,       27.7957057953
728.496033,       28.0157985687
728.829224,       28.2653808594
729.162354,       28.2913570404
729.495483,       28.4859008789
729.828552,       28.7163677216
730.161560,       28.8797645569
730.494629,       29.0769672394
730.827454,       29.3030910492
731.160400,       29.5120124817
731.493225,       29.8374080658
731.825989,       30.0725555420
732.158813,       30.2772426605
732.491455,       30.4798240662
732.824158,       30.7178058624
733.156799,       30.9913940430
733.489319,       31.1448955536
733.821899,       31.3563709259
734.154236,       31.5273933411
734.486755,       31.7158260345
734.819092,       31.9242744446
735.151428,       32.0752601624
735.483765,       32.3055801392
735.815857,       32.4900131226
736.148132,       32.6712646484
736.480286,       32.9205360413
736.812378,       33.1026268005
737.144470,       33.2494926453
737.476379,       33.4470291138
737.808411,       33.6559486389
738.140259,       33.8746948242
738.472168,       33.9869117737
738.804016,       34.1164779663
739.135742,       34.2280731201
739.467468,       34.4262199402
739.799133,       34.6225204468
740.130798,       34.6987037659
740.462402,       34.9458580017
740.793884,       35.2564010620
741.125366,       35.4171714783
741.456848,       35.5752067566
741.788208,       35.7532386780
742.119568,       35.9313926697
742.450928,       36.0771255493
742.782166,       36.1975517273
743.113281,       36.3997268677
743.444458,       36.5099906921
743.775635,       36.6375198364
744.106689,       36.7648658752
744.437683,       36.8663101196
744.768677,       37.0264663696
745.099609,       37.0548553467
745.430481,       37.2097663879
745.761353,       37.4162216187
746.092102,       37.5598220825
746.422852,       37.6533699036
746.753479,       37.7431640625
747.084229,       37.8798561096
747.414795,       37.8867225647
747.745300,       37.9363136292
748.075806,       38.0425186157
748.406311,       38.1002426147
748.736694,       38.1284790039
749.067078,       38.2179145813
749.397400,       38.3456115723
749.727722,       38.4500732422
750.057861,       38.5253829956
750.388062,       38.6249580383
750.718201,       38.7203140259
751.048279,       38.8468399048
751.378357,       38.9313888550
751.708252,       38.9941558838
752.038208,       39.1642150879
752.368164,       39.1921463013
752.697937,       39.1810951233
753.027832,       39.2350425720
753.357483,       39.3298034668
753.687256,       39.3939895630
754.016907,       39.5426712036
754.346497,       39.6480445862
754.676147,       39.5607795715
755.005493,       39.5458755493
755.335083,       39.6394119263
755.664490,       39.6759567261
755.993835,       39.7169532776
756.323181,       39.6815109253
756.652405,       39.6670455933
756.981689,       39.6185951233
757.310852,       39.6790161133
757.640015,       39.7304763794
757.969177,       39.6792564392
758.298096,       39.6904907227
758.627197,       39.6660118103
758.956116,       39.5307044983
759.284973,       39.4551696777
759.613892,       39.4551811218
759.942627,       39.4201354980
760.271423,       39.3657760620
760.600159,       39.3057174683
760.928772,       39.2836761475
761.257446,       39.2057342529
761.585999,       39.2058525085
761.914490,       39.3075637817
762.242981,       39.3068656921
762.571350,       39.3045959473
762.899841,       39.2709083557
763.228088,       39.3015098572
763.556396,       39.3566017151
763.884644,       39.3504028320
764.212830,       39.2984275818
764.541016,       39.2918395996
764.869080,       39.3416481018
765.197144,       39.3680000305
765.525146,       39.3418769836
765.853088,       39.4438209534
766.181030,       39.5514831543
766.508789,       39.5276756287
766.836670,       39.5842742920
767.164429,       39.6517028809
767.492126,       39.6446189880
767.819824,       39.5447654724
768.147400,       39.6732063293
768.475037,       39.6848602295
768.802490,       39.7547683716
769.130005,       39.7778434753
769.457458,       39.8192558289
769.784790,       39.9446907043
770.112183,       39.9581642151
770.439453,       39.9333572388
770.766663,       40.0255813599
771.093872,       40.0533180237
771.420959,       40.0454292297
771.748108,       39.9820175171
772.075195,       40.0055923462
772.402161,       40.0192871094
772.729126,       39.9802398682
773.055969,       39.9373245239
773.382874,       39.9940528870
773.709717,       39.9533691406
774.036438,       39.8237686157
774.363159,       39.8848533630
774.689758,       39.9536094666
775.016479,       39.8491325378
775.343018,       39.9013442993
775.669495,       39.7685089111
775.996033,       39.7232360840
776.322449,       39.7256011963
776.648865,       39.6524620056
776.975098,       39.6723937988
777.301453,       39.7580337524
777.627686,       39.7714385986
777.953857,       39.8688888550
778.280029,       39.8769454956
778.606079,       40.0425987244
778.932068,       39.9740180969
779.258179,       39.9928245544
779.584045,       39.9776802063
779.909973,       39.9691772461
780.235840,       39.9656219482
780.561646,       40.0652389526
780.887390,       40.0682373047
781.213135,       40.0462303162
781.538757,       39.9636726379
781.864380,       39.9269790649
782.189880,       40.0015525818
782.515442,       39.9741706848
782.840942,       40.0495300293
783.166321,       40.0598373413
783.491699,       40.0466003418
783.817017,       39.9833793640
784.142395,       39.9307670593
784.467529,       39.8479461670
784.792725,       39.7447204590
785.117859,       39.6889343262
785.442932,       39.5896415710
785.768005,       39.6416702271
786.092957,       39.5705490112
786.417908,       39.5873298645
786.742798,       39.5849990845
787.067566,       39.5721282959
787.392456,       39.4937973022
787.717163,       39.6021842957
788.041870,       39.6322059631
788.366577,       39.6475524902
788.691101,       39.6355438232
789.015686,       39.6796646118
789.340149,       39.7693176270
789.664673,       39.7994842529
789.989075,       39.7623367310
790.313354,       39.9969596863
790.637756,       40.0762367249
790.962036,       40.0532035828
791.286194,       40.0840797424
791.610413,       40.0948219299
791.934448,       40.1604118347
792.258606,       40.2062225342
792.582581,       40.2857780457
792.906555,       40.3523101807
793.230530,       40.3241081238
793.554321,       40.3514595032
793.878174,       40.3454093933
794.201965,       40.3071861267
794.525696,       40.2664108276
794.849426,       40.2341918945
795.172974,       40.3147583008
795.496643,       40.4357757568
795.820129,       40.3965873718
796.143616,       40.4014778137
796.467102,       40.3558273315
796.790405,       40.3768196106
797.113831,       40.1703224182
797.437134,       40.1528549194
797.760315,       40.2291221619
798.083618,       40.2222938538
798.406677,       40.2774162292
798.729797,       40.3652534485
799.052856,       40.3516159058
799.375854,       40.2298583984
799.698853,       40.2652664185
800.021729,       40.3365173340
800.344604,       40.3205833435
800.667358,       40.4177474976
800.990112,       40.5288887024
801.312866,       40.5533447266
801.635498,       40.5612373352
801.958191,       40.5418891907
802.280701,       40.4936637878
802.603210,       40.4457015991
802.925781,       40.4031410217
803.248108,       40.4066581726
803.570496,       40.3805656433
803.892822,       40.4519042969
804.215088,       40.4915313721
804.537354,       40.4259872437
804.859436,       40.4100570679
805.181641,       40.2134666443
805.503723,       40.1043548584
805.825745,       40.1114845276
806.147766,       40.2066001892
806.469604,       40.1916122437
806.791504,       40.2455329895
807.113342,       40.2979393005
807.435181,       40.2317771912
807.756897,       40.2311172485
808.078552,       40.2086181641
808.400208,       40.3009300232
808.721802,       40.3339805603
809.043335,       40.3461303711
809.364929,       40.3644599915
809.686279,       40.3475151062
810.007751,       40.3111038208
810.329041,       40.2669792175
810.650330,       40.2693405151
810.971619,       40.2326698303
811.292786,       40.2638015747
811.613953,       40.2394714355
811.935059,       40.3003692627
812.256104,       40.2752838135
812.577148,       40.2470664978
812.898071,       40.2274971008
813.218994,       40.2109909058
813.539795,       40.0989341736
813.860596,       40.1153297424
814.181396,       40.0935211182
814.502136,       40.0115356445
814.822754,       40.0419807434
815.143372,       39.9129180908
815.463928,       39.8718605042
815.784485,       39.8842201233
816.104919,       39.8183784485
816.425354,       39.8508529663
816.745728,       39.8497200012
817.065979,       39.8688468933
817.386353,       39.8204078674
817.706421,       39.8166313171
818.026733,       39.8316192627
818.346863,       39.8970108032
818.666809,       40.0034294128
818.986938,       40.0544929504
819.306824,       39.9985923767
819.626770,       39.9340744019
819.946716,       39.9428367615
820.266479,       39.9840583801
820.586304,       39.9081420898
820.905945,       39.9228019714
821.225647,       39.8870468140
821.545349,       39.9408149719
821.864868,       39.9895591736
822.184448,       40.1712722778
822.503845,       40.2242851257
822.823364,       40.2199935913
823.142761,       40.2483673096
823.462036,       40.2948341370
823.781372,       40.2938728333
824.100525,       40.2865219116
824.419800,       40.2070388794
824.738953,       40.1612701416
825.057922,       40.1589317322
825.377014,       40.0896949768
825.695984,       40.1325683594
826.014954,       40.2115631104
826.333862,       40.1915740967
826.652649,       40.2238082886
826.971497,       40.2561912537
827.290100,       40.4200439453
827.608887,       40.4219131470
827.927612,       40.5243759155
828.246094,       40.4507904053
828.564697,       40.4096946716
828.883118,       40.2404823303
829.201599,       40.1533203125
829.520020,       40.1850471497
829.838318,       40.1367187500
830.156616,       40.0839958191
830.474854,       40.1077651978
830.793091,       40.1552200317
831.111267,       40.1678276062
831.429260,       40.1620635986
831.747437,       40.1514244080
832.065308,       40.1788978577
832.383362,       40.2265930176
832.701233,       40.2831153870
833.019043,       40.3396644592
833.336914,       40.3267364502
833.654663,       40.3306503296
833.972351,       40.1807441711
834.289978,       40.2576522827
834.607483,       40.3540649414
834.925171,       40.3913002014
835.242676,       40.3987617493
835.560059,       40.4178962708
835.877502,       40.4342498779
836.194763,       40.3909797668
836.512146,       40.3686714172
836.829468,       40.4502143860
837.146545,       40.5172195435
837.463745,       40.4182243347
837.780823,       40.4985847473
838.097900,       40.5852699280
838.414917,       40.6267089844
838.731873,       40.5668869019
839.048828,       40.4959030151
839.365540,       40.4271545410
839.682434,       40.3929786682
839.999207,       40.4151878357
840.315857,       40.3713111877
840.632568,       40.3862762451
840.949097,       40.3376884460
841.265747,       40.1624832153
841.582275,       40.2187690735
841.898682,       40.2823257446
842.215088,       40.2976684570
842.531433,       40.3202438354
842.847778,       40.3511009216
843.164063,       40.4329109192
843.480164,       40.3916854858
843.796387,       40.3668594360
844.112427,       40.4089736938
844.428528,       40.4314117432
844.744568,       40.4166564941
845.060486,       40.5005531311
845.376404,       40.5433158875
845.692200,       40.4983978271
846.008057,       40.5100212097
846.323853,       40.5983810425
846.639465,       40.5618515015
846.955139,       40.5691909790
847.270691,       40.5709037781
847.586304,       40.6038551331
847.901855,       40.6399993896
848.217224,       40.5488128662
848.532715,       40.5733451843
848.847961,       40.7360305786
849.163330,       40.7064399719
849.478638,       40.7212257385
849.793823,       40.7138595581
850.108948,       40.6779365540
850.424011,       40.7406196594
850.739136,       40.7789688110
851.054199,       40.7624664307
851.369019,       40.7331008911
851.684021,       40.6100883484
851.998779,       40.6195793152
852.313660,       40.6569290161
852.628418,       40.6695899963
852.943054,       40.6931495667
853.257751,       40.7210617065
853.572327,       40.7326736450
853.886841,       40.7029075623
854.201477,       40.7281799316
854.515808,       40.8441505432
854.830261,       40.8797187805
855.144592,       40.8323669434
855.458862,       40.6563110352
855.773193,       40.6800308228
856.087280,       40.6759185791
856.401489,       40.6135101318
856.715515,       40.7909011841
857.029602,       40.7952728271
857.343628,       40.7526588440
857.657532,       40.7486152649
857.971497,       40.7181739807
858.285278,       40.7701072693
858.599121,       40.8143501282
858.912903,       40.7408370972
859.226501,       40.7479133606
859.540222,       40.6583862305
859.853699,       40.6848449707
860.167297,       40.6714096069
860.480896,       40.8095283508
860.794250,       40.8068847656
861.107666,       40.7384643555
861.420959,       40.7430496216
861.734314,       40.7928733826
862.047546,       40.7324600220
862.360657,       40.7927703857
862.673889,       40.8569068909
862.986938,       40.9071235657
863.299988,       40.7856025696
863.613037,       40.8409881592
863.925903,       40.9332847595
864.238831,       41.0661773682
864.551575,       41.0352745056
864.864380,       40.9801139832
865.177185,       40.9838218689
865.489807,       41.0596199036
865.802490,       41.0322952271
866.114990,       41.0878410339
866.427612,       41.2070350647
866.740112,       41.1802368164
867.052429,       41.0849494934
867.364868,       41.0666999817
867.677124,       41.0540962219
867.989502,       41.1660270691
868.301758,       41.1888961792
868.613831,       41.3085861206
868.926025,       41.2252502441
869.238159,       41.1457824707
869.550049,       41.1562080383
869.862122,       41.2199630737
870.173950,       41.1258506775
870.485901,       41.0212173462
870.797791,       40.8115043640
871.109497,       40.9471778870
871.421204,       40.9524917603
871.732849,       40.9630241394
872.044495,       40.9808769226
872.356079,       40.9699783325
872.667542,       41.0036621094
872.979065,       40.8050880432
873.290344,       40.8781852722
873.601807,       40.8612098694
873.913147,       41.0109252930
874.224304,       41.0339012146
874.535645,       40.9186630249
874.846741,       40.9272842407
875.157837,       40.9062309265
875.468994,       41.0381393433
875.779907,       41.0836448669
876.090881,       41.0844039917
876.401733,       40.9934730530
876.712646,       40.9738349915
877.023499,       41.0270614624
877.334167,       41.0960807800
877.644897,       41.0711402893
877.955505,       41.1033630371
878.266113,       41.0698471069
878.576721,       41.0580368042
878.887146,       41.1382751465
879.197571,       41.0524482727
879.507996,       41.2268600464
879.818298,       41.2192344666
880.128662,       41.3919372559
880.438843,       41.2256584167
880.749084,       41.3015556335
881.059143,       41.7165031433
881.369263,       41.6146888733
881.679382,       41.5242538452
881.989258,       41.4360694885
882.299194,       41.4245262146
882.609070,       41.4797554016
882.918945,       41.5157394409
883.228760,       41.4949760437
883.538452,       41.5091400146
883.848145,       41.6126098633
884.157654,       41.6197700500
884.467285,       41.6639518738
884.776917,       41.6900138855
885.086243,       41.7483520508
885.395813,       41.7339515686
885.705017,       41.7159767151
886.014404,       41.6232185364
886.323730,       41.5454559326
886.632874,       41.4647102356
886.942078,       41.5356864929
887.251160,       41.4921722412
887.560242,       40.9798965454
887.869263,       41.0488624573
888.178162,       40.9891281128
888.487122,       40.9714889526
888.795898,       40.9750061035
889.104797,       40.9695701599
889.413513,       40.9556922913
889.722168,       41.0333251953
890.030884,       41.0693359375
890.339417,       40.9940299988
890.648010,       40.9562721252
890.956543,       40.9057502747
891.264893,       40.8497962952
891.573364,       40.8434104919
891.881653,       40.8345031738
892.189941,       40.9440231323
892.498230,       41.0458412170
892.806335,       41.1175804138
893.114502,       41.1531677246
893.422546,       41.1128311157
893.730652,       41.1249504089
894.038696,       41.3430366516
894.346497,       41.3282051086
894.654419,       41.4953536987
894.962158,       41.5111160278
895.270020,       41.5060310364
895.577759,       41.4580001831
895.885376,       41.5799636841
896.192993,       41.5081634521
896.500549,       41.4027976990
896.808044,       41.3686141968
897.115601,       41.3943099976
897.422913,       41.5030021667
897.730347,       41.5721626282
898.037598,       41.6601257324
898.344910,       41.6718482971
898.652161,       41.6207656860
898.959167,       41.5890998840
899.266418,       41.6387748718
899.573364,       41.6311302185
899.880371,       41.5394439697
900.187378,       41.4775314331
900.494202,       41.4053726196
900.801086,       41.4061355591
901.107788,       41.3950004578
901.414612,       41.3584747314
901.721375,       41.3458480835
902.027832,       41.3371315002
902.334534,       41.1968841553
902.641113,       41.2163200378
902.947510,       41.2906951904
903.253967,       41.2870635986
903.560242,       41.2603683472
903.866638,       41.1842575073
904.172974,       41.1678237915
904.479126,       41.0539169312
904.785278,       40.9929542542
905.091370,       40.9329109192
905.397461,       40.8933296204
905.703552,       40.8051567078
906.009399,       40.6941452026
906.315369,       40.8763313293
906.621155,       40.8090934753
906.927002,       40.7463951111
907.232788,       40.7049903870
907.538452,       40.6679878235
907.844116,       40.7047080994
908.149658,       40.6950416565
908.455200,       40.7152252197
908.760803,       40.8283195496
909.066162,       40.8415718079
909.371582,       40.8181686401
909.676880,       40.8460235596
909.982178,       40.8918418884
910.287476,       40.8898925781
910.592529,       40.8173217773
910.897705,       40.9103622437
911.202759,       40.9845542908
911.507813,       41.1011619568
911.812805,       41.0915794373
912.117676,       41.1403427124
912.422546,       41.2850723267
912.727356,       41.2661552429
913.032104,       41.3092536926
913.336853,       41.3468017578
913.641479,       41.3472518921
913.946106,       41.2424278259
914.250610,       41.3166961670
914.555115,       41.4400863647
914.859619,       41.4866523743
915.163940,       41.4426460266
915.468323,       41.4765052795
915.772583,       41.5416259766
916.076843,       41.5139541626
916.381104,       41.4488716125
916.685120,       41.4460449219
916.989258,       41.6172714233
917.293213,       41.5621376038
917.597290,       41.8318786621
917.901184,       42.1223983765
918.205017,       42.1317901611
918.508850,       42.1437759399
918.812561,       42.1765251160
919.116333,       42.1502990723
919.420044,       42.1727409363
919.723572,       42.1720390320
920.027222,       42.2553482056
920.330627,       42.2819061279
920.634094,       42.2702980042
920.937561,       42.1996002197
921.240784,       42.2803115845
921.544189,       42.2572364807
921.847351,       42.3609123230
922.150574,       42.4208145142
922.453735,       42.5477485657
922.756775,       42.5659332275
923.059875,       42.5213012695
923.362793,       42.4200248718
923.665771,       42.5895080566
923.968689,       42.2991027832
924.271362,       41.9186706543
924.574219,       41.9461936951
924.876892,       41.8515701294
925.179565,       41.7461738586
925.482239,       41.6133956909
925.784729,       41.7659301758
926.087280,       41.7477951050
926.389648,       41.7138023376
926.692078,       41.6809349060
926.994507,       41.6639404297
927.296692,       41.6094284058
927.599060,       41.5397300720
927.901123,       41.4558753967
928.203308,       41.2714653015
928.505432,       41.0903282166
928.807434,       40.9421653748
929.109436,       40.9490928650
929.411316,       40.9453582764
929.713196,       40.9800300598
930.015015,       40.6567611694
930.316711,       40.6671180725
930.618530,       40.7019271851
930.920105,       40.6089439392
931.221802,       40.8037948608
931.523315,       40.7798309326
931.824829,       40.8659706116
932.126282,       40.8112335205
932.427612,       40.7397193909
932.729004,       40.7761650085
933.030334,       40.8546791077
933.331482,       40.8365325928
933.632751,       40.8919677734
933.933777,       40.8693084717
934.234924,       40.9500312805
934.536011,       41.0517539978
934.836914,       41.1646270752
935.137878,       41.1913375854
935.438660,       41.1710281372
935.739502,       41.3009185791
936.040344,       41.2391357422
936.340942,       41.3437690735
936.641663,       41.3203315735
936.942383,       41.3236083984
937.242798,       41.5248031616
937.543335,       41.3344192505
937.843750,       41.3552246094
938.144165,       41.3166885376
938.444580,       41.3184165955
938.744751,       41.4491996765
939.045044,       41.4834289551
939.345154,       41.7356033325
939.645325,       41.7333335876
939.945435,       41.9378356934
940.245361,       41.9812927246
940.545410,       42.0633773804
940.845215,       42.1538505554
941.145142,       42.1951370239
941.445007,       42.3406867981
941.744629,       42.4164962769
942.044434,       42.2848358154
942.343994,       42.2546501160
942.643677,       42.2173957825
942.943237,       42.3666954041
943.242676,       42.5043716431
943.542114,       42.6481590271
943.841431,       42.6214599609
944.140808,       42.5207481384
944.440125,       42.6870307922
944.739258,       42.8464126587
945.038513,       42.8034858704
945.337524,       42.8983650208
945.636597,       42.7079963684
945.935669,       42.7589530945
946.234558,       42.5622940063
946.533508,       42.4498634338
946.832275,       42.7140426636
947.131165,       42.5827789307
947.429932,       42.5117568970
947.728516,       42.4145889282
948.027222,       42.4650421143
948.325745,       42.6243858337
948.624329,       43.0592422485
948.922852,       43.1611442566
949.221191,       43.1878700256
949.519592,       43.2905921936
949.817810,       43.1674880981
950.116150,       43.5300559998
950.414368,       43.6223945618
950.712463,       43.5682792664
951.010620,       43.2703399658
951.308594,       43.3049278259
951.606628,       43.2204170227
951.904602,       43.3838195801
952.202454,       43.7800750732
952.500305,       44.5216255188
952.798035,       44.7621612549
953.095825,       44.3798408508
953.393494,       44.4280891418
953.691040,       44.6447296143
953.988647,       44.7713813782
954.286133,       44.8622627258
954.583618,       44.8021011353
954.881042,       44.3759002686
955.178345,       44.4565086365
955.475647,       44.6548156738
955.772827,       44.7028388977
956.070068,       44.6782188416
956.367310,       44.5628700256
956.664307,       44.6743621826
956.961365,       44.8210792542
957.258240,       44.9798660278
957.555176,       45.6406402588
957.852112,       45.6712646484
958.148865,       45.5720100403
958.445679,       45.3118858337
958.742310,       44.5226058960
959.039001,       44.5186004639
959.335632,       44.6249809265
959.632141,       44.8249969482
959.928650,       44.8059463501
960.224976,       44.9591751099
960.521484,       45.1923446655
960.817871,       45.2465782166
961.114014,       45.3194427490
961.410339,       45.2433891296
961.706421,       45.0017967224
962.002563,       44.7475891113
962.298645,       44.8029174805
962.594604,       44.7598991394
962.890564,       44.9004859924
963.186401,       46.9635009766
963.482300,       47.1270141602
963.778137,       46.5744209290
964.073792,       46.5626373291
964.369568,       46.6104850769
964.665100,       46.4659156799
964.960693,       46.6345520020
965.256287,       46.8668136597
965.551697,       46.9356307983
965.847168,       46.7177696228
966.142395,       46.6977043152
966.437744,       46.7601127625
966.733032,       46.5080604553
967.028198,       46.6015167236
967.323364,       46.7443275452
967.618408,       46.7500495911
967.913513,       47.0463142395
968.208496,       47.3633308411
968.503357,       47.3441467285
968.798279,       47.5066108704
969.093018,       47.4790763855
969.387817,       45.0291023254
969.682556,       45.0234565735
969.977173,       45.1482963562
970.271790,       45.6433067322
970.566406,       45.9553756714
970.860779,       46.0706520081
971.155334,       46.0536041260
971.449646,       45.6479454041
971.743958,       45.7800102234
972.038330,       45.8950729370
972.332458,       46.1134414673
972.626648,       45.9511070251
972.920715,       45.9480400085
973.214844,       45.9539260864
973.508911,       46.2096824646
973.802734,       46.6122894287
974.096741,       46.6601028442
974.390442,       46.6906433105
974.684265,       46.7523651123
974.978088,       46.8195495605
975.271667,       46.8910827637
975.565369,       46.9225692749
975.858826,       47.0733032227
976.152405,       47.0711174011
976.445923,       46.6860351563
976.739258,       46.3678131104
977.032654,       46.3637351990
977.325867,       46.5229568481
977.619202,       47.0100517273
977.912415,       47.4418106079
978.205505,       47.6873016357
978.498596,       47.5628356934
978.791504,       47.7345962524
979.084534,       48.0325279236
979.377563,       48.0284271240
979.670288,       48.0714988708
979.963196,       47.6975822449
980.255859,       47.8141288757
980.548584,       47.7278251648
980.841309,       47.8566703796
981.133850,       47.9750976563
981.426392,       48.4144668579
981.718811,       48.5265045166
982.011292,       48.2795143127
982.303650,       48.3354721069
982.595886,       48.5126495361
982.888245,       48.8850440979
983.180359,       49.1051368713
983.472595,       48.8156700134
983.764709,       48.4761390686
984.056641,       48.1207809448
984.348755,       48.0417823792
984.640625,       48.3307037354
984.932495,       48.4350547791
985.224365,       48.2291603088
985.516052,       48.5922470093
985.807861,       48.6239051819
986.099426,       49.6354103088
986.391052,       49.2124824524
986.682678,       49.3220520020
986.974121,       49.3385505676
987.265625,       49.1628761292
987.556885,       48.7970809937
987.848328,       48.4570312500
988.139648,       48.6141204834
988.430786,       48.3859367371
988.721985,       48.3811416626
989.013000,       48.2913818359
989.304138,       48.9083786011
989.595215,       49.2091140747
989.886047,       49.4218559265
990.177002,       49.5180015564
990.467834,       49.6725234985
990.758606,       49.5019454956
991.049377,       49.5669860840
991.339966,       50.2174072266
991.630676,       50.2244186401
991.921143,       49.9168739319
992.211670,       50.0703353882
992.502197,       50.3775672913
992.792542,       50.3635292053
993.082886,       49.9952774048
993.373169,       50.2846488953
993.663452,       50.3673553467
993.953613,       50.9817771912
994.243713,       50.8144378662
994.533813,       51.0276336670
994.823792,       51.2471847534
995.113770,       51.2613754272
995.403687,       50.8084945679
995.693481,       50.9031105042
995.983337,       50.7530136108
996.273010,       50.7728652954
996.562744,       50.4653587341
996.852417,       51.0932693481
997.141907,       51.0951385498
997.431458,       50.7339057922
997.720886,       50.9330520630
998.010315,       51.1866912842
998.299744,       50.0000076294
998.588928,       49.7421607971
998.878296,       49.8881263733
999.167419,       50.2728042603
999.456543,       51.1040382385
999.745667,       50.8463363647
1000.034607,       50.6787910461
1000.323669,       51.0047607422
1000.612488,       51.8329544067
1000.901367,       51.8442497253
1001.190247,       51.7606010437
1001.478882,       51.5366744995
1001.767639,       52.5475425720
1002.056335,       52.4612426758
1002.344849,       52.8910140991
1002.633423,       53.3447685242
1002.921814,       52.4159088135
1003.210266,       52.1711769104
1003.498657,       51.8570137024
1003.786926,       51.8893432617
1004.075256,       52.5566444397
1004.363342,       52.9391784668
1004.651489,       52.8930435181
1004.939697,       53.1642913818
1005.227600,       53.9951438904
1005.515686,       53.5726890564
1005.803467,       54.3891372681
1006.091370,       54.4529266357
1006.379272,       55.0867958069
1006.666870,       54.5853118896
1006.954712,       54.4479675293
1007.242188,       54.9839553833
1007.529907,       55.4391860962
1007.817444,       54.3866462708
1008.104858,       55.8944511414
1008.392334,       55.4884567261
1008.679565,       56.1916007996
1008.966980,       56.7881164551
1009.254272,       57.1599769592
1009.541382,       57.3716926575
1009.828613,       57.1121940613
1010.115601,       56.6874160767
1010.402649,       56.9164161682
1010.689697,       57.2818145752
1010.976563,       57.4210510254
1011.263489,       57.7872619629
1011.550171,       57.8840141296
1011.837036,       57.5921478271
1012.123657,       57.9141921997
1012.410278,       58.1557579041
1012.696899,       58.7597351074
1012.983337,       59.4001312256
1013.269897,       59.2572517395
1013.556396,       59.7085227966
1013.842651,       60.7886848450
1014.129028,       59.7918014526
1014.415161,       60.3523025513
1014.701477,       60.1384353638
1014.987671,       60.9628028870
1015.273560,       61.1931686401
1015.559692,       62.1346473694
1015.845581,       62.7766265869
1016.131592,       63.7855186462
1016.417542,       64.1804504395
1016.703247,       64.3379516602
1016.989014,       64.3212661743
1017.274658,       64.1928176880
1017.560303,       64.6239547729
1017.845947,       64.7702178955
1018.131409,       65.0533447266
1018.416870,       64.9451828003
1018.702271,       64.9046325684
1018.987671,       65.0628662109
1019.272949,       66.4997558594
1019.558228,       66.3421478271
1019.843445,       65.8971710205
1020.128540,       65.8815231323
1020.413574,       65.8129119873
1020.698608,       65.9412384033
1020.983521,       65.7340011597
1021.268555,       66.7792129517
1021.553284,       67.8902587891
1021.838135,       68.3916473389
1022.122925,       67.7548751831
1022.407593,       62.2033882141
1022.692261,       62.9090919495
1022.976807,       54.1666679382
1023.261292,       60.3225822449
1023.545837,       66.8195800781
1023.830200,       68.3385620117
1024.114624,       76.9372711182
1024.398804,       84.8814163208
1024.683105,       74.6268615723
1024.967285,       57.5539512634
