340.270844,        0.0000000000
340.648560,        0.0000000000
341.026306,      312.7272644043
341.403961,      434.2103576660
341.781616,      709.9987792969
342.159210,      447.2219848633
342.536743,      -30.5882148743
342.914307,       91.0526428223
343.291779,       76.0683746338
343.669250,        0.0000000000
344.046661,       58.7807998657
344.424042,       57.4808464050
344.801422,       56.6968917847
345.178711,       63.2024459839
345.556000,       65.9124526978
345.933258,       72.5337829590
346.310486,       74.5311889648
346.687622,       75.5885009766
347.064758,       77.0818023682
347.441895,       76.4479980469
347.818939,       75.8384017944
348.195953,       76.2088928223
348.572937,       74.0167083740
348.949890,       75.4731750488
349.326843,       74.9320983887
349.703735,       74.3148574829
350.080597,       75.2990951538
350.457397,       75.2374114990
350.834198,       70.2650299072
351.210968,       68.8823928833
351.587646,       70.1635131836
351.964325,       70.1547241211
352.340942,       69.9061660767
352.717560,       71.9509887695
353.094147,       70.5515289307
353.470673,       70.0372009277
353.847168,       66.6737289429
354.223602,       66.8633499146
354.600037,       66.1489639282
354.976440,       64.2280044556
355.352783,       66.3495483398
355.729126,       67.7589111328
356.105408,       67.7458572388
356.481628,       68.0144195557
356.857849,       66.4071960449
357.234009,       65.4228363037
357.610168,       66.9641494751
357.986267,       64.6402282715
358.362366,       63.2331314087
358.738373,       61.2630615234
359.114349,       62.0773200989
359.490326,       60.0592498779
359.866241,       56.9293441772
360.242157,       56.4373741150
360.617981,       53.6733016968
360.993805,       52.7752227783
361.369568,       54.3863372803
361.745331,       56.1063766479
362.121033,       55.6132316589
362.496704,       56.6322631836
362.872314,       55.8242607117
363.247925,       54.9634513855
363.623505,       50.9540634155
363.999023,       46.7848320007
364.374542,       51.7265930176
364.750000,       51.0608253479
365.125397,       52.7538375854
365.500763,       51.0158958435
365.876160,       50.5038757324
366.251434,       49.6799697876
366.626740,       51.2301521301
367.001953,       51.9097976685
367.377136,       54.1893959045
367.752350,       54.8181457520
368.127472,       58.9816017151
368.502594,       58.4830169678
368.877625,       57.3906974792
369.252625,       55.6222381592
369.627625,       53.7616539001
370.002563,       55.3377761841
370.377502,       54.2688789368
370.752380,       53.0028114319
371.127228,       58.1965560913
371.502014,       58.6555252075
371.876770,       58.5661048889
372.251526,       57.7567977905
372.626221,       57.5192756653
373.000885,       55.0043754578
373.375488,       54.9934692383
373.750092,       56.0361633301
374.124664,       58.3647918701
374.499146,       60.8557395935
374.873627,       62.8823356628
375.248108,       59.9837913513
375.622467,       67.4264678955
375.996887,       67.3804626465
376.371185,       67.2261734009
376.745483,       67.9286727905
377.119751,       69.0887603760
377.493958,       70.5100097656
377.868195,       69.9568634033
378.242310,       70.9479598999
378.616394,       74.9304046631
378.990540,       71.8175506592
379.364563,       70.9538345337
379.738556,       71.8908309937
380.112518,       70.2612228394
380.486481,       71.5532150269
380.860352,       72.6942214966
381.234192,       72.9236831665
381.608063,       71.5657577515
381.981812,       70.1037979126
382.355591,       66.8718261719
382.729309,       64.7568359375
383.102966,       66.0826721191
383.476624,       59.1565246582
383.850220,       57.2301750183
384.223816,       56.9515304565
384.597321,       56.3785743713
384.970856,       57.7211036682
385.344299,       54.9146881104
385.717682,       53.1439590454
386.091125,       51.1656341553
386.464447,       45.1470870972
386.837769,       42.9414100647
387.211029,       46.8858642578
387.584290,       47.0198478699
387.957489,       46.4214897156
388.330627,       44.7089118958
388.703766,       44.4379234314
389.076874,       44.2638626099
389.449921,       48.1665000916
389.822937,       47.5276794434
390.195923,       47.9522743225
390.568878,       48.6481857300
390.941772,       47.5488700867
391.314636,       45.6966743469
391.687500,       43.1997451782
392.060272,       44.4326782227
392.433075,       44.6951103210
392.805756,       40.5061302185
393.178436,       39.9745178223
393.551117,       41.3618011475
393.923737,       43.1894226074
394.296326,       43.7540931702
394.668854,       43.4345245361
395.041321,       41.1399803162
395.413849,       42.3199272156
395.786255,       42.8188133240
396.158630,       43.1263427734
396.531006,       41.9733924866
396.903320,       39.8687973022
397.275604,       39.3911781311
397.647827,       39.0698623657
398.020050,       42.4568481445
398.392212,       41.7758178711
398.764343,       41.0378112793
399.136444,       41.5083541870
399.508514,       41.6221618652
399.880554,       40.1282081604
400.252533,       41.2937469482
400.624512,       43.1998748779
400.996399,       43.2421607971
401.368286,       42.6778564453
401.740112,       41.6757049561
402.111908,       39.2170219421
402.483673,       38.0761756897
402.855408,       37.7447052002
403.227081,       36.4262161255
403.598755,       34.6776580811
403.970367,       32.7862129211
404.341980,       33.1020164490
404.713501,       33.5157394409
405.085022,       31.6641483307
405.456482,       31.1820354462
405.827911,       27.6815414429
406.199310,       25.8724117279
406.570648,       26.2279357910
406.942017,       26.3101158142
407.313263,       26.5122985840
407.684509,       26.8127231598
408.055725,       25.0455017090
408.426880,       24.8876743317
408.798035,       26.9245147705
409.169128,       26.4969501495
409.540161,       28.2344512939
409.911224,       28.4958057404
410.282196,       28.6375637054
410.653137,       28.2977046967
411.024048,       27.3734416962
411.394897,       28.6374397278
411.765747,       29.3807334900
412.136536,       28.9924774170
412.507324,       31.2783603668
412.878052,       31.3154335022
413.248718,       35.1712150574
413.619385,       34.9957389832
413.989990,       35.1568908691
414.360565,       35.9082603455
414.731110,       34.7168846130
415.101563,       34.3978347778
415.472076,       33.8258819580
415.842468,       33.1436653137
416.212891,       33.7333526611
416.583221,       32.2699623108
416.953522,       32.5019798279
417.323792,       30.1521396637
417.694031,       32.5378494263
418.064240,       33.2600402832
418.434418,       34.2116279602
418.804535,       37.0983352661
419.174622,       36.6069755554
419.544678,       35.1329689026
419.914673,       35.4376754761
420.284668,       33.8964233398
420.654572,       32.5369682312
421.024475,       29.1306381226
421.394348,       30.4755268097
421.764191,       30.4179153442
422.133972,       30.1395854950
422.503693,       31.3504390717
422.873444,       30.9137573242
423.243134,       30.5798225403
423.612762,       30.3365879059
423.982330,       27.9182701111
424.351929,       27.1304016113
424.721436,       25.7441368103
425.090942,       25.1261291504
425.460358,       23.5031032562
425.829773,       23.0243072510
426.199158,       21.4922389984
426.568481,       18.6545467377
426.937775,       18.2392902374
427.307037,       19.8702526093
427.676239,       18.8882350922
428.045441,       18.2161731720
428.414581,       17.8753070831
428.783722,       19.2189064026
429.152802,       17.2477111816
429.521790,       20.2475318909
429.890839,       19.8355274200
430.259766,       17.7821083069
430.628693,       19.3709068298
430.997589,       18.7445125580
431.366425,       18.8807125092
431.735229,       18.8906459808
432.104004,       18.8287181854
432.472748,       20.3323478699
432.841431,       20.7166347504
433.210052,       20.8423461914
433.578705,       19.9935722351
433.947266,       20.2490940094
434.315826,       19.6394844055
434.684326,       19.8440170288
435.052765,       18.8384895325
435.421204,       22.2331752777
435.789612,       22.1187877655
436.157959,       23.1465873718
436.526276,       21.3812637329
436.894531,       20.8967990875
437.262756,       17.2094440460
437.630951,       16.4698753357
437.999146,       16.2411880493
438.367249,       14.6570129395
438.735321,       14.4822778702
439.103394,       13.7639551163
439.471405,       13.8112335205
439.839386,       40.1896553040
440.207306,       39.8252449036
440.575195,       39.5347938538
440.943054,       38.5389289856
441.310883,       38.1758041382
441.678680,       38.1353836060
442.046387,       37.8241882324
442.414093,       37.1307449341
442.781799,       36.7911682129
443.149414,       34.7207069397
443.516998,       34.2493972778
443.884552,       33.2576484680
444.252045,       32.9225311279
444.619537,       32.5325698853
444.987000,       33.0189208984
445.354401,       33.1853942871
445.721710,       33.6938896179
446.089081,       33.5770912170
446.456360,       33.5707550049
446.823608,       33.4493179321
447.190826,       33.5938644409
447.557953,        9.0803670883
447.925110,        8.3913335800
448.292175,        8.1266136169
448.659271,        8.6813735962
449.026276,        8.6253118515
449.393250,        8.2009601593
449.760193,        8.5113744736
450.127075,        8.0868101120
450.493958,        8.2034196854
450.860779,        7.4742584229
451.227570,        7.6724143028
451.594330,        8.3978624344
451.960999,        8.7516078949
452.327698,        8.8826580048
452.694336,        8.0130290985
453.060913,        7.3881516457
453.427490,        6.6601371765
453.793976,        6.4500436783
454.160492,        6.2348175049
454.526917,        6.4689011574
454.893311,        6.1331534386
455.259674,        5.7719712257
455.626007,        5.8978776932
455.992310,        6.4540891647
456.358551,        5.8597736359
456.724731,        6.4120965004
457.090912,        6.7734918594
457.457031,        6.6151561737
457.823151,        7.1162939072
458.189209,        6.8203816414
458.555206,        6.9860711098
458.921173,        6.7803359032
459.287109,        6.2580800056
459.653015,        6.6883468628
460.018890,        6.6255373955
460.384705,        6.8562855721
460.750519,        6.4636855125
461.116241,        6.3566422462
461.481964,        6.4119381905
461.847626,        6.7142210007
462.213226,        6.7706265450
462.578827,        7.0583605766
462.944427,        6.7330107689
463.309906,        6.4437398911
463.675385,        5.8372473717
464.040802,        5.8583965302
464.406219,        5.4272518158
464.771606,        4.8924946785
465.136902,        5.0665864944
465.502197,        4.6747045517
465.867462,        4.7279963493
466.232635,        4.4666929245
466.597839,        4.4305720329
466.962921,        4.5118646622
467.328003,        4.1261839867
467.693054,        4.1772341728
468.058075,        4.0660662651
468.423035,        4.8304033279
468.787994,        4.9722275734
469.152863,        5.0061340332
469.517700,        4.5250425339
469.882538,        4.1394348145
470.247314,        3.6367232800
470.612061,        4.7691364288
470.976746,        4.6719970703
471.341431,        5.0480480194
471.706024,        5.1895055771
472.070618,        5.4636149406
472.435181,        5.3313426971
472.799622,        5.1560630798
473.164124,        5.4652433395
473.528534,        5.3014378548
473.892975,        5.3901119232
474.257294,        5.4589715004
474.621582,        5.1555576324
474.985870,        5.1795582771
475.350098,        5.4320769310
475.714325,        5.2589058876
476.078461,        5.1377182007
476.442535,        4.8932695389
476.806641,        4.6490545273
477.170685,        4.7358522415
477.534668,        4.5768237114
477.898621,        4.6689453125
478.262512,        3.9672541618
478.626404,        4.4937767982
478.990265,        4.2063155174
479.354065,        4.0520691872
479.717834,        3.6122958660
480.081512,        3.6550679207
480.445221,        3.6025102139
480.808899,        3.4779961109
481.172485,        3.6750302315
481.536041,        3.4994840622
481.899567,        3.7332158089
482.263062,        3.5967416763
482.626526,        3.7785530090
482.989929,        3.5162992477
483.353271,        3.5167918205
483.716583,        3.1686015129
484.079895,        3.1241011620
484.443146,        3.1943194866
484.806366,        3.2696731091
485.169525,        3.3894543648
485.532654,        3.2636799812
485.895752,        3.0453858376
486.258820,        2.6820762157
486.621857,        2.9307987690
486.984802,        2.9333205223
487.347748,        3.0711317062
487.710663,        2.9730446339
488.073517,        2.8525931835
488.436340,        2.8961491585
488.799072,        2.7639172077
489.161835,        2.7515034676
489.524536,        2.3987283707
489.887238,        2.4496262074
490.249847,        2.2745518684
490.612396,        2.2379550934
490.974915,        2.2241671085
491.337433,        2.2924304008
491.699921,        2.4186964035
492.062347,        2.5651767254
492.424713,        2.5083482265
492.787079,        2.4260067940
493.149353,        3.1739335060
493.511658,        3.1669025421
493.873871,        3.1178371906
494.236053,        2.9764435291
494.598206,        3.0818524361
494.960297,        3.1222498417
495.322388,        3.1344678402
495.684418,        3.2352757454
496.046356,        3.0127501488
496.408325,        2.9965574741
496.770264,        3.0323243141
497.132141,        3.1413521767
497.493958,        3.2615826130
497.855713,        3.1676194668
498.217499,        3.1034576893
498.579193,        3.1396765709
498.940887,        3.1534309387
499.302490,        3.0996820927
499.664093,        2.9451067448
500.025635,        2.8481941223
500.387177,        2.8372325897
500.748627,        2.1375670433
501.110077,        2.3256480694
501.471436,        2.3219609261
501.832825,        2.2728891373
502.194153,        2.1680204868
502.555389,        2.1021039486
502.916626,        2.2195301056
503.277802,        2.1773564816
503.638977,        2.3592629433
504.000092,        2.4728753567
504.361176,        2.4522547722
504.722198,        2.3273863792
505.083160,        2.2634077072
505.444153,        2.2333178520
505.805084,        2.2437958717
506.165924,        2.2367584705
506.526764,        2.2351572514
506.887543,        2.7545914650
507.248322,        2.8847291470
507.609070,        2.9632778168
507.969727,        2.9587783813
508.330322,        3.0317659378
508.690918,        2.8970899582
509.051514,        2.8853125572
509.412018,        2.8991832733
509.772491,        2.9757444859
510.132904,        3.2293868065
510.493286,        3.3616240025
510.853699,        3.3825945854
511.213989,        3.2834634781
511.574280,        3.2121062279
511.934509,        3.2272641659
512.294678,        3.3408932686
512.654846,        3.3074333668
513.014954,        3.3557794094
513.375061,        3.5251398087
513.735046,        3.5912134647
514.095032,        3.5274596214
514.455078,        3.1927273273
514.814941,        3.0381247997
515.174805,        2.9783856869
515.534607,        3.0096700191
515.894409,        3.0246663094
516.254211,        3.0468707085
516.613892,        3.1391556263
516.973572,        3.2019879818
517.333130,        3.2041366100
517.692749,        2.9257931709
518.052368,        2.7304379940
518.411865,        2.7500958443
518.771301,        2.7172200680
519.130737,        2.7105646133
519.490173,        2.8156006336
519.849548,        2.8024656773
520.208801,        2.8561906815
520.568054,        2.9511597157
520.927307,        2.8322601318
521.286499,        2.8470818996
521.645691,        3.0212595463
522.004822,        3.0595593452
522.363831,        3.1152985096
522.722839,        3.1396548748
523.081848,        3.1556997299
523.440796,        3.1869006157
523.799744,        3.2207560539
524.158569,        3.1693890095
524.517395,        3.1014182568
524.876160,        3.0805852413
525.234924,        3.1750504971
525.593628,        3.1830329895
525.952271,        3.4295566082
526.310913,        3.5300121307
526.669495,        3.5598289967
527.028076,        3.5065169334
527.386536,        3.7281024456
527.744995,        3.7519991398
528.103394,        3.7392356396
528.461792,        3.8940153122
528.820129,        4.0175299644
529.178406,        3.9795241356
529.536743,        3.9504897594
529.894958,        4.0030279160
530.253113,        4.1058397293
530.611267,        4.3385510445
530.969299,        4.4217710495
531.327393,        4.5426855087
531.685486,        4.6019787788
532.043335,        4.6765694618
532.401367,        4.6736059189
532.759216,        4.6959471703
533.117004,        4.7954468727
533.474915,        4.5792737007
533.832642,        4.6208004951
534.190430,        4.6316509247
534.548096,        4.6965508461
534.905762,        4.5664663315
535.263367,        4.6569919586
535.620850,        4.7086453438
535.978455,        4.6259632111
536.335876,        4.5216445923
536.693359,        4.5241279602
537.050781,        4.5149955750
537.408142,        4.5849428177
537.765442,        4.5429077148
538.122681,        4.3782038689
538.479919,        4.3483266830
538.837219,        4.2566466331
539.194336,        4.3153362274
539.551453,        4.4294710159
539.908508,        4.6304116249
540.265564,        4.6328864098
540.622559,        4.5998773575
540.979553,        4.6092886925
541.336426,        4.5942687988
541.693298,        4.6241154671
542.050110,        4.6807880402
542.406921,        4.7271547318
542.763672,        4.7483210564
543.120422,        4.7231454849
543.477051,        4.7432608604
543.833679,        4.7710394859
544.190308,        4.7438955307
544.546814,        4.7356586456
544.903381,        4.7294197083
545.259827,        4.7301034927
545.616211,        4.7264838219
545.972595,        4.6646656990
546.328979,        4.7080879211
546.685242,        4.6754355431
547.041504,        4.5858879089
547.397644,        4.4109363556
547.753906,        4.4305324554
548.110046,        4.4398713112
548.466125,        4.4725070000
548.822144,        4.4590082169
549.178223,        4.4658875465
549.534241,        4.4838881493
549.890137,        4.3939609528
550.246033,        4.3675055504
550.601868,        4.3553481102
550.957581,        4.3570160866
551.313416,        4.4608507156
551.669128,        4.5140423775
552.024841,        4.5337157249
552.380432,        4.4458284378
552.736023,        4.4530162811
553.091675,        4.5940666199
553.447144,        4.6431241035
553.802612,        4.6096224785
554.158020,        4.6610074043
554.513428,        4.6156868935
554.868774,        4.6261453629
555.224121,        4.7517533302
555.579346,        4.7418651581
555.934631,        4.7119302750
556.289734,        4.7342309952
556.644958,        4.7859864235
557.000000,        4.7765817642
557.355103,        4.7790503502
557.710083,        4.7499990463
558.065063,        4.7547235489
558.420105,        4.7756810188
558.774963,        4.6649470329
559.129822,        4.6676168442
559.484619,        4.6596903801
559.839355,        4.6870326996
560.194153,        4.6660032272
560.548828,        4.5612888336
560.903442,        4.5286769867
561.258057,        4.6013398170
561.612610,        4.5326209068
561.967224,        4.5478806496
562.321655,        4.5113987923
562.676086,        4.3624892235
563.030457,        4.3547959328
563.384827,        4.3757872581
563.739197,        4.3504729271
564.093445,        4.2701902390
564.447693,        4.1898927689
564.801880,        4.1722097397
565.156006,        4.1451044083
565.510132,        4.1463365555
565.864197,        4.1190762520
566.218262,        4.0887951851
566.572205,        4.0074172020
566.926086,        3.9603347778
567.280090,        3.9166226387
567.633972,        3.8815796375
567.987732,        3.8216896057
568.341553,        3.7778935432
568.695190,        3.6830251217
569.048950,        3.6687796116
569.402649,        3.6383574009
569.756165,        3.6476786137
570.109802,        3.6456086636
570.463257,        3.6191403866
570.816772,        3.6071166992
571.170227,        3.5647642612
571.523621,        3.5496733189
571.877014,        3.4982388020
572.230286,        3.4953131676
572.583557,        3.4976282120
572.936829,        3.4772474766
573.289978,        3.5028882027
573.643250,        3.5398471355
573.996216,        3.5455312729
574.349365,        3.5391442776
574.702393,        3.5721392632
575.055359,        3.5771355629
575.408325,        3.5685997009
575.761169,        3.5770874023
576.114075,        3.5882499218
576.466919,        3.5203468800
576.819641,        3.5000329018
577.172363,        3.4614176750
577.525085,        3.4887762070
577.877686,        3.5143754482
578.230286,        3.4810066223
578.582825,        3.4577441216
578.935425,        3.4275736809
579.287903,        3.4199159145
579.640320,        3.4146442413
579.992676,        3.3482761383
580.345093,        3.3094341755
580.697388,        3.2528386116
581.049683,        3.1623682976
581.401855,        3.1270623207
581.754089,        3.2556593418
582.106201,        3.2710001469
582.458313,        3.2962803841
582.810425,        3.2878768444
583.162354,        3.2561373711
583.514404,        3.2518911362
583.866272,        3.2543492317
584.218201,        3.2649867535
584.570068,        3.3265352249
584.921875,        3.2777972221
585.273560,        3.2414093018
585.625305,        3.2788639069
585.977051,        3.2678174973
586.328674,        3.4422938824
586.680237,        3.4391090870
587.031799,        3.4726228714
587.383301,        3.5076537132
587.734802,        3.5298526287
588.086243,        3.5392935276
588.437561,        3.5675518513
588.788940,        3.6134579182
589.140198,        3.4654643536
589.491516,        3.3819739819
589.842712,        3.3620362282
590.193848,        3.4081737995
590.544983,        3.3904798031
590.896057,        3.4095120430
591.247192,        3.4199252129
591.598145,        3.3809773922
591.949158,        3.2961645126
592.300049,        3.2825026512
592.650879,        3.2558135986
593.001770,        3.1942720413
593.352539,        3.1984274387
593.703308,        3.0851528645
594.054016,        3.1052641869
594.404663,        3.0686931610
594.755310,        3.1079967022
595.105896,        3.0886101723
595.456360,        3.0715851784
595.806885,        3.0363843441
596.157349,        3.0408906937
596.507751,        3.1106903553
596.858154,        3.1443655491
597.208435,        3.1347022057
597.558777,        3.1237475872
597.908997,        3.1246309280
598.259216,        3.0410153866
598.609314,        3.0443415642
598.959473,        3.0870776176
599.309570,        3.1340863705
599.659546,        3.1717929840
600.009583,        3.2133812904
600.359497,        3.2214984894
600.709412,        3.2091200352
601.059265,        3.1744110584
601.409058,        3.2590224743
601.758850,        3.2413270473
602.108521,        3.1679596901
602.458191,        3.1728103161
602.807922,        3.1543333530
603.157471,        3.1624169350
603.507080,        3.1168234348
603.856567,        3.0946536064
604.205994,        3.0744457245
604.555542,        3.0355465412
604.904846,        2.9834492207
605.254211,        3.0046041012
605.603516,        3.2052032948
605.952759,        3.2449777126
606.302063,        3.2323758602
606.651123,        3.2084505558
607.000305,        3.1748111248
607.349365,        3.1317775249
607.698425,        3.1062684059
608.047485,        3.1122195721
608.396362,        3.0767083168
608.745300,        2.9554462433
609.094177,        2.9215812683
609.442993,        2.9309158325
609.791809,        2.8857498169
610.140503,        2.8689177036
610.489258,        2.8493247032
610.837891,        2.8677520752
611.186523,        2.8124768734
611.535156,        2.7798624039
611.883606,        2.7989518642
612.232178,        2.8605303764
612.580566,        2.8786787987
612.928955,        2.6974804401
613.277344,        2.6306741238
613.625610,        2.6139876842
613.973938,        2.5984101295
614.322144,        2.6207208633
614.670288,        2.6479520798
615.018555,        2.6683564186
615.366516,        2.6393487453
615.714661,        2.6202676296
616.062622,        2.6820101738
616.410645,        2.6800124645
616.758606,        2.6914660931
617.106445,        2.6979908943
617.454285,        2.7059884071
617.802063,        2.7392189503
618.149841,        2.7173593044
618.497559,        2.7189328671
618.845215,        2.7568106651
619.192871,        2.7772288322
619.540466,        2.6924130917
619.888000,        2.6414477825
620.235535,        2.6514048576
620.582886,        2.6605677605
620.930359,        2.6500377655
621.277710,        2.6275224686
621.625061,        2.5686731339
621.972351,        2.5171456337
622.319519,        2.4772222042
622.666809,        2.4895849228
623.013916,        2.4896047115
623.361023,        2.4632525444
623.708130,        2.4928815365
624.055054,        2.4881610870
624.402100,        2.4632649422
624.749023,        2.4915573597
625.095947,        2.4986541271
625.442810,        2.4992635250
625.789551,        2.4963471889
626.136353,        2.4868683815
626.483032,        2.4898064137
626.829712,        2.5616130829
627.176392,        2.5965685844
627.522949,        2.5857195854
627.869507,        2.5724184513
628.216003,        2.5470867157
628.562500,        2.5596387386
628.908936,        2.5663673878
629.255310,        2.5590040684
629.601624,        2.5707769394
629.947876,        2.5747523308
630.294067,        2.6685571671
630.640320,        2.6277728081
630.986511,        2.5881257057
631.332642,        2.5667164326
631.678650,        2.5899686813
632.024658,        2.5444366932
632.370728,        2.5393550396
632.716614,        2.5285887718
633.062500,        2.5238049030
633.408325,        2.5106458664
633.754089,        2.5920140743
634.099915,        2.5485031605
634.445679,        2.5368566513
634.791321,        2.5389339924
635.136963,        2.6110422611
635.482483,        2.6183600426
635.828125,        2.5991914272
636.173584,        2.5736780167
636.519043,        2.6031379700
636.864502,        2.5945718288
637.209778,        2.6051886082
637.555237,        2.4996237755
637.900452,        2.4945561886
638.245728,        2.4988663197
638.590881,        2.4688580036
638.935974,        2.4390583038
639.281189,        2.4304349422
639.626221,        2.4493567944
639.971191,        2.4459764957
640.316223,        2.4356837273
640.661072,        2.4325106144
641.006042,        2.3110723495
641.350891,        2.2752096653
641.695679,        2.2417035103
642.040466,        2.2015149593
642.385071,        2.0867199898
642.729858,        2.0775413513
643.074463,        2.0676574707
643.419067,        2.0612006187
643.763611,        2.0506701469
644.108032,        2.0476014614
644.452515,        2.0142910480
644.796936,        1.9859710932
645.141296,        1.9914326668
645.485657,        1.9996722937
645.829834,        1.9929567575
646.174133,        1.9821186066
646.518311,        1.9666688442
646.862427,        1.9121978283
647.206604,        1.8671671152
647.550598,        1.8646326065
647.894653,        1.8412139416
648.238647,        1.8343210220
648.582458,        1.8400777578
648.926453,        1.8393220901
649.270203,        1.8450051546
649.614075,        1.8505748510
649.957764,        1.8732670546
650.301453,        1.8756154776
650.645142,        1.8896875381
650.988708,        1.8630919456
651.332336,        1.8247929811
651.675842,        1.8147587776
652.019348,        1.8335154057
652.362854,        1.8147267103
652.706177,        1.7648292780
653.049561,        1.7607039213
653.392883,        1.7558032274
653.736084,        1.7480996847
654.079346,        1.7640149593
654.422424,        1.7561577559
654.765625,        1.7362724543
655.108765,        1.7219026089
655.451721,        1.6790404320
655.794800,        1.6605187654
656.137695,        1.6219496727
656.480591,        1.6154942513
656.823486,        1.5998485088
657.166260,        1.5303291082
657.509094,        1.5195349455
657.851807,        1.4936640263
658.194519,        1.4632009268
658.537109,        1.5614782572
658.879761,        1.5598981380
659.222351,        1.5692625046
659.564758,        1.5486711264
659.907349,        1.5411795378
660.249695,        1.5369001627
660.592041,        1.5664381981
660.934448,        1.5795062780
661.276672,        1.5214974880
661.619019,        1.5085346699
661.961182,        1.4767062664
662.303284,        1.4687346220
662.645508,        1.4664329290
662.987427,        1.4419357777
663.329529,        1.4530584812
663.671448,        1.4281764030
664.013428,        1.4219594002
664.355347,        1.4303839207
664.697205,        1.4967703819
665.039001,        1.4794795513
665.380676,        1.4983723164
665.722412,        1.4251732826
666.064148,        1.4092919827
666.405701,        1.3663209677
666.747253,        1.3399502039
667.088806,        1.3246744871
667.430298,        1.3003298044
667.771790,        1.2565999031
668.113159,        1.2265335321
668.454529,        1.2277438641
668.795837,        1.2526154518
669.137085,        1.2645227909
669.478394,        1.2513962984
669.819519,        1.2751525640
670.160645,        1.2819048166
670.501709,        1.2486250401
670.842773,        1.2247620821
671.183777,        1.2460201979
671.524719,        1.2161942720
671.865662,        1.1193563938
672.206482,        1.1076407433
672.547302,        1.0680878162
672.888123,        1.0643081665
673.228821,        1.0575573444
673.569458,        1.0694922209
673.910095,        1.0673118830
674.250732,        1.0939846039
674.591370,        1.1033717394
674.931824,        1.0720468760
675.272217,        1.0289269686
675.612732,        0.9935911894
675.953003,        0.9711694717
676.293396,        0.9389786124
676.633667,        0.9361429214
676.973877,        0.9126772881
677.314148,        0.9090565443
677.654236,        0.9128735662
677.994385,        0.9208589792
678.334412,        0.9005265236
678.674438,        0.9151566029
679.014404,        0.9204491973
679.354309,        0.9473820925
679.694214,        0.9355955720
680.034058,        0.9188567996
680.373840,        0.9107419252
680.713623,        0.9232171774
681.053223,        0.9458920956
681.392944,        1.0593872070
681.732544,        1.7222288847
682.072083,        4.2591691017
682.411621,        4.3411707878
682.751038,        4.3794369698
683.090515,        4.3716349602
683.429871,        4.3800749779
683.769226,        4.4325189590
684.108582,        4.4727239609
684.447754,        4.4832372665
684.786987,        4.5081782341
685.126160,        4.5319857597
685.465210,        4.5458011627
685.804382,        4.6044163704
686.143311,        4.6431107521
686.482361,        4.6729912758
686.821289,        4.7659187317
687.160156,        4.7952332497
687.499023,        4.8435897827
687.837769,        4.9648818970
688.176514,        5.0056972504
688.515259,        4.9574861526
688.853882,        4.4010376930
689.192566,        1.9408596754
689.531067,        1.9637452364
689.869629,        2.0630302429
690.208130,        2.1606047153
690.546570,        2.2691521645
690.885010,        2.3066892624
691.223267,        2.3812716007
691.561584,        2.4803338051
691.899841,        2.6381590366
692.238037,        2.7492156029
692.576294,        2.8686621189
692.914307,        2.9922771454
693.252380,        3.1124324799
693.590454,        3.2196211815
693.928406,        3.3110802174
694.266357,        3.4499061108
694.604187,        3.5674712658
694.942078,        3.6231307983
695.279907,        3.7490038872
695.617615,        3.9058949947
695.955444,        3.9994139671
696.292969,        4.1795072556
696.630676,        4.3313751221
696.968201,        4.4689588547
697.305725,        4.7138819695
697.643250,        4.8820600510
697.980652,        5.0742774010
698.318054,        5.2396459579
698.655396,        5.4405136108
698.992676,        5.5222969055
699.330017,        5.7172260284
699.667175,        5.8637108803
700.004395,        6.0264511108
700.341492,        6.1692256927
700.678528,        6.3789768219
701.015564,        6.5929889679
701.352478,        6.7726244926
701.689514,        6.9790840149
702.026428,        7.1782121658
702.363220,        7.3909654617
702.700073,        7.5350480080
703.036804,        7.7662572861
703.373474,        7.9527149200
703.710144,        8.2108669281
704.046814,        8.3930130005
704.383362,        8.4731330872
704.719910,        8.7713317871
705.056335,        8.9451570511
705.392761,        9.1567916870
705.729187,        9.3338823318
706.065552,        9.5656785965
706.401855,        9.7355766296
706.738098,       10.0102539063
707.074280,       10.2117862701
707.410461,       10.4508285522
707.746643,       10.6747026443
708.082642,       10.8728494644
708.418701,       11.1519289017
708.754639,       11.3672771454
709.090576,       11.5499181747
709.426514,       11.7573451996
709.762329,       12.0336723328
710.098083,       12.2495059967
710.433838,       12.4655647278
710.769592,       12.6705827713
711.105286,       12.8748054504
711.440796,       13.1192655563
711.776367,       13.2268934250
712.112000,       13.4487495422
712.447388,       13.6712045670
712.782837,       13.9640617371
713.118225,       14.2027454376
713.453552,       14.4508581161
713.788818,       14.6327705383
714.124023,       14.8850736618
714.459290,       15.1350717545
714.794434,       15.3031959534
715.129517,       15.5736494064
715.464661,       15.7610788345
715.799622,       15.9690160751
716.134583,       16.2301635742
716.469482,       16.5118389130
716.804321,       16.7341098785
717.139221,       16.9814395905
717.473938,       17.2135257721
717.808777,       17.4233608246
718.143433,       17.6879081726
718.478088,       17.9790306091
718.812683,       18.2350502014
719.147217,       18.5204620361
719.481750,       18.7330474854
719.816223,       18.9325160980
720.150574,       19.2425518036
720.485046,       19.4778347015
720.819214,       19.7621479034
721.153564,       20.0137042999
721.487854,       20.2549514771
721.821960,       20.5160331726
722.156189,       20.9182281494
722.490234,       21.2064361572
722.824341,       21.4649429321
723.158264,       21.7962017059
723.492249,       22.0198249817
723.826172,       22.2676563263
724.159973,       22.5460777283
724.493835,       22.7989215851
724.827576,       23.0614185333
725.161316,       23.3598976135
725.494995,       23.5848255157
725.828613,       23.8425502777
726.162231,       24.0746726990
726.495728,       24.4556140900
726.829163,       24.7038288116
727.162720,       24.9090690613
727.496033,       25.1796150208
727.829468,       25.4525184631
728.162720,       25.6555137634
728.496033,       25.9071578979
728.829224,       26.1482563019
729.162354,       26.2401103973
729.495483,       26.4056472778
729.828552,       26.6617507935
730.161560,       26.8610897064
730.494629,       27.1021118164
730.827454,       27.3216247559
731.160400,       27.5507354736
731.493225,       27.8253250122
731.825989,       28.0654945374
732.158813,       28.2636051178
732.491455,       28.4839000702
732.824158,       28.7058181763
733.156799,       28.9751796722
733.489319,       29.1144638062
733.821899,       29.3017272949
734.154236,       29.4918708801
734.486755,       29.7028446198
734.819092,       29.8837013245
735.151428,       30.0700302124
735.483765,       30.2868099213
735.815857,       30.4701213837
736.148132,       30.6350288391
736.480286,       30.8445625305
736.812378,       31.0470256805
737.144470,       31.1867408752
737.476379,       31.3619556427
737.808411,       31.5880241394
738.140259,       31.7726249695
738.472168,       31.9130687714
738.804016,       32.0317001343
739.135742,       32.1851272583
739.467468,       32.4264488220
739.799133,       32.6433143616
740.130798,       32.7143783569
740.462402,       32.9384307861
740.793884,       33.2208709717
741.125366,       33.4067535400
741.456848,       33.5138168335
741.788208,       33.6771545410
742.119568,       33.8399963379
742.450928,       33.9888381958
742.782166,       34.1960296631
743.113281,       34.4469146729
743.444458,       34.6226806641
743.775635,       34.7544517517
744.106689,       34.9037780762
744.437683,       35.0428924561
744.768677,       35.1678504944
745.099609,       35.2130699158
745.430481,       35.3433494568
745.761353,       35.5423088074
746.092102,       35.6865692139
746.422852,       35.7398109436
746.753479,       35.8041419983
747.084229,       35.9601097107
747.414795,       35.9909667969
747.745300,       36.1182823181
748.075806,       36.1729278564
748.406311,       36.2848663330
748.736694,       36.3372764587
749.067078,       36.4384460449
749.397400,       36.5861587524
749.727722,       36.6373863220
750.057861,       36.6742591858
750.388062,       36.7483024597
750.718201,       36.8349990845
751.048279,       36.8990020752
751.378357,       36.9634017944
751.708252,       37.0391883850
752.038208,       37.2456130981
752.368164,       37.3238372803
752.697937,       37.3139228821
753.027832,       37.3574066162
753.357483,       37.4495162964
753.687256,       37.5017318726
754.016907,       37.6287002563
754.346497,       37.7153930664
754.676147,       37.6025123596
755.005493,       37.6674957275
755.335083,       37.7478866577
755.664490,       37.8181533813
755.993835,       37.8920440674
756.323181,       37.8889274597
756.652405,       37.8939971924
756.981689,       37.8501167297
757.310852,       37.8990364075
757.640015,       37.9404525757
757.969177,       37.9575843811
758.298096,       37.9715118408
758.627197,       38.0078964233
758.956116,       37.9209442139
759.284973,       37.9105377197
759.613892,       37.9585876465
759.942627,       37.9700737000
760.271423,       37.9806594849
760.600159,       37.9893264771
760.928772,       37.9741363525
761.257446,       37.9410667419
761.585999,       38.0136070251
761.914490,       38.0994453430
762.242981,       38.1088104248
762.571350,       38.1605606079
762.899841,       38.1482505798
763.228088,       38.1518287659
763.556396,       38.2338981628
763.884644,       38.2572021484
764.212830,       38.2928504944
764.541016,       38.3087120056
764.869080,       38.3519363403
765.197144,       38.3800430298
765.525146,       38.3327560425
765.853088,       38.4392395020
766.181030,       38.5187873840
766.508789,       38.5467948914
766.836670,       38.5675163269
767.164429,       38.6000823975
767.492126,       38.6319999695
767.819824,       38.6002120972
768.147400,       38.6872749329
768.475037,       38.6817817688
768.802490,       38.7359085083
769.130005,       38.7669372559
769.457458,       38.7431449890
769.784790,       38.8284225464
770.112183,       38.8345375061
770.439453,       38.8495941162
770.766663,       38.9172210693
771.093872,       38.9067840576
771.420959,       38.8828163147
771.748108,       38.8695831299
772.075195,       38.9606132507
772.402161,       39.0119743347
772.729126,       38.9464836121
773.055969,       38.9201393127
773.382874,       38.9268531799
773.709717,       38.9274177551
774.036438,       38.8473854065
774.363159,       38.8771781921
774.689758,       38.9516601563
775.016479,       38.8947296143
775.343018,       38.9429817200
775.669495,       38.8756370544
775.996033,       38.8551712036
776.322449,       38.8852272034
776.648865,       38.8419761658
776.975098,       38.8720779419
777.301453,       38.8765754700
777.627686,       38.9090042114
777.953857,       39.0102958679
778.280029,       39.0301284790
778.606079,       39.1305351257
778.932068,       39.0614128113
779.258179,       39.0555725098
779.584045,       39.0854454041
779.909973,       39.0720710754
780.235840,       39.0894813538
780.561646,       39.1547279358
780.887390,       39.1643180847
781.213135,       39.1424522400
781.538757,       39.0520782471
781.864380,       40.0658683777
782.189880,       40.1163291931
782.515442,       40.0762100220
782.840942,       40.1156196594
783.166321,       40.1281318665
783.491699,       40.1344490051
783.817017,       40.0726051331
784.142395,       40.0575790405
784.467529,       40.0218887329
784.792725,       39.9470138550
785.117859,       39.9561157227
785.442932,       39.8810043335
785.768005,       39.9061050415
786.092957,       39.8770904541
786.417908,       39.8506813049
786.742798,       39.8720474243
787.067566,       39.8787574768
787.392456,       39.8632431030
787.717163,       39.9651031494
788.041870,       39.9930610657
788.366577,       40.0115737915
788.691101,       38.9236602783
789.015686,       38.9887619019
789.340149,       39.0615272522
789.664673,       39.0948753357
789.989075,       39.0642662048
790.313354,       39.2682685852
790.637756,       39.3829956055
790.962036,       39.4296836853
791.286194,       39.4308280945
791.610413,       39.4217681885
791.934448,       39.4857368469
792.258606,       39.5468635559
792.582581,       39.6494369507
792.906555,       39.7133598328
793.230530,       39.6823539734
793.554321,       39.7100639343
793.878174,       39.7773666382
794.201965,       39.8054847717
794.525696,       39.8143844604
794.849426,       39.8435516357
795.172974,       39.9197006226
795.496643,       40.0048103333
795.820129,       39.9616622925
796.143616,       39.9206390381
796.467102,       39.9783210754
796.790405,       39.9953117371
797.113831,       39.7949295044
797.437134,       39.7967529297
797.760315,       39.8291511536
798.083618,       39.8159942627
798.406677,       39.8484764099
798.729797,       39.9131469727
799.052856,       39.9300575256
799.375854,       39.8346405029
799.698853,       39.8954963684
800.021729,       40.0269279480
800.344604,       40.0447120667
800.667358,       40.0495719910
800.990112,       40.0483131409
801.312866,       40.0438003540
801.635498,       40.0784034729
801.958191,       40.0460395813
802.280701,       40.0210723877
802.603210,       39.9761352539
802.925781,       39.9733657837
803.248108,       39.9001808167
803.570496,       39.9053344727
803.892822,       39.9718360901
804.215088,       39.9827766418
804.537354,       39.9549942017
804.859436,       39.9510192871
805.181641,       39.8505401611
805.503723,       39.7817955017
805.825745,       39.7722854614
806.147766,       39.7848548889
806.469604,       39.7309646606
806.791504,       39.7653388977
807.113342,       39.8062171936
807.435181,       39.7583389282
807.756897,       39.7733917236
808.078552,       39.7987709045
808.400208,       39.8197364807
808.721802,       39.9078407288
809.043335,       39.9026298523
809.364929,       39.9690170288
809.686279,       40.0110321045
810.007751,       40.0470542908
810.329041,       40.0144348145
810.650330,       40.0542144775
810.971619,       39.9961509705
811.292786,       40.0062904358
811.613953,       39.9898300171
811.935059,       40.0771484375
812.256104,       40.0916442871
812.577148,       40.1146888733
812.898071,       40.1158828735
813.218994,       40.1296958923
813.539795,       40.0258903503
813.860596,       40.0385360718
814.181396,       40.0329513550
814.502136,       39.9802970886
814.822754,       40.0039176941
815.143372,       39.9514083862
815.463928,       39.9197502136
815.784485,       40.0002861023
816.104919,       39.9744491577
816.425354,       39.9510459900
816.745728,       39.9309577942
817.065979,       39.9723510742
817.386353,       39.9089508057
817.706421,       39.9131317139
818.026733,       39.9284515381
818.346863,       39.9932823181
818.666809,       40.0589866638
818.986938,       40.0466232300
819.306824,       40.0007133484
819.626770,       40.0691795349
819.946716,       40.0368041992
820.266479,       40.0831489563
820.586304,       40.0417289734
820.905945,       40.1022224426
821.225647,       40.1267166138
821.545349,       40.1287918091
821.864868,       40.1822891235
822.184448,       40.2928428650
822.503845,       40.3177833557
822.823364,       40.2357978821
823.142761,       40.3370933533
823.462036,       40.3798980713
823.781372,       40.4265556335
824.100525,       40.4502296448
824.419800,       40.4752998352
824.738953,       40.4860496521
825.057922,       40.4795722961
825.377014,       40.4092750549
825.695984,       40.5192718506
826.014954,       40.5597457886
826.333862,       40.4875946045
826.652649,       40.5665664673
826.971497,       40.5611610413
827.290100,       40.6481170654
827.608887,       40.6681137085
827.927612,       40.7972984314
828.246094,       40.7237930298
828.564697,       40.7264289856
828.883118,       40.6423149109
829.201599,       40.6055259705
829.520020,       40.6886520386
829.838318,       40.6038093567
830.156616,       40.5502395630
830.474854,       40.4972419739
830.793091,       40.5373764038
831.111267,       40.5259170532
831.429260,       40.4903221130
831.747437,       40.5461273193
832.065308,       40.6261558533
832.383362,       40.6916122437
832.701233,       40.7448272705
833.019043,       40.7622146606
833.336914,       40.7488136292
833.654663,       40.7523460388
833.972351,       40.6755218506
834.289978,       40.7010726929
834.607483,       40.6400299072
834.925171,       40.6986541748
835.242676,       40.6354446411
835.560059,       40.5972099304
835.877502,       40.5676383972
836.194763,       40.5214996338
836.512146,       40.5848922729
836.829468,       40.6705055237
837.146545,       40.7608795166
837.463745,       40.6805114746
837.780823,       40.7158584595
838.097900,       40.7708778381
838.414917,       40.7984848022
838.731873,       40.7083663940
839.048828,       40.5476951599
839.365540,       40.4909782410
839.682434,       40.5354843140
839.999207,       40.5704345703
840.315857,       40.5915832520
840.632568,       40.5644035339
840.949097,       40.5302925110
841.265747,       40.4594268799
841.582275,       40.5295829773
841.898682,       40.6530456543
842.215088,       40.7228431702
842.531433,       40.7358779907
842.847778,       40.7868766785
843.164063,       40.7737693787
843.480164,       40.7187614441
843.796387,       40.6749153137
844.112427,       40.7074661255
844.428528,       40.7512397766
844.744568,       40.7762794495
845.060486,       40.8775596619
845.376404,       40.9439964294
845.692200,       40.9726181030
846.008057,       40.9773635864
846.323853,       40.9493637085
846.639465,       40.9667778015
846.955139,       40.9518089294
847.270691,       40.9824066162
847.586304,       40.9680404663
847.901855,       41.0199356079
848.217224,       40.8987655640
848.532715,       40.8798522949
848.847961,       40.9653739929
849.163330,       40.8945541382
849.478638,       40.8844718933
849.793823,       40.8730049133
850.108948,       40.8529434204
850.424011,       40.9228515625
850.739136,       41.0095825195
851.054199,       40.9596099854
851.369019,       40.9082412720
851.684021,       40.8183975220
851.998779,       40.9474105835
852.313660,       40.9906845093
852.628418,       40.9745750427
852.943054,       41.0383796692
853.257751,       41.0135841370
853.572327,       41.0323524475
853.886841,       41.0224037170
854.201477,       41.1354255676
854.515808,       41.2139968872
854.830261,       41.3042984009
855.144592,       41.2589645386
855.458862,       41.1177902222
855.773193,       41.1838493347
856.087280,       41.1839218140
856.401489,       41.1522941589
856.715515,       41.2897491455
857.029602,       41.2751884460
857.343628,       41.1511611938
857.657532,       41.1759948730
857.971497,       41.2015914917
858.285278,       41.1255302429
858.599121,       41.0374450684
858.912903,       41.0317382813
859.226501,       41.1319541931
859.540222,       41.0375328064
859.853699,       41.0560531616
860.167297,       41.0976219177
860.480896,       41.1775932312
860.794250,       41.1186790466
861.107666,       41.0942955017
861.420959,       41.0549125671
861.734314,       41.0502128601
862.047546,       41.0646171570
862.360657,       41.1041946411
862.673889,       41.2170486450
862.986938,       41.2770652771
863.299988,       41.2491569519
863.613037,       41.3053932190
863.925903,       41.3844299316
864.238831,       41.5061378479
864.551575,       41.4334869385
864.864380,       41.4067153931
865.177185,       41.3623085022
865.489807,       41.3607635498
865.802490,       41.3311767578
866.114990,       41.4321289063
866.427612,       41.5549736023
866.740112,       41.5649757385
867.052429,       41.5038032532
867.364868,       41.4554290771
867.677124,       41.4750442505
867.989502,       41.5551109314
868.301758,       41.5901908875
868.613831,       41.6175804138
868.926025,       41.6088981628
869.238159,       41.5476837158
869.550049,       41.5268249512
869.862122,       41.6267318726
870.173950,       41.5565299988
870.485901,       41.5901947021
870.797791,       41.4311332703
871.109497,       41.5598258972
871.421204,       41.6126136780
871.732849,       41.6055374146
872.044495,       41.6500434875
872.356079,       41.6330299377
872.667542,       41.6356010437
872.979065,       41.4747505188
873.290344,       41.4903564453
873.601807,       41.4544525146
873.913147,       41.5038795471
874.224304,       41.4785194397
874.535645,       41.4183540344
874.846741,       41.4712600708
875.157837,       41.5598793030
875.468994,       41.6429290771
875.779907,       41.6091156006
876.090881,       41.6339263916
876.401733,       41.5334625244
876.712646,       41.5409545898
877.023499,       41.5382843018
877.334167,       41.5652809143
877.644897,       41.5425643921
877.955505,       41.5297966003
878.266113,       41.5898361206
878.576721,       41.5377006531
878.887146,       41.5822792053
879.197571,       41.4898452759
879.507996,       41.6066322327
879.818298,       41.5900611877
880.128662,       41.7412834167
880.438843,       41.7197570801
880.749084,       41.7856483459
881.059143,       42.2129249573
881.369263,       42.1405868530
881.679382,       42.0304489136
881.989258,       41.9616813660
882.299194,       41.9493217468
882.609070,       42.0471229553
882.918945,       42.0425071716
883.228760,       42.0099182129
883.538452,       42.0191612244
883.848145,       42.2699394226
884.157654,       42.3557929993
884.467285,       42.4439888000
884.776917,       42.3958587646
885.086243,       42.4332466125
885.395813,       42.5018157959
885.705017,       42.5300483704
886.014404,       42.4539947510
886.323730,       42.4109077454
886.632874,       42.3209800720
886.942078,       42.4427909851
887.251160,       42.3931465149
887.560242,       41.9580307007
887.869263,       41.9959831238
888.178162,       41.9766235352
888.487122,       41.9294967651
888.795898,       42.0183105469
889.104797,       41.9828758240
889.413513,       41.8995437622
889.722168,       41.9597969055
890.030884,       41.9795341492
890.339417,       41.7892265320
890.648010,       41.6714248657
890.956543,       41.6225357056
891.264893,       41.6341934204
891.573364,       41.5804481506
891.881653,       41.4884567261
892.189941,       41.5574531555
892.498230,       41.7213211060
892.806335,       41.8348693848
893.114502,       41.9582443237
893.422546,       41.8681030273
893.730652,       41.8687705994
894.038696,       42.0287246704
894.346497,       41.9710617065
894.654419,       42.0918540955
894.962158,       42.0893859863
895.270020,       42.0863494873
895.577759,       41.9125633240
895.885376,       42.0007743835
896.192993,       41.9350509644
896.500549,       41.9590682983
896.808044,       41.9477157593
897.115601,       41.9564857483
897.422913,       42.0743598938
897.730347,       42.1176109314
898.037598,       42.2202072144
898.344910,       42.2496795654
898.652161,       42.1906394958
898.959167,       42.1789169312
899.266418,       42.1075744629
899.573364,       42.0511131287
899.880371,       41.9825973511
900.187378,       41.9788398743
900.494202,       41.8667678833
900.801086,       41.9697227478
901.107788,       41.9535331726
901.414612,       42.0167312622
901.721375,       41.9571151733
902.027832,       42.1469154358
902.334534,       42.1466903687
902.641113,       42.2108573914
902.947510,       42.1644020081
903.253967,       42.1553802490
903.560242,       42.2120895386
903.866638,       42.1417694092
904.172974,       42.1050910950
904.479126,       42.0192909241
904.785278,       42.0460968018
905.091370,       42.0910911560
905.397461,       41.9231681824
905.703552,       41.9091262817
906.009399,       41.9707336426
906.315369,       42.1210556030
906.621155,       42.0701255798
906.927002,       42.1207885742
907.232788,       42.0638961792
907.538452,       42.0552482605
907.844116,       42.0597991943
908.149658,       42.0866203308
908.455200,       42.0042343140
908.760803,       42.0381202698
909.066162,       42.0218582153
909.371582,       42.0093345642
909.676880,       41.9919624329
909.982178,       42.0667572021
910.287476,       42.0525932312
910.592529,       42.0315628052
910.897705,       42.1688003540
911.202759,       42.1329574585
911.507813,       42.1876258850
911.812805,       42.1775627136
912.117676,       42.2040710449
912.422546,       42.1988143921
912.727356,       42.1911163330
913.032104,       42.2264862061
913.336853,       42.1829795837
913.641479,       42.1224594116
913.946106,       42.1033248901
914.250610,       42.2621154785
914.555115,       42.3262405396
914.859619,       42.4456253052
915.163940,       42.3870964050
915.468323,       42.3836784363
915.772583,       42.3933372498
916.076843,       42.4349517822
916.381104,       42.3749656677
916.685120,       42.4151496887
916.989258,       42.5071372986
917.293213,       42.3878440857
917.597290,       42.6173248291
917.901184,       42.7735900879
918.205017,       42.9054527283
918.508850,       42.9631309509
918.812561,       42.9650039673
919.116333,       42.9171485901
919.420044,       42.9473419189
919.723572,       42.9256896973
920.027222,       43.0113182068
920.330627,       42.9517135620
920.634094,       42.8537826538
920.937561,       42.7165603638
921.240784,       42.7727432251
921.544189,       42.7526550293
921.847351,       42.7978973389
922.150574,       42.9448318481
922.453735,       42.9612770081
922.756775,       42.8983116150
923.059875,       42.7967910767
923.362793,       42.7284889221
923.665771,       42.8956375122
923.968689,       42.6228675842
924.271362,       42.4681739807
924.574219,       42.4513931274
924.876892,       42.3639945984
925.179565,       42.3116760254
925.482239,       42.1862754822
925.784729,       42.2740898132
926.087280,       42.2096366882
926.389648,       42.2155876160
926.692078,       42.2453346252
926.994507,       42.2903938293
927.296692,       42.3401756287
927.599060,       42.2632598877
927.901123,       42.2463874817
928.203308,       42.2167587280
928.505432,       42.1054458618
928.807434,       42.0767326355
929.109436,       42.1607170105
929.411316,       42.1666870117
929.713196,       42.0885276794
930.015015,       41.8376846313
930.316711,       41.9242286682
930.618530,       41.8961677551
930.920105,       41.8454742432
931.221802,       42.0445938110
931.523315,       41.9889984131
931.824829,       42.1117134094
932.126282,       42.0214424133
932.427612,       42.1221580505
932.729004,       42.2144622803
933.030334,       42.3175582886
933.331482,       42.1690330505
933.632751,       42.1399192810
933.933777,       42.0304641724
934.234924,       42.1711196899
934.536011,       42.2189750671
934.836914,       42.1741027832
935.137878,       42.0510787964
935.438660,       41.9189643860
935.739502,       41.9095802307
936.040344,       42.0666694641
936.340942,       42.1076278687
936.641663,       42.0149459839
936.942383,       41.9541511536
937.242798,       42.0787887573
937.543335,       41.9270858765
937.843750,       42.0070114136
938.144165,       41.9782371521
938.444580,       42.0672569275
938.744751,       41.9701576233
939.045044,       41.9571037292
939.345154,       41.9111442566
939.645325,       42.0616073608
939.945435,       42.2475509644
940.245361,       42.2911720276
940.545410,       42.2735061646
940.845215,       42.2098503113
941.145142,       42.2124786377
941.445007,       42.5562248230
941.744629,       42.6112976074
942.044434,       42.6648483276
942.343994,       42.7654190063
942.643677,       42.9177207947
942.943237,       42.9892883301
943.242676,       43.0963134766
943.542114,       43.2850837708
943.841431,       43.1782341003
944.140808,       43.0014381409
944.440125,       43.1566848755
944.739258,       43.1514549255
945.038513,       43.2208137512
945.337524,       43.1956100464
945.636597,       43.2750854492
945.935669,       43.1898460388
946.234558,       42.9870033264
946.533508,       43.0449066162
946.832275,       43.2897796631
947.131165,       43.3660964966
947.429932,       43.2157821655
947.728516,       42.9741783142
948.027222,       43.0553627014
948.325745,       43.1393547058
948.624329,       43.3232841492
948.922852,       43.1336898804
949.221191,       43.2361717224
949.519592,       43.3761405945
949.817810,       43.1586418152
950.116150,       43.5178451538
950.414368,       43.6758651733
950.712463,       43.5594902039
951.010620,       43.4407997131
951.308594,       43.4949493408
951.606628,       43.4364128113
951.904602,       43.4681587219
952.202454,       43.6181297302
952.500305,       44.4110412598
952.798035,       44.6201820374
953.095825,       44.2636985779
953.393494,       44.2731781006
953.691040,       44.5797767639
953.988647,       44.6646842957
954.286133,       44.8159294128
954.583618,       44.6934051514
954.881042,       44.3153343201
955.178345,       44.4773483276
955.475647,       44.7634925842
955.772827,       44.7793121338
956.070068,       44.6633110046
956.367310,       44.4242897034
956.664307,       44.3868560791
956.961365,       44.4875526428
957.258240,       44.5427932739
957.555176,       45.0444679260
957.852112,       45.0361251831
958.148865,       44.9836158752
958.445679,       44.9557914734
958.742310,       43.9981269836
959.039001,       43.8629722595
959.335632,       43.8633384705
959.632141,       44.0483093262
959.928650,       44.0768165588
960.224976,       44.2416992188
960.521484,       44.4226379395
960.817871,       44.5417022705
961.114014,       44.6155624390
961.410339,       44.4891204834
961.706421,       44.0343093872
962.002563,       43.7476615906
962.298645,       43.7290382385
962.594604,       43.6289176941
962.890564,       43.7272605896
963.186401,       45.9396896362
963.482300,       46.1336784363
963.778137,       45.5531311035
964.073792,       45.6053352356
964.369568,       45.3897666931
964.665100,       45.2502632141
964.960693,       45.3653259277
965.256287,       45.5667228699
965.551697,       45.5297355652
965.847168,       45.1811256409
966.142395,       45.1054496765
966.437744,       45.3483200073
966.733032,       45.0196037292
967.028198,       45.0839462280
967.323364,       45.1981277466
967.618408,       45.2299957275
967.913513,       45.4723014832
968.208496,       45.7342033386
968.503357,       45.7280349731
968.798279,       45.8567543030
969.093018,       45.8051185608
969.387817,       43.0137977600
969.682556,       43.0244445801
969.977173,       43.2220268250
970.271790,       43.5257186890
970.566406,       43.7143363953
970.860779,       43.6890106201
971.155334,       43.8288612366
971.449646,       43.3912429810
971.743958,       43.5853271484
972.038330,       43.8946189880
972.332458,       43.7888450623
972.626648,       43.2759819031
972.920715,       43.2743568420
973.214844,       43.2723312378
973.508911,       43.3719024658
973.802734,       43.7711105347
974.096741,       43.9654273987
974.390442,       43.9752426147
974.684265,       44.1606788635
974.978088,       44.4239654541
975.271667,       44.7239952087
975.565369,       45.0224380493
975.858826,       45.0209465027
976.152405,       44.9832763672
976.445923,       44.7992553711
976.739258,       44.7476806641
977.032654,       44.7173500061
977.325867,       44.8777122498
977.619202,       45.2536201477
977.912415,       45.8293304443
978.205505,       45.7377166748
978.498596,       45.9238967896
978.791504,       46.2259025574
979.084534,       46.4715080261
979.377563,       46.5890541077
979.670288,       46.3609580994
979.963196,       45.9436950684
980.255859,       45.8903121948
980.548584,       45.8180732727
980.841309,       45.7737274170
981.133850,       45.5799522400
981.426392,       45.7956657410
981.718811,       45.4909210205
982.011292,       45.1720123291
982.303650,       45.2290458679
982.595886,       45.1333389282
982.888245,       45.4979972839
983.180359,       45.6719627380
983.472595,       45.2748603821
983.764709,       44.8071517944
984.056641,       44.2615051270
984.348755,       44.3694190979
984.640625,       44.5939674377
984.932495,       44.6173057556
985.224365,       44.3669586182
985.516052,       44.3996772766
985.807861,       44.8187446594
986.099426,       45.8113479614
986.391052,       45.3809547424
986.682678,       45.3943061829
986.974121,       45.6363220215
987.265625,       45.4472198486
987.556885,       45.0218620300
987.848328,       45.0376281738
988.139648,       45.0218963623
988.430786,       44.7548789978
988.721985,       44.6181411743
989.013000,       44.3433876038
989.304138,       44.9128456116
989.595215,       45.2711563110
989.886047,       45.6296806335
990.177002,       45.4969444275
990.467834,       45.6212387085
990.758606,       45.3207092285
991.049377,       45.1547050476
991.339966,       45.4979629517
991.630676,       45.2911224365
991.921143,       44.4263038635
992.211670,       44.3892669678
992.502197,       44.4135856628
992.792542,       44.3378639221
993.082886,       43.9857826233
993.373169,       44.6562423706
993.663452,       44.9064712524
993.953613,       45.3646621704
994.243713,       45.4250526428
994.533813,       45.6986351013
994.823792,       45.9364891052
995.113770,       45.8801078796
995.403687,       45.4275512695
995.693481,       45.4108734131
995.983337,       45.2239913940
996.273010,       45.2834854126
996.562744,       44.7896194458
996.852417,       45.3172607422
997.141907,       45.4464492798
997.431458,       44.8676490784
997.720886,       45.1761322021
998.010315,       45.3889312744
998.299744,       44.0939140320
998.588928,       43.9167098999
998.878296,       43.9378547668
999.167419,       43.9696388245
999.456543,       44.6884918213
999.745667,       44.3313140869
1000.034607,       43.7546539307
1000.323669,       43.6799430847
1000.612488,       44.1896476746
1000.901367,       44.2342262268
1001.190247,       43.9873085022
1001.478882,       43.8910446167
1001.767639,       44.9681510925
1002.056335,       44.8060226440
1002.344849,       45.1536979675
1002.633423,       45.2942428589
1002.921814,       44.5015563965
1003.210266,       44.0943717957
1003.498657,       44.2531204224
1003.786926,       43.9683761597
1004.075256,       45.3827247620
1004.363342,       45.8433723450
1004.651489,       45.6280364990
1004.939697,       45.9802093506
1005.227600,       47.0682106018
1005.515686,       46.2150611877
1005.803467,       47.2163314819
1006.091370,       47.4871368408
1006.379272,       48.0114097595
1006.666870,       47.4622650146
1006.954712,       46.8489036560
1007.242188,       47.6857261658
1007.529907,       48.2411270142
1007.817444,       47.0154876709
1008.104858,       48.2588882446
1008.392334,       47.6435852051
1008.679565,       48.2760620117
1008.966980,       48.5421524048
1009.254272,       49.1805229187
1009.541382,       49.3657722473
1009.828613,       48.8451004028
1010.115601,       47.8307647705
1010.402649,       47.8849792480
1010.689697,       48.3278579712
1010.976563,       47.8442764282
1011.263489,       48.5028762817
1011.550171,       47.8909683228
1011.837036,       46.8957748413
1012.123657,       46.9583053589
1012.410278,       47.5542182922
1012.696899,       48.8281822205
1012.983337,       49.9349365234
1013.269897,       49.1633186340
1013.556396,       48.4647865295
1013.842651,       49.0918006897
1014.129028,       47.6541137695
1014.415161,       48.1240005493
1014.701477,       47.7929649353
1014.987671,       48.7555160522
1015.273560,       48.9582672119
1015.559692,       49.7556762695
1015.845581,       50.1428909302
1016.131592,       51.4945259094
1016.417542,       51.9416618347
1016.703247,       52.4616165161
1016.989014,       53.0217933655
1017.274658,       52.3367996216
1017.560303,       53.4754409790
1017.845947,       53.4826393127
1018.131409,       53.9657516479
1018.416870,       53.6343765259
1018.702271,       52.7594680786
1018.987671,       52.6895446777
1019.272949,       54.4236068726
1019.558228,       53.8179321289
1019.843445,       53.2011108398
1020.128540,       53.7291107178
1020.413574,       53.6542968750
1020.698608,       53.8330955505
1020.983521,       53.1058120728
1021.268555,       54.7018356323
1021.553284,       56.0398635864
1021.838135,       57.3292617798
1022.122925,       56.0062637329
1022.407593,       35.2644844055
1022.692261,       36.0759468079
1022.976807,       44.6511611938
1023.261292,       43.1151275635
1023.545837,       49.2753677368
1023.830200,       46.1702117920
1024.114624,       80.9831848145
1024.398804,       81.8918838501
1024.683105,       62.0232162476
1024.967285,       42.3076820374
