340.270844,        0.0000000000
340.648560,        0.0000000000
341.026306,    -2000.0020751953
341.403961,      374.9997253418
341.781616,      500.0004272461
342.159210,      316.1288146973
342.536743,       57.6271591187
342.914307,       75.3012313843
343.291779,      107.8947296143
343.669250,        0.0000000000
344.046661,       83.6082763672
344.424042,       82.5939636230
344.801422,       82.6411285400
345.178711,       86.3135299683
345.556000,       87.4051971436
345.933258,       90.9766235352
346.310486,       91.5852279663
346.687622,       90.7897186279
347.064758,       91.0806045532
347.441895,       89.3448257446
347.818939,       88.0628814697
348.195953,       86.2638092041
348.572937,       86.0486526489
348.949890,       86.7757186890
349.326843,       87.3817672729
349.703735,       87.4116592407
350.080597,       87.2223281860
350.457397,       86.0778274536
350.834198,       82.7496948242
351.210968,       81.0071716309
351.587646,       81.0684356689
351.964325,       80.3161468506
352.340942,       80.2003402710
352.717560,       80.6814270020
353.094147,       80.4043960571
353.470673,       80.6439132690
353.847168,       79.3920898438
354.223602,       79.3343429565
354.600037,       78.9387969971
354.976440,       77.7226943970
355.352783,       78.0004119873
355.729126,       79.8561401367
356.105408,       80.3767700195
356.481628,       80.0951919556
356.857849,       79.3436737061
357.234009,       78.3945693970
357.610168,       79.3958511353
357.986267,       77.0399780273
358.362366,       77.0613021851
358.738373,       78.8916397095
359.114349,       79.1435394287
359.490326,       76.6510086060
359.866241,       74.5632247925
360.242157,       74.6061630249
360.617981,       72.7659072876
360.993805,       72.1091461182
361.369568,       71.6446609497
361.745331,       71.3510589600
362.121033,       71.2735137939
362.496704,       70.7348175049
362.872314,       70.9010086060
363.247925,       71.0458221436
363.623505,       67.2316970825
363.999023,       64.6620025635
364.374542,       67.4956436157
364.750000,       67.6756591797
365.125397,       66.8487701416
365.500763,       66.1005706787
365.876160,       65.7696914673
366.251434,       63.7760696411
366.626740,       60.6380805969
367.001953,       62.2421264648
367.377136,       63.6402893066
367.752350,       63.7911872864
368.127472,       66.3870849609
368.502594,       65.6716308594
368.877625,       65.2687759399
369.252625,       65.4525375366
369.627625,       65.4379882813
370.002563,       66.3527603149
370.377502,       66.3324203491
370.752380,       65.9633407593
371.127228,       70.6999893188
371.502014,       71.9596176147
371.876770,       72.6712493896
372.251526,       71.3993606567
372.626221,       71.9035186768
373.000885,       70.4048385620
373.375488,       69.5328979492
373.750092,       70.4005203247
374.124664,       72.3699874878
374.499146,       75.3802413940
374.873627,       75.3093643188
375.248108,       74.5917205811
375.622467,       78.1636962891
375.996887,       77.9598388672
376.371185,       78.6263198853
376.745483,       78.2563629150
377.119751,       78.4837112427
377.493958,       79.4543609619
377.868195,       78.9350967407
378.242310,       79.2818374634
378.616394,       80.8856201172
378.990540,       76.9180526733
379.364563,       76.2934265137
379.738556,       74.9918365479
380.112518,       73.0320281982
380.486481,       72.0000152588
380.860352,       72.3310546875
381.234192,       72.6359558105
381.608063,       71.3059387207
381.981812,       69.6915359497
382.355591,       66.3766632080
382.729309,       65.8289337158
383.102966,       65.7570343018
383.476624,       59.7446746826
383.850220,       57.5059242249
384.223816,       57.1689300537
384.597321,       55.7671661377
384.970856,       56.9437446594
385.344299,       54.1416778564
385.717682,       52.7819213867
386.091125,       51.7395629883
386.464447,       47.3437995911
386.837769,       46.7130317688
387.211029,       48.3654785156
387.584290,       49.8254699707
387.957489,       51.1054878235
388.330627,       50.0725021362
388.703766,       49.5370330811
389.076874,       49.6513366699
389.449921,       51.8405189514
389.822937,       50.7726669312
390.195923,       50.5868682861
390.568878,       49.6897773743
390.941772,       48.6500129700
391.314636,       47.5933341980
391.687500,       46.3430900574
392.060272,       46.9186325073
392.433075,       46.7894439697
392.805756,       43.3955955505
393.178436,       42.5507125854
393.551117,       42.8938903809
393.923737,       44.9411964417
394.296326,       45.5812797546
394.668854,       46.2046279907
395.041321,       44.2788238525
395.413849,       44.6042251587
395.786255,       45.3529510498
396.158630,       46.6886024475
396.531006,       46.1595764160
396.903320,       44.6669197083
397.275604,       45.9047660828
397.647827,       46.7368049622
398.020050,       48.5757064819
398.392212,       47.2044296265
398.764343,       47.0796508789
399.136444,       46.7008781433
399.508514,       46.5790176392
399.880554,       45.1635055542
400.252533,       46.8371582031
400.624512,       48.4353027344
400.996399,       49.1355247498
401.368286,       49.1590423584
401.740112,       47.1674156189
402.111908,       45.3688125610
402.483673,       43.2714920044
402.855408,       43.1497230530
403.227081,       41.8964691162
403.598755,       39.7471771240
403.970367,       37.3343391418
404.341980,       37.5914993286
404.713501,       37.7758216858
405.085022,       36.0429992676
405.456482,       34.9236488342
405.827911,       32.3990859985
406.199310,       32.4255065918
406.570648,       32.2211036682
406.942017,       32.9221534729
407.313263,       32.3320312500
407.684509,       32.5186882019
408.055725,       30.1539325714
408.426880,       29.7525711060
408.798035,       31.0300865173
409.169128,       30.8949775696
409.540161,       32.5058937073
409.911224,       32.6365318298
410.282196,       32.9047622681
410.653137,       32.4367370605
411.024048,       32.0803070068
411.394897,       32.9305915833
411.765747,       33.7705154419
412.136536,       33.6821365356
412.507324,       35.5183181763
412.878052,       34.6854972839
413.248718,       37.4441108704
413.619385,       37.2194213867
413.989990,       36.5245971680
414.360565,       37.2355232239
414.731110,       36.3740539551
415.101563,       36.2934989929
415.472076,       35.8288803101
415.842468,       35.7756805420
416.212891,       35.5570449829
416.583221,       34.0343246460
416.953522,       33.7618904114
417.323792,       31.7204704285
417.694031,       33.4263534546
418.064240,       33.9688262939
418.434418,       34.6053314209
418.804535,       35.9975624084
419.174622,       35.4742927551
419.544678,       34.2350616455
419.914673,       33.8098564148
420.284668,       31.8774700165
420.654572,       30.7973823547
421.024475,       28.2001724243
421.394348,       29.3303318024
421.764191,       29.7944965363
422.133972,       29.7547397614
422.503693,       30.6555423737
422.873444,       30.2843513489
423.243134,       30.1550693512
423.612762,       29.9576492310
423.982330,       28.4018955231
424.351929,       27.6155357361
424.721436,       26.5458583832
425.090942,       26.3670482635
425.460358,       25.1851711273
425.829773,       24.5378417969
426.199158,       23.4121341705
426.568481,       21.7376556396
426.937775,       21.1296310425
427.307037,       22.3166160583
427.676239,       21.8328704834
428.045441,       21.4520835876
428.414581,       21.3626708984
428.783722,       22.2795524597
429.152802,       20.6774291992
429.521790,       25.4920330048
429.890839,       25.0302276611
430.259766,       23.4247360229
430.628693,       24.4871597290
430.997589,       23.6755390167
431.366425,       23.6180877686
431.735229,       23.3630580902
432.104004,       23.2609024048
432.472748,       24.3968772888
432.841431,       24.4599056244
433.210052,       24.1093616486
433.578705,       23.3670616150
433.947266,       23.4784908295
434.315826,       22.6803207397
434.684326,       23.1156272888
435.052765,       22.3822612762
435.421204,       24.7094821930
435.789612,       24.1929702759
436.157959,       24.5767745972
436.526276,       23.0125980377
436.894531,       22.7217750549
437.262756,       17.3911018372
437.630951,       16.5793972015
437.999146,       16.3624725342
438.367249,       14.9691801071
438.735321,       14.5124483109
439.103394,       13.6709508896
439.471405,       13.9655771255
439.839386,       37.4261741638
440.207306,       36.9511413574
440.575195,       37.0508842468
440.943054,       36.4844779968
441.310883,       36.2008323669
441.678680,       36.1758842468
442.046387,       36.2277565002
442.414093,       35.6161117554
442.781799,       35.2155647278
443.149414,       33.6791877747
443.516998,       33.6169242859
443.884552,       32.8686943054
444.252045,       32.7627601624
444.619537,       32.3067016602
444.987000,       32.4422073364
445.354401,       32.5998764038
445.721710,       33.0120429993
446.089081,       32.9514617920
446.456360,       33.2632217407
446.823608,       33.5857543945
447.190826,       33.4107322693
447.557953,       12.0902738571
447.925110,       11.2924575806
448.292175,       10.5362501144
448.659271,       10.8498897552
449.026276,       10.6074390411
449.393250,       10.0319633484
449.760193,       10.0299358368
450.127075,        9.7814865112
450.493958,        9.8024101257
450.860779,        9.2376279831
451.227570,        9.1865854263
451.594330,        9.4838628769
451.960999,        9.4843626022
452.327698,        9.5712680817
452.694336,        9.2935400009
453.060913,        8.7348909378
453.427490,        8.0908689499
453.793976,        7.9193773270
454.160492,        7.4889569283
454.526917,        7.6419434547
454.893311,        7.5684728622
455.259674,        7.1782393456
455.626007,        7.6265392303
455.992310,        8.0533227921
456.358551,        7.7689061165
456.724731,        8.1735029221
457.090912,        8.5204582214
457.457031,        8.3340606689
457.823151,        8.5836935043
458.189209,        8.4734783173
458.555206,        8.4882421494
458.921173,        8.2335596085
459.287109,        8.1854219437
459.653015,        8.8500099182
460.018890,        8.7241849899
460.384705,        8.7381162643
460.750519,        8.4662637711
461.116241,        8.3753490448
461.481964,        8.2686147690
461.847626,        8.6628122330
462.213226,        8.3349533081
462.578827,        8.4872522354
462.944427,        8.3096961975
463.309906,        7.9582519531
463.675385,        7.5450606346
464.040802,        7.4218921661
464.406219,        7.1558637619
464.771606,        6.5560474396
465.136902,        6.4971184731
465.502197,        6.1187586784
465.867462,        6.0259366035
466.232635,        5.6731028557
466.597839,        5.5785975456
466.962921,        5.5088276863
467.328003,        5.0197410583
467.693054,        5.0889053345
468.058075,        5.0979042053
468.423035,        5.7408647537
468.787994,        5.8054218292
469.152863,        5.8417124748
469.517700,        5.4855995178
469.882538,        5.0526919365
470.247314,        4.6443080902
470.612061,        5.5169191360
470.976746,        5.3599243164
471.341431,        5.6037306786
471.706024,        5.7264609337
472.070618,        5.9970612526
472.435181,        5.9672636986
472.799622,        5.8231925964
473.164124,        6.0566520691
473.528534,        5.9104175568
473.892975,        5.9748420715
474.257294,        6.0777363777
474.621582,        5.9025774002
474.985870,        5.9150567055
475.350098,        6.2205643654
475.714325,        6.0416917801
476.078461,        5.8827886581
476.442535,        5.7187633514
476.806641,        5.5598921776
477.170685,        5.4965348244
477.534668,        5.5004482269
477.898621,        5.5983929634
478.262512,        4.9781293869
478.626404,        5.4006447792
478.990265,        5.1989779472
479.354065,        4.9885878563
479.717834,        4.5340862274
480.081512,        4.5241761208
480.445221,        4.4967970848
480.808899,        4.3992972374
481.172485,        4.4569473267
481.536041,        4.3423204422
481.899567,        4.5998301506
482.263062,        4.4653711319
482.626526,        4.5478181839
482.989929,        4.2875628471
483.353271,        4.2327575684
483.716583,        3.9255335331
484.079895,        3.7616319656
484.443146,        3.7860364914
484.806366,        3.8425850868
485.169525,        3.9109463692
485.532654,        3.7517945766
485.895752,        3.5763225555
486.258820,        3.3509101868
486.621857,        3.5262916088
486.984802,        3.5333485603
487.347748,        3.6899585724
487.710663,        3.5756855011
488.073517,        3.4739441872
488.436340,        3.4814238548
488.799072,        3.4463014603
489.161835,        3.4656181335
489.524536,        3.1039664745
489.887238,        3.1632170677
490.249847,        3.0187251568
490.612396,        2.9486410618
490.974915,        2.9433171749
491.337433,        2.9315142632
491.699921,        3.1030771732
492.062347,        3.2281823158
492.424713,        3.1624999046
492.787079,        3.1292800903
493.149353,        3.8255457878
493.511658,        3.8321533203
493.873871,        3.7914433479
494.236053,        3.6691639423
494.598206,        3.7592127323
494.960297,        3.7919692993
495.322388,        3.8411128521
495.684418,        3.9053122997
496.046356,        3.7296493053
496.408325,        3.6794462204
496.770264,        3.6765244007
497.132141,        3.8198034763
497.493958,        3.8600273132
497.855713,        3.7759594917
498.217499,        3.6746852398
498.579193,        3.7193217278
498.940887,        3.7776365280
499.302490,        3.7080564499
499.664093,        3.5856420994
500.025635,        3.4992780685
500.387177,        3.4636285305
500.748627,        2.7806873322
501.110077,        2.9509463310
501.471436,        2.8831443787
501.832825,        2.8039493561
502.194153,        2.7416932583
502.555389,        2.6334960461
502.916626,        2.7464907169
503.277802,        2.7890579700
503.638977,        2.9635381699
504.000092,        3.1162056923
504.361176,        3.1228711605
504.722198,        2.9863493443
505.083160,        2.9431626797
505.444153,        2.9690585136
505.805084,        3.0801897049
506.165924,        3.0914616585
506.526764,        3.1613309383
506.887543,        3.5529143810
507.248322,        3.6613979340
507.609070,        3.7832365036
507.969727,        3.8138985634
508.330322,        3.8974668980
508.690918,        3.7692904472
509.051514,        3.7774894238
509.412018,        3.8433589935
509.772491,        3.9117567539
510.132904,        4.2138209343
510.493286,        4.3205976486
510.853699,        4.2948431969
511.213989,        4.2144527435
511.574280,        4.1335186958
511.934509,        4.1636939049
512.294678,        4.2853474617
512.654846,        4.2903518677
513.014954,        4.3118047714
513.375061,        4.4150648117
513.735046,        4.4894857407
514.095032,        4.4203448296
514.455078,        4.2372870445
514.814941,        4.1450047493
515.174805,        4.0957913399
515.534607,        4.1162190437
515.894409,        4.1502943039
516.254211,        4.1601691246
516.613892,        4.2851977348
516.973572,        4.3761100769
517.333130,        4.3947038651
517.692749,        4.1691265106
518.052368,        4.0009641647
518.411865,        4.0442748070
518.771301,        4.0519185066
519.130737,        4.0684509277
519.490173,        4.2028622627
519.849548,        4.2285914421
520.208801,        4.2827534676
520.568054,        4.3790264130
520.927307,        4.2992849350
521.286499,        4.2917366028
521.645691,        4.4449114799
522.004822,        4.4696831703
522.363831,        4.4845290184
522.722839,        4.5337624550
523.081848,        4.5687470436
523.440796,        4.5937099457
523.799744,        4.6568036079
524.158569,        4.5952258110
524.517395,        4.5380392075
524.876160,        4.5430111885
525.234924,        4.6131901741
525.593628,        4.6993494034
525.952271,        4.9511947632
526.310913,        5.1130390167
526.669495,        5.1809053421
527.028076,        5.1239023209
527.386536,        5.2642307281
527.744995,        5.3115096092
528.103394,        5.3596472740
528.461792,        5.4958505630
528.820129,        5.6864542961
529.178406,        5.7048397064
529.536743,        5.7151126862
529.894958,        5.7930569649
530.253113,        5.8759140968
530.611267,        6.0961141586
530.969299,        6.2296571732
531.327393,        6.3754463196
531.685486,        6.4415616989
532.043335,        6.5261759758
532.401367,        6.5514812469
532.759216,        6.5865068436
533.117004,        6.6653556824
533.474915,        6.5145597458
533.832642,        6.5184941292
534.190430,        6.5508713722
534.548096,        6.5995855331
534.905762,        6.5378880501
535.263367,        6.6177501678
535.620850,        6.6275653839
535.978455,        6.5752296448
536.335876,        6.4664883614
536.693359,        6.4462952614
537.050781,        6.4263873100
537.408142,        6.5055994987
537.765442,        6.4868659973
538.122681,        6.3478360176
538.479919,        6.2979793549
538.837219,        6.2371773720
539.194336,        6.3051686287
539.551453,        6.4085798264
539.908508,        6.5725402832
540.265564,        6.5550537109
540.622559,        6.5041675568
540.979553,        6.4862475395
541.336426,        6.4662590027
541.693298,        6.4850034714
542.050110,        6.5437502861
542.406921,        6.5843029022
542.763672,        6.6172637939
543.120422,        6.6361441612
543.477051,        6.6750602722
543.833679,        6.7037119865
544.190308,        6.6965804100
544.546814,        6.7117905617
544.903381,        6.6973075867
545.259827,        6.6874561310
545.616211,        6.6934795380
545.972595,        6.6582627296
546.328979,        6.6523976326
546.685242,        6.6186523438
547.041504,        6.5259375572
547.397644,        6.4034223557
547.753906,        6.4419350624
548.110046,        6.4866690636
548.466125,        6.5126342773
548.822144,        6.5043764114
549.178223,        6.5026907921
549.534241,        6.5000047684
549.890137,        6.4487667084
550.246033,        6.4443111420
550.601868,        6.4492888451
550.957581,        6.4578013420
551.313416,        6.5672388077
551.669128,        6.6318483353
552.024841,        6.6759357452
552.380432,        6.6357059479
552.736023,        6.6955933571
553.091675,        6.8554410934
553.447144,        6.9052457809
553.802612,        6.9144062996
554.158020,        6.9782552719
554.513428,        6.9432506561
554.868774,        6.9357967377
555.224121,        7.0702157021
555.579346,        7.0496544838
555.934631,        7.0629844666
556.289734,        7.0939316750
556.644958,        7.1654767990
557.000000,        7.1927695274
557.355103,        7.1854076385
557.710083,        7.1390404701
558.065063,        7.1037182808
558.420105,        7.0953106880
558.774963,        6.9914793968
559.129822,        6.9854326248
559.484619,        6.9791831970
559.839355,        7.0161948204
560.194153,        6.9595403671
560.548828,        6.8400382996
560.903442,        6.8027400970
561.258057,        6.8533515930
561.612610,        6.7901382446
561.967224,        6.8390712738
562.321655,        6.8186879158
562.676086,        6.6667647362
563.030457,        6.6359906197
563.384827,        6.6043591499
563.739197,        6.5954194069
564.093445,        6.5034685135
564.447693,        6.4145975113
564.801880,        6.3881716728
565.156006,        6.3738040924
565.510132,        6.3739514351
565.864197,        6.3636965752
566.218262,        6.3374423981
566.572205,        6.2655963898
566.926086,        6.2033748627
567.280090,        6.1504254341
567.633972,        6.1563701630
567.987732,        6.0916891098
568.341553,        6.0403151512
568.695190,        5.9502153397
569.048950,        5.9341931343
569.402649,        5.8681750298
569.756165,        5.8563957214
570.109802,        5.8568320274
570.463257,        5.8573217392
570.816772,        5.8786606789
571.170227,        5.8193745613
571.523621,        5.8007621765
571.877014,        5.7830462456
572.230286,        5.7769165039
572.583557,        5.7787775993
572.936829,        5.7971763611
573.289978,        5.8137097359
573.643250,        5.8239774704
573.996216,        5.8065648079
574.349365,        5.7950854301
574.702393,        5.7917976379
575.055359,        5.7719612122
575.408325,        5.7873477936
575.761169,        5.8072509766
576.114075,        5.8194074631
576.466919,        5.7513995171
576.819641,        5.7202892303
577.172363,        5.6726689339
577.525085,        5.6988425255
577.877686,        5.7163515091
578.230286,        5.6502580643
578.582825,        5.6276440620
578.935425,        5.5978479385
579.287903,        5.5794830322
579.640320,        5.5505075455
579.992676,        5.4888963699
580.345093,        5.4201860428
580.697388,        5.3743748665
581.049683,        5.3153319359
581.401855,        5.2751088142
581.754089,        5.3711123466
582.106201,        5.4033608437
582.458313,        5.4183735847
582.810425,        5.3883934021
583.162354,        5.3549423218
583.514404,        5.3446187973
583.866272,        5.3293390274
584.218201,        5.3543481827
584.570068,        5.4145398140
584.921875,        5.3648986816
585.273560,        5.3380208015
585.625305,        5.4007129669
585.977051,        5.3788299561
586.328674,        5.5212106705
586.680237,        5.5073380470
587.031799,        5.5427732468
587.383301,        5.5699172020
587.734802,        5.5884718895
588.086243,        5.5775427818
588.437561,        5.5933079720
588.788940,        5.6565546989
589.140198,        5.5231914520
589.491516,        5.4411935806
589.842712,        5.4210729599
590.193848,        5.4549956322
590.544983,        5.4477872849
590.896057,        5.4640197754
591.247192,        5.4829955101
591.598145,        5.4438276291
591.949158,        5.3698973656
592.300049,        5.3565940857
592.650879,        5.3200511932
593.001770,        5.2374224663
593.352539,        5.2785463333
593.703308,        5.2082409859
594.054016,        5.2183074951
594.404663,        5.1896748543
594.755310,        5.2245898247
595.105896,        5.1989240646
595.456360,        5.1784071922
595.806885,        5.1467432976
596.157349,        5.1389036179
596.507751,        5.2194075584
596.858154,        5.2435083389
597.208435,        5.2357101440
597.558777,        5.2232189178
597.908997,        5.2213211060
598.259216,        5.1498775482
598.609314,        5.1619162560
598.959473,        5.2620964050
599.309570,        5.3278503418
599.659546,        5.3759684563
600.009583,        5.4133892059
600.359497,        5.4616503716
600.709412,        5.4135446548
601.059265,        5.3598847389
601.409058,        5.4353771210
601.758850,        5.4460248947
602.108521,        5.3898210526
602.458191,        5.4063162804
602.807922,        5.4040760994
603.157471,        5.4161615372
603.507080,        5.3872694969
603.856567,        5.3424353600
604.205994,        5.3233823776
604.555542,        5.3316302299
604.904846,        5.2990617752
605.254211,        5.3099722862
605.603516,        5.4794640541
605.952759,        5.5149950981
606.302063,        5.4378743172
606.651123,        5.3902411461
607.000305,        5.3569006920
607.349365,        5.3201274872
607.698425,        5.2605962753
608.047485,        5.2710208893
608.396362,        5.2555675507
608.745300,        5.1492547989
609.094177,        5.1184730530
609.442993,        5.1133890152
609.791809,        5.0903873444
610.140503,        5.0829849243
610.489258,        5.0523324013
610.837891,        5.0540318489
611.186523,        5.0113415718
611.535156,        4.9903297424
611.883606,        4.9400100708
612.232178,        4.9937639236
612.580566,        5.0005893707
612.928955,        4.8495674133
613.277344,        4.7836737633
613.625610,        4.7703542709
613.973938,        4.7606539726
614.322144,        4.7683405876
614.670288,        4.7925696373
615.018555,        4.8221006393
615.366516,        4.8024477959
615.714661,        4.7703561783
616.062622,        4.8353338242
616.410645,        4.8275470734
616.758606,        4.8512539864
617.106445,        4.8266606331
617.454285,        4.8343830109
617.802063,        4.8605604172
618.149841,        4.8553295135
618.497559,        4.8552527428
618.845215,        4.8967165947
619.192871,        4.9134678841
619.540466,        4.8406977654
619.888000,        4.8014197350
620.235535,        4.7901501656
620.582886,        4.8070030212
620.930359,        4.7917432785
621.277710,        4.7726917267
621.625061,        4.7228121758
621.972351,        4.6835584641
622.319519,        4.6486620903
622.666809,        4.6518855095
623.013916,        4.6578683853
623.361023,        4.6197233200
623.708130,        4.6340942383
624.055054,        4.6229343414
624.402100,        4.6086049080
624.749023,        4.6308231354
625.095947,        4.6341919899
625.442810,        4.6311779022
625.789551,        4.6220622063
626.136353,        4.5909547806
626.483032,        4.6013569832
626.829712,        4.6617951393
627.176392,        4.6796545982
627.522949,        4.6819543839
627.869507,        4.6686992645
628.216003,        4.6653995514
628.562500,        4.6873574257
628.908936,        4.6965489388
629.255310,        4.6827125549
629.601624,        4.6939749718
629.947876,        4.7029814720
630.294067,        4.7583508492
630.640320,        4.7157745361
630.986511,        4.6865611076
631.332642,        4.6501464844
631.678650,        4.6733632088
632.024658,        4.6173939705
632.370728,        4.6292710304
632.716614,        4.5990457535
633.062500,        4.6076083183
633.408325,        4.6090106964
633.754089,        4.6960992813
634.099915,        4.6517400742
634.445679,        4.6578717232
634.791321,        4.6633391380
635.136963,        4.7155199051
635.482483,        4.7006077766
635.828125,        4.6574978828
636.173584,        4.6065196991
636.519043,        4.6195096970
636.864502,        4.6060581207
637.209778,        4.5811662674
637.555237,        4.5043163300
637.900452,        4.5037941933
638.245728,        4.4973597527
638.590881,        4.4688544273
638.935974,        4.4344892502
639.281189,        4.4170007706
639.626221,        4.4109282494
639.971191,        4.3972907066
640.316223,        4.3697590828
640.661072,        4.3468871117
641.006042,        4.2263469696
641.350891,        4.1772046089
641.695679,        4.1278910637
642.040466,        4.0645771027
642.385071,        3.9440603256
642.729858,        3.9225046635
643.074463,        3.9075737000
643.419067,        3.9111316204
643.763611,        3.9078660011
644.108032,        3.8705401421
644.452515,        3.8522708416
644.796936,        3.8126666546
645.141296,        3.8142387867
645.485657,        3.8063235283
645.829834,        3.8014228344
646.174133,        3.7671723366
646.518311,        3.7426776886
646.862427,        3.6742410660
647.206604,        3.6355338097
647.550598,        3.6302163601
647.894653,        3.5869281292
648.238647,        3.5606312752
648.582458,        3.5528109074
648.926453,        3.5106842518
649.270203,        3.5049836636
649.614075,        3.5036742687
649.957764,        3.5045187473
650.301453,        3.4844353199
650.645142,        3.4673140049
650.988708,        3.4282982349
651.332336,        3.3924643993
651.675842,        3.3703713417
652.019348,        3.3678679466
652.362854,        3.3304698467
652.706177,        3.2806315422
653.049561,        3.2606348991
653.392883,        3.2492718697
653.736084,        3.2376327515
654.079346,        3.2364263535
654.422424,        3.2095427513
654.765625,        3.1851541996
655.108765,        3.1648349762
655.451721,        3.1157004833
655.794800,        3.0853888988
656.137695,        3.0821704865
656.480591,        3.0682904720
656.823486,        3.0389721394
657.166260,        2.9799437523
657.509094,        2.9507315159
657.851807,        2.9197998047
658.194519,        2.8613145351
658.537109,        2.9389710426
658.879761,        2.9132797718
659.222351,        2.9083290100
659.564758,        2.8887984753
659.907349,        2.8683812618
660.249695,        2.8374485970
660.592041,        2.8342316151
660.934448,        2.8150150776
661.276672,        2.7581746578
661.619019,        2.7334086895
661.961182,        2.6846930981
662.303284,        2.6694259644
662.645508,        2.6498296261
662.987427,        2.6165049076
663.329529,        2.5941700935
663.671448,        2.5677711964
664.013428,        2.5530166626
664.355347,        2.5507616997
664.697205,        2.6325502396
665.039001,        2.6038770676
665.380676,        2.6002948284
665.722412,        2.5148413181
666.064148,        2.4826240540
666.405701,        2.4282178879
666.747253,        2.3710663319
667.088806,        2.3347387314
667.430298,        2.2903802395
667.771790,        2.2461757660
668.113159,        2.2124397755
668.454529,        2.2083687782
668.795837,        2.1937739849
669.137085,        2.1823239326
669.478394,        2.1471505165
669.819519,        2.1622054577
670.160645,        2.1524474621
670.501709,        2.1058406830
670.842773,        2.0694515705
671.183777,        2.0681436062
671.524719,        2.0357401371
671.865662,        1.9251499176
672.206482,        1.9004799128
672.547302,        1.8571907282
672.888123,        1.8432842493
673.228821,        1.8271187544
673.569458,        1.8209373951
673.910095,        1.8052253723
674.250732,        1.8068860769
674.591370,        1.8135259151
674.931824,        1.7843176126
675.272217,        1.7553055286
675.612732,        1.7243942022
675.953003,        1.7148140669
676.293396,        1.6906552315
676.633667,        1.6987130642
676.973877,        1.6588456631
677.314148,        1.6490211487
677.654236,        1.6521083117
677.994385,        1.6583499908
678.334412,        1.6477860212
678.674438,        1.6657510996
679.014404,        1.6698124409
679.354309,        1.7066822052
679.694214,        1.7357317209
680.034058,        1.7359888554
680.373840,        1.7547341585
680.713623,        1.7851120234
681.053223,        1.8300639391
681.392944,        1.9399350882
681.732544,        2.5373339653
682.072083,        3.3379747868
682.411621,        3.3955674171
682.751038,        3.4382481575
683.090515,        3.4806106091
683.429871,        3.5220508575
683.769226,        3.6002364159
684.108582,        3.6736083031
684.447754,        3.7173488140
684.786987,        3.7785117626
685.126160,        3.8282740116
685.465210,        3.8781363964
685.804382,        3.9523885250
686.143311,        4.0493259430
686.482361,        4.1277589798
686.821289,        4.2507638931
687.160156,        4.3261613846
687.499023,        4.4324860573
687.837769,        4.6196155548
688.176514,        4.7275643349
688.515259,        4.7650213242
688.853882,        4.3607139587
689.192566,        3.7337145805
689.531067,        3.8569848537
689.869629,        4.0269875526
690.208130,        4.1847767830
690.546570,        4.3672423363
690.885010,        4.4733695984
691.223267,        4.6336555481
691.561584,        4.8242959976
691.899841,        5.0702700615
692.238037,        5.2737598419
692.576294,        5.4844727516
692.914307,        5.7040615082
693.252380,        5.8800687790
693.590454,        6.0556001663
693.928406,        6.2193560600
694.266357,        6.4493427277
694.604187,        6.6730194092
694.942078,        6.8133568764
695.279907,        7.0095844269
695.617615,        7.2617745399
695.955444,        7.4400296211
696.292969,        7.6929130554
696.630676,        7.9362058640
696.968201,        8.1537866592
697.305725,        8.4831104279
697.643250,        8.7157945633
697.980652,        8.9907960892
698.318054,        9.2310314178
698.655396,        9.4683771133
698.992676,        9.6358213425
699.330017,        9.9000549316
699.667175,       10.1141319275
700.004395,       10.3420343399
700.341492,       10.5641727448
700.678528,       10.8357257843
701.015564,       11.1075115204
701.352478,       11.3226137161
701.689514,       11.5687379837
702.026428,       11.8185195923
702.363220,       12.0856904984
702.700073,       12.2763853073
703.036804,       12.5405101776
703.373474,       12.7947597504
703.710144,       13.0754022598
704.046814,       13.2844018936
704.383362,       13.3873806000
704.719910,       13.6391105652
705.056335,       13.8565568924
705.392761,       14.1031579971
705.729187,       14.2932548523
706.065552,       14.5329504013
706.401855,       14.7296686172
706.738098,       15.0104417801
707.074280,       15.2285795212
707.410461,       15.4669923782
707.746643,       15.7068519592
708.082642,       15.9221649170
708.418701,       16.1854572296
708.754639,       16.4011421204
709.090576,       16.5946731567
709.426514,       16.7982635498
709.762329,       17.0607910156
710.098083,       17.2874317169
710.433838,       17.4904098511
710.769592,       17.7015266418
711.105286,       17.9219417572
711.440796,       18.1809825897
711.776367,       18.3839073181
712.112000,       18.5536136627
712.447388,       18.7522983551
712.782837,       19.0824565887
713.118225,       19.2902698517
713.453552,       19.5021705627
713.788818,       19.6662387848
714.124023,       19.8863525391
714.459290,       20.1333618164
714.794434,       20.3007526398
715.129517,       20.5397510529
715.464661,       20.7317638397
715.799622,       20.8901100159
716.134583,       21.1122608185
716.469482,       21.3825073242
716.804321,       21.5684108734
717.139221,       21.7581214905
717.473938,       21.9515419006
717.808777,       22.1256427765
718.143433,       22.3431873322
718.478088,       22.6072235107
718.812683,       22.7695636749
719.147217,       23.0264739990
719.481750,       23.2226505280
719.816223,       23.3762969971
720.150574,       23.6666431427
720.485046,       23.8886547089
720.819214,       24.1335029602
721.153564,       24.3531169891
721.487854,       24.5352020264
721.821960,       24.7534370422
722.156189,       25.0724372864
722.490234,       25.2912368774
722.824341,       25.5502433777
723.158264,       25.8063640594
723.492249,       25.9759387970
723.826172,       26.1939792633
724.159973,       26.4372768402
724.493835,       26.6317596436
724.827576,       26.8278026581
725.161316,       27.0723438263
725.494995,       27.2262897491
725.828613,       27.4677066803
726.162231,       27.6701354980
726.495728,       27.9297599792
726.829163,       28.1163635254
727.162720,       28.2408142090
727.496033,       28.4280719757
727.829468,       28.6252174377
728.162720,       28.7764587402
728.496033,       28.9623222351
728.829224,       29.1591281891
729.162354,       29.1762142181
729.495483,       29.3551807404
729.828552,       29.5201072693
730.161560,       29.6790504456
730.494629,       29.8481197357
730.827454,       30.0093917847
731.160400,       30.1756343842
731.493225,       30.4097023010
731.825989,       30.5737190247
732.158813,       30.7505722046
732.491455,       30.9180469513
732.824158,       31.1128025055
733.156799,       31.2894725800
733.489319,       31.4013595581
733.821899,       31.5762100220
734.154236,       31.7209396362
734.486755,       31.8824176788
734.819092,       32.0163536072
735.151428,       32.1320953369
735.483765,       32.2723464966
735.815857,       32.3883514404
736.148132,       32.5354652405
736.480286,       32.6830101013
736.812378,       32.8139953613
737.144470,       32.9171905518
737.476379,       33.0313835144
737.808411,       33.1574363708
738.140259,       33.3012161255
738.472168,       33.3622627258
738.804016,       33.4881134033
739.135742,       33.5406112671
739.467468,       33.7095298767
739.799133,       33.8362388611
740.130798,       33.9279365540
740.462402,       34.0957641602
740.793884,       34.2954864502
741.125366,       34.4482078552
741.456848,       34.5326347351
741.788208,       34.6648292542
742.119568,       34.8123626709
742.450928,       34.9667968750
742.782166,       35.0895042419
743.113281,       35.2605476379
743.444458,       35.3726997375
743.775635,       35.4774360657
744.106689,       35.5918159485
744.437683,       35.7293586731
744.768677,       35.8462219238
745.099609,       35.8643112183
745.430481,       35.9805564880
745.761353,       36.1277313232
746.092102,       36.2540550232
746.422852,       36.3113441467
746.753479,       36.3498382568
747.084229,       36.4331436157
747.414795,       36.4735527039
747.745300,       36.5071411133
748.075806,       36.5471076965
748.406311,       36.6113204956
748.736694,       36.6258583069
749.067078,       36.6911926270
749.397400,       36.7381858826
749.727722,       36.7967376709
750.057861,       36.8770141602
750.388062,       36.9212951660
750.718201,       36.9893112183
751.048279,       37.0480918884
751.378357,       37.0601043701
751.708252,       37.1039733887
752.038208,       37.2596321106
752.368164,       37.3055801392
752.697937,       37.2708244324
753.027832,       37.3032188416
753.357483,       37.3646354675
753.687256,       37.3828010559
754.016907,       37.4888916016
754.346497,       37.5371475220
754.676147,       37.4920921326
755.005493,       37.4955062866
755.335083,       37.5346221924
755.664490,       37.5669822693
755.993835,       37.5706214905
756.323181,       37.5726356506
756.652405,       37.5604019165
756.981689,       37.4908599854
757.310852,       37.5080604553
757.640015,       37.5549926758
757.969177,       37.5652999878
758.298096,       37.5817375183
758.627197,       37.6060485840
758.956116,       37.5229072571
759.284973,       37.5156326294
759.613892,       37.5198974609
759.942627,       37.5059204102
760.271423,       37.4809417725
760.600159,       37.4816436768
760.928772,       37.4615135193
761.257446,       37.4030876160
761.585999,       37.4370002747
761.914490,       37.5535087585
762.242981,       37.5471305847
762.571350,       37.5677032471
762.899841,       37.5927200317
763.228088,       37.5987739563
763.556396,       37.6039924622
763.884644,       37.5881271362
764.212830,       37.6200752258
764.541016,       37.5921859741
764.869080,       37.6217727661
765.197144,       37.6033515930
765.525146,       37.5888748169
765.853088,       37.6341934204
766.181030,       37.6648750305
766.508789,       37.6577033997
766.836670,       37.7182006836
767.164429,       37.7542152405
767.492126,       37.7808303833
767.819824,       37.6934547424
768.147400,       37.7738189697
768.475037,       37.7610549927
768.802490,       37.7700881958
769.130005,       37.8403205872
769.457458,       37.8688163757
769.784790,       37.9068374634
770.112183,       37.9498100281
770.439453,       37.9682388306
770.766663,       38.0573120117
771.093872,       38.0204963684
771.420959,       38.0066795349
771.748108,       37.9524688721
772.075195,       38.0337333679
772.402161,       38.0413436890
772.729126,       38.0460128784
773.055969,       38.0178527832
773.382874,       38.0759544373
773.709717,       38.0382461548
774.036438,       37.9187545776
774.363159,       37.9258499146
774.689758,       38.0025062561
775.016479,       37.9353141785
775.343018,       37.9768791199
775.669495,       37.8611907959
775.996033,       37.8132972717
776.322449,       37.8392410278
776.648865,       37.8265762329
776.975098,       37.8375244141
777.301453,       37.8940086365
777.627686,       37.8967590332
777.953857,       38.0050430298
778.280029,       38.0175628662
778.606079,       38.1553840637
778.932068,       38.1279602051
779.258179,       38.1172256470
779.584045,       38.1099891663
779.909973,       38.0991058350
780.235840,       38.0556793213
780.561646,       38.1280517578
780.887390,       38.1851005554
781.213135,       38.1522483826
781.538757,       38.1495094299
781.864380,       38.2881050110
782.189880,       38.3082771301
782.515442,       38.2872390747
782.840942,       38.3324546814
783.166321,       38.3223190308
783.491699,       38.3023834229
783.817017,       38.2632865906
784.142395,       38.2529754639
784.467529,       38.2240486145
784.792725,       38.1502761841
785.117859,       38.1476745605
785.442932,       38.0542945862
785.768005,       38.0801277161
786.092957,       38.0875625610
786.417908,       38.0880165100
786.742798,       38.1003875732
787.067566,       38.2031593323
787.392456,       38.1299324036
787.717163,       38.1643218994
788.041870,       38.2357673645
788.366577,       38.2079353333
788.691101,       38.0462188721
789.015686,       38.1248664856
789.340149,       38.1893157959
789.664673,       38.2241668701
789.989075,       38.2211380005
790.313354,       38.4245796204
790.637756,       38.4681930542
790.962036,       38.5065422058
791.286194,       38.5225677490
791.610413,       38.4971504211
791.934448,       38.5400695801
792.258606,       38.5500183105
792.582581,       38.5958061218
792.906555,       38.6656112671
793.230530,       38.6438980103
793.554321,       38.6631660461
793.878174,       38.5902633667
794.201965,       38.5604782104
794.525696,       38.5365371704
794.849426,       38.5303192139
795.172974,       38.5912704468
795.496643,       38.6992874146
795.820129,       38.6653900146
796.143616,       38.6696777344
796.467102,       38.6220550537
796.790405,       38.6550979614
797.113831,       38.4826202393
797.437134,       38.4848670959
797.760315,       38.4643058777
798.083618,       38.4569511414
798.406677,       38.5568428040
798.729797,       38.6037254333
799.052856,       38.6169662476
799.375854,       38.5064735413
799.698853,       38.4721412659
800.021729,       38.5411758423
800.344604,       38.5287437439
800.667358,       38.6074523926
800.990112,       38.6712760925
801.312866,       38.7256164551
801.635498,       38.7522850037
801.958191,       38.7115631104
802.280701,       38.7029571533
802.603210,       38.6328201294
802.925781,       38.6269798279
803.248108,       38.6474075317
803.570496,       38.6488380432
803.892822,       38.6917037964
804.215088,       38.7186737061
804.537354,       38.7165679932
804.859436,       38.6910171509
805.181641,       38.5562210083
805.503723,       38.4967536926
805.825745,       38.5352821350
806.147766,       38.5893783569
806.469604,       38.5992584229
806.791504,       38.6369171143
807.113342,       38.6989250183
807.435181,       38.6848793030
807.756897,       38.7179260254
808.078552,       38.6749267578
808.400208,       38.6911087036
808.721802,       38.7397041321
809.043335,       38.6816787720
809.364929,       38.7200775146
809.686279,       38.7297668457
810.007751,       38.7454833984
810.329041,       38.6642684937
810.650330,       38.6784133911
810.971619,       38.6249008179
811.292786,       38.6467704773
811.613953,       38.6714363098
811.935059,       38.7007637024
812.256104,       38.7374038696
812.577148,       38.6500701904
812.898071,       38.6781463623
813.218994,       38.6273460388
813.539795,       38.5292816162
813.860596,       38.5558738708
814.181396,       38.5290069580
814.502136,       38.4885902405
814.822754,       38.5614318848
815.143372,       38.5049247742
815.463928,       38.4921569824
815.784485,       38.5544662476
816.104919,       38.4800491333
816.425354,       38.5062637329
816.745728,       38.5023384094
817.065979,       38.5239562988
817.386353,       38.5312843323
817.706421,       38.5645866394
818.026733,       38.5616874695
818.346863,       38.6022109985
818.666809,       38.6925086975
818.986938,       38.6943130493
819.306824,       38.7015914917
819.626770,       38.6651382446
819.946716,       38.6998786926
820.266479,       38.8171958923
820.586304,       38.7097320557
820.905945,       38.7196617126
821.225647,       38.7512397766
821.545349,       38.7698554993
821.864868,       38.8115806580
822.184448,       38.9079437256
822.503845,       38.9500617981
822.823364,       38.9783248901
823.142761,       39.0271263123
823.462036,       39.0703010559
823.781372,       39.0825004578
824.100525,       39.0389823914
824.419800,       39.4329109192
824.738953,       39.4603958130
825.057922,       39.4549293518
825.377014,       39.4028053284
825.695984,       39.4054565430
826.014954,       39.4526824951
826.333862,       39.4476470947
826.652649,       39.4956665039
826.971497,       39.4250450134
827.290100,       39.5208053589
827.608887,       39.5821113586
827.927612,       39.5453758240
828.246094,       39.4629402161
828.564697,       39.4328575134
828.883118,       39.3433380127
829.201599,       39.3055076599
829.520020,       39.3238792419
829.838318,       39.2704963684
830.156616,       39.1781044006
830.474854,       39.1936569214
830.793091,       39.2452163696
831.111267,       38.7635955811
831.429260,       38.7465209961
831.747437,       38.7651062012
832.065308,       38.7482643127
832.383362,       38.8467788696
832.701233,       38.8784942627
833.019043,       38.9382781982
833.336914,       38.8794593811
833.654663,       38.8903961182
833.972351,       38.8837471008
834.289978,       38.8833847046
834.607483,       39.0096626282
834.925171,       39.0474929810
835.242676,       39.0484886169
835.560059,       39.0805549622
835.877502,       39.0399589539
836.194763,       39.0289459229
836.512146,       39.0540618896
836.829468,       39.1510887146
837.146545,       39.2095031738
837.463745,       39.1148490906
837.780823,       39.1682205200
838.097900,       39.2097244263
838.414917,       39.1939926147
838.731873,       39.1645050049
839.048828,       39.0852317810
839.365540,       39.0442123413
839.682434,       39.0245628357
839.999207,       39.1439056396
840.315857,       39.1279792786
840.632568,       39.0714836121
840.949097,       39.0047683716
841.265747,       38.8909835815
841.582275,       38.9406280518
841.898682,       39.0505065918
842.215088,       39.0289916992
842.531433,       39.0550842285
842.847778,       39.1042861938
843.164063,       39.0749626160
843.480164,       39.0611381531
843.796387,       39.0205993652
844.112427,       39.0830383301
844.428528,       39.1397056580
844.744568,       39.1060981750
845.060486,       39.2189750671
845.376404,       39.2618560791
845.692200,       39.2294235229
846.008057,       39.2710876465
846.323853,       39.3145637512
846.639465,       39.2405242920
846.955139,       39.2270393372
847.270691,       39.2482147217
847.586304,       39.2767105103
847.901855,       39.3147888184
848.217224,       39.1887207031
848.532715,       39.1413764954
848.847961,       39.2413635254
849.163330,       39.2120971680
849.478638,       39.1789817810
849.793823,       39.2388000488
850.108948,       39.2151756287
850.424011,       39.2653388977
850.739136,       39.2944793701
851.054199,       39.2602729797
851.369019,       39.1895294189
851.684021,       39.0807418823
851.998779,       39.1460075378
852.313660,       39.1738128662
852.628418,       39.1902580261
852.943054,       39.1982345581
853.257751,       39.1836051941
853.572327,       39.2022705078
853.886841,       39.2049942017
854.201477,       39.2397880554
854.515808,       39.3010635376
854.830261,       39.3954772949
855.144592,       39.3814163208
855.458862,       39.2542762756
855.773193,       39.2422180176
856.087280,       39.2972717285
856.401489,       39.2347106934
856.715515,       39.2527160645
857.029602,       39.2388191223
857.343628,       39.2093467712
857.657532,       39.1795349121
857.971497,       39.2540779114
858.285278,       39.2381935120
858.599121,       39.2099037170
858.912903,       39.1716728210
859.226501,       39.1724052429
859.540222,       39.1038589478
859.853699,       39.1879844666
860.167297,       39.2111930847
860.480896,       39.2770957947
860.794250,       39.3684234619
861.107666,       39.2944641113
861.420959,       39.3116073608
861.734314,       39.3130340576
862.047546,       39.3234443665
862.360657,       39.4254989624
862.673889,       39.4935836792
862.986938,       39.5600128174
863.299988,       39.5717582703
863.613037,       39.6762771606
863.925903,       39.7038536072
864.238831,       39.8956718445
864.551575,       39.8721313477
864.864380,       39.8316001892
865.177185,       39.8666725159
865.489807,       39.9322090149
865.802490,       39.9545822144
866.114990,       40.0373725891
866.427612,       40.1165351868
866.740112,       40.1190452576
867.052429,       40.1031608582
867.364868,       40.0446395874
867.677124,       40.0791511536
867.989502,       40.1471786499
868.301758,       40.1808509827
868.613831,       40.2372169495
868.926025,       40.1886329651
869.238159,       40.0865592957
869.550049,       40.0502014160
869.862122,       40.0741386414
870.173950,       39.9483566284
870.485901,       39.9233818054
870.797791,       39.7783966064
871.109497,       39.9083747864
871.421204,       39.9516029358
871.732849,       39.9666137695
872.044495,       40.0162239075
872.356079,       39.9578437805
872.667542,       39.9526863098
872.979065,       39.8558921814
873.290344,       39.8748970032
873.601807,       39.8842010498
873.913147,       39.8512725830
874.224304,       39.8819541931
874.535645,       39.8159103394
874.846741,       39.8062248230
875.157837,       39.8850402832
875.468994,       39.9116439819
875.779907,       39.9347229004
876.090881,       39.9660339355
876.401733,       39.9223365784
876.712646,       39.9515838623
877.023499,       39.9567794800
877.334167,       40.0043182373
877.644897,       39.9152832031
877.955505,       39.9178962708
878.266113,       39.8748779297
878.576721,       39.8663825989
878.887146,       39.9035110474
879.197571,       39.8920860291
879.507996,       39.8799591064
879.818298,       39.8837242126
880.128662,       40.0525588989
880.438843,       39.9792861938
880.749084,       40.0045318604
881.059143,       40.3162612915
881.369263,       40.2709426880
881.679382,       40.1205558777
881.989258,       40.1023941040
882.299194,       40.0579719543
882.609070,       40.0871086121
882.918945,       40.1388931274
883.228760,       40.0876655579
883.538452,       40.1155395508
883.848145,       40.2079658508
884.157654,       40.2666168213
884.467285,       40.3146324158
884.776917,       40.3596611023
885.086243,       40.3411254883
885.395813,       40.3127593994
885.705017,       40.3151016235
886.014404,       40.3241996765
886.323730,       40.3082809448
886.632874,       40.1544151306
886.942078,       40.3107528687
887.251160,       40.2724761963
887.560242,       39.9484062195
887.869263,       39.9983253479
888.178162,       39.9742431641
888.487122,       39.9454879761
888.795898,       40.0298080444
889.104797,       39.9685096741
889.413513,       39.9092903137
889.722168,       40.0044860840
890.030884,       40.0481872559
890.339417,       39.9210815430
890.648010,       39.8914718628
890.956543,       39.9038925171
891.264893,       39.8649215698
891.573364,       39.8024177551
891.881653,       39.7907752991
892.189941,       39.8194808960
892.498230,       39.8819847107
892.806335,       39.9025421143
893.114502,       40.0114097595
893.422546,       39.9022636414
893.730652,       39.9547004700
894.038696,       40.0637893677
894.346497,       40.0382385254
894.654419,       40.0968971252
894.962158,       40.1462059021
895.270020,       40.1711387634
895.577759,       40.2030639648
895.885376,       40.3788986206
896.192993,       40.3500595093
896.500549,       40.3202705383
896.808044,       40.2818183899
897.115601,       40.2694740295
897.422913,       40.3785972595
897.730347,       40.4544944763
898.037598,       40.5625000000
898.344910,       40.5748100281
898.652161,       40.5231475830
898.959167,       40.5424957275
899.266418,       40.5849800110
899.573364,       40.5897102356
899.880371,       40.5831031799
900.187378,       40.4956207275
900.494202,       40.4130630493
900.801086,       40.3967361450
901.107788,       40.4338912964
901.414612,       40.4945030212
901.721375,       40.4496994019
902.027832,       40.4978027344
902.334534,       40.3723869324
902.641113,       40.4619903564
902.947510,       40.4556083679
903.253967,       40.5474472046
903.560242,       40.5171051025
903.866638,       40.4386634827
904.172974,       40.3711891174
904.479126,       40.3187217712
904.785278,       40.3665847778
905.091370,       40.3823394775
905.397461,       40.3077507019
905.703552,       40.2330932617
906.009399,       40.1930961609
906.315369,       40.2230606079
906.621155,       40.1841163635
906.927002,       40.1780776978
907.232788,       40.1943664551
907.538452,       40.2442398071
907.844116,       40.1396408081
908.149658,       40.1802978516
908.455200,       40.1217079163
908.760803,       40.1578712463
909.066162,       40.0371093750
909.371582,       40.0458259583
909.676880,       39.9906349182
909.982178,       40.0872154236
910.287476,       40.0536537170
910.592529,       40.0373115540
910.897705,       40.1558761597
911.202759,       40.1554222107
911.507813,       40.2115974426
911.812805,       40.2104377747
912.117676,       40.2334175110
912.422546,       40.1497230530
912.727356,       40.2176780701
913.032104,       40.2945289612
913.336853,       40.3591651917
913.641479,       40.3778877258
913.946106,       40.3385925293
914.250610,       40.5154838562
914.555115,       40.5042190552
914.859619,       40.5895423889
915.163940,       40.5429115295
915.468323,       40.5527458191
915.772583,       40.5662841797
916.076843,       40.5741653442
916.381104,       40.4783058167
916.685120,       40.5088348389
916.989258,       40.6010704041
917.293213,       40.4100379944
917.597290,       40.6573257446
917.901184,       40.9045982361
918.205017,       40.9866485596
918.508850,       41.0479888916
918.812561,       41.1247291565
919.116333,       41.1141242981
919.420044,       41.1703033447
919.723572,       41.1429176331
920.027222,       41.1517257690
920.330627,       41.0537414551
920.634094,       41.0010681152
920.937561,       40.9169769287
921.240784,       40.9706497192
921.544189,       40.9628906250
921.847351,       40.9306068420
922.150574,       41.0232734680
922.453735,       41.1070289612
922.756775,       41.1000328064
923.059875,       41.0613975525
923.362793,       40.9835166931
923.665771,       41.1880569458
923.968689,       40.9406852722
924.271362,       40.5887489319
924.574219,       40.5706443787
924.876892,       40.4945182800
925.179565,       40.4272651672
925.482239,       40.3411026001
925.784729,       40.3920364380
926.087280,       40.3116035461
926.389648,       40.3607025146
926.692078,       40.3834571838
926.994507,       40.3795700073
927.296692,       40.3922576904
927.599060,       40.3458518982
927.901123,       40.3457183838
928.203308,       40.4213409424
928.505432,       40.3478469849
928.807434,       40.2430801392
929.109436,       40.2879333496
929.411316,       40.2539176941
929.713196,       40.2388191223
930.015015,       40.0753097534
930.316711,       40.0872039795
930.618530,       40.0666122437
930.920105,       39.9959449768
931.221802,       40.1224746704
931.523315,       40.1249542236
931.824829,       40.2115440369
932.126282,       40.1719017029
932.427612,       40.2525100708
932.729004,       40.1555709839
933.030334,       40.1355247498
933.331482,       40.0378570557
933.632751,       40.0217247009
933.933777,       39.9529113770
934.234924,       39.9189529419
934.536011,       39.8612251282
934.836914,       39.8182373047
935.137878,       39.8610038757
935.438660,       39.8064918518
935.739502,       39.8189964294
936.040344,       39.8362388611
936.340942,       39.7969017029
936.641663,       39.6932220459
936.942383,       39.7701911926
937.242798,       39.8152961731
937.543335,       39.6923980713
937.843750,       39.7067260742
938.144165,       39.6687240601
938.444580,       39.6828155518
938.744751,       39.6306381226
939.045044,       39.6750450134
939.345154,       39.9171829224
939.645325,       40.0120811462
939.945435,       40.2883186340
940.245361,       40.3442459106
940.545410,       40.4226913452
940.845215,       40.4577178955
941.145142,       40.4963722229
941.445007,       40.5517501831
941.744629,       40.5522422791
942.044434,       40.5606880188
942.343994,       40.6967430115
942.643677,       40.7161941528
942.943237,       40.8538475037
943.242676,       40.9509506226
943.542114,       41.1550865173
943.841431,       41.1737518311
944.140808,       41.0733184814
944.440125,       41.1682128906
944.739258,       41.2273941040
945.038513,       41.2460975647
945.337524,       41.3604660034
945.636597,       41.2175903320
945.935669,       41.1297187805
946.234558,       40.8625869751
946.533508,       40.7838935852
946.832275,       41.0248146057
947.131165,       41.0730781555
947.429932,       41.0436973572
947.728516,       40.8684272766
948.027222,       41.0234909058
948.325745,       41.1041526794
948.624329,       41.2623672485
948.922852,       41.3503646851
949.221191,       41.3869400024
949.519592,       41.3884353638
949.817810,       41.3092460632
950.116150,       41.5614395142
950.414368,       41.7053565979
950.712463,       41.6013450623
951.010620,       41.2458763123
951.308594,       41.3172378540
951.606628,       41.1622238159
951.904602,       41.3618202209
952.202454,       41.5732269287
952.500305,       42.2453536987
952.798035,       42.4311180115
953.095825,       42.2217330933
953.393494,       42.1764068604
953.691040,       42.3712921143
953.988647,       42.4439086914
954.286133,       42.4019622803
954.583618,       42.2511978149
954.881042,       41.9348754883
955.178345,       41.9014739990
955.475647,       42.0127105713
955.772827,       42.0344161987
956.070068,       41.8929862976
956.367310,       41.7563400269
956.664307,       41.7722587585
956.961365,       41.9833106995
957.258240,       42.2043495178
957.555176,       42.6008987427
957.852112,       42.7095603943
958.148865,       42.5920906067
958.445679,       42.5576400757
958.742310,       41.8584136963
959.039001,       41.7791099548
959.335632,       41.6121826172
959.632141,       41.8200302124
959.928650,       41.6789512634
960.224976,       41.9644660950
960.521484,       42.1765251160
960.817871,       42.3347129822
961.114014,       42.3657913208
961.410339,       42.3381881714
961.706421,       42.1265754700
962.002563,       42.0274124146
962.298645,       42.0192260742
962.594604,       41.8362350464
962.890564,       41.8680915833
963.186401,       43.6886940002
963.482300,       43.8581428528
963.778137,       43.3248214722
964.073792,       43.3871612549
964.369568,       43.2525024414
964.665100,       43.0776481628
964.960693,       43.1247367859
965.256287,       43.2947463989
965.551697,       43.3804893494
965.847168,       43.1498985291
966.142395,       43.2116699219
966.437744,       43.2885627747
966.733032,       43.0368003845
967.028198,       42.9261703491
967.323364,       42.9991798401
967.618408,       43.0476455688
967.913513,       43.3159523010
968.208496,       43.4735794067
968.503357,       43.5856056213
968.798279,       43.7465858459
969.093018,       43.6796112061
969.387817,       41.3657112122
969.682556,       41.3964653015
969.977173,       41.5361862183
970.271790,       41.8311004639
970.566406,       42.0527305603
970.860779,       42.0975875854
971.155334,       42.1370468140
971.449646,       41.8024940491
971.743958,       42.0741119385
972.038330,       42.2573356628
972.332458,       42.1009521484
972.626648,       41.7245368958
972.920715,       41.7212295532
973.214844,       41.7541618347
973.508911,       41.9504966736
973.802734,       42.2835273743
974.096741,       42.1836128235
974.390442,       42.2459907532
974.684265,       42.2138633728
974.978088,       42.2186698914
975.271667,       42.3961143494
975.565369,       42.4462394714
975.858826,       42.3730773926
976.152405,       42.4446182251
976.445923,       42.0525054932
976.739258,       41.7170333862
977.032654,       41.7244148254
977.325867,       41.8954238892
977.619202,       42.2282867432
977.912415,       42.5735435486
978.205505,       42.5459060669
978.498596,       42.7139739990
978.791504,       42.9517898560
979.084534,       43.2379684448
979.377563,       43.4683914185
979.670288,       43.4269371033
979.963196,       43.0294799805
980.255859,       43.1744079590
980.548584,       43.0962600708
980.841309,       43.2436523438
981.133850,       43.3252372742
981.426392,       43.7320404053
981.718811,       43.7011985779
982.011292,       43.5384407043
982.303650,       43.6897544861
982.595886,       43.8437500000
982.888245,       44.2867355347
983.180359,       44.2993583679
983.472595,       43.9368133545
983.764709,       43.7512016296
984.056641,       43.4628906250
984.348755,       43.5368766785
984.640625,       43.7820549011
984.932495,       43.7473831177
985.224365,       43.3844299316
985.516052,       43.5136184692
985.807861,       43.5915145874
986.099426,       44.3402442932
986.391052,       44.0499191284
986.682678,       43.9516525269
986.974121,       43.9312515259
987.265625,       43.8443336487
987.556885,       43.3547134399
987.848328,       43.3554077148
988.139648,       43.4327545166
988.430786,       43.1576881409
988.721985,       43.0239486694
989.013000,       42.7906494141
989.304138,       43.4245605469
989.595215,       43.5903968811
989.886047,       43.7096023560
990.177002,       43.4601974487
990.467834,       43.6598892212
990.758606,       43.6563034058
991.049377,       43.6966514587
991.339966,       44.2088470459
991.630676,       44.1037673950
991.921143,       43.7519187927
992.211670,       43.7775039673
992.502197,       43.9262199402
992.792542,       44.1490364075
993.082886,       43.9922256470
993.373169,       44.4536628723
993.663452,       44.7236099243
993.953613,       44.9517326355
994.243713,       44.8933486938
994.533813,       44.9221954346
994.823792,       45.1919479370
995.113770,       45.2286109924
995.403687,       45.1062698364
995.693481,       45.2072486877
995.983337,       45.0410232544
996.273010,       45.2455253601
996.562744,       44.9582290649
996.852417,       45.1195526123
997.141907,       44.9725761414
997.431458,       44.7006874084
997.720886,       44.8817596436
998.010315,       44.9357910156
998.299744,       44.3239784241
998.588928,       44.3401908875
998.878296,       44.1625366211
999.167419,       44.2529563904
999.456543,       44.8661651611
999.745667,       44.5527000427
1000.034607,       44.3074760437
1000.323669,       43.8944892883
1000.612488,       44.6835441589
1000.901367,       44.5714302063
1001.190247,       44.4310874939
1001.478882,       44.1972923279
1001.767639,       45.2421264648
1002.056335,       44.9325103760
1002.344849,       45.1307106018
1002.633423,       45.1726875305
1002.921814,       44.7415008545
1003.210266,       44.6378364563
1003.498657,       44.3558425903
1003.786926,       44.2947654724
1004.075256,       45.2306251526
1004.363342,       45.2221832275
1004.651489,       44.6488876343
1004.939697,       45.2512283325
1005.227600,       46.2205123901
1005.515686,       46.1859016418
1005.803467,       46.9643440247
1006.091370,       47.4438056946
1006.379272,       48.6434059143
1006.666870,       48.2169761658
1006.954712,       47.9991340637
1007.242188,       48.5117378235
1007.529907,       48.6517257690
1007.817444,       47.5516242981
1008.104858,       48.9563179016
1008.392334,       48.6545562744
1008.679565,       48.9334144592
1008.966980,       48.9461936951
1009.254272,       49.4940910339
1009.541382,       49.5537872314
1009.828613,       49.3911056519
1010.115601,       48.5652542114
1010.402649,       48.5632591248
1010.689697,       48.9992790222
1010.976563,       48.5384101868
1011.263489,       49.0575485229
1011.550171,       48.2627792358
1011.837036,       47.7381591797
1012.123657,       47.4241638184
1012.410278,       47.6181221008
1012.696899,       48.2133674622
1012.983337,       48.8440170288
1013.269897,       48.8436660767
1013.556396,       48.6777153015
1013.842651,       49.5072822571
1014.129028,       48.5657348633
1014.415161,       48.7232742310
1014.701477,       48.7847404480
1014.987671,       49.9791908264
1015.273560,       50.0487327576
1015.559692,       51.2761306763
1015.845581,       51.9115104675
1016.131592,       53.1289215088
1016.417542,       53.7194061279
1016.703247,       54.3617362976
1016.989014,       54.6652450562
1017.274658,       54.2017059326
1017.560303,       54.6671562195
1017.845947,       54.3123779297
1018.131409,       54.6650123596
1018.416870,       54.3538284302
1018.702271,       54.1917915344
1018.987671,       54.6332855225
1019.272949,       55.5504722595
1019.558228,       56.4592018127
1019.843445,       56.2534561157
1020.128540,       55.9545707703
1020.413574,       56.3105392456
1020.698608,       56.5860977173
1020.983521,       56.1220359802
1021.268555,       58.1152267456
1021.553284,       59.0428237915
1021.838135,       59.4279289246
1022.122925,       59.0452651978
1022.407593,       68.5393142700
1022.692261,       49.3368721008
1022.976807,       37.3362388611
1023.261292,       52.4896316528
1023.545837,       52.3105392456
1023.830200,       59.4936676025
1024.114624,       82.3369598389
1024.398804,       76.1154937744
1024.683105,       62.5207252502
1024.967285,       57.4279365540
