340.270844,        0.0000000000
340.648560,        0.0000000000
341.026306,      545.4549560547
341.403961,     1544.4459228516
341.781616,     1485.7153320313
342.159210,     -242.8570098877
342.536743,       60.3773651123
342.914307,       89.5652313232
343.291779,       92.8802642822
343.669250,        0.0000000000
344.046661,       79.9645385742
344.424042,       79.5207290649
344.801422,       79.5228042603
345.178711,       83.1691818237
345.556000,       84.5975189209
345.933258,       86.7572860718
346.310486,       88.2669525146
346.687622,       88.2570190430
347.064758,       89.4224014282
347.441895,       88.7132263184
347.818939,       87.0158538818
348.195953,       85.9486312866
348.572937,       83.6122741699
348.949890,       84.5472640991
349.326843,       87.1250381470
349.703735,       86.7104415894
350.080597,       87.5616607666
350.457397,       87.2089385986
350.834198,       84.2206726074
351.210968,       82.6208343506
351.587646,       83.6132659912
351.964325,       81.9716491699
352.340942,       81.6216735840
352.717560,       82.7979736328
353.094147,       81.7485733032
353.470673,       81.7732772827
353.847168,       79.6782760620
354.223602,       79.1883850098
354.600037,       79.0987091064
354.976440,       77.6568756104
355.352783,       79.8275833130
355.729126,       81.1161193848
356.105408,       81.1332550049
356.481628,       81.2871398926
356.857849,       79.5534439087
357.234009,       75.6046066284
357.610168,       77.0742568970
357.986267,       74.8331680298
358.362366,       73.9942855835
358.738373,       72.9529647827
359.114349,       73.7785568237
359.490326,       71.9642868042
359.866241,       70.1842041016
360.242157,       69.7436294556
360.617981,       66.5889663696
360.993805,       65.5978317261
361.369568,       66.4246063232
361.745331,       67.3124389648
362.121033,       67.3076477051
362.496704,       66.6490783691
362.872314,       65.0364456177
363.247925,       63.4808311462
363.623505,       60.4892501831
363.999023,       57.3582839966
364.374542,       61.8300132751
364.750000,       62.9381790161
365.125397,       64.6754837036
365.500763,       63.2534484863
365.876160,       62.2128982544
366.251434,       62.9968948364
366.626740,       63.6707916260
367.001953,       67.1013565063
367.377136,       68.5069503784
367.752350,       68.8053054810
368.127472,       71.5937347412
368.502594,       71.7878723145
368.877625,       71.5267410278
369.252625,       70.3781356812
369.627625,       70.3459091187
370.002563,       70.3423156738
370.377502,       70.9742813110
370.752380,       70.9701004028
371.127228,       74.7988739014
371.502014,       75.3324356079
371.876770,       76.0756759644
372.251526,       74.3240737915
372.626221,       74.9689178467
373.000885,       72.4329681396
373.375488,       71.9697952271
373.750092,       73.5845260620
374.124664,       74.9410705566
374.499146,       76.8256912231
374.873627,       75.0198135376
375.248108,       73.9067306519
375.622467,       79.6280136108
375.996887,       78.7787246704
376.371185,       79.0174560547
376.745483,       79.0306777954
377.119751,       79.1325836182
377.493958,       79.5525207520
377.868195,       80.0868148804
378.242310,       79.2102127075
378.616394,       81.3698196411
378.990540,       77.9104080200
379.364563,       78.1275177002
379.738556,       77.4787902832
380.112518,       75.8353576660
380.486481,       75.6261367798
380.860352,       75.8458633423
381.234192,       76.3170928955
381.608063,       75.5085372925
381.981812,       74.0392227173
382.355591,       71.7381973267
382.729309,       71.1262512207
383.102966,       69.4245071411
383.476624,       62.1741905212
383.850220,       60.4450645447
384.223816,       60.9890060425
384.597321,       60.8245849609
384.970856,       63.3272590637
385.344299,       61.2686233521
385.717682,       59.0479660034
386.091125,       58.2623901367
386.464447,       53.4707412720
386.837769,       53.0941123962
387.211029,       54.9780349731
387.584290,       55.3413314819
387.957489,       55.7742843628
388.330627,       54.6093864441
388.703766,       55.0397109985
389.076874,       54.9663887024
389.449921,       57.1530952454
389.822937,       56.1162338257
390.195923,       56.9207191467
390.568878,       56.8030700684
390.941772,       58.0507507324
391.314636,       57.5154304504
391.687500,       55.4483947754
392.060272,       54.2416458130
392.433075,       53.5781631470
392.805756,       49.0745506287
393.178436,       48.7941398621
393.551117,       50.4821319580
393.923737,       52.8742790222
394.296326,       54.2252616882
394.668854,       54.1135711670
395.041321,       51.2740135193
395.413849,       52.5639343262
395.786255,       52.9816284180
396.158630,       52.7135734558
396.531006,       51.8960762024
396.903320,       49.7987594604
397.275604,       49.3064308167
397.647827,       49.1990699768
398.020050,       50.7744789124
398.392212,       50.2547454834
398.764343,       49.2245178223
399.136444,       49.1902732849
399.508514,       49.6981735229
399.880554,       48.6386795044
400.252533,       49.1717758179
400.624512,       50.9913864136
400.996399,       51.0386772156
401.368286,       50.5990791321
401.740112,       48.1548042297
402.111908,       45.5632667542
402.483673,       44.4203987122
402.855408,       44.8087921143
403.227081,       42.8716735840
403.598755,       40.9838104248
403.970367,       39.9360160828
404.341980,       40.3779792786
404.713501,       40.9415512085
405.085022,       39.4235191345
405.456482,       38.2103424072
405.827911,       35.2797622681
406.199310,       34.1727256775
406.570648,       34.1945838928
406.942017,       33.5475730896
407.313263,       32.9725761414
407.684509,       33.4193840027
408.055725,       32.1848754883
408.426880,       31.8843517303
408.798035,       33.5578994751
409.169128,       32.9864616394
409.540161,       35.1114120483
409.911224,       35.3404960632
410.282196,       35.6001815796
410.653137,       35.1346511841
411.024048,       36.2055435181
411.394897,       36.9832534790
411.765747,       37.1844635010
412.136536,       36.9121589661
412.507324,       38.8396034241
412.878052,       39.0886497498
413.248718,       42.7165870667
413.619385,       42.4686546326
413.989990,       41.8762283325
414.360565,       42.7097244263
414.731110,       42.2870979309
415.101563,       42.4805984497
415.472076,       42.1006698608
415.842468,       41.7959785461
416.212891,       42.0376167297
416.583221,       40.2532882690
416.953522,       39.8200683594
417.323792,       37.5449752808
417.694031,       39.4085197449
418.064240,       39.3341178894
418.434418,       40.1344299316
418.804535,       41.0660171509
419.174622,       40.8022880554
419.544678,       39.6539306641
419.914673,       39.5167503357
420.284668,       37.9219093323
420.654572,       36.4047927856
421.024475,       33.4149169922
421.394348,       34.9331512451
421.764191,       35.3133621216
422.133972,       34.5934524536
422.503693,       35.6944007874
422.873444,       35.1678199768
423.243134,       34.9320755005
423.612762,       34.8180274963
423.982330,       33.0077819824
424.351929,       32.5948371887
424.721436,       32.0883560181
425.090942,       32.4591560364
425.460358,       31.2446537018
425.829773,       30.7865562439
426.199158,       29.1687164307
426.568481,       26.7273902893
426.937775,       25.9843559265
427.307037,       27.3699913025
427.676239,       26.4895477295
428.045441,       25.6473445892
428.414581,       25.2880210876
428.783722,       26.1205730438
429.152802,       24.2763805389
429.521790,       26.5058212280
429.890839,       25.9379978180
430.259766,       23.7852020264
430.628693,       25.0937633514
430.997589,       24.2085857391
431.366425,       23.6877002716
431.735229,       23.7502651215
432.104004,       23.3335132599
432.472748,       24.5250358582
432.841431,       24.0166091919
433.210052,       23.7359809875
433.578705,       22.7884235382
433.947266,       23.0833148956
434.315826,       22.5658950806
434.684326,       23.0595817566
435.052765,       22.0636405945
435.421204,       25.1112403870
435.789612,       24.9206905365
436.157959,       25.8795204163
436.526276,       24.3054466248
436.894531,       23.7561950684
437.262756,       20.5107784271
437.630951,       20.1825313568
437.999146,       20.0861663818
438.367249,       18.6117248535
438.735321,       18.2891426086
439.103394,       17.7677116394
439.471405,       17.5042800903
439.839386,       42.9609260559
440.207306,       42.3453979492
440.575195,       42.1623039246
440.943054,       41.3711509705
441.310883,       41.0524978638
441.678680,       40.8576774597
442.046387,       40.4119338989
442.414093,       39.7176132202
442.781799,       39.4707374573
443.149414,       37.6505546570
443.516998,       37.2415428162
443.884552,       36.2566833496
444.252045,       36.0752372742
444.619537,       35.6409797668
444.987000,       35.4416236877
445.354401,       35.5000686646
445.721710,       35.9330101013
446.089081,       35.8218955994
446.456360,       36.0270957947
446.823608,       35.9213027954
447.190826,       35.9515953064
447.557953,       12.5187158585
447.925110,       11.7789726257
448.292175,       11.2247714996
448.659271,       11.6612167358
449.026276,       11.7044706345
449.393250,       11.3995037079
449.760193,       11.7899885178
450.127075,       11.5463361740
450.493958,       11.4626255035
450.860779,       10.5472078323
451.227570,       10.5696544647
451.594330,       10.8461332321
451.960999,       10.8853378296
452.327698,       11.1100788116
452.694336,       11.0193176270
453.060913,       10.4073333740
453.427490,        9.6623001099
453.793976,        9.4506511688
454.160492,        9.0822925568
454.526917,        9.3942289352
454.893311,        9.2869462967
455.259674,        8.8871631622
455.626007,        9.1220493317
455.992310,        9.8073263168
456.358551,        9.3408393860
456.724731,        9.6673030853
457.090912,        9.8803834915
457.457031,        9.6196994781
457.823151,        9.6830663681
458.189209,        9.3972730637
458.555206,        9.6149072647
458.921173,        9.4807128906
459.287109,        9.2513446808
459.653015,        9.8855733871
460.018890,        9.6770362854
460.384705,        9.8176116943
460.750519,        9.3771638870
461.116241,        9.1840486526
461.481964,        8.9495773315
461.847626,        9.1955833435
462.213226,        8.9057121277
462.578827,        9.0478544235
462.944427,        8.9051246643
463.309906,        8.5247983932
463.675385,        7.8426828384
464.040802,        7.6409764290
464.406219,        7.3112173080
464.771606,        6.6998429298
465.136902,        6.7375168800
465.502197,        6.4707546234
465.867462,        6.5173521042
466.232635,        6.2544083595
466.597839,        6.1513752937
466.962921,        6.2393603325
467.328003,        5.6747961044
467.693054,        5.6656746864
468.058075,        5.5364398956
468.423035,        6.3031444550
468.787994,        6.3315024376
469.152863,        6.4417147636
469.517700,        6.0375247002
469.882538,        5.7665896416
470.247314,        5.2045693398
470.612061,        6.1943926811
470.976746,        6.0826597214
471.341431,        6.4646401405
471.706024,        6.6080083847
472.070618,        6.7194042206
472.435181,        6.5982213020
472.799622,        6.5321102142
473.164124,        6.7651553154
473.528534,        6.6416792870
473.892975,        6.6114835739
474.257294,        6.6976251602
474.621582,        6.4205684662
474.985870,        6.4412331581
475.350098,        6.7575602531
475.714325,        6.5723381042
476.078461,        6.3950562477
476.442535,        6.2733321190
476.806641,        6.0929937363
477.170685,        6.0712409019
477.534668,        5.9614853859
477.898621,        6.1035842896
478.262512,        5.3203582764
478.626404,        5.8424334526
478.990265,        5.4918017387
479.354065,        5.3712897301
479.717834,        4.9418320656
480.081512,        4.9951906204
480.445221,        4.9253973961
480.808899,        4.7690544128
481.172485,        4.8347373009
481.536041,        4.6783194542
481.899567,        4.8944315910
482.263062,        4.7784104347
482.626526,        4.8747425079
482.989929,        4.5978055000
483.353271,        4.5931982994
483.716583,        4.2533001900
484.079895,        4.0805563927
484.443146,        4.1080718040
484.806366,        4.1277251244
485.169525,        4.1834254265
485.532654,        3.9931974411
485.895752,        3.8431665897
486.258820,        3.4420404434
486.621857,        3.6702032089
486.984802,        3.6472678185
487.347748,        3.8342947960
487.710663,        3.7049729824
488.073517,        3.5619621277
488.436340,        3.5797755718
488.799072,        3.4849424362
489.161835,        3.4188747406
489.524536,        3.0374374390
489.887238,        3.0473883152
490.249847,        2.8703014851
490.612396,        2.7661218643
490.974915,        2.7248795033
491.337433,        2.7011313438
491.699921,        2.8895604610
492.062347,        3.0096225739
492.424713,        3.0012533665
492.787079,        2.9152593613
493.149353,        3.7735164165
493.511658,        3.7628169060
493.873871,        3.7602379322
494.236053,        3.6283452511
494.598206,        3.7229683399
494.960297,        3.7767796516
495.322388,        3.7682287693
495.684418,        3.8148970604
496.046356,        3.6065821648
496.408325,        3.5818018913
496.770264,        3.6119871140
497.132141,        3.7155323029
497.493958,        3.7536959648
497.855713,        3.7144038677
498.217499,        3.6424489021
498.579193,        3.6428465843
498.940887,        3.6994471550
499.302490,        3.6408410072
499.664093,        3.4946177006
500.025635,        3.3768122196
500.387177,        3.3428952694
500.748627,        2.4919645786
501.110077,        2.6588356495
501.471436,        2.5836427212
501.832825,        2.4875173569
502.194153,        2.3280968666
502.555389,        2.1850821972
502.916626,        2.3025839329
503.277802,        2.2984747887
503.638977,        2.4859807491
504.000092,        2.6061723232
504.361176,        2.6512362957
504.722198,        2.5207779408
505.083160,        2.4899785519
505.444153,        2.4300634861
505.805084,        2.4686443806
506.165924,        2.4799633026
506.526764,        2.5292477608
506.887543,        2.9436662197
507.248322,        3.0356805325
507.609070,        3.1198241711
507.969727,        3.1072003841
508.330322,        3.1616780758
508.690918,        2.9884445667
509.051514,        3.0080070496
509.412018,        3.0540275574
509.772491,        3.1207096577
510.132904,        3.3763349056
510.493286,        3.4571673870
510.853699,        3.4594874382
511.213989,        3.3493280411
511.574280,        3.2930247784
511.934509,        3.2829668522
512.294678,        3.3962101936
512.654846,        3.3639259338
513.014954,        3.4093301296
513.375061,        3.5160322189
513.735046,        3.5855524540
514.095032,        3.4845824242
514.455078,        3.2016530037
514.814941,        3.0487830639
515.174805,        2.9775860310
515.534607,        3.0220639706
515.894409,        3.0717272758
516.254211,        3.0716469288
516.613892,        3.1119406223
516.973572,        3.1581799984
517.333130,        3.2002787590
517.692749,        2.9624888897
518.052368,        2.7936854362
518.411865,        2.8226246834
518.771301,        2.8252317905
519.130737,        2.7880208492
519.490173,        2.8263301849
519.849548,        2.8151168823
520.208801,        2.8345327377
520.568054,        2.9008595943
520.927307,        2.8193683624
521.286499,        2.7944691181
521.645691,        2.9464535713
522.004822,        2.9821569920
522.363831,        3.0172462463
522.722839,        3.0184581280
523.081848,        3.0016057491
523.440796,        3.0143885612
523.799744,        3.0506010056
524.158569,        2.9742097855
524.517395,        2.8899350166
524.876160,        2.8382303715
525.234924,        2.9051172733
525.593628,        2.9299740791
525.952271,        3.1532380581
526.310913,        3.2426643372
526.669495,        3.2670979500
527.028076,        3.2473406792
527.386536,        3.3905193806
527.744995,        3.4481234550
528.103394,        3.4606237411
528.461792,        3.5816836357
528.820129,        3.6703829765
529.178406,        3.6376371384
529.536743,        3.6115727425
529.894958,        3.6772775650
530.253113,        3.7751522064
530.611267,        4.0331578255
530.969299,        4.1329598427
531.327393,        4.2582316399
531.685486,        4.3820905685
532.043335,        4.4796748161
532.401367,        4.4970121384
532.759216,        4.5071091652
533.117004,        4.6100192070
533.474915,        4.3867383003
533.832642,        4.4025702477
534.190430,        4.4524097443
534.548096,        4.5018644333
534.905762,        4.4403834343
535.263367,        4.5098528862
535.620850,        4.5424723625
535.978455,        4.4761500359
536.335876,        4.4001841545
536.693359,        4.4177422523
537.050781,        4.3960847855
537.408142,        4.4719543457
537.765442,        4.4376912117
538.122681,        4.2748880386
538.479919,        4.2268643379
538.837219,        4.1571011543
539.194336,        4.2006969452
539.551453,        4.2901291847
539.908508,        4.4804582596
540.265564,        4.4705700874
540.622559,        4.4039540291
540.979553,        4.4249691963
541.336426,        4.4136600494
541.693298,        4.4125390053
542.050110,        4.4754033089
542.406921,        4.5010366440
542.763672,        4.5571842194
543.120422,        4.5195674896
543.477051,        4.5249147415
543.833679,        4.5440230370
544.190308,        4.5187439919
544.546814,        4.5200605392
544.903381,        4.4925689697
545.259827,        4.4673733711
545.616211,        4.4436616898
545.972595,        4.3893117905
546.328979,        4.3969798088
546.685242,        4.3428001404
547.041504,        4.2631716728
547.397644,        4.1104927063
547.753906,        4.1280241013
548.110046,        4.1417932510
548.466125,        4.1575884819
548.822144,        4.1268515587
549.178223,        4.1417179108
549.534241,        4.1636037827
549.890137,        4.0865240097
550.246033,        4.0342254639
550.601868,        4.0528869629
550.957581,        4.0730824471
551.313416,        4.2096962929
551.669128,        4.2610397339
552.024841,        4.2769608498
552.380432,        4.1958851814
552.736023,        4.2543282509
553.091675,        4.4008393288
553.447144,        4.4205107689
553.802612,        4.4052972794
554.158020,        4.4505920410
554.513428,        4.3915109634
554.868774,        4.3782811165
555.224121,        4.5376005173
555.579346,        4.5482616425
555.934631,        4.5457487106
556.289734,        4.5642580986
556.644958,        4.6053729057
557.000000,        4.6128754616
557.355103,        4.6022887230
557.710083,        4.5576701164
558.065063,        4.5229949951
558.420105,        4.5100049973
558.774963,        4.3790578842
559.129822,        4.3591508865
559.484619,        4.3440670967
559.839355,        4.3897290230
560.194153,        4.3392105103
560.548828,        4.2228484154
560.903442,        4.1965026855
561.258057,        4.2479844093
561.612610,        4.1919569969
561.967224,        4.2286987305
562.321655,        4.1973700523
562.676086,        3.9942107201
563.030457,        3.9639558792
563.384827,        3.9631650448
563.739197,        3.9600715637
564.093445,        3.8677210808
564.447693,        3.7636637688
564.801880,        3.7421724796
565.156006,        3.7319052219
565.510132,        3.7270295620
565.864197,        3.7240405083
566.218262,        3.6860249043
566.572205,        3.6122972965
566.926086,        3.5576581955
567.280090,        3.5010337830
567.633972,        3.4805722237
567.987732,        3.4173786640
568.341553,        3.3625018597
568.695190,        3.2670280933
569.048950,        3.2451217175
569.402649,        3.1950387955
569.756165,        3.1939883232
570.109802,        3.2097234726
570.463257,        3.1835978031
570.816772,        3.1335723400
571.170227,        3.0677094460
571.523621,        3.0541207790
571.877014,        3.0140819550
572.230286,        2.9845707417
572.583557,        2.9617629051
572.936829,        2.9841070175
573.289978,        2.9783418179
573.643250,        3.0146329403
573.996216,        2.9864273071
574.349365,        2.9796674252
574.702393,        2.9939520359
575.055359,        2.9769594669
575.408325,        2.9798979759
575.761169,        3.0065200329
576.114075,        3.0145180225
576.466919,        2.9494156837
576.819641,        2.9142549038
577.172363,        2.8600594997
577.525085,        2.8771610260
577.877686,        2.8990685940
578.230286,        2.8819885254
578.582825,        2.8458969593
578.935425,        2.7988934517
579.287903,        2.7751679420
579.640320,        2.7457587719
579.992676,        2.6959772110
580.345093,        2.6228618622
580.697388,        2.5834612846
581.049683,        2.4947025776
581.401855,        2.4681196213
581.754089,        2.5958309174
582.106201,        2.6254198551
582.458313,        2.6428422928
582.810425,        2.6158804893
583.162354,        2.5671560764
583.514404,        2.5767321587
583.866272,        2.5590910912
584.218201,        2.5753860474
584.570068,        2.6531891823
584.921875,        2.6030101776
585.273560,        2.5718774796
585.625305,        2.6458215714
585.977051,        2.6465451717
586.328674,        2.7941429615
586.680237,        2.7897467613
587.031799,        2.8491342068
587.383301,        2.8843731880
587.734802,        2.9131143093
588.086243,        2.9123749733
588.437561,        2.9302711487
588.788940,        2.9900734425
589.140198,        2.8381531239
589.491516,        2.7646977901
589.842712,        2.7602553368
590.193848,        2.8134334087
590.544983,        2.8208065033
590.896057,        2.8486535549
591.247192,        2.8544597626
591.598145,        2.8211662769
591.949158,        2.7299494743
592.300049,        2.7191765308
592.650879,        2.6818153858
593.001770,        2.5832200050
593.352539,        2.5970659256
593.703308,        2.5100324154
594.054016,        2.5234489441
594.404663,        2.4872193336
594.755310,        2.5187335014
595.105896,        2.4652142525
595.456360,        2.4427351952
595.806885,        2.4164156914
596.157349,        2.4215285778
596.507751,        2.5132939816
596.858154,        2.5149068832
597.208435,        2.4793314934
597.558777,        2.4757204056
597.908997,        2.4629960060
598.259216,        2.3663721085
598.609314,        2.3929145336
598.959473,        2.5034849644
599.309570,        2.5438876152
599.659546,        2.5868322849
600.009583,        2.6357145309
600.359497,        2.6616966724
600.709412,        2.6451053619
601.059265,        2.6111228466
601.409058,        2.7023818493
601.758850,        2.6915707588
602.108521,        2.6125004292
602.458191,        2.6376521587
602.807922,        2.6163465977
603.157471,        2.6319806576
603.507080,        2.5789427757
603.856567,        2.5177578926
604.205994,        2.5047600269
604.555542,        2.4756753445
604.904846,        2.4133510590
605.254211,        2.4226391315
605.603516,        2.6188182831
605.952759,        2.6516270638
606.302063,        2.5636808872
606.651123,        2.5521256924
607.000305,        2.5216813087
607.349365,        2.4697356224
607.698425,        2.4213969707
608.047485,        2.4204909801
608.396362,        2.3867371082
608.745300,        2.2602941990
609.094177,        2.2265331745
609.442993,        2.2357306480
609.791809,        2.1942830086
610.140503,        2.2003810406
610.489258,        2.1714272499
610.837891,        2.1825215816
611.186523,        2.1565005779
611.535156,        2.1406872272
611.883606,        2.1430480480
612.232178,        2.2071001530
612.580566,        2.2161631584
612.928955,        2.0508956909
613.277344,        1.9722859859
613.625610,        1.9581081867
613.973938,        1.9347333908
614.322144,        1.9606796503
614.670288,        1.9807388783
615.018555,        2.0038743019
615.366516,        1.9766924381
615.714661,        1.9453274012
616.062622,        2.0263962746
616.410645,        2.0352764130
616.758606,        2.0478737354
617.106445,        2.0590429306
617.454285,        2.0497570038
617.802063,        2.0898773670
618.149841,        2.0695929527
618.497559,        2.0468850136
618.845215,        2.0965802670
619.192871,        2.1176273823
619.540466,        2.0372133255
619.888000,        2.0027983189
620.235535,        1.9945809841
620.582886,        2.0347926617
620.930359,        2.0200138092
621.277710,        1.9973450899
621.625061,        1.9321779013
621.972351,        1.8934085369
622.319519,        1.8740686178
622.666809,        1.8903738260
623.013916,        1.9030901194
623.361023,        1.8661088943
623.708130,        1.8936666250
624.055054,        1.8958218098
624.402100,        1.8628947735
624.749023,        1.8956154585
625.095947,        1.8930166960
625.442810,        1.9067761898
625.789551,        1.9028239250
626.136353,        1.8531143665
626.483032,        1.8630623817
626.829712,        1.9301166534
627.176392,        1.9577754736
627.522949,        1.9515397549
627.869507,        1.9132246971
628.216003,        1.8948161602
628.562500,        1.9090404510
628.908936,        1.9214229584
629.255310,        1.9217028618
629.601624,        1.9285898209
629.947876,        1.9255223274
630.294067,        2.0406131744
630.640320,        1.9784005880
630.986511,        1.9432030916
631.332642,        1.9008855820
631.678650,        1.9355326891
632.024658,        1.8817903996
632.370728,        1.8745872974
632.716614,        1.8433626890
633.062500,        1.8497824669
633.408325,        1.8538385630
633.754089,        1.9406175613
634.099915,        1.8927074671
634.445679,        1.8920384645
634.791321,        1.9054665565
635.136963,        1.9809184074
635.482483,        1.9865410328
635.828125,        1.9615812302
636.173584,        1.9188324213
636.519043,        1.9413660765
636.864502,        1.9232616425
637.209778,        1.9314371347
637.555237,        1.8109281063
637.900452,        1.8360784054
638.245728,        1.8354077339
638.590881,        1.8158454895
638.935974,        1.7789598703
639.281189,        1.7732872963
639.626221,        1.8020491600
639.971191,        1.8020627499
640.316223,        1.7938922644
640.661072,        1.7934398651
641.006042,        1.6785078049
641.350891,        1.6651513577
641.695679,        1.6381405592
642.040466,        1.5862543583
642.385071,        1.4724749327
642.729858,        1.4676585197
643.074463,        1.4617050886
643.419067,        1.4606928825
643.763611,        1.4540530443
644.108032,        1.4454038143
644.452515,        1.4096398354
644.796936,        1.3822770119
645.141296,        1.3804199696
645.485657,        1.4064983130
645.829834,        1.4057502747
646.174133,        1.4045525789
646.518311,        1.3887811899
646.862427,        1.3191789389
647.206604,        1.2859163284
647.550598,        1.2918159962
647.894653,        1.2933069468
648.238647,        1.3024011850
648.582458,        1.2878663540
648.926453,        1.2558296919
649.270203,        1.2497639656
649.614075,        1.2588461637
649.957764,        1.2844153643
650.301453,        1.2795311213
650.645142,        1.2974942923
650.988708,        1.2708585262
651.332336,        1.2515504360
651.675842,        1.2622486353
652.019348,        1.2783069611
652.362854,        1.2610316277
652.706177,        1.1968137026
653.049561,        1.2035216093
653.392883,        1.1985031366
653.736084,        1.2108775377
654.079346,        1.2443348169
654.422424,        1.2369182110
654.765625,        1.2242821455
655.108765,        1.1923923492
655.451721,        1.1401095390
655.794800,        1.1282694340
656.137695,        1.1403267384
656.480591,        1.1478353739
656.823486,        1.1472529173
657.166260,        1.0899056196
657.509094,        1.0891425610
657.851807,        1.0694488287
658.194519,        1.0405695438
658.537109,        1.1280848980
658.879761,        1.1134649515
659.222351,        1.1238458157
659.564758,        1.1337620020
659.907349,        1.1207274199
660.249695,        1.1227204800
660.592041,        1.1474189758
660.934448,        1.1495982409
661.276672,        1.0988382101
661.619019,        1.0909807682
661.961182,        1.0735517740
662.303284,        1.0679248571
662.645508,        1.0743634701
662.987427,        1.0646613836
663.329529,        1.0627830029
663.671448,        1.0410561562
664.013428,        1.0414851904
664.355347,        1.0471508503
664.697205,        1.1516495943
665.039001,        1.1441801786
665.380676,        1.1701004505
665.722412,        1.1303580999
666.064148,        1.1316517591
666.405701,        1.0930312872
666.747253,        1.0369923115
667.088806,        1.0573861599
667.430298,        1.0084674358
667.771790,        0.9775792956
668.113159,        0.9700447321
668.454529,        0.9864558578
668.795837,        1.0024182796
669.137085,        1.0004940033
669.478394,        0.9948462248
669.819519,        1.0286649466
670.160645,        1.0248816013
670.501709,        0.9790609479
670.842773,        0.9663937688
671.183777,        1.0111806393
671.524719,        0.9952239990
671.865662,        0.8858826160
672.206482,        0.8744221926
672.547302,        0.8432399631
672.888123,        0.8278876543
673.228821,        0.8270273805
673.569458,        0.8454964757
673.910095,        0.8428748846
674.250732,        0.8489575386
674.591370,        0.8821828961
674.931824,        0.8525283337
675.272217,        0.8164884448
675.612732,        0.7761158943
675.953003,        0.7722364664
676.293396,        0.7407687902
676.633667,        0.7338292003
676.973877,        0.6964505911
677.314148,        0.6970819831
677.654236,        0.7140404582
677.994385,        0.7449946404
678.334412,        0.6944976449
678.674438,        0.7187289000
679.014404,        0.7236215472
679.354309,        0.7499698400
679.694214,        0.7500170469
680.034058,        0.7370061278
680.373840,        0.7237188816
680.713623,        0.7442603111
681.053223,        0.7733439803
681.392944,        0.8781631589
681.732544,        1.5941826105
682.072083,        3.9461650848
682.411621,        4.0103445053
682.751038,        4.0380783081
683.090515,        4.0301446915
683.429871,        4.0348134041
683.769226,        4.0785288811
684.108582,        4.1274385452
684.447754,        4.1324391365
684.786987,        4.1485862732
685.126160,        4.1301531792
685.465210,        4.1245403290
685.804382,        4.1573672295
686.143311,        4.1802172661
686.482361,        4.1883482933
686.821289,        4.2530078888
687.160156,        4.2511696815
687.499023,        4.2727003098
687.837769,        4.3806185722
688.176514,        4.4078230858
688.515259,        4.3313870430
688.853882,        3.6915323734
689.192566,        1.3794795275
689.531067,        1.3641362190
689.869629,        1.4538838863
690.208130,        1.5247235298
690.546570,        1.6135499477
690.885010,        1.6300760508
691.223267,        1.6841120720
691.561584,        1.7721271515
691.899841,        1.9088070393
692.238037,        2.0009992123
692.576294,        2.1173112392
692.914307,        2.2130796909
693.252380,        2.2944936752
693.590454,        2.3719744682
693.928406,        2.4198775291
694.266357,        2.5610470772
694.604187,        2.6888782978
694.942078,        2.7120475769
695.279907,        2.8157947063
695.617615,        3.0037121773
695.955444,        3.1079585552
696.292969,        3.2998774052
696.630676,        3.4707047939
696.968201,        3.5893614292
697.305725,        3.8541853428
697.643250,        4.0155549049
697.980652,        4.2000045776
698.318054,        4.3666486740
698.655396,        4.5532236099
698.992676,        4.6538720131
699.330017,        4.8516874313
699.667175,        5.0100951195
700.004395,        5.2147006989
700.341492,        5.3949484825
700.678528,        5.6374239922
701.015564,        5.8852338791
701.352478,        6.0547938347
701.689514,        6.2896671295
702.026428,        6.5458736420
702.363220,        6.7828454971
702.700073,        6.9314041138
703.036804,        7.1864218712
703.373474,        7.4116425514
703.710144,        7.6824598312
704.046814,        7.8833522797
704.383362,        7.9834589958
704.719910,        8.2278680801
705.056335,        8.4649372101
705.392761,        8.7116155624
705.729187,        8.9093084335
706.065552,        9.1602087021
706.401855,        9.3799057007
706.738098,        9.6862611771
707.074280,        9.8869199753
707.410461,       10.1444330215
707.746643,       10.4207429886
708.082642,       10.6725082397
708.418701,       10.9656524658
708.754639,       11.2003440857
709.090576,       11.4000539780
709.426514,       11.6568031311
709.762329,       11.9808969498
710.098083,       12.2169942856
710.433838,       12.4582910538
710.769592,       12.7147760391
711.105286,       12.9706993103
711.440796,       13.2650718689
711.776367,       13.5253324509
712.112000,       13.7449159622
712.447388,       14.0125913620
712.782837,       14.3560247421
713.118225,       14.6576318741
713.453552,       14.9134607315
713.788818,       15.1169586182
714.124023,       15.4062862396
714.459290,       15.7144289017
714.794434,       15.9408969879
715.129517,       16.2372207642
715.464661,       16.4772052765
715.799622,       16.7250576019
716.134583,       17.0276679993
716.469482,       17.3599510193
716.804321,       17.6108055115
717.139221,       17.9115791321
717.473938,       18.1918659210
717.808777,       18.4599781036
718.143433,       18.7482471466
718.478088,       19.0781517029
718.812683,       19.3552742004
719.147217,       19.7024364471
719.481750,       19.9754123688
719.816223,       20.2319774628
720.150574,       20.6159915924
720.485046,       20.9311370850
720.819214,       21.3075809479
721.153564,       21.6400394440
721.487854,       21.9469127655
721.821960,       22.2512531281
722.156189,       22.7396621704
722.490234,       23.1131229401
722.824341,       23.4558048248
723.158264,       23.8584995270
723.492249,       24.1372013092
723.826172,       24.4509048462
724.159973,       24.7915992737
724.493835,       25.1014919281
724.827576,       25.3960762024
725.161316,       25.7699050903
725.494995,       26.0627365112
725.828613,       26.3815250397
726.162231,       26.7303562164
726.495728,       27.1292057037
726.829163,       27.4521789551
727.162720,       27.6779899597
727.496033,       28.0159626007
727.829468,       28.3213405609
728.162720,       28.6147289276
728.496033,       28.9116230011
728.829224,       29.2110881805
729.162354,       29.3183803558
729.495483,       29.5575866699
729.828552,       29.8502120972
730.161560,       30.0751953125
730.494629,       30.3569641113
730.827454,       30.6319465637
731.160400,       30.9416503906
731.493225,       31.3017482758
731.825989,       31.6191730499
732.158813,       31.9198646545
732.491455,       32.2117881775
732.824158,       32.5005302429
733.156799,       32.7990684509
733.489319,       33.0422592163
733.821899,       33.3145065308
734.154236,       33.5974082947
734.486755,       33.8466835022
734.819092,       34.1227836609
735.151428,       34.3505439758
735.483765,       34.6154708862
735.815857,       34.8500595093
736.148132,       35.0992469788
736.480286,       35.3951530457
736.812378,       35.6368408203
737.144470,       35.8720283508
737.476379,       36.0916061401
737.808411,       36.3637046814
738.140259,       36.6109085083
738.472168,       36.7837791443
738.804016,       36.9548683167
739.135742,       37.1480140686
739.467468,       37.3888778687
739.799133,       37.6420631409
740.130798,       37.7859420776
740.462402,       38.0758857727
740.793884,       38.3778610229
741.125366,       38.5651016235
741.456848,       38.7603950500
741.788208,       38.9277343750
742.119568,       39.1341590881
742.450928,       39.3140029907
742.782166,       39.4933700562
743.113281,       39.7297134399
743.444458,       39.9072875977
743.775635,       40.1098442078
744.106689,       40.2735710144
744.437683,       40.4549522400
744.768677,       40.6235389709
745.099609,       40.7286186218
745.430481,       40.9324913025
745.761353,       41.1513671875
746.092102,       41.3155860901
746.422852,       41.4462699890
746.753479,       41.5651435852
747.084229,       41.7171134949
747.414795,       41.7264175415
747.745300,       41.8690490723
748.075806,       41.9947280884
748.406311,       42.1431045532
748.736694,       42.2257499695
749.067078,       42.3241119385
749.397400,       42.4750671387
749.727722,       42.5991249084
750.057861,       42.7051887512
750.388062,       42.7977333069
750.718201,       42.8879241943
751.048279,       42.9949951172
751.378357,       43.0937423706
751.708252,       43.1861038208
752.038208,       43.3336181641
752.368164,       43.3554725647
752.697937,       43.4032630920
753.027832,       43.4539871216
753.357483,       43.5496368408
753.687256,       43.6167869568
754.016907,       43.7559890747
754.346497,       43.8853149414
754.676147,       43.8303604126
755.005493,       43.8331031799
755.335083,       43.8745841980
755.664490,       43.9535293579
755.993835,       44.0158233643
756.323181,       44.0226860046
756.652405,       44.0667304993
756.981689,       44.0092849731
757.310852,       44.0822334290
757.640015,       44.1168975830
757.969177,       44.1199760437
758.298096,       44.1408195496
758.627197,       44.1865882874
758.956116,       44.1182632446
759.284973,       44.1248817444
759.613892,       44.0959053040
759.942627,       44.1041603088
760.271423,       44.0749130249
760.600159,       44.0969657898
760.928772,       44.0982322693
761.257446,       44.0040512085
761.585999,       43.9791336060
761.914490,       44.0773353577
762.242981,       44.0729904175
762.571350,       44.0642662048
762.899841,       44.0622520447
763.228088,       44.1043014526
763.556396,       44.1226882935
763.884644,       44.1262931824
764.212830,       44.0990753174
764.541016,       44.0670471191
764.869080,       44.0675468445
765.197144,       44.0507545471
765.525146,       43.9961585999
765.853088,       44.0597839355
766.181030,       44.1256599426
766.508789,       44.1261901855
766.836670,       44.1481781006
767.164429,       44.1708793640
767.492126,       44.1183280945
767.819824,       44.0474243164
768.147400,       44.1505661011
768.475037,       44.1567955017
768.802490,       44.1738777161
769.130005,       44.2520370483
769.457458,       44.2624282837
769.784790,       44.3452224731
770.112183,       44.3283195496
770.439453,       44.3118972778
770.766663,       44.4134521484
771.093872,       44.4533309937
771.420959,       44.4365921021
771.748108,       44.4214477539
772.075195,       44.4987754822
772.402161,       44.4887084961
772.729126,       44.4261474609
773.055969,       44.3577575684
773.382874,       44.3886795044
773.709717,       44.3361358643
774.036438,       44.2423171997
774.363159,       44.2828788757
774.689758,       44.3189849854
775.016479,       44.2486305237
775.343018,       44.2703170776
775.669495,       44.1730308533
775.996033,       44.0918273926
776.322449,       44.1051292419
776.648865,       43.9809684753
776.975098,       43.9944458008
777.301453,       44.0091285706
777.627686,       43.9811744690
777.953857,       44.0014801025
778.280029,       44.0229759216
778.606079,       44.1434097290
778.932068,       44.0336189270
779.258179,       44.0627861023
779.584045,       44.0124702454
779.909973,       44.0135803223
780.235840,       43.9891624451
780.561646,       44.0551567078
780.887390,       44.0797882080
781.213135,       44.0685653687
781.538757,       44.0413284302
781.864380,       44.1993675232
782.189880,       44.2582130432
782.515442,       44.1955604553
782.840942,       44.2457122803
783.166321,       44.2161483765
783.491699,       44.2629051208
783.817017,       44.1817474365
784.142395,       44.1560668945
784.467529,       44.0819664001
784.792725,       44.0388336182
785.117859,       44.0033149719
785.442932,       43.8983306885
785.768005,       43.9294204712
786.092957,       43.8698730469
786.417908,       43.8919601440
786.742798,       43.9071311951
787.067566,       43.9370498657
787.392456,       43.8827743530
787.717163,       43.9304161072
788.041870,       43.8813133240
788.366577,       43.8529205322
788.691101,       43.6277580261
789.015686,       43.6859130859
789.340149,       43.7591094971
789.664673,       43.7681121826
789.989075,       43.7718925476
790.313354,       43.9735488892
790.637756,       44.0790405273
790.962036,       44.1401290894
791.286194,       44.1713523865
791.610413,       44.1454772949
791.934448,       44.2398490906
792.258606,       44.2536277771
792.582581,       44.3229560852
792.906555,       44.3791923523
793.230530,       44.3601837158
793.554321,       44.3655471802
793.878174,       44.3613662720
794.201965,       44.3622932434
794.525696,       44.3640632629
794.849426,       44.4377975464
795.172974,       44.4792366028
795.496643,       44.5709991455
795.820129,       44.5010261536
796.143616,       44.5070266724
796.467102,       44.4840469360
796.790405,       44.4875602722
797.113831,       44.2820167542
797.437134,       44.2424163818
797.760315,       44.2747116089
798.083618,       44.2389144897
798.406677,       44.2577743530
798.729797,       44.2944717407
799.052856,       44.2953033447
799.375854,       44.2043571472
799.698853,       44.2045669556
800.021729,       44.2710838318
800.344604,       44.2548942566
800.667358,       44.3018722534
800.990112,       44.2805213928
801.312866,       44.3381843567
801.635498,       44.3047447205
801.958191,       44.2764358521
802.280701,       44.2494239807
802.603210,       44.1893692017
802.925781,       44.2103233337
803.248108,       44.1913414001
803.570496,       44.2244338989
803.892822,       44.2736434937
804.215088,       44.2872314453
804.537354,       44.2238426208
804.859436,       44.2145233154
805.181641,       44.1277999878
805.503723,       44.0641059875
805.825745,       44.0952072144
806.147766,       44.1608924866
806.469604,       44.1363525391
806.791504,       44.1828651428
807.113342,       44.2401809692
807.435181,       44.2210845947
807.756897,       44.2751350403
808.078552,       44.2102050781
808.400208,       44.2750701904
808.721802,       44.3347053528
809.043335,       44.3460807800
809.364929,       44.4172286987
809.686279,       44.4173889160
810.007751,       44.3867874146
810.329041,       44.2848052979
810.650330,       44.2695388794
810.971619,       44.2041740417
811.292786,       44.2294998169
811.613953,       44.2993354797
811.935059,       44.3102798462
812.256104,       44.3190803528
812.577148,       44.2673492432
812.898071,       44.2737121582
813.218994,       44.2892150879
813.539795,       44.1860427856
813.860596,       44.2131767273
814.181396,       44.1660003662
814.502136,       44.1448707581
814.822754,       44.1897201538
815.143372,       44.1043281555
815.463928,       44.0718307495
815.784485,       44.0765457153
816.104919,       44.0035934448
816.425354,       43.9606056213
816.745728,       43.9848670959
817.065979,       44.0207405090
817.386353,       44.0380172729
817.706421,       44.0702438354
818.026733,       44.0348129272
818.346863,       44.0042839050
818.666809,       44.1243896484
818.986938,       44.0969467163
819.306824,       44.0656623840
819.626770,       44.0499610901
819.946716,       44.0348815918
820.266479,       44.1623077393
820.586304,       44.0448417664
820.905945,       44.0752487183
821.225647,       44.0662841797
821.545349,       44.0709114075
821.864868,       44.1358108521
822.184448,       44.2454414368
822.503845,       44.2737312317
822.823364,       44.2541847229
823.142761,       44.3202400208
823.462036,       44.3060226440
823.781372,       44.2957000732
824.100525,       44.2268180847
824.419800,       44.6731834412
824.738953,       44.6864624023
825.057922,       44.6903648376
825.377014,       44.5545806885
825.695984,       44.6575012207
826.014954,       44.7142944336
826.333862,       44.6540336609
826.652649,       44.6743392944
826.971497,       44.6186141968
827.290100,       44.6692733765
827.608887,       44.7119636536
827.927612,       44.7427139282
828.246094,       44.6759033203
828.564697,       44.6147575378
828.883118,       44.4754257202
829.201599,       44.3912887573
829.520020,       44.4230842590
829.838318,       44.3900451660
830.156616,       44.3734283447
830.474854,       44.3789558411
830.793091,       44.4159507751
831.111267,       43.9368591309
831.429260,       43.9319534302
831.747437,       43.9196052551
832.065308,       43.9792480469
832.383362,       44.0127372742
832.701233,       44.0178413391
833.019043,       44.0326499939
833.336914,       44.0217781067
833.654663,       44.0299644470
833.972351,       44.0344047546
834.289978,       44.0488433838
834.607483,       44.1223640442
834.925171,       44.1853485107
835.242676,       44.1523056030
835.560059,       44.1699371338
835.877502,       44.1881332397
836.194763,       44.1457786560
836.512146,       44.0899810791
836.829468,       44.1963195801
837.146545,       44.2641601563
837.463745,       44.1956062317
837.780823,       44.2210006714
838.097900,       44.2442398071
838.414917,       44.2589721680
838.731873,       44.2123336792
839.048828,       44.0998115540
839.365540,       44.0998954773
839.682434,       44.1363143921
839.999207,       44.1727447510
840.315857,       44.2024269104
840.632568,       44.1644477844
840.949097,       44.0869407654
841.265747,       43.9706039429
841.582275,       43.9951820374
841.898682,       44.1108016968
842.215088,       44.1430625916
842.531433,       44.1702995300
842.847778,       44.2202491760
843.164063,       44.2397041321
843.480164,       44.1875267029
843.796387,       44.0872650146
844.112427,       44.1313552856
844.428528,       44.1771850586
844.744568,       44.1788330078
845.060486,       44.3395080566
845.376404,       44.4196243286
845.692200,       44.3923416138
846.008057,       44.3447189331
846.323853,       44.3883132935
846.639465,       44.3548965454
846.955139,       44.2615623474
847.270691,       44.3225860596
847.586304,       44.3898239136
847.901855,       44.3921203613
848.217224,       44.3108367920
848.532715,       44.2609176636
848.847961,       44.3966827393
849.163330,       44.3327941895
849.478638,       44.3260803223
849.793823,       44.3602752686
850.108948,       44.3081092834
850.424011,       44.3865203857
850.739136,       44.4288864136
851.054199,       44.3636398315
851.369019,       44.3251647949
851.684021,       44.1863670349
851.998779,       44.2127532959
852.313660,       44.3159866333
852.628418,       44.3866767883
852.943054,       44.3595581055
853.257751,       44.4293136597
853.572327,       44.5104026794
853.886841,       44.4902954102
854.201477,       44.5487518311
854.515808,       44.6400032043
854.830261,       44.6680946350
855.144592,       44.6886672974
855.458862,       44.4934921265
855.773193,       44.5614128113
856.087280,       44.5952949524
856.401489,       44.5834770203
856.715515,       44.6619300842
857.029602,       44.6897125244
857.343628,       44.6225357056
857.657532,       44.6119766235
857.971497,       44.6373786926
858.285278,       44.6489181519
858.599121,       44.6131477356
858.912903,       44.5119590759
859.226501,       44.5232887268
859.540222,       44.5043296814
859.853699,       44.4773635864
860.167297,       44.4346199036
860.480896,       44.5431823730
860.794250,       44.5389671326
861.107666,       44.4808731079
861.420959,       44.5048866272
861.734314,       44.4974708557
862.047546,       44.5346183777
862.360657,       44.5915412903
862.673889,       44.6566772461
862.986938,       44.7352943420
863.299988,       44.7553901672
863.613037,       44.8477935791
863.925903,       44.9052886963
864.238831,       45.1133651733
864.551575,       45.0650901794
864.864380,       45.0155639648
865.177185,       45.0400695801
865.489807,       45.1146430969
865.802490,       45.1010284424
866.114990,       45.1422920227
866.427612,       45.2617835999
866.740112,       45.2810211182
867.052429,       45.2028694153
867.364868,       45.0978202820
867.677124,       45.1681518555
867.989502,       45.1909751892
868.301758,       45.2371368408
868.613831,       45.2708435059
868.926025,       45.1611938477
869.238159,       45.0571746826
869.550049,       45.0233268738
869.862122,       44.9918403625
870.173950,       44.8381500244
870.485901,       44.8421554565
870.797791,       44.6584472656
871.109497,       44.7928123474
871.421204,       44.8211517334
871.732849,       44.8624153137
872.044495,       44.8549194336
872.356079,       44.8101196289
872.667542,       44.8035926819
872.979065,       44.6991996765
873.290344,       44.6808052063
873.601807,       44.7269096375
873.913147,       44.7174835205
874.224304,       44.7209968567
874.535645,       44.6807403564
874.846741,       44.6717338562
875.157837,       44.6786003113
875.468994,       44.8156814575
875.779907,       44.8499069214
876.090881,       44.8397712708
876.401733,       44.8249435425
876.712646,       44.8742523193
877.023499,       44.8745002747
877.334167,       44.8942108154
877.644897,       44.8685989380
877.955505,       44.8986206055
878.266113,       44.8832435608
878.576721,       44.8509254456
878.887146,       44.9604568481
879.197571,       44.9267768860
879.507996,       44.9476699829
879.818298,       45.0038528442
880.128662,       45.0567321777
880.438843,       45.0105209351
880.749084,       45.0890884399
881.059143,       45.4909820557
881.369263,       45.4504852295
881.679382,       45.3384323120
881.989258,       45.3525161743
882.299194,       45.3436050415
882.609070,       45.3861007690
882.918945,       45.4338684082
883.228760,       45.4249534607
883.538452,       45.4102935791
883.848145,       45.5706520081
884.157654,       45.6001777649
884.467285,       45.5906791687
884.776917,       45.5383071899
885.086243,       45.5691833496
885.395813,       45.5358963013
885.705017,       45.5136871338
886.014404,       45.4272346497
886.323730,       45.4202117920
886.632874,       45.3563537598
886.942078,       45.6180648804
887.251160,       45.5618438721
887.560242,       45.1346015930
887.869263,       45.2040481567
888.178162,       45.3087463379
888.487122,       45.1515235901
888.795898,       45.2005043030
889.104797,       45.2264175415
889.413513,       45.2069816589
889.722168,       45.3407363892
890.030884,       45.4133377075
890.339417,       45.2814559937
890.648010,       45.1572380066
890.956543,       45.1215286255
891.264893,       45.0781784058
891.573364,       45.0271835327
891.881653,       45.0198326111
892.189941,       45.1330833435
892.498230,       45.2719917297
892.806335,       45.3056983948
893.114502,       45.3182487488
893.422546,       45.1874504089
893.730652,       45.1350021362
894.038696,       45.2717399597
894.346497,       45.2191810608
894.654419,       45.2206573486
894.962158,       45.2347259521
895.270020,       45.2593307495
895.577759,       45.2352485657
895.885376,       45.2480125427
896.192993,       45.1420593262
896.500549,       45.1388015747
896.808044,       45.1261978149
897.115601,       45.1822471619
897.422913,       45.3072090149
897.730347,       45.3636283875
898.037598,       45.5227851868
898.344910,       45.5444145203
898.652161,       45.4962387085
898.959167,       45.4662666321
899.266418,       45.4361991882
899.573364,       45.4860305786
899.880371,       45.4236259460
900.187378,       45.3912658691
900.494202,       45.2948760986
900.801086,       45.3264961243
901.107788,       45.3411026001
901.414612,       45.4246025085
901.721375,       45.3666801453
902.027832,       45.3633842468
902.334534,       45.3766784668
902.641113,       45.3994522095
902.947510,       45.3514709473
903.253967,       45.4033508301
903.560242,       45.3977432251
903.866638,       45.2941207886
904.172974,       45.2632980347
904.479126,       45.1589660645
904.785278,       45.1591720581
905.091370,       45.1376266479
905.397461,       45.0686416626
905.703552,       45.0845222473
906.009399,       45.0668487549
906.315369,       45.2238426208
906.621155,       45.2576446533
906.927002,       45.2613716125
907.232788,       45.1781272888
907.538452,       45.1999320984
907.844116,       45.2909126282
908.149658,       45.2461280823
908.455200,       45.2147483826
908.760803,       45.1719093323
909.066162,       45.1599426270
909.371582,       45.1963386536
909.676880,       45.1186370850
909.982178,       45.2362251282
910.287476,       45.2627182007
910.592529,       45.2776145935
910.897705,       45.3906250000
911.202759,       45.3862266541
911.507813,       45.4009399414
911.812805,       45.4337043762
912.117676,       45.3623771667
912.422546,       45.3953285217
912.727356,       45.3286857605
913.032104,       45.2731475830
913.336853,       45.3681488037
913.641479,       45.4567222595
913.946106,       45.4018211365
914.250610,       45.3996963501
914.555115,       45.5179176331
914.859619,       45.6373596191
915.163940,       45.5743331909
915.468323,       45.6228065491
915.772583,       45.6020545959
916.076843,       45.5998077393
916.381104,       45.4786720276
916.685120,       45.5729980469
916.989258,       45.6827011108
917.293213,       45.5389442444
917.597290,       45.8464698792
917.901184,       46.0627479553
918.205017,       46.0841026306
918.508850,       46.1383056641
918.812561,       46.0899963379
919.116333,       46.1062927246
919.420044,       46.1509513855
919.723572,       46.1274757385
920.027222,       46.1219215393
920.330627,       46.0129585266
920.634094,       46.0241661072
920.937561,       45.9667053223
921.240784,       46.0480384827
921.544189,       46.1797676086
921.847351,       46.1517486572
922.150574,       46.3559722900
922.453735,       46.4757194519
922.756775,       46.4354705811
923.059875,       46.3022155762
923.362793,       46.2114410400
923.665771,       46.3951873779
923.968689,       46.0298194885
924.271362,       45.8318138123
924.574219,       45.8481216431
924.876892,       45.8139953613
925.179565,       45.7253227234
925.482239,       45.6825714111
925.784729,       45.7990913391
926.087280,       45.6717224121
926.389648,       45.6181602478
926.692078,       45.6974487305
926.994507,       45.6442947388
927.296692,       45.6557846069
927.599060,       45.4906921387
927.901123,       45.3605575562
928.203308,       45.3370323181
928.505432,       45.1750335693
928.807434,       45.1417274475
929.109436,       45.2265663147
929.411316,       45.1873855591
929.713196,       45.1168365479
930.015015,       44.8514213562
930.316711,       44.9801177979
930.618530,       44.9007682800
930.920105,       44.8195533752
931.221802,       44.9976844788
931.523315,       44.8774604797
931.824829,       44.8768005371
932.126282,       44.7754478455
932.427612,       44.7558898926
932.729004,       44.8751754761
933.030334,       44.9221267700
933.331482,       44.8673973083
933.632751,       44.7737350464
933.933777,       44.6763648987
934.234924,       44.8224258423
934.536011,       44.7806320190
934.836914,       44.7427940369
935.137878,       44.6207237244
935.438660,       44.5750274658
935.739502,       44.5978889465
936.040344,       44.7085494995
936.340942,       44.8399887085
936.641663,       44.6982002258
936.942383,       44.7645721436
937.242798,       44.9952583313
937.543335,       44.8917541504
937.843750,       45.0744285583
938.144165,       45.0617446899
938.444580,       45.1889610291
938.744751,       45.2300415039
939.045044,       45.1867485046
939.345154,       45.2823715210
939.645325,       45.2423362732
939.945435,       45.3987426758
940.245361,       45.5833320618
940.545410,       45.6225471497
940.845215,       45.7302284241
941.145142,       45.8027610779
941.445007,       46.0081176758
941.744629,       46.0470237732
942.044434,       46.0878982544
942.343994,       46.1187896729
942.643677,       46.0055694580
942.943237,       46.1520004272
943.242676,       46.2887153625
943.542114,       46.3422622681
943.841431,       46.1903915405
944.140808,       46.0248603821
944.440125,       46.0484771729
944.739258,       46.1166992188
945.038513,       46.1310462952
945.337524,       46.1318092346
945.636597,       46.0652389526
945.935669,       45.9600257874
946.234558,       45.8326416016
946.533508,       45.7453918457
946.832275,       45.9646644592
947.131165,       45.8991012573
947.429932,       45.7673187256
947.728516,       45.5557365417
948.027222,       45.5733184814
948.325745,       45.6872940063
948.624329,       46.0325584412
948.922852,       46.1555137634
949.221191,       46.2741661072
949.519592,       46.3651657104
949.817810,       46.3221321106
950.116150,       46.6894416809
950.414368,       46.7540092468
950.712463,       46.7489471436
951.010620,       46.4958000183
951.308594,       46.4964332581
951.606628,       46.5407447815
951.904602,       46.6586799622
952.202454,       47.0047874451
952.500305,       47.7452583313
952.798035,       47.9301261902
953.095825,       47.6126213074
953.393494,       47.6116218567
953.691040,       47.7908439636
953.988647,       47.8756065369
954.286133,       48.0231628418
954.583618,       47.9457397461
954.881042,       47.4738197327
955.178345,       47.4011917114
955.475647,       47.7939376831
955.772827,       47.8504791260
956.070068,       47.6992340088
956.367310,       47.5365562439
956.664307,       47.5725212097
956.961365,       47.7436943054
957.258240,       47.7739601135
957.555176,       48.2776298523
957.852112,       48.1652450562
958.148865,       48.0235939026
958.445679,       47.8800659180
958.742310,       47.0725059509
959.039001,       47.0574035645
959.335632,       47.0264854431
959.632141,       47.1748619080
959.928650,       47.1900978088
960.224976,       47.3409385681
960.521484,       47.5381050110
960.817871,       47.6079940796
961.114014,       47.6290931702
961.410339,       47.6445770264
961.706421,       46.9540863037
962.002563,       46.6286582947
962.298645,       46.6592597961
962.594604,       46.5818023682
962.890564,       46.8415756226
963.186401,       49.3109130859
963.482300,       49.5960197449
963.778137,       49.0902595520
964.073792,       49.1968345642
964.369568,       49.2794609070
964.665100,       49.2182464600
964.960693,       49.3706779480
965.256287,       49.5706748962
965.551697,       49.5685005188
965.847168,       49.4220199585
966.142395,       49.3566169739
966.437744,       49.5813560486
966.733032,       49.3336830139
967.028198,       49.3296432495
967.323364,       49.4171485901
967.618408,       49.4961509705
967.913513,       49.8320274353
968.208496,       50.0459365845
968.503357,       50.0829238892
968.798279,       50.1715583801
969.093018,       50.0642471313
969.387817,       47.0424613953
969.682556,       47.0043029785
969.977173,       47.0212669373
970.271790,       47.3717308044
970.566406,       47.4839096069
970.860779,       47.5514869690
971.155334,       47.6812667847
971.449646,       47.0787925720
971.743958,       47.2264060974
972.038330,       47.4638214111
972.332458,       47.5546951294
972.626648,       47.3189582825
972.920715,       47.1881103516
973.214844,       47.1775207520
973.508911,       47.3034286499
973.802734,       47.6503753662
974.096741,       47.6766929626
974.390442,       47.7318801880
974.684265,       47.7893867493
974.978088,       47.7256050110
975.271667,       47.9844017029
975.565369,       47.9446563721
975.858826,       47.9349555969
976.152405,       48.0969200134
976.445923,       47.8339118958
976.739258,       47.7903862000
977.032654,       48.0087318420
977.325867,       48.1144294739
977.619202,       48.6121749878
977.912415,       49.1126861572
978.205505,       49.1027069092
978.498596,       49.1274795532
978.791504,       49.0838813782
979.084534,       49.4864006042
979.377563,       49.8251037598
979.670288,       49.9814910889
979.963196,       49.7208099365
980.255859,       49.7347564697
980.548584,       49.8212394714
980.841309,       49.7422523499
981.133850,       49.8279380798
981.426392,       50.1054420471
981.718811,       50.2300071716
982.011292,       49.8365211487
982.303650,       49.8466682434
982.595886,       49.8620681763
982.888245,       50.0619697571
983.180359,       49.8693923950
983.472595,       49.4847908020
983.764709,       49.0897865295
984.056641,       48.6762542725
984.348755,       48.8251647949
984.640625,       49.0808830261
984.932495,       49.0620574951
985.224365,       48.6238670349
985.516052,       48.2267532349
985.807861,       48.3339309692
986.099426,       49.1604194641
986.391052,       48.7972259521
986.682678,       48.5685348511
986.974121,       48.8611373901
987.265625,       48.7106666565
987.556885,       48.2786674500
987.848328,       48.0890083313
988.139648,       48.3351364136
988.430786,       48.2535972595
988.721985,       48.1120986938
989.013000,       47.9848937988
989.304138,       48.6326675415
989.595215,       48.9143600464
989.886047,       49.2382278442
990.177002,       49.2112846375
990.467834,       49.3216552734
990.758606,       49.0716743469
991.049377,       49.2321586609
991.339966,       49.8459892273
991.630676,       49.9679794312
991.921143,       49.3713989258
992.211670,       49.5033760071
992.502197,       49.5668563843
992.792542,       49.5385246277
993.082886,       48.9932518005
993.373169,       49.3790550232
993.663452,       49.4949455261
993.953613,       49.8346290588
994.243713,       49.7979774475
994.533813,       49.8431472778
994.823792,       50.2468986511
995.113770,       50.1835403442
995.403687,       49.7952919006
995.693481,       49.7454452515
995.983337,       49.6784934998
996.273010,       49.5560112000
996.562744,       48.9140319824
996.852417,       49.2819900513
997.141907,       49.3550910950
997.431458,       48.9634361267
997.720886,       49.4881668091
998.010315,       49.7328262329
998.299744,       48.6008033752
998.588928,       48.4593925476
998.878296,       48.7819099426
999.167419,       49.0507431030
999.456543,       50.1921005249
999.745667,       50.0851211548
1000.034607,       49.8474845886
1000.323669,       49.9372482300
1000.612488,       50.6293907166
1000.901367,       50.4104385376
1001.190247,       50.1417503357
1001.478882,       49.9917144775
1001.767639,       51.1192245483
1002.056335,       50.8740425110
1002.344849,       51.8194847107
1002.633423,       52.1580810547
1002.921814,       51.9624900818
1003.210266,       51.7773971558
1003.498657,       51.6467590332
1003.786926,       51.3042335510
1004.075256,       52.2789535522
1004.363342,       52.2708969116
1004.651489,       52.0907516479
1004.939697,       52.1806106567
1005.227600,       53.1266937256
1005.515686,       52.4899253845
1005.803467,       52.9428062439
1006.091370,       53.2269248962
1006.379272,       53.8588943481
1006.666870,       53.5684280396
1006.954712,       53.5918159485
1007.242188,       54.4369392395
1007.529907,       54.7098579407
1007.817444,       53.5639266968
1008.104858,       54.9533767700
1008.392334,       54.0516204834
1008.679565,       54.6101799011
1008.966980,       54.4981765747
1009.254272,       54.7481002808
1009.541382,       55.0002517700
1009.828613,       54.8338584900
1010.115601,       54.1376113892
1010.402649,       54.1917991638
1010.689697,       54.4626426697
1010.976563,       54.2673416138
1011.263489,       54.6529045105
1011.550171,       54.3309707642
1011.837036,       54.1863746643
1012.123657,       54.4207916260
1012.410278,       54.7345390320
1012.696899,       55.5714950562
1012.983337,       56.1082382202
1013.269897,       55.4373130798
1013.556396,       55.4816322327
1013.842651,       56.2125625610
1014.129028,       55.0348625183
1014.415161,       55.3588676453
1014.701477,       55.3884506226
1014.987671,       56.2595062256
1015.273560,       56.6630020142
1015.559692,       57.2412567139
1015.845581,       57.6393661499
1016.131592,       58.9980049133
1016.417542,       59.5809478760
1016.703247,       60.0048789978
1016.989014,       60.7405967712
1017.274658,       60.5771064758
1017.560303,       61.2267684937
1017.845947,       61.0889434814
1018.131409,       61.1415634155
1018.416870,       60.8333511353
1018.702271,       60.5180625916
1018.987671,       60.5029411316
1019.272949,       61.8901557922
1019.558228,       62.4500617981
1019.843445,       61.9634513855
1020.128540,       61.8718566895
1020.413574,       62.0682411194
1020.698608,       61.8473510742
1020.983521,       61.4394607544
1021.268555,       62.8217468262
1021.553284,       64.2876892090
1021.838135,       65.1616744995
1022.122925,       63.9198837280
1022.407593,       67.5718765259
1022.692261,       44.8559570313
1022.976807,       45.8866577148
1023.261292,       55.5963287354
1023.545837,       56.5084266663
1023.830200,       62.2775726318
1024.114624,       83.7902221680
1024.398804,       87.4704513550
1024.683105,       69.6774291992
1024.967285,       47.2616615295
