340.270844,        0.0000000000
340.648560,        0.0000000000
341.026306,      329.5453491211
341.403961,      309.0908508301
341.781616,      471.4289550781
342.159210,    -1320.0013427734
342.536743,       46.4285774231
342.914307,       79.5652389526
343.291779,      102.0134201050
343.669250,        0.0000000000
344.046661,       74.1850128174
344.424042,       72.9057083130
344.801422,       72.4165344238
345.178711,       75.6983184814
345.556000,       77.9400939941
345.933258,       82.3415374756
346.310486,       84.2579040527
346.687622,       83.8501815796
347.064758,       85.4384384155
347.441895,       83.4672546387
347.818939,       82.6405410767
348.195953,       81.2907485962
348.572937,       80.1641311646
348.949890,       80.7078704834
349.326843,       81.3747863770
349.703735,       80.9377517700
350.080597,       80.7965545654
350.457397,       82.4077224731
350.834198,       78.0862197876
351.210968,       76.7769699097
351.587646,       77.7714309692
351.964325,       76.5499038696
352.340942,       76.5610427856
352.717560,       78.1707687378
353.094147,       78.9225769043
353.470673,       78.2049331665
353.847168,       76.2076187134
354.223602,       75.5854415894
354.600037,       74.8673477173
354.976440,       73.5539169312
355.352783,       75.5099105835
355.729126,       77.5624542236
356.105408,       78.9864730835
356.481628,       79.1853485107
356.857849,       77.2901077271
357.234009,       74.7364807129
357.610168,       76.3231658936
357.986267,       73.9249496460
358.362366,       72.9216384888
358.738373,       74.0747604370
359.114349,       76.6850433350
359.490326,       74.2714538574
359.866241,       73.4763870239
360.242157,       73.2578430176
360.617981,       71.1587524414
360.993805,       69.5643615723
361.369568,       72.0162429810
361.745331,       73.2536087036
362.121033,       72.8449096680
362.496704,       72.8868255615
362.872314,       71.1978530884
363.247925,       70.8739929199
363.623505,       67.3100204468
363.999023,       63.6669044495
364.374542,       68.6232070923
364.750000,       69.4302825928
365.125397,       71.0756759644
365.500763,       68.9701766968
365.876160,       68.4312133789
366.251434,       68.0847015381
366.626740,       66.6272583008
367.001953,       66.9003219604
367.377136,       68.8946075439
367.752350,       67.8796081543
368.127472,       71.6840744019
368.502594,       70.7106704712
368.877625,       69.2112274170
369.252625,       66.7533569336
369.627625,       65.9714965820
370.002563,       67.3598785400
370.377502,       67.5233230591
370.752380,       67.7850341797
371.127228,       70.5646514893
371.502014,       70.8260650635
371.876770,       71.6700897217
372.251526,       69.3429565430
372.626221,       69.5446929932
373.000885,       68.6716537476
373.375488,       68.8344345093
373.750092,       71.2075805664
374.124664,       71.6195373535
374.499146,       74.6266098022
374.873627,       74.7086715698
375.248108,       71.8809204102
375.622467,       77.9341735840
375.996887,       76.6485595703
376.371185,       77.8082656860
376.745483,       77.6307525635
377.119751,       78.2608337402
377.493958,       78.7342529297
377.868195,       78.7290191650
378.242310,       78.8323135376
378.616394,       81.5959701538
378.990540,       78.6810913086
379.364563,       78.0313186646
379.738556,       77.0135192871
380.112518,       73.8448562622
380.486481,       72.6667251587
380.860352,       72.1202850342
381.234192,       72.9507598877
381.608063,       70.2869567871
381.981812,       68.6839218140
382.355591,       64.9204940796
382.729309,       64.4292449951
383.102966,       64.9735565186
383.476624,       58.2281761169
383.850220,       56.0091476440
384.223816,       54.3868141174
384.597321,       54.7611427307
384.970856,       55.9493675232
385.344299,       53.6268844604
385.717682,       52.4076004028
386.091125,       52.2996177673
386.464447,       47.0101165771
386.837769,       45.3785591125
387.211029,       48.1838302612
387.584290,       48.3670463562
387.957489,       48.7753753662
388.330627,       47.6389884949
388.703766,       49.0443153381
389.076874,       48.7243881226
389.449921,       52.3603210449
389.822937,       52.2049980164
390.195923,       52.8510818481
390.568878,       51.9256477356
390.941772,       52.1525802612
391.314636,       51.1163101196
391.687500,       49.2283058167
392.060272,       49.2819404602
392.433075,       48.8940773010
392.805756,       44.8683547974
393.178436,       44.1359214783
393.551117,       44.4364929199
393.923737,       45.9755897522
394.296326,       46.4276237488
394.668854,       46.3129577637
395.041321,       43.5890274048
395.413849,       44.4355468750
395.786255,       45.9558868408
396.158630,       46.9614639282
396.531006,       45.8019180298
396.903320,       44.5018730164
397.275604,       44.9433517456
397.647827,       44.5447769165
398.020050,       47.5337944031
398.392212,       46.0547142029
398.764343,       44.3723106384
399.136444,       43.8411102295
399.508514,       43.7680015564
399.880554,       42.4824638367
400.252533,       44.3998260498
400.624512,       46.5797004700
400.996399,       46.7027397156
401.368286,       45.9630088806
401.740112,       44.2679214478
402.111908,       42.5086364746
402.483673,       41.8747138977
402.855408,       42.1523628235
403.227081,       41.0771865845
403.598755,       38.8594017029
403.970367,       37.2146911621
404.341980,       37.4914283752
404.713501,       38.0707588196
405.085022,       36.6696090698
405.456482,       35.6557083130
405.827911,       32.3959197998
406.199310,       31.9009819031
406.570648,       32.4676475525
406.942017,       33.2286491394
407.313263,       32.8307151794
407.684509,       33.5184135437
408.055725,       31.6708240509
408.426880,       31.0025043488
408.798035,       32.5286941528
409.169128,       32.9309120178
409.540161,       34.1870384216
409.911224,       33.8900909424
410.282196,       34.1661109924
410.653137,       33.5359649658
411.024048,       32.2790336609
411.394897,       33.7372970581
411.765747,       34.5809860229
412.136536,       33.5944938660
412.507324,       35.2752990723
412.878052,       34.4522972107
413.248718,       38.4005126953
413.619385,       38.0162620544
413.989990,       37.4383888245
414.360565,       38.4200439453
414.731110,       37.3507919312
415.101563,       37.4990425110
415.472076,       36.9829101563
415.842468,       36.5747261047
416.212891,       37.1114921570
416.583221,       35.6898498535
416.953522,       35.1864204407
417.323792,       33.3134422302
417.694031,       35.4323348999
418.064240,       35.6706199646
418.434418,       37.1024856567
418.804535,       39.8022270203
419.174622,       39.5281562805
419.544678,       38.1283760071
419.914673,       38.2919578552
420.284668,       36.6022987366
420.654572,       35.5742111206
421.024475,       32.6645240784
421.394348,       33.6596870422
421.764191,       33.9090995789
422.133972,       33.3484840393
422.503693,       34.8530120850
422.873444,       34.2961120605
423.243134,       34.1373672485
423.612762,       33.5180969238
423.982330,       31.7250423431
424.351929,       31.1171436310
424.721436,       29.8525867462
425.090942,       30.1564216614
425.460358,       28.9633712769
425.829773,       28.0154609680
426.199158,       26.2395057678
426.568481,       23.6601772308
426.937775,       22.8366413116
427.307037,       23.9448242188
427.676239,       23.1483554840
428.045441,       22.6657485962
428.414581,       22.2808113098
428.783722,       23.0650119781
429.152802,       21.4408645630
429.521790,       24.0322418213
429.890839,       23.7661228180
430.259766,       21.2959537506
430.628693,       22.8450527191
430.997589,       21.8360252380
431.366425,       21.6771812439
431.735229,       21.3887443542
432.104004,       21.1161422729
432.472748,       22.7055473328
432.841431,       22.0324611664
433.210052,       21.7043647766
433.578705,       21.0524044037
433.947266,       21.4024238586
434.315826,       20.8238391876
434.684326,       21.0732517242
435.052765,       20.3950634003
435.421204,       23.4806823730
435.789612,       23.2114562988
436.157959,       24.0177364349
436.526276,       22.4327526093
436.894531,       22.0919322968
437.262756,       18.8920783997
437.630951,       18.0554370880
437.999146,       18.0390815735
438.367249,       16.9156646729
438.735321,       16.7711639404
439.103394,       16.1842651367
439.471405,       16.0408401489
439.839386,       41.7052116394
440.207306,       41.2093658447
440.575195,       41.0961799622
440.943054,       40.4525680542
441.310883,       40.0998344421
441.678680,       40.0932388306
442.046387,       39.7590446472
442.414093,       39.2634887695
442.781799,       38.7399482727
443.149414,       36.6996002197
443.516998,       36.3235130310
443.884552,       35.3966903687
444.252045,       35.0518875122
444.619537,       34.5386695862
444.987000,       34.4088211060
445.354401,       34.4887809753
445.721710,       34.8013763428
446.089081,       34.4377326965
446.456360,       34.5886268616
446.823608,       34.6684265137
447.190826,       34.8405647278
447.557953,       10.9799098969
447.925110,       10.0382852554
448.292175,        9.6510362625
448.659271,        9.8925552368
449.026276,        9.8690233231
449.393250,        9.1639461517
449.760193,        9.1921710968
450.127075,        8.7312984467
450.493958,        8.8274269104
450.860779,        8.0406618118
451.227570,        7.9597764015
451.594330,        8.5513849258
451.960999,        8.6395454407
452.327698,        8.8990726471
452.694336,        8.5696134567
453.060913,        8.0694971085
453.427490,        7.3025784492
453.793976,        7.1468548775
454.160492,        6.8177132607
454.526917,        7.0517358780
454.893311,        6.8847732544
455.259674,        6.7357039452
455.626007,        7.1286039352
455.992310,        7.7414064407
456.358551,        7.3012723923
456.724731,        7.7335238457
457.090912,        8.1496095657
457.457031,        8.2581071854
457.823151,        8.2886915207
458.189209,        8.1095266342
458.555206,        8.1936511993
458.921173,        8.0994958878
459.287109,        7.7469148636
459.653015,        8.3642625809
460.018890,        8.1012344360
460.384705,        8.2038421631
460.750519,        7.7483243942
461.116241,        7.7171854973
461.481964,        7.5436563492
461.847626,        7.9359941483
462.213226,        7.7784566879
462.578827,        8.0856409073
462.944427,        7.7374515533
463.309906,        7.4253191948
463.675385,        6.7940816879
464.040802,        6.7794141769
464.406219,        6.4073653221
464.771606,        5.8000779152
465.136902,        5.7252388000
465.502197,        5.5574069023
465.867462,        5.6126146317
466.232635,        5.4213504791
466.597839,        5.3133292198
466.962921,        5.3718285561
467.328003,        4.8865089417
467.693054,        5.0219907761
468.058075,        5.0209412575
468.423035,        5.8405051231
468.787994,        5.9463906288
469.152863,        6.1346950531
469.517700,        5.6149754524
469.882538,        5.2989678383
470.247314,        4.6860818863
470.612061,        5.6080574989
470.976746,        5.4955029488
471.341431,        5.9082412720
471.706024,        6.0544118881
472.070618,        6.3627347946
472.435181,        6.2258148193
472.799622,        6.1818161011
473.164124,        6.5213165283
473.528534,        6.3325972557
473.892975,        6.4392657280
474.257294,        6.5587878227
474.621582,        6.2898211479
474.985870,        6.2901206017
475.350098,        6.4602670670
475.714325,        6.2499160767
476.078461,        6.0215487480
476.442535,        5.9047689438
476.806641,        5.6351685524
477.170685,        5.6616330147
477.534668,        5.5507426262
477.898621,        5.6693835258
478.262512,        5.0071759224
478.626404,        5.5248079300
478.990265,        5.2068872452
479.354065,        4.9828824997
479.717834,        4.4762005806
480.081512,        4.5731873512
480.445221,        4.4745349884
480.808899,        4.3048276901
481.172485,        4.3941111565
481.536041,        4.1646413803
481.899567,        4.3691039085
482.263062,        4.2068548203
482.626526,        4.3352746964
482.989929,        4.0984587669
483.353271,        4.0869364738
483.716583,        3.7751917839
484.079895,        3.5860762596
484.443146,        3.5891685486
484.806366,        3.6958131790
485.169525,        3.7735149860
485.532654,        3.6485016346
485.895752,        3.4718942642
486.258820,        3.0600581169
486.621857,        3.2856516838
486.984802,        3.3270471096
487.347748,        3.4739422798
487.710663,        3.3033442497
488.073517,        3.1589417458
488.436340,        3.2254364491
488.799072,        3.1667346954
489.161835,        3.1384189129
489.524536,        2.7905833721
489.887238,        2.8383843899
490.249847,        2.6859030724
490.612396,        2.5740396976
490.974915,        2.5737600327
491.337433,        2.5805377960
491.699921,        2.7065987587
492.062347,        2.8873796463
492.424713,        2.7988727093
492.787079,        2.7035067081
493.149353,        3.4741282463
493.511658,        3.4594416618
493.873871,        3.4444191456
494.236053,        3.2984449863
494.598206,        3.3612787724
494.960297,        3.3999667168
495.322388,        3.4529111385
495.684418,        3.5023357868
496.046356,        3.2778506279
496.408325,        3.1905009747
496.770264,        3.2286002636
497.132141,        3.2875187397
497.493958,        3.3232769966
497.855713,        3.2639477253
498.217499,        3.2087285519
498.579193,        3.2056093216
498.940887,        3.2311418056
499.302490,        3.1822011471
499.664093,        3.0410199165
500.025635,        2.9465560913
500.387177,        2.9262955189
500.748627,        2.1221475601
501.110077,        2.3242375851
501.471436,        2.2832903862
501.832825,        2.2489054203
502.194153,        2.1746668816
502.555389,        2.0705313683
502.916626,        2.1452255249
503.277802,        2.1756718159
503.638977,        2.3276205063
504.000092,        2.4859609604
504.361176,        2.5039710999
504.722198,        2.4154274464
505.083160,        2.3895499706
505.444153,        2.3317766190
505.805084,        2.3492429256
506.165924,        2.3177819252
506.526764,        2.3714883327
506.887543,        2.7744560242
507.248322,        2.8399145603
507.609070,        2.9156467915
507.969727,        2.9114828110
508.330322,        3.0089223385
508.690918,        2.8290047646
509.051514,        2.8303031921
509.412018,        2.8023221493
509.772491,        2.8293244839
510.132904,        3.0827839375
510.493286,        3.1700968742
510.853699,        3.1571276188
511.213989,        3.0387606621
511.574280,        2.9243378639
511.934509,        2.8740029335
512.294678,        2.9704244137
512.654846,        2.9153268337
513.014954,        2.9483168125
513.375061,        3.0965223312
513.735046,        3.1807587147
514.095032,        3.0534276962
514.455078,        2.7725932598
514.814941,        2.5922789574
515.174805,        2.5047965050
515.534607,        2.5071294308
515.894409,        2.4887220860
516.254211,        2.4589927197
516.613892,        2.4766249657
516.973572,        2.5403513908
517.333130,        2.5559787750
517.692749,        2.2972669601
518.052368,        2.1337542534
518.411865,        2.1587347984
518.771301,        2.1288108826
519.130737,        2.1202485561
519.490173,        2.2087223530
519.849548,        2.1503286362
520.208801,        2.1781542301
520.568054,        2.2213420868
520.927307,        2.0847716331
521.286499,        2.0510663986
521.645691,        2.1946887970
522.004822,        2.2095785141
522.363831,        2.2775979042
522.722839,        2.2827041149
523.081848,        2.2587168217
523.440796,        2.2782142162
523.799744,        2.3096718788
524.158569,        2.2452108860
524.517395,        2.1309738159
524.876160,        2.0802702904
525.234924,        2.1309511662
525.593628,        2.1363415718
525.952271,        2.3467886448
526.310913,        2.4774365425
526.669495,        2.4692087173
527.028076,        2.3987293243
527.386536,        2.5367527008
527.744995,        2.5718684196
528.103394,        2.5871405602
528.461792,        2.7126386166
528.820129,        2.8705203533
529.178406,        2.8209078312
529.536743,        2.7823553085
529.894958,        2.8040192127
530.253113,        2.8863179684
530.611267,        3.1188557148
530.969299,        3.2172174454
531.327393,        3.3503067493
531.685486,        3.4195277691
532.043335,        3.4975521564
532.401367,        3.5098545551
532.759216,        3.5092911720
533.117004,        3.5885717869
533.474915,        3.3937234879
533.832642,        3.3760030270
534.190430,        3.4078500271
534.548096,        3.4641485214
534.905762,        3.4061789513
535.263367,        3.4738712311
535.620850,        3.5019390583
535.978455,        3.4255008698
536.335876,        3.2790396214
536.693359,        3.2995927334
537.050781,        3.3054265976
537.408142,        3.3852941990
537.765442,        3.3527727127
538.122681,        3.2162506580
538.479919,        3.1471717358
538.837219,        3.0596284866
539.194336,        3.1356196404
539.551453,        3.2508921623
539.908508,        3.4346628189
540.265564,        3.4174065590
540.622559,        3.3637642860
540.979553,        3.3304564953
541.336426,        3.3220098019
541.693298,        3.3303902149
542.050110,        3.3976364136
542.406921,        3.4276916981
542.763672,        3.4436025620
543.120422,        3.4362874031
543.477051,        3.4600369930
543.833679,        3.4917407036
544.190308,        3.4567427635
544.546814,        3.4466397762
544.903381,        3.4321336746
545.259827,        3.4290266037
545.616211,        3.4028437138
545.972595,        3.3719475269
546.328979,        3.3747644424
546.685242,        3.3377044201
547.041504,        3.2545011044
547.397644,        3.0938289165
547.753906,        3.1362905502
548.110046,        3.1570677757
548.466125,        3.2036244869
548.822144,        3.1901166439
549.178223,        3.2304637432
549.534241,        3.2510643005
549.890137,        3.1960885525
550.246033,        3.1956098080
550.601868,        3.1750936508
550.957581,        3.1910974979
551.313416,        3.3013443947
551.669128,        3.3706207275
552.024841,        3.3931665421
552.380432,        3.3324081898
552.736023,        3.3718268871
553.091675,        3.5457069874
553.447144,        3.5757620335
553.802612,        3.5761010647
554.158020,        3.6353259087
554.513428,        3.5987372398
554.868774,        3.5886700153
555.224121,        3.7399914265
555.579346,        3.7387471199
555.934631,        3.7370865345
556.289734,        3.7573144436
556.644958,        3.8248023987
557.000000,        3.8339123726
557.355103,        3.8339321613
557.710083,        3.7990906239
558.065063,        3.7976377010
558.420105,        3.7970895767
558.774963,        3.7134463787
559.129822,        3.7286083698
559.484619,        3.7354378700
559.839355,        3.7850050926
560.194153,        3.7645571232
560.548828,        3.6405634880
560.903442,        3.6373794079
561.258057,        3.7104606628
561.612610,        3.6586873531
561.967224,        3.7001121044
562.321655,        3.7003571987
562.676086,        3.5378236771
563.030457,        3.5413451195
563.384827,        3.5729713440
563.739197,        3.5868802071
564.093445,        3.4841086864
564.447693,        3.4122030735
564.801880,        3.3992927074
565.156006,        3.3972668648
565.510132,        3.4059770107
565.864197,        3.4199397564
566.218262,        3.3821723461
566.572205,        3.3224775791
566.926086,        3.2970130444
567.280090,        3.2609238625
567.633972,        3.2571141720
567.987732,        3.2387349606
568.341553,        3.2025635242
568.695190,        3.1270251274
569.048950,        3.1301662922
569.402649,        3.0965039730
569.756165,        3.1061465740
570.109802,        3.1490902901
570.463257,        3.1530666351
570.816772,        3.1042213440
571.170227,        3.0559992790
571.523621,        3.0819408894
571.877014,        3.0683653355
572.230286,        3.0768101215
572.583557,        3.1012582779
572.936829,        3.1594045162
573.289978,        3.2022166252
573.643250,        3.2526917458
573.996216,        3.2706551552
574.349365,        3.2782919407
574.702393,        3.3159761429
575.055359,        3.3138613701
575.408325,        3.3287088871
575.761169,        3.3615190983
576.114075,        3.3856537342
576.466919,        3.3381347656
576.819641,        3.3415935040
577.172363,        3.3205077648
577.525085,        3.3526227474
577.877686,        3.3772952557
578.230286,        3.3819091320
578.582825,        3.3765583038
578.935425,        3.3416683674
579.287903,        3.3294386864
579.640320,        3.3487069607
579.992676,        3.3053121567
580.345093,        3.2244052887
580.697388,        3.1632997990
581.049683,        3.1012370586
581.401855,        3.0615594387
581.754089,        3.1873452663
582.106201,        3.2118077278
582.458313,        3.2559890747
582.810425,        3.2225358486
583.162354,        3.1884384155
583.514404,        3.1954143047
583.866272,        3.1864271164
584.218201,        3.1914353371
584.570068,        3.2704050541
584.921875,        3.2107994556
585.273560,        3.1953721046
585.625305,        3.2752692699
585.977051,        3.2649846077
586.328674,        3.4488580227
586.680237,        3.4503743649
587.031799,        3.4678480625
587.383301,        3.4904797077
587.734802,        3.5226187706
588.086243,        3.5291686058
588.437561,        3.5536124706
588.788940,        3.6130263805
589.140198,        3.4764800072
589.491516,        3.3848605156
589.842712,        3.3403005600
590.193848,        3.3958287239
590.544983,        3.4040331841
590.896057,        3.4350798130
591.247192,        3.4678950310
591.598145,        3.4426279068
591.949158,        3.3557660580
592.300049,        3.3570661545
592.650879,        3.3144102097
593.001770,        3.2183260918
593.352539,        3.2500629425
593.703308,        3.1479227543
594.054016,        3.1709496975
594.404663,        3.1483731270
594.755310,        3.1936805248
595.105896,        3.1936473846
595.456360,        3.1949925423
595.806885,        3.1730110645
596.157349,        3.1971044540
596.507751,        3.3061048985
596.858154,        3.3488328457
597.208435,        3.3599801064
597.558777,        3.3524167538
597.908997,        3.3478863239
598.259216,        3.2631568909
598.609314,        3.2699372768
598.959473,        3.3284206390
599.309570,        3.3856387138
599.659546,        3.4298944473
600.009583,        3.5072033405
600.359497,        3.5454559326
600.709412,        3.5216846466
601.059265,        3.4813780785
601.409058,        3.5688273907
601.758850,        3.5603809357
602.108521,        3.5006661415
602.458191,        3.5017418861
602.807922,        3.4813959599
603.157471,        3.4962241650
603.507080,        3.4504804611
603.856567,        3.3940751553
604.205994,        3.3772873878
604.555542,        3.3503928185
604.904846,        3.3121559620
605.254211,        3.3402891159
605.603516,        3.5460278988
605.952759,        3.5873107910
606.302063,        3.5599026680
606.651123,        3.5325889587
607.000305,        3.5096342564
607.349365,        3.4463193417
607.698425,        3.4037084579
608.047485,        3.4153976440
608.396362,        3.3892393112
608.745300,        3.2762711048
609.094177,        3.2483572960
609.442993,        3.2441079617
609.791809,        3.2014341354
610.140503,        3.2012515068
610.489258,        3.1759207249
610.837891,        3.1788582802
611.186523,        3.1368687153
611.535156,        3.1251528263
611.883606,        3.1364130974
612.232178,        3.2120852470
612.580566,        3.2255225182
612.928955,        3.0534040928
613.277344,        2.9707729816
613.625610,        2.9672708511
613.973938,        2.9502429962
614.322144,        2.9678068161
614.670288,        3.0008771420
615.018555,        3.0396173000
615.366516,        3.0077977180
615.714661,        2.9763729572
616.062622,        3.0449173450
616.410645,        3.0495934486
616.758606,        3.0824565887
617.106445,        3.0714604855
617.454285,        3.0737299919
617.802063,        3.1134507656
618.149841,        3.1103596687
618.497559,        3.0907416344
618.845215,        3.1368799210
619.192871,        3.1518831253
619.540466,        3.0653166771
619.888000,        3.0099718571
620.235535,        3.0114490986
620.582886,        3.0434298515
620.930359,        3.0312526226
621.277710,        3.0222964287
621.625061,        2.9841024876
621.972351,        2.9423973560
622.319519,        2.9084839821
622.666809,        2.9394142628
623.013916,        2.9562852383
623.361023,        2.9266374111
623.708130,        2.9539322853
624.055054,        2.9352228642
624.402100,        2.9255743027
624.749023,        2.9661595821
625.095947,        2.9695067406
625.442810,        2.9699943066
625.789551,        2.9732096195
626.136353,        2.9441800117
626.483032,        2.9587960243
626.829712,        3.0313253403
627.176392,        3.0699229240
627.522949,        3.0585174561
627.869507,        3.0362780094
628.216003,        3.0284488201
628.562500,        3.0388541222
628.908936,        3.0318353176
629.255310,        3.0351276398
629.601624,        3.0538792610
629.947876,        3.0496652126
630.294067,        3.1529259682
630.640320,        3.1009290218
630.986511,        3.0744924545
631.332642,        3.0518128872
631.678650,        3.0892851353
632.024658,        3.0286962986
632.370728,        3.0151450634
632.716614,        2.9923222065
633.062500,        2.9922583103
633.408325,        2.9897181988
633.754089,        3.0789151192
634.099915,        3.0300679207
634.445679,        3.0276918411
634.791321,        3.0674943924
635.136963,        3.1381647587
635.482483,        3.1340692043
635.828125,        3.1233110428
636.173584,        3.1036872864
636.519043,        3.1257193089
636.864502,        3.1082959175
637.209778,        3.1203818321
637.555237,        3.0046315193
637.900452,        3.0156064034
638.245728,        3.0237395763
638.590881,        3.0014381409
638.935974,        2.9743156433
639.281189,        2.9695835114
639.626221,        3.0234415531
639.971191,        3.0267667770
640.316223,        3.0353937149
640.661072,        3.0344424248
641.006042,        2.9113521576
641.350891,        2.8906965256
641.695679,        2.8620538712
642.040466,        2.8034632206
642.385071,        2.6884026527
642.729858,        2.6692624092
643.074463,        2.6516346931
643.419067,        2.6469333172
643.763611,        2.6382935047
644.108032,        2.6244587898
644.452515,        2.5799577236
644.796936,        2.5644464493
645.141296,        2.5611028671
645.485657,        2.5613973141
645.829834,        2.5486660004
646.174133,        2.5127661228
646.518311,        2.4940052032
646.862427,        2.4206421375
647.206604,        2.3704469204
647.550598,        2.3657519817
647.894653,        2.3379840851
648.238647,        2.3337409496
648.582458,        2.3180243969
648.926453,        2.3108932972
649.270203,        2.3006880283
649.614075,        2.3067238331
649.957764,        2.3248088360
650.301453,        2.3115663528
650.645142,        2.3111841679
650.988708,        2.2696423531
651.332336,        2.2414753437
651.675842,        2.2443125248
652.019348,        2.2539415359
652.362854,        2.2385725975
652.706177,        2.1802675724
653.049561,        2.1837365627
653.392883,        2.1912567616
653.736084,        2.1996288300
654.079346,        2.2152512074
654.422424,        2.2046170235
654.765625,        2.1735324860
655.108765,        2.1488611698
655.451721,        2.1070919037
655.794800,        2.0930588245
656.137695,        2.0671439171
656.480591,        2.0484857559
656.823486,        2.0463874340
657.166260,        1.9952973127
657.509094,        1.9922329187
657.851807,        1.9651908875
658.194519,        1.9287632704
658.537109,        2.0343527794
658.879761,        2.0227651596
659.222351,        2.0285937786
659.564758,        1.9946571589
659.907349,        1.9795572758
660.249695,        1.9690427780
660.592041,        1.9878396988
660.934448,        1.9801733494
661.276672,        1.9127967358
661.619019,        1.9039502144
661.961182,        1.8779760599
662.303284,        1.8790407181
662.645508,        1.8621603251
662.987427,        1.8334822655
663.329529,        1.8167333603
663.671448,        1.7969585657
664.013428,        1.7843571901
664.355347,        1.7699897289
664.697205,        1.8545212746
665.039001,        1.8460065126
665.380676,        1.8664661646
665.722412,        1.7946492434
666.064148,        1.7667766809
666.405701,        1.7148518562
666.747253,        1.6852010489
667.088806,        1.6801474094
667.430298,        1.6399853230
667.771790,        1.5893694162
668.113159,        1.5709003210
668.454529,        1.5786707401
668.795837,        1.5896221399
669.137085,        1.5855338573
669.478394,        1.5563864708
669.819519,        1.5912078619
670.160645,        1.5933284760
670.501709,        1.5617688894
670.842773,        1.5302257538
671.183777,        1.5496851206
671.524719,        1.5407583714
671.865662,        1.4355027676
672.206482,        1.4047908783
672.547302,        1.3663456440
672.888123,        1.3371145725
673.228821,        1.3391288519
673.569458,        1.3508973122
673.910095,        1.3452702761
674.250732,        1.3589922190
674.591370,        1.3875352144
674.931824,        1.3698394299
675.272217,        1.3297876120
675.612732,        1.2975805998
675.953003,        1.2803760767
676.293396,        1.2653402090
676.633667,        1.2624278069
676.973877,        1.2225433588
677.314148,        1.2292842865
677.654236,        1.2256772518
677.994385,        1.2640693188
678.334412,        1.2273602486
678.674438,        1.2329200506
679.014404,        1.2323294878
679.354309,        1.2628493309
679.694214,        1.2705153227
680.034058,        1.2567641735
680.373840,        1.2537425756
680.713623,        1.2649931908
681.053223,        1.2997907400
681.392944,        1.4144310951
681.732544,        2.0971996784
682.072083,        4.5002212524
682.411621,        4.5631208420
682.751038,        4.5992794037
683.090515,        4.5970525742
683.429871,        4.5976829529
683.769226,        4.6641054153
684.108582,        4.7192258835
684.447754,        4.7248253822
684.786987,        4.7631793022
685.126160,        4.7848210335
685.465210,        4.8125619888
685.804382,        4.8744301796
686.143311,        4.9312648773
686.482361,        4.9689154625
686.821289,        5.0681667328
687.160156,        5.1181421280
687.499023,        5.1711053848
687.837769,        5.3100366592
688.176514,        5.3668122292
688.515259,        5.3356733322
688.853882,        4.7716870308
689.192566,        2.4518814087
689.531067,        2.4962317944
689.869629,        2.6269383430
690.208130,        2.7528202534
690.546570,        2.8879499435
690.885010,        2.9350388050
691.223267,        3.0332565308
691.561584,        3.1610455513
691.899841,        3.3422741890
692.238037,        3.4692995548
692.576294,        3.6253533363
692.914307,        3.7687084675
693.252380,        3.9008803368
693.590454,        4.0257167816
693.928406,        4.1207680702
694.266357,        4.2865686417
694.604187,        4.4442358017
694.942078,        4.5120625496
695.279907,        4.6778535843
695.617615,        4.8753099442
695.955444,        4.9748215675
696.292969,        5.1925005913
696.630676,        5.3787722588
696.968201,        5.5029921532
697.305725,        5.7775130272
697.643250,        5.9644594193
697.980652,        6.1786980629
698.318054,        6.3637518883
698.655396,        6.5615081787
698.992676,        6.6873445511
699.330017,        6.8869972229
699.667175,        7.0500345230
700.004395,        7.2657332420
700.341492,        7.4109249115
700.678528,        7.6522722244
701.015564,        7.8784904480
701.352478,        8.0296621323
701.689514,        8.2433881760
702.026428,        8.4788780212
702.363220,        8.6819286346
702.700073,        8.8250293732
703.036804,        9.0768175125
703.373474,        9.2652301788
703.710144,        9.5120172501
704.046814,        9.7023820877
704.383362,        9.7471656799
704.719910,        9.9497566223
705.056335,       10.1257772446
705.392761,       10.3145675659
705.729187,       10.4819135666
706.065552,       10.6627616882
706.401855,       10.8249788284
706.738098,       11.0662279129
707.074280,       11.1907358170
707.410461,       11.4154796600
707.746643,       11.6045093536
708.082642,       11.7691087723
708.418701,       12.0536384583
708.754639,       12.2393274307
709.090576,       12.3667116165
709.426514,       12.5398073196
709.762329,       12.7675933838
710.098083,       12.9359512329
710.433838,       13.0992460251
710.769592,       13.2556753159
711.105286,       13.4315328598
711.440796,       13.6364307404
711.776367,       13.7992296219
712.112000,       13.9651222229
712.447388,       14.1549558640
712.782837,       14.3826332092
713.118225,       14.5660238266
713.453552,       14.7406253815
713.788818,       14.8560333252
714.124023,       15.0644960403
714.459290,       15.2509469986
714.794434,       15.3472452164
715.129517,       15.5645256042
715.464661,       15.6541166306
715.799622,       15.7758235931
716.134583,       15.9841566086
716.469482,       16.1767082214
716.804321,       16.3246307373
717.139221,       16.4882831573
717.473938,       16.6423301697
717.808777,       16.7739944458
718.143433,       16.9240741730
718.478088,       17.1417560577
718.812683,       17.2616901398
719.147217,       17.4274272919
719.481750,       17.5400867462
719.816223,       17.6827373505
720.150574,       17.9273777008
720.485046,       18.0788249969
720.819214,       18.2830276489
721.153564,       18.4330406189
721.487854,       18.5838909149
721.821960,       18.7686424255
722.156189,       19.0882511139
722.490234,       19.2747364044
722.824341,       19.4482116699
723.158264,       19.6629199982
723.492249,       19.8167476654
723.826172,       19.9563388824
724.159973,       20.1522388458
724.493835,       20.3010692596
724.827576,       20.4693717957
725.161316,       20.6721916199
725.494995,       20.7995166779
725.828613,       20.9773063660
726.162231,       21.1554698944
726.495728,       21.3974781036
726.829163,       21.5256214142
727.162720,       21.6191806793
727.496033,       21.7750186920
727.829468,       21.9178562164
728.162720,       22.0181369781
728.496033,       22.1387729645
728.829224,       22.2789382935
729.162354,       22.2077045441
729.495483,       22.3195133209
729.828552,       22.4484806061
730.161560,       22.5014858246
730.494629,       22.6063079834
730.827454,       22.7086238861
731.160400,       22.8318767548
731.493225,       23.0279426575
731.825989,       23.1616992950
732.158813,       23.3184890747
732.491455,       23.4511947632
732.824158,       23.5824890137
733.156799,       23.7400970459
733.489319,       23.8410549164
733.821899,       23.9710578918
734.154236,       24.0547046661
734.486755,       24.1641712189
734.819092,       24.2760639191
735.151428,       24.3992099762
735.483765,       24.5349731445
735.815857,       24.6199455261
736.148132,       24.7403869629
736.480286,       24.8669528961
736.812378,       24.9616260529
737.144470,       25.0781974792
737.476379,       25.1864528656
737.808411,       25.3292446136
738.140259,       25.4279346466
738.472168,       25.5065135956
738.804016,       25.5693473816
739.135742,       25.6266765594
739.467468,       25.7679519653
739.799133,       25.9139919281
740.130798,       25.9211692810
740.462402,       26.0311965942
740.793884,       26.2434577942
741.125366,       26.3287315369
741.456848,       26.4262733459
741.788208,       26.5337848663
742.119568,       26.6208419800
742.450928,       26.6953029633
742.782166,       26.7851657867
743.113281,       26.9344272614
743.444458,       27.0382823944
743.775635,       27.1213684082
744.106689,       27.1851692200
744.437683,       27.2830219269
744.768677,       27.4055213928
745.099609,       27.4199752808
745.430481,       27.5064411163
745.761353,       27.6340713501
746.092102,       27.6810760498
746.422852,       27.7229957581
746.753479,       27.7536697388
747.084229,       27.8507823944
747.414795,       27.8450603485
747.745300,       27.8746700287
748.075806,       27.9438743591
748.406311,       27.9832801819
748.736694,       27.9807891846
749.067078,       28.0543479919
749.397400,       28.1612091064
749.727722,       28.2233142853
750.057861,       28.2638168335
750.388062,       28.3162002563
750.718201,       28.4019412994
751.048279,       28.4702568054
751.378357,       28.4952373505
751.708252,       28.5056533813
752.038208,       28.6344909668
752.368164,       28.6442871094
752.697937,       28.6347160339
753.027832,       28.7146263123
753.357483,       28.7711372375
753.687256,       28.7854557037
754.016907,       28.9065895081
754.346497,       28.9600105286
754.676147,       28.8679332733
755.005493,       28.8669071198
755.335083,       28.9284172058
755.664490,       28.9689807892
755.993835,       29.0046329498
756.323181,       29.0009231567
756.652405,       29.0236568451
756.981689,       28.9726428986
757.310852,       28.9654521942
757.640015,       29.0171947479
757.969177,       29.0103225708
758.298096,       29.0349597931
758.627197,       29.0851020813
758.956116,       29.0289020538
759.284973,       29.0188465118
759.613892,       29.0384502411
759.942627,       29.0208282471
760.271423,       28.9822578430
760.600159,       28.9974384308
760.928772,       28.9659080505
761.257446,       28.9408168793
761.585999,       28.9762458801
761.914490,       29.0802154541
762.242981,       29.0910339355
762.571350,       29.1195831299
762.899841,       29.1101417542
763.228088,       29.1307544708
763.556396,       29.1654319763
763.884644,       29.1892108917
764.212830,       29.2255344391
764.541016,       29.2259216309
764.869080,       29.2560005188
765.197144,       29.2592773438
765.525146,       29.2020893097
765.853088,       29.2688941956
766.181030,       29.3489665985
766.508789,       29.3455181122
766.836670,       29.3579788208
767.164429,       29.4085617065
767.492126,       29.4104099274
767.819824,       29.3594417572
768.147400,       29.4455528259
768.475037,       29.4376735687
768.802490,       29.5076427460
769.130005,       29.5542182922
769.457458,       29.5771808624
769.784790,       29.6310119629
770.112183,       29.6252040863
770.439453,       29.6561660767
770.766663,       29.7169685364
771.093872,       29.7333354950
771.420959,       29.7369041443
771.748108,       29.7354259491
772.075195,       29.8315410614
772.402161,       29.8653640747
772.729126,       29.8265285492
773.055969,       29.7661685944
773.382874,       29.7935314178
773.709717,       29.7713699341
774.036438,       29.6911334991
774.363159,       29.7462558746
774.689758,       29.8329792023
775.016479,       29.7953166962
775.343018,       29.8735561371
775.669495,       29.7996845245
775.996033,       29.7561683655
776.322449,       29.7805557251
776.648865,       29.7838897705
776.975098,       29.8194046021
777.301453,       29.8588809967
777.627686,       29.9142875671
777.953857,       29.9989700317
778.280029,       29.9812889099
778.606079,       30.1219196320
778.932068,       30.0578422546
779.258179,       30.0782585144
779.584045,       30.1269893646
779.909973,       30.1569557190
780.235840,       30.2142086029
780.561646,       30.2925472260
780.887390,       30.3389511108
781.213135,       30.3424987793
781.538757,       30.3012943268
781.864380,       31.2214813232
782.189880,       31.3103561401
782.515442,       31.2575607300
782.840942,       31.3302364349
783.166321,       31.3216533661
783.491699,       31.3236656189
783.817017,       31.3100986481
784.142395,       31.3163452148
784.467529,       31.2698478699
784.792725,       31.2802104950
785.117859,       31.3222312927
785.442932,       31.2344856262
785.768005,       31.2817668915
786.092957,       31.2775382996
786.417908,       31.2753524780
786.742798,       31.3039722443
787.067566,       31.3408489227
787.392456,       31.3370475769
787.717163,       31.4265346527
788.041870,       31.4807929993
788.366577,       31.4797439575
788.691101,       30.5200519562
789.015686,       30.5862159729
789.340149,       30.6864051819
789.664673,       30.7159328461
789.989075,       30.7263584137
790.313354,       30.9799022675
790.637756,       31.0528392792
790.962036,       31.0287246704
791.286194,       31.0539836884
791.610413,       31.0016632080
791.934448,       31.0448970795
792.258606,       31.1013221741
792.582581,       31.1792430878
792.906555,       31.2705554962
793.230530,       31.2631664276
793.554321,       31.2912216187
793.878174,       31.2744884491
794.201965,       31.2898750305
794.525696,       31.3057670593
794.849426,       31.2757644653
795.172974,       31.3506355286
795.496643,       31.4459381104
795.820129,       31.3800582886
796.143616,       31.3878421783
796.467102,       31.3816070557
796.790405,       31.4610862732
797.113831,       31.2620944977
797.437134,       31.2515773773
797.760315,       31.3503437042
798.083618,       31.3444137573
798.406677,       31.3431320190
798.729797,       31.3890571594
799.052856,       31.3821468353
799.375854,       31.2845115662
799.698853,       31.2626724243
800.021729,       31.3542327881
800.344604,       31.3731937408
800.667358,       31.4134273529
800.990112,       31.4315738678
801.312866,       31.4426651001
801.635498,       31.4934043884
801.958191,       31.5099296570
802.280701,       31.4826335907
802.603210,       31.4472923279
802.925781,       31.4713039398
803.248108,       31.4994602203
803.570496,       31.4582347870
803.892822,       31.5437583923
804.215088,       31.5788993835
804.537354,       31.5475406647
804.859436,       31.5516262054
805.181641,       31.5196685791
805.503723,       31.4767608643
805.825745,       31.5033683777
806.147766,       31.5863990784
806.469604,       31.5985507965
806.791504,       31.6096420288
807.113342,       31.6571502686
807.435181,       31.6969184875
807.756897,       31.7546100616
808.078552,       31.7600250244
808.400208,       31.8462467194
808.721802,       31.9022178650
809.043335,       31.9463405609
809.364929,       32.0125274658
809.686279,       32.0036773682
810.007751,       32.0177803040
810.329041,       32.0381965637
810.650330,       32.0589408875
810.971619,       32.0630798340
811.292786,       32.0962944031
811.613953,       32.1051101685
811.935059,       32.1235389709
812.256104,       32.1047859192
812.577148,       32.1021728516
812.898071,       32.1314430237
813.218994,       32.1222305298
813.539795,       32.0759963989
813.860596,       32.1311759949
814.181396,       32.0990295410
814.502136,       32.0722122192
814.822754,       32.1402320862
815.143372,       32.0281791687
815.463928,       32.0282211304
815.784485,       32.0948066711
816.104919,       32.0697860718
816.425354,       32.1189117432
816.745728,       32.1105194092
817.065979,       32.1351661682
817.386353,       32.0405120850
817.706421,       32.0594215393
818.026733,       32.0581779480
818.346863,       32.1027336121
818.666809,       32.2155609131
818.986938,       32.2928237915
819.306824,       32.2498931885
819.626770,       32.2329444885
819.946716,       32.2588806152
820.266479,       32.3568611145
820.586304,       32.2989273071
820.905945,       32.3262863159
821.225647,       32.3681144714
821.545349,       32.3713302612
821.864868,       32.4271049500
822.184448,       32.5331153870
822.503845,       32.5488662720
822.823364,       32.5427131653
823.142761,       32.5759277344
823.462036,       32.6205406189
823.781372,       32.6178207397
824.100525,       32.6683387756
824.419800,       32.8147087097
824.738953,       32.8439598083
825.057922,       32.8390769958
825.377014,       32.7860984802
825.695984,       32.8914337158
826.014954,       32.9863967896
826.333862,       32.9839096069
826.652649,       33.0503654480
826.971497,       33.0173416138
827.290100,       33.0929870605
827.608887,       33.1140708923
827.927612,       33.1697387695
828.246094,       33.0907745361
828.564697,       33.1024360657
828.883118,       33.0208358765
829.201599,       32.9742507935
829.520020,       32.9790992737
829.838318,       32.9617500305
830.156616,       32.9190216064
830.474854,       32.9112854004
830.793091,       32.9645271301
831.111267,       32.7979164124
831.429260,       32.7722816467
831.747437,       32.8374595642
832.065308,       32.8862190247
832.383362,       32.9154167175
832.701233,       32.9508934021
833.019043,       32.9492187500
833.336914,       32.9222755432
833.654663,       32.9530410767
833.972351,       32.8964691162
834.289978,       32.9578552246
834.607483,       33.0151977539
834.925171,       33.1199378967
835.242676,       33.1212806702
835.560059,       33.1495895386
835.877502,       33.1261367798
836.194763,       33.1808395386
836.512146,       33.2006568909
836.829468,       33.3183326721
837.146545,       33.4101104736
837.463745,       33.3166084290
837.780823,       33.3652572632
838.097900,       33.4415359497
838.414917,       33.5119438171
838.731873,       33.4873580933
839.048828,       33.4001922607
839.365540,       33.3586311340
839.682434,       33.3760528564
839.999207,       33.4868850708
840.315857,       33.5030174255
840.632568,       33.5418052673
840.949097,       33.5045318604
841.265747,       33.4131813049
841.582275,       33.4779701233
841.898682,       33.6299972534
842.215088,       33.6383705139
842.531433,       33.6838912964
842.847778,       33.6424903870
843.164063,       33.6657333374
843.480164,       33.6427879333
843.796387,       33.6118240356
844.112427,       33.6994743347
844.428528,       33.7621994019
844.744568,       33.7848205566
845.060486,       33.8872299194
845.376404,       33.9323692322
845.692200,       33.9439239502
846.008057,       33.9487533569
846.323853,       34.0176658630
846.639465,       33.9432106018
846.955139,       33.9057693481
847.270691,       33.8866691589
847.586304,       33.9226837158
847.901855,       33.9433097839
848.217224,       33.8551597595
848.532715,       33.8046875000
848.847961,       33.9596557617
849.163330,       33.9679412842
849.478638,       33.9846878052
849.793823,       33.9946823120
850.108948,       33.9960403442
850.424011,       34.0558471680
850.739136,       34.0770263672
851.054199,       33.9937553406
851.369019,       33.9057464600
851.684021,       33.7818336487
851.998779,       33.8606262207
852.313660,       33.8996696472
852.628418,       33.9603462219
852.943054,       33.9765777588
853.257751,       34.0039939880
853.572327,       34.0368232727
853.886841,       34.0645027161
854.201477,       34.1425247192
854.515808,       34.2267913818
854.830261,       34.2859954834
855.144592,       34.3257026672
855.458862,       34.1599349976
855.773193,       34.1746406555
856.087280,       34.2426757813
856.401489,       34.2226486206
856.715515,       34.3218421936
857.029602,       34.3598976135
857.343628,       34.3002777100
857.657532,       34.3536529541
857.971497,       34.4156532288
858.285278,       34.3923301697
858.599121,       34.3550453186
858.912903,       34.2727050781
859.226501,       34.2710952759
859.540222,       34.2533912659
859.853699,       34.2462463379
860.167297,       34.2674636841
860.480896,       34.3923225403
860.794250,       34.4030952454
861.107666,       34.4007835388
861.420959,       34.4014892578
861.734314,       34.3110771179
862.047546,       34.3218193054
862.360657,       34.3635635376
862.673889,       34.3887634277
862.986938,       34.4060249329
863.299988,       34.3426361084
863.613037,       34.4174423218
863.925903,       34.5416717529
864.238831,       34.7278594971
864.551575,       34.6660804749
864.864380,       34.6961021423
865.177185,       34.6593589783
865.489807,       34.7620773315
865.802490,       34.7785987854
866.114990,       34.8518104553
866.427612,       35.0402336121
866.740112,       35.0355339050
867.052429,       34.9405326843
867.364868,       34.8839683533
867.677124,       34.8902778625
867.989502,       34.9642906189
868.301758,       35.0385742188
868.613831,       35.0964164734
868.926025,       35.0694770813
869.238159,       35.0656051636
869.550049,       35.0801582336
869.862122,       35.1680641174
870.173950,       35.0473060608
870.485901,       35.0093917847
870.797791,       34.8452224731
871.109497,       35.0214614868
871.421204,       34.9909515381
871.732849,       35.1348800659
872.044495,       35.1421966553
872.356079,       35.0960655212
872.667542,       35.0526885986
872.979065,       34.8882865906
873.290344,       34.9346466064
873.601807,       34.9575805664
873.913147,       34.9528999329
874.224304,       34.9533081055
874.535645,       34.8266525269
874.846741,       34.8476486206
875.157837,       34.8966178894
875.468994,       35.0154609680
875.779907,       34.9818191528
876.090881,       35.0231857300
876.401733,       34.9200782776
876.712646,       34.9816970825
877.023499,       35.0498046875
877.334167,       35.0867462158
877.644897,       35.0265541077
877.955505,       35.0192146301
878.266113,       34.9635238647
878.576721,       34.9928512573
878.887146,       35.1404953003
879.197571,       35.0728530884
879.507996,       35.1594238281
879.818298,       35.1917610168
880.128662,       35.4124717712
880.438843,       35.3742408752
880.749084,       35.4070205688
881.059143,       35.9499511719
881.369263,       35.8946723938
881.679382,       35.8122177124
881.989258,       35.7691383362
882.299194,       35.8401832581
882.609070,       35.9172973633
882.918945,       35.9711990356
883.228760,       35.8846206665
883.538452,       35.8563613892
883.848145,       35.9971275330
884.157654,       36.0326843262
884.467285,       36.1407661438
884.776917,       36.1327781677
885.086243,       36.1833534241
885.395813,       36.1368446350
885.705017,       36.1452636719
886.014404,       36.0709953308
886.323730,       36.0348930359
886.632874,       35.8725242615
886.942078,       36.0440864563
887.251160,       36.0390739441
887.560242,       35.5304641724
887.869263,       35.5837440491
888.178162,       35.5684013367
888.487122,       35.4886207581
888.795898,       35.5455055237
889.104797,       35.4313316345
889.413513,       35.3758010864
889.722168,       35.4829483032
890.030884,       35.5421943665
890.339417,       35.4211616516
890.648010,       35.4229164124
890.956543,       35.3597908020
891.264893,       35.3331794739
891.573364,       35.2460937500
891.881653,       35.2240753174
892.189941,       35.3713645935
892.498230,       35.5188369751
892.806335,       35.5495109558
893.114502,       35.5721015930
893.422546,       35.5235786438
893.730652,       35.5553627014
894.038696,       35.6698112488
894.346497,       35.6428909302
894.654419,       35.7564811707
894.962158,       35.7933387756
895.270020,       35.7039985657
895.577759,       35.7441101074
895.885376,       35.8850173950
896.192993,       35.8638763428
896.500549,       35.8444519043
896.808044,       35.8275604248
897.115601,       35.8234176636
897.422913,       35.9490699768
897.730347,       36.0169715881
898.037598,       36.1325683594
898.344910,       36.2006263733
898.652161,       36.1445350647
898.959167,       36.1277656555
899.266418,       36.1782379150
899.573364,       36.2463226318
899.880371,       36.1740188599
900.187378,       36.1786575317
900.494202,       36.1446075439
900.801086,       36.1745567322
901.107788,       36.1092910767
901.414612,       36.1367416382
901.721375,       36.1068916321
902.027832,       36.1505241394
902.334534,       36.0720024109
902.641113,       36.0824661255
902.947510,       36.0137214661
903.253967,       36.0316314697
903.560242,       36.0027160645
903.866638,       35.8883171082
904.172974,       35.8374633789
904.479126,       35.7521820068
904.785278,       35.7412872314
905.091370,       35.7382392883
905.397461,       35.6895332336
905.703552,       35.6145401001
906.009399,       35.5573196411
906.315369,       35.7025032043
906.621155,       35.6318206787
906.927002,       35.6080284119
907.232788,       35.5466079712
907.538452,       35.5740203857
907.844116,       35.6159133911
908.149658,       35.6846504211
908.455200,       35.6552314758
908.760803,       35.7643394470
909.066162,       35.7643470764
909.371582,       35.8215408325
909.676880,       35.7862358093
909.982178,       35.8656463623
910.287476,       35.8631324768
910.592529,       35.8915901184
910.897705,       36.0539512634
911.202759,       36.0630874634
911.507813,       36.1160202026
911.812805,       36.0614700317
912.117676,       36.0541839600
912.422546,       36.0660705566
912.727356,       36.0208854675
913.032104,       35.9872436523
913.336853,       36.0019950867
913.641479,       36.0128593445
913.946106,       35.9342269897
914.250610,       36.0085105896
914.555115,       36.0546798706
914.859619,       36.1235427856
915.163940,       36.0191001892
915.468323,       36.0092773438
915.772583,       36.0265998840
916.076843,       36.0421447754
916.381104,       35.9785652161
916.685120,       36.0251197815
916.989258,       36.1401901245
917.293213,       36.0119056702
917.597290,       36.2466049194
917.901184,       36.6226882935
918.205017,       36.7263488770
918.508850,       36.7970085144
918.812561,       36.8494644165
919.116333,       36.9279441833
919.420044,       36.9908370972
919.723572,       37.0328559875
920.027222,       37.1825637817
920.330627,       37.1871871948
920.634094,       37.1942062378
920.937561,       37.0896072388
921.240784,       37.2406845093
921.544189,       37.2064704895
921.847351,       37.2080459595
922.150574,       37.3928413391
922.453735,       37.5084991455
922.756775,       37.4699821472
923.059875,       37.4783973694
923.362793,       37.3281784058
923.665771,       37.4402809143
923.968689,       37.2108383179
924.271362,       36.7878799438
924.574219,       36.7813987732
924.876892,       36.7269325256
925.179565,       36.6742782593
925.482239,       36.4820365906
925.784729,       36.6151084900
926.087280,       36.5610198975
926.389648,       36.4878578186
926.692078,       36.4452705383
926.994507,       36.3726959229
927.296692,       36.3444137573
927.599060,       36.2111015320
927.901123,       36.1366348267
928.203308,       36.1261558533
928.505432,       35.8779678345
928.807434,       35.7593460083
929.109436,       35.8150520325
929.411316,       35.8111038208
929.713196,       35.8907890320
930.015015,       35.6827430725
930.316711,       35.6975479126
930.618530,       35.6705169678
930.920105,       35.6549110413
931.221802,       35.8548660278
931.523315,       35.7891197205
931.824829,       35.9031143188
932.126282,       35.7768821716
932.427612,       35.7906646729
932.729004,       35.8243713379
933.030334,       36.0572586060
933.331482,       36.0044021606
933.632751,       36.0317306519
933.933777,       36.0264282227
934.234924,       36.1912117004
934.536011,       36.2557983398
934.836914,       36.3889884949
935.137878,       36.3963127136
935.438660,       36.4161262512
935.739502,       36.4756011963
936.040344,       36.5188140869
936.340942,       36.5522041321
936.641663,       36.5018768311
936.942383,       36.5697937012
937.242798,       36.7269744873
937.543335,       36.6508789063
937.843750,       36.6756172180
938.144165,       36.5420684814
938.444580,       36.5527648926
938.744751,       36.5473213196
939.045044,       36.6164054871
939.345154,       36.6710472107
939.645325,       36.6463356018
939.945435,       36.9278144836
940.245361,       36.9365997314
940.545410,       36.9114036560
940.845215,       36.9424819946
941.145142,       36.9058227539
941.445007,       37.1729354858
941.744629,       37.2363586426
942.044434,       37.1634101868
942.343994,       37.2016296387
942.643677,       37.2354850769
942.943237,       37.4075012207
943.242676,       37.5200614929
943.542114,       37.6254692078
943.841431,       37.5366401672
944.140808,       37.4636039734
944.440125,       37.5993118286
944.739258,       37.7816238403
945.038513,       37.7905540466
945.337524,       37.8208923340
945.636597,       37.7592353821
945.935669,       37.7527313232
946.234558,       37.4810562134
946.533508,       37.4467926025
946.832275,       37.6892776489
947.131165,       37.6597290039
947.429932,       37.6104965210
947.728516,       37.3393402100
948.027222,       37.3325462341
948.325745,       37.4239959717
948.624329,       37.6697082520
948.922852,       37.6701965332
949.221191,       37.6405372620
949.519592,       37.7369003296
949.817810,       37.5912857056
950.116150,       37.8977279663
950.414368,       38.0228118896
950.712463,       38.0521774292
951.010620,       37.7987632751
951.308594,       37.7854995728
951.606628,       37.6710472107
951.904602,       37.8215980530
952.202454,       38.1537895203
952.500305,       38.9776573181
952.798035,       39.1538543701
953.095825,       38.8895225525
953.393494,       38.8929557800
953.691040,       39.2287216187
953.988647,       39.3832817078
954.286133,       39.4375762939
954.583618,       39.3660316467
954.881042,       38.9558334351
955.178345,       39.0148963928
955.475647,       39.1391563416
955.772827,       39.1133918762
956.070068,       38.8551673889
956.367310,       38.6620483398
956.664307,       38.6445426941
956.961365,       38.8136367798
957.258240,       38.9763832092
957.555176,       39.6252670288
957.852112,       39.6482391357
958.148865,       39.5204887390
958.445679,       39.3440551758
958.742310,       38.4362831116
959.039001,       38.4475173950
959.335632,       38.5255203247
959.632141,       38.7761154175
959.928650,       38.5868988037
960.224976,       38.6665840149
960.521484,       39.0092430115
960.817871,       39.1266212463
961.114014,       39.1982154846
961.410339,       39.1609497070
961.706421,       38.9179420471
962.002563,       38.7069702148
962.298645,       38.9912757874
962.594604,       38.8758049011
962.890564,       39.0347862244
963.186401,       41.2440376282
963.482300,       41.4509620667
963.778137,       40.8701972961
964.073792,       40.7489051819
964.369568,       40.6490745544
964.665100,       40.5344314575
964.960693,       40.6788711548
965.256287,       40.9551391602
965.551697,       40.8548698425
965.847168,       40.6237602234
966.142395,       40.5020599365
966.437744,       40.8080215454
966.733032,       40.4261665344
967.028198,       40.3911666870
967.323364,       40.5135612488
967.618408,       40.4835891724
967.913513,       40.8562698364
968.208496,       41.1160240173
968.503357,       40.9237098694
968.798279,       40.9964065552
969.093018,       40.9369583130
969.387817,       38.2016677856
969.682556,       38.2272987366
969.977173,       38.4068565369
970.271790,       38.9918708801
970.566406,       39.1889495850
970.860779,       39.2655410767
971.155334,       39.3102989197
971.449646,       38.6960983276
971.743958,       38.9681549072
972.038330,       39.1109924316
972.332458,       39.2341499329
972.626648,       38.7501640320
972.920715,       38.7348785400
973.214844,       38.7297554016
973.508911,       38.8032035828
973.802734,       39.3173294067
974.096741,       39.2601051331
974.390442,       39.1592903137
974.684265,       39.4756240845
974.978088,       39.6011276245
975.271667,       39.8251380920
975.565369,       39.9334068298
975.858826,       39.9908065796
976.152405,       39.9705734253
976.445923,       39.6121101379
976.739258,       39.4807281494
977.032654,       39.5498199463
977.325867,       39.7654342651
977.619202,       40.1340408325
977.912415,       40.6633567810
978.205505,       40.6844978333
978.498596,       40.7489891052
978.791504,       41.0137634277
979.084534,       41.4289665222
979.377563,       41.6707916260
979.670288,       41.7513923645
979.963196,       41.3655891418
980.255859,       41.4115142822
980.548584,       41.4656028748
980.841309,       41.3422088623
981.133850,       41.2756080627
981.426392,       41.6725540161
981.718811,       41.4482078552
982.011292,       41.0295600891
982.303650,       41.0782623291
982.595886,       41.0498695374
982.888245,       41.2446823120
983.180359,       41.3558311462
983.472595,       41.2944526672
983.764709,       40.9579086304
984.056641,       40.3844642639
984.348755,       40.5106964111
984.640625,       40.6788558960
984.932495,       40.6342124939
985.224365,       40.2271537781
985.516052,       40.3226242065
985.807861,       40.4220619202
986.099426,       41.3485260010
986.391052,       41.1047058105
986.682678,       41.2042961121
986.974121,       41.3241271973
987.265625,       41.2988090515
987.556885,       40.7027473450
987.848328,       40.7162933350
988.139648,       40.8698654175
988.430786,       40.6200027466
988.721985,       40.6048316956
989.013000,       40.5044403076
989.304138,       41.3465690613
989.595215,       41.2459907532
989.886047,       41.4078903198
990.177002,       41.3381576538
990.467834,       41.5114402771
990.758606,       41.4874992371
991.049377,       41.5060424805
991.339966,       41.9473838806
991.630676,       41.8509521484
991.921143,       41.2516479492
992.211670,       41.4314613342
992.502197,       41.4646301270
992.792542,       41.3236236572
993.082886,       40.8513031006
993.373169,       41.4126930237
993.663452,       41.6232833862
993.953613,       41.9576034546
994.243713,       41.8594856262
994.533813,       41.9550628662
994.823792,       41.8766822815
995.113770,       41.8320693970
995.403687,       41.1294326782
995.693481,       41.2353973389
995.983337,       41.3559112549
996.273010,       41.5675659180
996.562744,       41.1973609924
996.852417,       41.6830215454
997.141907,       41.6600799561
997.431458,       41.3345146179
997.720886,       41.3406524658
998.010315,       41.7163238525
998.299744,       40.4862403870
998.588928,       40.2358818054
998.878296,       40.2954635620
999.167419,       40.6568756104
999.456543,       41.3561172485
999.745667,       40.8388175964
1000.034607,       40.5522804260
1000.323669,       40.5299987793
1000.612488,       41.4131240845
1000.901367,       41.7977485657
1001.190247,       41.6520309448
1001.478882,       41.6111221313
1001.767639,       42.7549705505
1002.056335,       42.5430603027
1002.344849,       43.2458496094
1002.633423,       43.3382492065
1002.921814,       42.8295669556
1003.210266,       42.8317794800
1003.498657,       42.8194389343
1003.786926,       43.1532897949
1004.075256,       44.0381965637
1004.363342,       44.1798706055
1004.651489,       44.1480293274
1004.939697,       44.5531044006
1005.227600,       45.6238365173
1005.515686,       44.8172645569
1005.803467,       46.0464820862
1006.091370,       46.3080520630
1006.379272,       46.8619003296
1006.666870,       46.3480148315
1006.954712,       46.0607528687
1007.242188,       46.7232627869
1007.529907,       47.0429420471
1007.817444,       45.8400840759
1008.104858,       47.1834182739
1008.392334,       46.2024688721
1008.679565,       46.8195571899
1008.966980,       46.6048011780
1009.254272,       46.8345260620
1009.541382,       46.7839317322
1009.828613,       46.2836341858
1010.115601,       45.3468894958
1010.402649,       45.2910270691
1010.689697,       45.3048057556
1010.976563,       45.2968711853
1011.263489,       45.8002967834
1011.550171,       45.6516761780
1011.837036,       45.2894630432
1012.123657,       45.6019363403
1012.410278,       46.1578483582
1012.696899,       46.6246910095
1012.983337,       47.5866966248
1013.269897,       47.2382278442
1013.556396,       47.1778144836
1013.842651,       47.7247085571
1014.129028,       46.6390991211
1014.415161,       47.2398948669
1014.701477,       47.2910270691
1014.987671,       48.5104217529
1015.273560,       48.8130798340
1015.559692,       49.8847198486
1015.845581,       50.2132949829
1016.131592,       51.8080482483
1016.417542,       52.4928207397
1016.703247,       53.2119293213
1016.989014,       53.1558761597
1017.274658,       52.9694900513
1017.560303,       53.3896675110
1017.845947,       52.6986618042
1018.131409,       52.5351448059
1018.416870,       52.1222000122
1018.702271,       52.0905570984
1018.987671,       51.9593162537
1019.272949,       53.5348014832
1019.558228,       53.6754722595
1019.843445,       53.2466659546
1020.128540,       53.1937255859
1020.413574,       52.7574539185
1020.698608,       52.5789337158
1020.983521,       51.4458847046
1021.268555,       53.1182594299
1021.553284,       54.1586341858
1021.838135,       54.9659080505
1022.122925,       53.3921546936
1022.407593,       52.2293014526
1022.692261,       35.7999992371
1022.976807,       40.3474845886
1023.261292,       39.4557800293
1023.545837,       49.7316589355
1023.830200,       42.5531959534
1024.114624,       79.8368225098
1024.398804,       74.1676177979
1024.683105,       57.6522941589
1024.967285,       35.7522125244
