340.270844,        0.0000000000
340.648560,        0.0000000000
341.026306,      -19.3548221588
341.403961,     -154.5453948975
341.781616,       66.6666030884
342.159210,      125.0000000000
342.536743,       80.7511672974
342.914307,       97.6119384766
343.291779,       93.1773757935
343.669250,        0.0000000000
344.046661,       95.2617034912
344.424042,       95.2615661621
344.801422,       94.5023422241
345.178711,       95.7405471802
345.556000,       96.6411666870
345.933258,       96.7887878418
346.310486,       96.2782058716
346.687622,       96.4319915771
347.064758,       96.6491012573
347.441895,       97.3528518677
347.818939,       97.6040420532
348.195953,       96.1500320435
348.572937,       96.0327987671
348.949890,       95.9478759766
349.326843,       96.5322723389
349.703735,       96.2629470825
350.080597,       95.8032531738
350.457397,       95.5111160278
350.834198,       94.5595550537
351.210968,       94.8986587524
351.587646,       94.1355667114
351.964325,       93.6338119507
352.340942,       92.9648437500
352.717560,       93.0176620483
353.094147,       92.4472427368
353.470673,       92.4693679810
353.847168,       91.8965148926
354.223602,       91.8435211182
354.600037,       92.3784484863
354.976440,       92.0407409668
355.352783,       91.9888381958
355.729126,       93.1942672729
356.105408,       94.0767288208
356.481628,       94.0393905640
356.857849,       93.4561157227
357.234009,       92.7372817993
357.610168,       93.0031967163
357.986267,       91.9917907715
358.362366,       91.4556655884
358.738373,       89.1205978394
359.114349,       89.5841369629
359.490326,       88.8474884033
359.866241,       88.4017028809
360.242157,       89.4456176758
360.617981,       89.7341537476
360.993805,       89.4714965820
361.369568,       89.5844726563
361.745331,       89.1961364746
362.121033,       89.7526092529
362.496704,       88.9625396729
362.872314,       88.7983703613
363.247925,       88.5635070801
363.623505,       86.0876693726
363.999023,       84.6833419800
364.374542,       85.9683609009
364.750000,       86.4667968750
365.125397,       86.7011108398
365.500763,       85.8526382446
365.876160,       86.1519165039
366.251434,       86.4728240967
366.626740,       88.2712783813
367.001953,       88.4002380371
367.377136,       89.3317031860
367.752350,       90.0553512573
368.127472,       89.8177413940
368.502594,       89.6826324463
368.877625,       89.9090270996
369.252625,       89.5156555176
369.627625,       90.2846374512
370.002563,       89.5113983154
370.377502,       89.3453445435
370.752380,       88.4055786133
371.127228,       89.4757232666
371.502014,       90.1781997681
371.876770,       90.8129806519
372.251526,       91.2191390991
372.626221,       90.7712402344
373.000885,       90.6253890991
373.375488,       91.3498001099
373.750092,       92.3335113525
374.124664,       92.5558166504
374.499146,       92.5778579712
374.873627,       92.4184112549
375.248108,       92.6085739136
375.622467,       92.3777923584
375.996887,       91.8568954468
376.371185,       91.5769195557
376.745483,       91.1247100830
377.119751,       90.5051574707
377.493958,       90.3270645142
377.868195,       90.3700027466
378.242310,       90.4574127197
378.616394,       91.6709518433
378.990540,       90.4700622559
379.364563,       89.9935455322
379.738556,       89.4193954468
380.112518,       88.0364608765
380.486481,       87.5121231079
380.860352,       87.6193695068
381.234192,       87.0366439819
381.608063,       86.4841613770
381.981812,       85.3900756836
382.355591,       84.4038467407
382.729309,       83.6933288574
383.102966,       82.3986511230
383.476624,       80.0731277466
383.850220,       79.7506942749
384.223816,       79.3349227905
384.597321,       78.7535858154
384.970856,       78.4354400635
385.344299,       77.1844711304
385.717682,       76.4780044556
386.091125,       76.0235214233
386.464447,       73.2752151489
386.837769,       72.6242218018
387.211029,       73.1923446655
387.584290,       72.7306976318
387.957489,       72.1161270142
388.330627,       72.2208175659
388.703766,       71.1279907227
389.076874,       71.1393890381
389.449921,       72.0151138306
389.822937,       71.6499481201
390.195923,       71.6657257080
390.568878,       71.8281707764
390.941772,       71.7235107422
391.314636,       71.7769393921
391.687500,       70.7511825562
392.060272,       70.6306533813
392.433075,       70.3318023682
392.805756,       69.2711257935
393.178436,       68.8981628418
393.551117,       69.2192764282
393.923737,       69.7457733154
394.296326,       70.3220748901
394.668854,       69.5886230469
395.041321,       68.1375274658
395.413849,       68.3714752197
395.786255,       68.4551162720
396.158630,       67.9859848022
396.531006,       67.9118423462
396.903320,       66.7754974365
397.275604,       65.9789733887
397.647827,       65.7900390625
398.020050,       66.6830749512
398.392212,       65.6621398926
398.764343,       65.4145050049
399.136444,       64.8103332520
399.508514,       64.3783950806
399.880554,       63.4153480530
400.252533,       63.7620849609
400.624512,       64.7360916138
400.996399,       64.5310516357
401.368286,       64.0734558105
401.740112,       62.8663787842
402.111908,       61.4946250916
402.483673,       61.2848892212
402.855408,       61.5213317871
403.227081,       60.8671302795
403.598755,       59.8773727417
403.970367,       58.9541320801
404.341980,       58.5690002441
404.713501,       58.7404174805
405.085022,       57.7088470459
405.456482,       57.1321830750
405.827911,       55.9299240112
406.199310,       54.0738525391
406.570648,       54.4184684753
406.942017,       53.7381172180
407.313263,       53.1742935181
407.684509,       53.5260925293
408.055725,       52.6305847168
408.426880,       52.1888275146
408.798035,       53.7426528931
409.169128,       53.4877700806
409.540161,       54.8040275574
409.911224,       54.6289329529
410.282196,       54.6451759338
410.653137,       53.9755821228
411.024048,       53.0590782166
411.394897,       53.7824974060
411.765747,       53.7637825012
412.136536,       53.5472984314
412.507324,       54.9618225098
412.878052,       54.7978820801
413.248718,       56.2529907227
413.619385,       55.4503631592
413.989990,       55.7433204651
414.360565,       55.6410675049
414.731110,       55.3498916626
415.101563,       54.9835319519
415.472076,       54.1049766541
415.842468,       53.3797607422
416.212891,       53.1526908875
416.583221,       51.2650909424
416.953522,       50.4853591919
417.323792,       48.5520553589
417.694031,       49.6906661987
418.064240,       49.5486526489
418.434418,       50.0092430115
418.804535,       51.6075325012
419.174622,       51.1362304688
419.544678,       50.5256958008
419.914673,       50.3807792664
420.284668,       48.4575462341
420.654572,       47.1616477966
421.024475,       45.1217269897
421.394348,       45.9525871277
421.764191,       46.2807350159
422.133972,       45.6330795288
422.503693,       46.1604728699
422.873444,       45.9703903198
423.243134,       45.8140983582
423.612762,       45.2751235962
423.982330,       43.4927177429
424.351929,       43.0460586548
424.721436,       42.7569274902
425.090942,       42.3110923767
425.460358,       41.3796920776
425.829773,       40.7053413391
426.199158,       39.3670959473
426.568481,       37.2745399475
426.937775,       36.5138053894
427.307037,       37.1842308044
427.676239,       36.3855438232
428.045441,       36.0463333130
428.414581,       35.7971992493
428.783722,       35.9802589417
429.152802,       34.1870498657
429.521790,       35.7646141052
429.890839,       35.4914474487
430.259766,       33.7775039673
430.628693,       34.7220764160
430.997589,       34.0280189514
431.366425,       34.0751724243
431.735229,       34.2481803894
432.104004,       34.0104751587
432.472748,       34.5912628174
432.841431,       34.6083908081
433.210052,       34.2631683350
433.578705,       33.5074348450
433.947266,       33.8343811035
434.315826,       33.3390312195
434.684326,       33.5099411011
435.052765,       32.5309829712
435.421204,       34.8726882935
435.789612,       34.3980102539
436.157959,       34.8347129822
436.526276,       33.8189582825
436.894531,       33.6923789978
437.262756,       31.1014289856
437.630951,       30.3378887177
437.999146,       30.0283393860
438.367249,       28.5284671783
438.735321,       28.3739261627
439.103394,       27.8467693329
439.471405,       27.5591754913
439.839386,       47.1010169983
440.207306,       46.7320251465
440.575195,       46.4439125061
440.943054,       45.7685089111
441.310883,       45.4291229248
441.678680,       45.1485443115
442.046387,       44.7550621033
442.414093,       44.1237106323
442.781799,       43.8049278259
443.149414,       42.3913688660
443.516998,       42.0137863159
443.884552,       41.2078933716
444.252045,       40.9503746033
444.619537,       40.5286254883
444.987000,       40.3381538391
445.354401,       40.3003578186
445.721710,       40.6309585571
446.089081,       40.6574440002
446.456360,       40.4938774109
446.823608,       40.3100128174
447.190826,       40.4056358337
447.557953,       20.9431324005
447.925110,       20.3237228394
448.292175,       19.7952613831
448.659271,       19.8483638763
449.026276,       19.8119735718
449.393250,       19.3478813171
449.760193,       19.5067501068
450.127075,       19.2505283356
450.493958,       19.1664791107
450.860779,       18.4078445435
451.227570,       18.5230541229
451.594330,       18.8313903809
451.960999,       18.7540149689
452.327698,       18.7381305695
452.694336,       18.3387641907
453.060913,       17.8283958435
453.427490,       17.1273670197
453.793976,       16.9279022217
454.160492,       16.5391540527
454.526917,       16.6950016022
454.893311,       16.2800674438
455.259674,       16.0534515381
455.626007,       16.2814712524
455.992310,       16.8440971375
456.358551,       16.3996429443
456.724731,       16.5851421356
457.090912,       16.7683277130
457.457031,       16.5550384521
457.823151,       16.5453605652
458.189209,       16.3460063934
458.555206,       16.4095153809
458.921173,       16.1433086395
459.287109,       15.8445653915
459.653015,       16.4153518677
460.018890,       16.1779022217
460.384705,       16.1627540588
460.750519,       15.7402486801
461.116241,       15.5336008072
461.481964,       15.2252273560
461.847626,       15.4626960754
462.213226,       15.1845474243
462.578827,       15.4491643906
462.944427,       15.1198549271
463.309906,       14.5776300430
463.675385,       13.8925476074
464.040802,       13.7729063034
464.406219,       13.3627042770
464.771606,       12.6257162094
465.136902,       12.5800180435
465.502197,       12.2933778763
465.867462,       12.1297597885
466.232635,       11.7835168839
466.597839,       11.6338443756
466.962921,       11.8061761856
467.328003,       11.1874446869
467.693054,       11.1338233948
468.058075,       11.0905523300
468.423035,       11.7247676849
468.787994,       11.8069458008
469.152863,       11.8062572479
469.517700,       11.3012046814
469.882538,       10.9929885864
470.247314,       10.3866395950
470.612061,       11.3107099533
470.976746,       11.1734008789
471.341431,       11.5451002121
471.706024,       11.6357345581
472.070618,       11.9800071716
472.435181,       11.8053150177
472.799622,       11.6478347778
473.164124,       11.8365659714
473.528534,       11.6859045029
473.892975,       11.6444473267
474.257294,       11.5885543823
474.621582,       11.2339038849
474.985870,       11.2623806000
475.350098,       11.5781526566
475.714325,       11.2962465286
476.078461,       11.0101776123
476.442535,       10.7121257782
476.806641,       10.4697370529
477.170685,       10.3970060349
477.534668,       10.2133054733
477.898621,       10.1800441742
478.262512,        9.4105806351
478.626404,        9.8288526535
478.990265,        9.4818401337
479.354065,        9.1737833023
479.717834,        8.5485677719
480.081512,        8.5872898102
480.445221,        8.4501361847
480.808899,        8.2142906189
481.172485,        8.1994543076
481.536041,        7.9581618309
481.899567,        8.2458286285
482.263062,        8.0056676865
482.626526,        8.0100660324
482.989929,        7.6314983368
483.353271,        7.5959601402
483.716583,        7.2773032188
484.079895,        7.1032090187
484.443146,        7.1034812927
484.806366,        7.1264123917
485.169525,        7.1716761589
485.532654,        6.9798231125
485.895752,        6.7336211205
486.258820,        6.3096446991
486.621857,        6.4746804237
486.984802,        6.5234251022
487.347748,        6.6377148628
487.710663,        6.4792222977
488.073517,        6.3461928368
488.436340,        6.3950071335
488.799072,        6.3115568161
489.161835,        6.2734498978
489.524536,        5.8486180305
489.887238,        5.8313617706
490.249847,        5.6318216324
490.612396,        5.5424203873
490.974915,        5.4742588997
491.337433,        5.4304485321
491.699921,        5.5743670464
492.062347,        5.6988649368
492.424713,        5.6833262444
492.787079,        5.5570797920
493.149353,        8.4724473953
493.511658,        8.4929733276
493.873871,        8.4369029999
494.236053,        8.2559976578
494.598206,        8.2242441177
494.960297,        8.2200737000
495.322388,        8.2073335648
495.684418,        8.2122478485
496.046356,        7.9837346077
496.408325,        7.9176483154
496.770264,        7.9000458717
497.132141,        7.9205088615
497.493958,        7.9289302826
497.855713,        7.8678345680
498.217499,        7.7714123726
498.579193,        7.7681422234
498.940887,        7.7917695045
499.302490,        7.7063016891
499.664093,        7.5169763565
500.025635,        7.3929429054
500.387177,        7.3419399261
500.748627,        4.6141452789
501.110077,        4.7684221268
501.471436,        4.7282109261
501.832825,        4.6425862312
502.194153,        4.5839519501
502.555389,        4.5159945488
502.916626,        4.5992503166
503.277802,        4.5825614929
503.638977,        4.7419290543
504.000092,        4.8715424538
504.361176,        4.8602113724
504.722198,        4.7283887863
505.083160,        4.7078146935
505.444153,        4.6504812241
505.805084,        4.6477613449
506.165924,        4.6478061676
506.526764,        4.7033591270
506.887543,        5.0960860252
507.248322,        5.2095613480
507.609070,        5.2714939117
507.969727,        5.2789511681
508.330322,        5.3376245499
508.690918,        5.1723437309
509.051514,        5.1477217674
509.412018,        5.1669230461
509.772491,        5.2138671875
510.132904,        5.4172911644
510.493286,        5.5538568497
510.853699,        5.5592155457
511.213989,        5.4293947220
511.574280,        5.3259706497
511.934509,        5.3496146202
512.294678,        5.4712595940
512.654846,        5.4108953476
513.014954,        5.4319462776
513.375061,        5.5506653786
513.735046,        5.6287093163
514.095032,        5.4980831146
514.455078,        5.1501917839
514.814941,        4.9788498878
515.174805,        4.8730363846
515.534607,        4.8779487610
515.894409,        4.8862328529
516.254211,        4.7933821678
516.613892,        4.8488454819
516.973572,        4.9222960472
517.333130,        4.9319615364
517.692749,        4.7033524513
518.052368,        4.4753799438
518.411865,        4.5097346306
518.771301,        4.5074534416
519.130737,        4.5056643486
519.490173,        4.5274724960
519.849548,        4.5100359917
520.208801,        4.5756435394
520.568054,        4.6429162025
520.927307,        4.5585103035
521.286499,        4.4977335930
521.645691,        4.6540765762
522.004822,        4.7524209023
522.363831,        4.8005051613
522.722839,        4.8346195221
523.081848,        4.8473997116
523.440796,        4.8702745438
523.799744,        4.9422602654
524.158569,        4.8949198723
524.517395,        4.8000388145
524.876160,        4.7716321945
525.234924,        4.8383159637
525.593628,        4.8804578781
525.952271,        5.1035680771
526.310913,        5.2531967163
526.669495,        5.2788639069
527.028076,        5.2762022018
527.386536,        5.3943686485
527.744995,        5.4283676147
528.103394,        5.4471559525
528.461792,        5.5676646233
528.820129,        5.7341208458
529.178406,        5.6973347664
529.536743,        5.6691365242
529.894958,        5.7112803459
530.253113,        5.8108000755
530.611267,        6.0500421524
530.969299,        6.1377377510
531.327393,        6.2615199089
531.685486,        6.3409290314
532.043335,        6.4023270607
532.401367,        6.4380927086
532.759216,        6.4449830055
533.117004,        6.5141215324
533.474915,        6.3083705902
533.832642,        6.2839293480
534.190430,        6.3155345917
534.548096,        6.3420667648
534.905762,        6.2614021301
535.263367,        6.3105201721
535.620850,        6.3369817734
535.978455,        6.2656698227
536.335876,        6.1383085251
536.693359,        6.1332550049
537.050781,        6.1063318253
537.408142,        6.1813693047
537.765442,        6.1184730530
538.122681,        5.9531764984
538.479919,        5.8864045143
538.837219,        5.7748394012
539.194336,        5.8151254654
539.551453,        5.9265661240
539.908508,        6.0886240005
540.265564,        6.0608372688
540.622559,        6.0071029663
540.979553,        5.9860215187
541.336426,        5.9302215576
541.693298,        5.9199557304
542.050110,        5.9897112846
542.406921,        6.0568895340
542.763672,        6.0789613724
543.120422,        6.0643978119
543.477051,        6.1839461327
543.833679,        6.2143011093
544.190308,        6.2029676437
544.546814,        6.1989841461
544.903381,        6.1855306625
545.259827,        6.1872634888
545.616211,        6.1380524635
545.972595,        6.0748267174
546.328979,        6.1037945747
546.685242,        6.0634412766
547.041504,        5.9728741646
547.397644,        5.7952904701
547.753906,        5.8117303848
548.110046,        5.8331794739
548.466125,        5.8419103622
548.822144,        5.8366374969
549.178223,        5.8441057205
549.534241,        5.8252563477
549.890137,        5.7393159866
550.246033,        5.7065219879
550.601868,        5.6866464615
550.957581,        5.5826005936
551.313416,        5.6564831734
551.669128,        5.6902995110
552.024841,        5.7252178192
552.380432,        5.6284008026
552.736023,        5.6456856728
553.091675,        5.8413529396
553.447144,        5.8934478760
553.802612,        5.8547763824
554.158020,        5.8902783394
554.513428,        5.8285517693
554.868774,        5.8079304695
555.224121,        6.0013828278
555.579346,        5.9716062546
555.934631,        5.9664874077
556.289734,        5.9915113449
556.644958,        6.0501718521
557.000000,        6.0501928329
557.355103,        6.0241141319
557.710083,        5.9914021492
558.065063,        5.9237980843
558.420105,        5.9217753410
558.774963,        5.8096728325
559.129822,        5.8224940300
559.484619,        5.8021717072
559.839355,        5.8445200920
560.194153,        5.7963056564
560.548828,        5.6517825127
560.903442,        5.5897197723
561.258057,        5.6767845154
561.612610,        5.6056480408
561.967224,        5.6176900864
562.321655,        5.5850377083
562.676086,        5.3572082520
563.030457,        5.3390622139
563.384827,        5.3541913033
563.739197,        5.3418321609
564.093445,        5.2410073280
564.447693,        5.1522326469
564.801880,        5.1274805069
565.156006,        5.1016173363
565.510132,        5.1035470963
565.864197,        5.0753245354
566.218262,        5.0389366150
566.572205,        4.9397101402
566.926086,        4.8823652267
567.280090,        4.8113560677
567.633972,        4.7947297096
567.987732,        4.7214746475
568.341553,        4.6957621574
568.695190,        4.5677480698
569.048950,        4.5408420563
569.402649,        4.4940657616
569.756165,        4.4862103462
570.109802,        4.4913725853
570.463257,        4.4735870361
570.816772,        4.4726815224
571.170227,        4.4063563347
571.523621,        4.3843641281
571.877014,        4.3346438408
572.230286,        4.3127870560
572.583557,        4.3068895340
572.936829,        4.2801828384
573.289978,        4.2860536575
573.643250,        4.3242769241
573.996216,        4.3162112236
574.349365,        4.2899994850
574.702393,        4.3150477409
575.055359,        4.3042845726
575.408325,        4.3184823990
575.761169,        4.3441271782
576.114075,        4.3639950752
576.466919,        4.3089900017
576.819641,        4.2878551483
577.172363,        4.2352371216
577.525085,        4.2649745941
577.877686,        4.2733774185
578.230286,        4.2047591209
578.582825,        4.1716103554
578.935425,        4.1350722313
579.287903,        4.1135768890
579.640320,        4.0820589066
579.992676,        4.0235323906
580.345093,        4.0236277580
580.697388,        3.9811804295
581.049683,        3.8856909275
581.401855,        3.8348059654
581.754089,        3.9635856152
582.106201,        3.9911880493
582.458313,        4.0161151886
582.810425,        3.9702012539
583.162354,        3.9107382298
583.514404,        3.9090123177
583.866272,        3.8958835602
584.218201,        3.8966064453
584.570068,        3.9796397686
584.921875,        3.9128079414
585.273560,        3.9011511803
585.625305,        3.9581265450
585.977051,        3.9304234982
586.328674,        4.0975904465
586.680237,        4.0898575783
587.031799,        4.1284527779
587.383301,        4.1582674980
587.734802,        4.1581311226
588.086243,        4.1482424736
588.437561,        4.1758971214
588.788940,        4.2444996834
589.140198,        4.0956721306
589.491516,        3.9923987389
589.842712,        3.9408757687
590.193848,        3.9905576706
590.544983,        3.9887979031
590.896057,        3.9843804836
591.247192,        3.9888198376
591.598145,        3.9562311172
591.949158,        3.8646571636
592.300049,        3.8459236622
592.650879,        3.7886393070
593.001770,        3.6869029999
593.352539,        3.7158534527
593.703308,        3.5945959091
594.054016,        3.6176464558
594.404663,        3.5886638165
594.755310,        3.6231689453
595.105896,        3.5714135170
595.456360,        3.5515117645
595.806885,        3.4970574379
596.157349,        3.4950594902
596.507751,        3.5932261944
596.858154,        3.6039543152
597.208435,        3.6049332619
597.558777,        3.5954217911
597.908997,        3.5793733597
598.259216,        3.5083134174
598.609314,        3.5094630718
598.959473,        3.5563404560
599.309570,        3.6062319279
599.659546,        3.6578755379
600.009583,        3.7147312164
600.359497,        3.7514574528
600.709412,        3.7300806046
601.059265,        3.7023754120
601.409058,        3.7906236649
601.758850,        3.7852606773
602.108521,        3.6969461441
602.458191,        3.7445526123
602.807922,        3.7397291660
603.157471,        3.7630538940
603.507080,        3.6925461292
603.856567,        3.6337018013
604.205994,        3.6361224651
604.555542,        3.6009192467
604.904846,        3.5517170429
605.254211,        3.5681149960
605.603516,        3.7928521633
605.952759,        3.8196418285
606.302063,        3.7789740562
606.651123,        3.7312164307
607.000305,        3.6980171204
607.349365,        3.6332714558
607.698425,        3.5725042820
608.047485,        3.5667090416
608.396362,        3.5301401615
608.745300,        3.4023184776
609.094177,        3.3756773472
609.442993,        3.3890380859
609.791809,        3.3329725266
610.140503,        3.3233220577
610.489258,        3.2827246189
610.837891,        3.3156168461
611.186523,        3.2491228580
611.535156,        3.2110202312
611.883606,        3.2201144695
612.232178,        3.2852523327
612.580566,        3.3113818169
612.928955,        3.1126511097
613.277344,        3.0396420956
613.625610,        3.0400099754
613.973938,        3.0273370743
614.322144,        3.0247008801
614.670288,        3.0467603207
615.018555,        3.0831232071
615.366516,        3.0569560528
615.714661,        3.0167324543
616.062622,        3.0996701717
616.410645,        3.0884644985
616.758606,        3.1041469574
617.106445,        3.0883502960
617.454285,        3.0632550716
617.802063,        3.1200902462
618.149841,        3.0854279995
618.497559,        3.0851597786
618.845215,        3.1274862289
619.192871,        3.1514606476
619.540466,        3.0544111729
619.888000,        2.9828853607
620.235535,        2.9901294708
620.582886,        3.0240387917
620.930359,        3.0064034462
621.277710,        2.9923877716
621.625061,        2.9355030060
621.972351,        2.8854081631
622.319519,        2.8391025066
622.666809,        2.8517980576
623.013916,        2.8535966873
623.361023,        2.8039865494
623.708130,        2.8251504898
624.055054,        2.8154530525
624.402100,        2.8024470806
624.749023,        2.8631968498
625.095947,        2.8594300747
625.442810,        2.8571932316
625.789551,        2.8484742641
626.136353,        2.8073303699
626.483032,        2.8076033592
626.829712,        2.8771824837
627.176392,        2.9081335068
627.522949,        2.8828632832
627.869507,        2.8630590439
628.216003,        2.8393919468
628.562500,        2.8368139267
628.908936,        2.8543081284
629.255310,        2.8624825478
629.601624,        2.8872060776
629.947876,        2.8804154396
630.294067,        2.9938709736
630.640320,        2.9383132458
630.986511,        2.9003725052
631.332642,        2.8583772182
631.678650,        2.8867993355
632.024658,        2.8166987896
632.370728,        2.7877383232
632.716614,        2.7723300457
633.062500,        2.7663133144
633.408325,        2.7761907578
633.754089,        2.8636012077
634.099915,        2.8087205887
634.445679,        2.8149507046
634.791321,        2.8325672150
635.136963,        2.8963017464
635.482483,        2.9008777142
635.828125,        2.8838012218
636.173584,        2.8520984650
636.519043,        2.8654336929
636.864502,        2.8348011971
637.209778,        2.8442745209
637.555237,        2.7307233810
637.900452,        2.7278099060
638.245728,        2.7294163704
638.590881,        2.7054767609
638.935974,        2.6727426052
639.281189,        2.6571657658
639.626221,        2.7293694019
639.971191,        2.7232708931
640.316223,        2.7271568775
640.661072,        2.7028505802
641.006042,        2.5689005852
641.350891,        2.5495097637
641.695679,        2.5135533810
642.040466,        2.4534564018
642.385071,        2.3452756405
642.729858,        2.3333525658
643.074463,        2.3251893520
643.419067,        2.3158180714
643.763611,        2.3144462109
644.108032,        2.3167085648
644.452515,        2.2807843685
644.796936,        2.2467803955
645.141296,        2.2689185143
645.485657,        2.2817692757
645.829834,        2.2829897404
646.174133,        2.2569274902
646.518311,        2.2463760376
646.862427,        2.1458420753
647.206604,        2.0984797478
647.550598,        2.1037881374
647.894653,        2.0863482952
648.238647,        2.0838012695
648.582458,        2.0884850025
648.926453,        2.0715887547
649.270203,        2.0657918453
649.614075,        2.0503509045
649.957764,        2.0698964596
650.301453,        2.0671601295
650.645142,        2.0766806602
650.988708,        2.0480864048
651.332336,        2.0127618313
651.675842,        2.0125105381
652.019348,        2.0348427296
652.362854,        2.0032973289
652.706177,        1.9303706884
653.049561,        1.9134120941
653.392883,        1.9259276390
653.736084,        1.9231570959
654.079346,        1.9489914179
654.422424,        1.9534183741
654.765625,        1.9379856586
655.108765,        1.9298117161
655.451721,        1.8727058172
655.794800,        1.8485639095
656.137695,        1.8180247545
656.480591,        1.8333475590
656.823486,        1.8372197151
657.166260,        1.7803665400
657.509094,        1.7786394358
657.851807,        1.7540510893
658.194519,        1.7089767456
658.537109,        1.8202404976
658.879761,        1.7980372906
659.222351,        1.7947365046
659.564758,        1.7815175056
659.907349,        1.7869830132
660.249695,        1.7848117352
660.592041,        1.8094112873
660.934448,        1.8212575912
661.276672,        1.7539212704
661.619019,        1.7388801575
661.961182,        1.7161303759
662.303284,        1.7078535557
662.645508,        1.7162057161
662.987427,        1.6848855019
663.329529,        1.6905615330
663.671448,        1.6609841585
664.013428,        1.6489400864
664.355347,        1.6631759405
664.697205,        1.7357321978
665.039001,        1.7315824032
665.380676,        1.7661223412
665.722412,        1.6850286722
666.064148,        1.6836163998
666.405701,        1.6502609253
666.747253,        1.6153798103
667.088806,        1.6160335541
667.430298,        1.5970287323
667.771790,        1.5618410110
668.113159,        1.5361515284
668.454529,        1.5728377104
668.795837,        1.5765967369
669.137085,        1.5741136074
669.478394,        1.5733001232
669.819519,        1.6059371233
670.160645,        1.6177641153
670.501709,        1.5867128372
670.842773,        1.5644838810
671.183777,        1.6016196012
671.524719,        1.5668177605
671.865662,        1.4857048988
672.206482,        1.4669022560
672.547302,        1.4216061831
672.888123,        1.4272457361
673.228821,        1.4297810793
673.569458,        1.4364697933
673.910095,        1.4334583282
674.250732,        1.4528841972
674.591370,        1.4725035429
674.931824,        1.4446840286
675.272217,        1.4242310524
675.612732,        1.3760303259
675.953003,        1.3737440109
676.293396,        1.3374019861
676.633667,        1.3330125809
676.973877,        1.3000239134
677.314148,        1.2839399576
677.654236,        1.2838376760
677.994385,        1.2935703993
678.334412,        1.2576336861
678.674438,        1.2697330713
679.014404,        1.2594178915
679.354309,        1.2951124907
679.694214,        1.3023959398
680.034058,        1.2871372700
680.373840,        1.2800940275
680.713623,        1.2923097610
681.053223,        1.3080735207
681.392944,        1.4100160599
681.732544,        1.8224773407
682.072083,        4.3881607056
682.411621,        4.4419503212
682.751038,        4.4710831642
683.090515,        4.4632334709
683.429871,        4.4646987915
683.769226,        4.5137896538
684.108582,        4.5560145378
684.447754,        4.5661911964
684.786987,        4.5825295448
685.126160,        4.5817885399
685.465210,        4.5964097977
685.804382,        4.6392626762
686.143311,        4.6708855629
686.482361,        4.6793007851
686.821289,        4.7581262589
687.160156,        4.7669901848
687.499023,        4.7935066223
687.837769,        4.9305090904
688.176514,        4.9657607079
688.515259,        4.9123921394
688.853882,        4.5950903893
689.192566,        2.0841171741
689.531067,        2.0979032516
689.869629,        2.2025437355
690.208130,        2.2875285149
690.546570,        2.4004540443
690.885010,        2.4189021587
691.223267,        2.4794373512
691.561584,        2.5746576786
691.899841,        2.7314419746
692.238037,        2.8443465233
692.576294,        2.9579613209
692.914307,        3.0822510719
693.252380,        3.1843252182
693.590454,        3.2704904079
693.928406,        3.3400065899
694.266357,        3.4639279842
694.604187,        3.6007544994
694.942078,        3.6163659096
695.279907,        3.7460248470
695.617615,        3.9090070724
695.955444,        3.9907050133
696.292969,        4.1620354652
696.630676,        4.3052482605
696.968201,        4.4152998924
697.305725,        4.6847729683
697.643250,        4.8257012367
697.980652,        5.0141344070
698.318054,        5.1752820015
698.655396,        5.3452534676
698.992676,        5.4414501190
699.330017,        5.6273598671
699.667175,        5.7359442711
700.004395,        5.8997635841
700.341492,        6.0413026810
700.678528,        6.2549276352
701.015564,        6.4525232315
701.352478,        6.5938024521
701.689514,        6.7621374130
702.026428,        6.9697046280
702.363220,        7.1599626541
702.700073,        7.2779035568
703.036804,        7.4895815849
703.373474,        7.6771035194
703.710144,        7.9194931984
704.046814,        8.0610980988
704.383362,        8.0922441483
704.719910,        8.3026800156
705.056335,        8.4693641663
705.392761,        8.6606073380
705.729187,        8.8111438751
706.065552,        8.9832019806
706.401855,        9.1102886200
706.738098,        9.3776645660
707.074280,        9.5195245743
707.410461,        9.6882019043
707.746643,        9.8634290695
708.082642,       10.0213775635
708.418701,       10.2637395859
708.754639,       10.4322891235
709.090576,       10.5473155975
709.426514,       10.7027416229
709.762329,       10.9046201706
710.098083,       11.0528545380
710.433838,       11.2012081146
710.769592,       11.3458976746
711.105286,       11.5134124756
711.440796,       11.6835117340
711.776367,       11.7903165817
712.112000,       11.9025020599
712.447388,       12.0354900360
712.782837,       12.2291021347
713.118225,       12.3890380859
713.453552,       12.5454349518
713.788818,       12.6060905457
714.124023,       12.7666902542
714.459290,       12.9555988312
714.794434,       13.0233898163
715.129517,       13.1831188202
715.464661,       13.2535543442
715.799622,       13.3863792419
716.134583,       13.5572481155
716.469482,       13.7379455566
716.804321,       13.8841266632
717.139221,       14.0145349503
717.473938,       14.1467380524
717.808777,       14.2406444550
718.143433,       14.3759431839
718.478088,       14.5762653351
718.812683,       14.7286596298
719.147217,       14.9155111313
719.481750,       15.0593872070
719.816223,       15.1981382370
720.150574,       15.4449853897
720.485046,       15.6216602325
720.819214,       15.8169956207
721.153564,       15.9725933075
721.487854,       16.1049118042
721.821960,       16.2995624542
722.156189,       16.6497421265
722.490234,       16.8767356873
722.824341,       17.0246467590
723.158264,       17.2655906677
723.492249,       17.4236526489
723.826172,       17.5553550720
724.159973,       17.7512741089
724.493835,       17.9097671509
724.827576,       18.0933990479
725.161316,       18.3243198395
725.494995,       18.4648742676
725.828613,       18.6347255707
726.162231,       18.7985687256
726.495728,       19.0312080383
726.829163,       19.1964988708
727.162720,       19.2722454071
727.496033,       19.3997535706
727.829468,       19.5765647888
728.162720,       19.7133750916
728.496033,       19.8502044678
728.829224,       20.0035953522
729.162354,       19.9436244965
729.495483,       20.0471820831
729.828552,       20.2190914154
730.161560,       20.3124866486
730.494629,       20.4510116577
730.827454,       20.6205253601
731.160400,       20.7755851746
731.493225,       21.0117206573
731.825989,       21.1743507385
732.158813,       21.3102474213
732.491455,       21.4606609344
732.824158,       21.6310672760
733.156799,       21.8334636688
733.489319,       21.9150257111
733.821899,       22.0797252655
734.154236,       22.2032318115
734.486755,       22.3671741486
734.819092,       22.5095100403
735.151428,       22.6196136475
735.483765,       22.8176536560
735.815857,       22.9792976379
736.148132,       23.1115226746
736.480286,       23.2861633301
736.812378,       23.4262771606
737.144470,       23.5476531982
737.476379,       23.6602859497
737.808411,       23.8144893646
738.140259,       23.9945354462
738.472168,       24.0790233612
738.804016,       24.1542034149
739.135742,       24.2569370270
739.467468,       24.4009037018
739.799133,       24.5575046539
740.130798,       24.6028633118
740.462402,       24.8121013641
740.793884,       25.0208377838
741.125366,       25.1550312042
741.456848,       25.2512931824
741.788208,       25.4001388550
742.119568,       25.5326004028
742.450928,       25.6177101135
742.782166,       25.7254714966
743.113281,       25.8818721771
743.444458,       25.9965839386
743.775635,       26.1088218689
744.106689,       26.1899948120
744.437683,       26.2517032623
744.768677,       26.3626842499
745.099609,       26.3460960388
745.430481,       26.4343776703
745.761353,       26.5812816620
746.092102,       26.6682357788
746.422852,       26.7598247528
746.753479,       26.7832393646
747.084229,       26.8668117523
747.414795,       26.8633518219
747.745300,       26.9333629608
748.075806,       26.9777946472
748.406311,       27.0348033905
748.736694,       27.0372810364
749.067078,       27.0912685394
749.397400,       27.1972122192
749.727722,       27.2272834778
750.057861,       27.2779293060
750.388062,       27.3083171844
750.718201,       27.3505153656
751.048279,       27.4144382477
751.378357,       27.5087795258
751.708252,       27.5494518280
752.038208,       27.6970233917
752.368164,       27.7009315491
752.697937,       27.7038249969
753.027832,       27.7358703613
753.357483,       27.7621154785
753.687256,       27.8251762390
754.016907,       27.9405555725
754.346497,       28.0002651215
754.676147,       27.8494949341
755.005493,       27.8350715637
755.335083,       27.8735370636
755.664490,       27.8661499023
755.993835,       27.8511772156
756.323181,       27.8086280823
756.652405,       27.7703971863
756.981689,       27.6672840118
757.310852,       27.6327133179
757.640015,       27.5937709808
757.969177,       27.4944572449
758.298096,       27.4271392822
758.627197,       27.3507061005
758.956116,       27.1594524384
759.284973,       27.0382919312
759.613892,       26.9644641876
759.942627,       26.8660659790
760.271423,       26.7568016052
760.600159,       26.6352615356
760.928772,       26.5718040466
761.257446,       26.4274024963
761.585999,       26.3894653320
761.914490,       26.4737777710
762.242981,       26.4322452545
762.571350,       26.4148502350
762.899841,       26.3907852173
763.228088,       26.3641567230
763.556396,       26.4053173065
763.884644,       26.4533882141
764.212830,       26.4996223450
764.541016,       26.5592937469
764.869080,       26.6446685791
765.197144,       26.7097530365
765.525146,       26.7115268707
765.853088,       26.8540172577
766.181030,       27.0349464417
766.508789,       27.1063747406
766.836670,       27.2230319977
767.164429,       27.3332366943
767.492126,       27.4315567017
767.819824,       27.4050140381
768.147400,       27.5729122162
768.475037,       27.6609191895
768.802490,       27.7420043945
769.130005,       27.8468818665
769.457458,       27.9329891205
769.784790,       28.0757179260
770.112183,       28.1597137451
770.439453,       28.2035770416
770.766663,       28.2949295044
771.093872,       28.3547992706
771.420959,       28.3578090668
771.748108,       28.3766002655
772.075195,       28.4399394989
772.402161,       28.5067291260
772.729126,       28.4977264404
773.055969,       28.4327297211
773.382874,       28.4781761169
773.709717,       28.4491500854
774.036438,       28.4014434814
774.363159,       28.4515914917
774.689758,       28.5148735046
775.016479,       28.4700717926
775.343018,       28.5223865509
775.669495,       28.3939208984
775.996033,       28.3443031311
776.322449,       28.3470897675
776.648865,       28.3046035767
776.975098,       28.3380603790
777.301453,       28.3360004425
777.627686,       28.3434429169
777.953857,       28.3972702026
778.280029,       28.3888931274
778.606079,       28.4995174408
778.932068,       28.4190807343
779.258179,       28.3905353546
779.584045,       28.3987941742
779.909973,       28.4283046722
780.235840,       28.4021682739
780.561646,       28.4585170746
780.887390,       28.4491271973
781.213135,       28.3865489960
781.538757,       28.3287849426
781.864380,       28.3418865204
782.189880,       28.4149475098
782.515442,       28.3940906525
782.840942,       28.4305305481
783.166321,       28.4242153168
783.491699,       28.4117183685
783.817017,       28.3236083984
784.142395,       28.3163585663
784.467529,       28.2447280884
784.792725,       28.1572189331
785.117859,       28.1570796967
785.442932,       28.0431365967
785.768005,       28.0751914978
786.092957,       28.0716171265
786.417908,       28.0636062622
786.742798,       28.0314712524
787.067566,       28.0220069885
787.392456,       27.9681892395
787.717163,       28.0446357727
788.041870,       28.0719032288
788.366577,       28.0684776306
788.691101,       27.9927196503
789.015686,       28.0383071899
789.340149,       28.1284103394
789.664673,       28.1738758087
789.989075,       28.1459484100
790.313354,       28.3604354858
790.637756,       28.4272918701
790.962036,       28.4207229614
791.286194,       28.4603900909
791.610413,       28.4396915436
791.934448,       28.4453601837
792.258606,       28.4738445282
792.582581,       28.5794639587
792.906555,       28.6136150360
793.230530,       28.5683536530
793.554321,       28.5719223022
793.878174,       28.5724544525
794.201965,       28.5613632202
794.525696,       28.5456657410
794.849426,       28.5599555969
795.172974,       28.5749073029
795.496643,       28.6712284088
795.820129,       28.6155967712
796.143616,       28.5929718018
796.467102,       28.5245838165
796.790405,       28.5665454865
797.113831,       28.3281555176
797.437134,       28.3202857971
797.760315,       28.3536491394
798.083618,       28.3234443665
798.406677,       28.4504661560
798.729797,       28.5394191742
799.052856,       28.5363788605
799.375854,       28.4333324432
799.698853,       28.4276371002
800.021729,       28.4996070862
800.344604,       28.4825839996
800.667358,       28.5719642639
800.990112,       28.5986003876
801.312866,       28.5726909637
801.635498,       28.5555458069
801.958191,       28.5621547699
802.280701,       28.4855270386
802.603210,       28.4062290192
802.925781,       28.3731727600
803.248108,       28.4002571106
803.570496,       28.3842525482
803.892822,       28.4657630920
804.215088,       28.4982299805
804.537354,       28.4718074799
804.859436,       28.4381122589
805.181641,       28.2461738586
805.503723,       28.1770877838
805.825745,       28.2050132751
806.147766,       28.2131366730
806.469604,       28.2071952820
806.791504,       28.2514476776
807.113342,       28.3073749542
807.435181,       28.2343826294
807.756897,       28.2445678711
808.078552,       28.2427902222
808.400208,       28.2979164124
808.721802,       28.3618450165
809.043335,       28.3729763031
809.364929,       28.3891201019
809.686279,       28.3612041473
810.007751,       28.3244972229
810.329041,       28.2325305939
810.650330,       28.2174682617
810.971619,       28.0946292877
811.292786,       28.0554351807
811.613953,       28.0250854492
811.935059,       28.0089206696
812.256104,       27.9012088776
812.577148,       27.8160743713
812.898071,       27.7580585480
813.218994,       27.6752300262
813.539795,       27.5318984985
813.860596,       27.4926719666
814.181396,       27.4208450317
814.502136,       27.3361320496
814.822754,       27.3260211945
815.143372,       27.1831741333
815.463928,       27.0828514099
815.784485,       27.0921020508
816.104919,       27.0031700134
816.425354,       26.9755363464
816.745728,       26.9301471710
817.065979,       26.9217605591
817.386353,       26.8347797394
817.706421,       26.8824672699
818.026733,       26.8894939423
818.346863,       26.9357376099
818.666809,       27.0300083160
818.986938,       27.0718574524
819.306824,       27.0367946625
819.626770,       27.0687103271
819.946716,       27.1087646484
820.266479,       27.1644763947
820.586304,       27.1083240509
820.905945,       27.1144008636
821.225647,       27.1220798492
821.545349,       27.1551761627
821.864868,       27.2080574036
822.184448,       27.3876571655
822.503845,       27.4358272552
822.823364,       27.4705982208
823.142761,       27.5807552338
823.462036,       27.6188678741
823.781372,       27.6421508789
824.100525,       27.6680412292
824.419800,       27.6173706055
824.738953,       27.6098098755
825.057922,       27.6053466797
825.377014,       27.5162849426
825.695984,       27.6035251617
826.014954,       27.6418457031
826.333862,       27.6041450500
826.652649,       27.6512889862
826.971497,       27.6528358459
827.290100,       27.8202476501
827.608887,       27.8918437958
827.927612,       27.9669723511
828.246094,       27.9109573364
828.564697,       27.8962497711
828.883118,       27.7645969391
829.201599,       27.6931972504
829.520020,       27.7039966583
829.838318,       27.6374015808
830.156616,       27.5900630951
830.474854,       27.6006965637
830.793091,       27.6527442932
831.111267,       27.6600418091
831.429260,       27.6575450897
831.747437,       27.6836128235
832.065308,       27.7491512299
832.383362,       27.8002510071
832.701233,       27.8749885559
833.019043,       27.9214439392
833.336914,       27.8608417511
833.654663,       27.8933677673
833.972351,       27.7636356354
834.289978,       27.8394813538
834.607483,       27.9313774109
834.925171,       27.9659996033
835.242676,       27.9557056427
835.560059,       27.9722480774
835.877502,       27.9863033295
836.194763,       27.9837493896
836.512146,       27.9949302673
836.829468,       28.1282424927
837.146545,       28.2055854797
837.463745,       28.1659812927
837.780823,       28.2496147156
838.097900,       28.3395442963
838.414917,       28.3943538666
838.731873,       28.3379821777
839.048828,       28.2892704010
839.365540,       28.2558288574
839.682434,       28.2566127777
839.999207,       28.3608951569
840.315857,       28.3698730469
840.632568,       28.4198455811
840.949097,       28.3279476166
841.265747,       28.1929664612
841.582275,       28.2874011993
841.898682,       28.3790016174
842.215088,       28.3946189880
842.531433,       28.4139366150
842.847778,       28.4196414948
843.164063,       28.4824485779
843.480164,       28.4255828857
843.796387,       28.3626041412
844.112427,       28.3909969330
844.428528,       28.4655723572
844.744568,       28.4479827881
845.060486,       28.5878067017
845.376404,       28.6434688568
845.692200,       28.5957603455
846.008057,       28.6280269623
846.323853,       28.6682071686
846.639465,       28.6544475555
846.955139,       28.6210002899
847.270691,       28.6035366058
847.586304,       28.6401062012
847.901855,       28.6935005188
848.217224,       28.5658092499
848.532715,       28.5610637665
848.847961,       28.6764793396
849.163330,       28.6180706024
849.478638,       28.5924339294
849.793823,       28.5595474243
850.108948,       28.5032634735
850.424011,       28.5912036896
850.739136,       28.6250381470
851.054199,       28.5168056488
851.369019,       28.4636344910
851.684021,       28.2820281982
851.998779,       28.3312530518
852.313660,       28.3640480042
852.628418,       28.3458652496
852.943054,       28.4116687775
853.257751,       28.4181175232
853.572327,       28.4332542419
853.886841,       28.4096832275
854.201477,       28.4587326050
854.515808,       28.5506458282
854.830261,       28.6190242767
855.144592,       28.6253604889
855.458862,       28.4970073700
855.773193,       28.5302963257
856.087280,       28.5896816254
856.401489,       28.5724334717
856.715515,       28.7540378571
857.029602,       28.7673568726
857.343628,       28.7020854950
857.657532,       28.7217559814
857.971497,       28.7427272797
858.285278,       28.7561531067
858.599121,       28.7672576904
858.912903,       28.7026729584
859.226501,       28.7239913940
859.540222,       28.6361274719
859.853699,       28.6129741669
860.167297,       28.6224136353
860.480896,       28.7754745483
860.794250,       28.7694835663
861.107666,       28.6793975830
861.420959,       28.6791801453
861.734314,       28.6883506775
862.047546,       28.6762771606
862.360657,       28.7715969086
862.673889,       28.8715000153
862.986938,       28.8914203644
863.299988,       28.8053951263
863.613037,       28.8621215820
863.925903,       28.9510078430
864.238831,       29.1208572388
864.551575,       29.1023406982
864.864380,       29.1030731201
865.177185,       29.0805301666
865.489807,       29.1781520844
865.802490,       29.1796169281
866.114990,       29.2100009918
866.427612,       29.3279113770
866.740112,       29.2921714783
867.052429,       29.2149505615
867.364868,       29.1611366272
867.677124,       29.1707305908
867.989502,       29.2613887787
868.301758,       29.2979030609
868.613831,       29.3759822845
868.926025,       29.3260688782
869.238159,       29.2301235199
869.550049,       29.2483768463
869.862122,       29.3209991455
870.173950,       29.1821441650
870.485901,       29.0772666931
870.797791,       28.9091339111
871.109497,       29.0485286713
871.421204,       29.0275726318
871.732849,       29.0906105042
872.044495,       29.0936565399
872.356079,       29.0554351807
872.667542,       29.0777893066
872.979065,       28.9485092163
873.290344,       29.0433139801
873.601807,       29.0624046326
873.913147,       29.2352294922
874.224304,       29.2628593445
874.535645,       29.1751327515
874.846741,       29.1973743439
875.157837,       29.1467876434
875.468994,       29.2737846375
875.779907,       29.3135852814
876.090881,       29.3160324097
876.401733,       29.1933841705
876.712646,       29.2161216736
877.023499,       29.3398799896
877.334167,       29.3550128937
877.644897,       29.3366603851
877.955505,       29.3657341003
878.266113,       29.2813339233
878.576721,       29.2519741058
878.887146,       29.3444538116
879.197571,       29.2668037415
879.507996,       29.3793239594
879.818298,       29.3315448761
880.128662,       29.4533138275
880.438843,       29.2670516968
880.749084,       29.3941440582
881.059143,       29.8448600769
881.369263,       29.7447166443
881.679382,       29.6349754333
881.989258,       29.5446910858
882.299194,       29.5117073059
882.609070,       29.5564861298
882.918945,       29.6502628326
883.228760,       29.6925601959
883.538452,       29.6126422882
883.848145,       29.7744064331
884.157654,       29.8084735870
884.467285,       29.8939018250
884.776917,       29.9782428741
885.086243,       30.0745334625
885.395813,       30.0954647064
885.705017,       30.1168613434
886.014404,       30.0707092285
886.323730,       30.0802440643
886.632874,       29.9830493927
886.942078,       30.1478862762
887.251160,       30.0545539856
887.560242,       29.5186672211
887.869263,       29.5815639496
888.178162,       29.5912418365
888.487122,       29.5506744385
888.795898,       29.5102863312
889.104797,       29.4977512360
889.413513,       29.3891696930
889.722168,       29.4493503571
890.030884,       29.5401248932
890.339417,       29.4009513855
890.648010,       29.3039283752
890.956543,       29.1833782196
891.264893,       29.1002712250
891.573364,       29.0154514313
891.881653,       28.8992710114
892.189941,       28.9365406036
892.498230,       29.0141067505
892.806335,       29.0280971527
893.114502,       29.0171451569
893.422546,       28.9327144623
893.730652,       28.8924789429
894.038696,       29.0287609100
894.346497,       28.9659976959
894.654419,       29.0594272614
894.962158,       29.0299243927
895.270020,       29.0643749237
895.577759,       28.9875202179
895.885376,       29.1013984680
896.192993,       28.9586296082
896.500549,       28.8346443176
896.808044,       28.7742404938
897.115601,       28.7556610107
897.422913,       28.8575916290
897.730347,       28.8461627960
898.037598,       28.8740367889
898.344910,       28.9198074341
898.652161,       28.8613090515
898.959167,       28.8334331512
899.266418,       28.8225479126
899.573364,       28.8165836334
899.880371,       28.7127647400
900.187378,       28.6690807343
900.494202,       28.5955314636
900.801086,       28.5442352295
901.107788,       28.4882698059
901.414612,       28.4959907532
901.721375,       28.4579429626
902.027832,       28.5351581573
902.334534,       28.4401531219
902.641113,       28.5355949402
902.947510,       28.6174411774
903.253967,       28.6455993652
903.560242,       28.6180171967
903.866638,       28.5508003235
904.172974,       28.5149135590
904.479126,       28.4548225403
904.785278,       28.4099254608
905.091370,       28.3819465637
905.397461,       28.2976684570
905.703552,       28.2851524353
906.009399,       28.2276248932
906.315369,       28.3568172455
906.621155,       28.3106269836
906.927002,       28.2936954498
907.232788,       28.3003768921
907.538452,       28.2968788147
907.844116,       28.3271999359
908.149658,       28.3007297516
908.455200,       28.2148189545
908.760803,       28.2929782867
909.066162,       28.2371997833
909.371582,       28.1991062164
909.676880,       28.1080760956
909.982178,       28.2198123932
910.287476,       28.2122383118
910.592529,       28.1946029663
910.897705,       28.3179969788
911.202759,       28.3871345520
911.507813,       28.4678287506
911.812805,       28.4241580963
912.117676,       28.3986186981
912.422546,       28.4321193695
912.727356,       28.4074153900
913.032104,       28.3714351654
913.336853,       28.4130630493
913.641479,       28.3890419006
913.946106,       28.2988700867
914.250610,       28.3809337616
914.555115,       28.4656829834
914.859619,       28.5499935150
915.163940,       28.5177173615
915.468323,       28.5275936127
915.772583,       28.5475692749
916.076843,       28.5508728027
916.381104,       28.4762287140
916.685120,       28.5105056763
916.989258,       28.6866188049
917.293213,       28.6582260132
917.597290,       29.0025177002
917.901184,       29.3528556824
918.205017,       29.4606323242
918.508850,       29.4937877655
918.812561,       29.5416870117
919.116333,       29.5215930939
919.420044,       29.6445274353
919.723572,       29.7237663269
920.027222,       29.8973388672
920.330627,       29.9492263794
920.634094,       29.9197921753
920.937561,       29.9079360962
921.240784,       30.0474376678
921.544189,       30.0326576233
921.847351,       30.1847553253
922.150574,       30.3345623016
922.453735,       30.5195903778
922.756775,       30.4903030396
923.059875,       30.4328498840
923.362793,       30.3239402771
923.665771,       30.4294815063
923.968689,       30.0235633850
924.271362,       29.6362838745
924.574219,       29.5732402802
924.876892,       29.4831485748
925.179565,       29.4594707489
925.482239,       29.3615493774
925.784729,       29.4203109741
926.087280,       29.2644653320
926.389648,       29.1990852356
926.692078,       29.1895084381
926.994507,       29.1850948334
927.296692,       29.1080570221
927.599060,       28.9135398865
927.901123,       28.8278141022
928.203308,       28.6357078552
928.505432,       28.4624996185
928.807434,       28.2892971039
929.109436,       28.2800369263
929.411316,       28.2797126770
929.713196,       28.2388648987
930.015015,       27.9203510284
930.316711,       27.9612751007
930.618530,       27.9177665710
930.920105,       27.8862895966
931.221802,       28.0811405182
931.523315,       27.9482192993
931.824829,       27.9650897980
932.126282,       27.9377098083
932.427612,       27.9228420258
932.729004,       27.9345684052
933.030334,       28.0148715973
933.331482,       27.9082832336
933.632751,       27.9551086426
933.933777,       28.0214309692
934.234924,       28.1217422485
934.536011,       28.1588134766
934.836914,       28.1365184784
935.137878,       28.1300220490
935.438660,       28.1090526581
935.739502,       28.1084632874
936.040344,       28.0777072906
936.340942,       28.1702270508
936.641663,       28.1406307220
936.942383,       28.2735309601
937.242798,       28.4807834625
937.543335,       28.3139171600
937.843750,       28.4473934174
938.144165,       28.4688911438
938.444580,       28.4370098114
938.744751,       28.4789447784
939.045044,       28.5415382385
939.345154,       28.6565189362
939.645325,       28.7328357697
939.945435,       28.8609943390
940.245361,       28.9240264893
940.545410,       28.9185142517
940.845215,       29.0174541473
941.145142,       29.1097068787
941.445007,       29.4068431854
941.744629,       29.4994525909
942.044434,       29.5130996704
942.343994,       29.6436901093
942.643677,       29.6676845551
942.943237,       29.7745227814
943.242676,       29.7795066833
943.542114,       29.9736404419
943.841431,       29.9993076324
944.140808,       29.9229297638
944.440125,       30.0679512024
944.739258,       30.3026981354
945.038513,       30.3188381195
945.337524,       30.3077545166
945.636597,       30.2110633850
945.935669,       30.1816463470
946.234558,       30.0299949646
946.533508,       29.9164257050
946.832275,       30.2638359070
947.131165,       30.1854190826
947.429932,       30.0920124054
947.728516,       29.8589439392
948.027222,       29.9249610901
948.325745,       29.9793605804
948.624329,       30.3123683929
948.922852,       30.3483867645
949.221191,       30.4630241394
949.519592,       30.6560611725
949.817810,       30.4073753357
950.116150,       30.7667369843
950.414368,       30.8458423615
950.712463,       30.8203735352
951.010620,       30.5541210175
951.308594,       30.5196170807
951.606628,       30.5173969269
951.904602,       30.7738819122
952.202454,       31.0271892548
952.500305,       31.9048824310
952.798035,       32.1290740967
953.095825,       31.8080539703
953.393494,       31.8948783875
953.691040,       32.2423629761
953.988647,       32.3668861389
954.286133,       32.4804496765
954.583618,       32.5216484070
954.881042,       32.1635322571
955.178345,       32.2519416809
955.475647,       32.5091934204
955.772827,       32.5361633301
956.070068,       32.5160713196
956.367310,       32.3585395813
956.664307,       32.3840484619
956.961365,       32.6451187134
957.258240,       32.7954788208
957.555176,       33.6055145264
957.852112,       33.5650672913
958.148865,       33.5120697021
958.445679,       33.4479751587
958.742310,       32.6039085388
959.039001,       32.6100502014
959.335632,       32.6488685608
959.632141,       32.8402099609
959.928650,       32.7306556702
960.224976,       32.9716148376
960.521484,       33.2094688416
960.817871,       33.3045654297
961.114014,       33.4824066162
961.410339,       33.4624595642
961.706421,       33.0928382874
962.002563,       32.7476425171
962.298645,       32.9134635925
962.594604,       32.8191375732
962.890564,       32.9449653625
963.186401,       35.6815338135
963.482300,       35.8539772034
963.778137,       35.2749137878
964.073792,       35.4326782227
964.369568,       35.3855552673
964.665100,       35.3167457581
964.960693,       35.4466133118
965.256287,       35.6739501953
965.551697,       35.6611900330
965.847168,       35.4941902161
966.142395,       35.5623703003
966.437744,       35.6974334717
966.733032,       35.4406013489
967.028198,       35.4907531738
967.323364,       35.4569129944
967.618408,       35.4785232544
967.913513,       35.9728126526
968.208496,       36.4031448364
968.503357,       36.3538627625
968.798279,       36.6114158630
969.093018,       36.6191673279
969.387817,       33.2771644592
969.682556,       33.1892700195
969.977173,       33.3075332642
970.271790,       33.7641448975
970.566406,       33.9684715271
970.860779,       34.1990127563
971.155334,       34.2475128174
971.449646,       33.9127616882
971.743958,       34.2108650208
972.038330,       34.4846611023
972.332458,       34.6091232300
972.626648,       34.3836708069
972.920715,       34.3699302673
973.214844,       34.4492568970
973.508911,       34.7353172302
973.802734,       35.1683769226
974.096741,       35.1238708496
974.390442,       35.0996246338
974.684265,       35.1801948547
974.978088,       35.1841697693
975.271667,       35.5108947754
975.565369,       35.5342025757
975.858826,       35.7827644348
976.152405,       35.9341125488
976.445923,       35.6415557861
976.739258,       35.5945510864
977.032654,       35.6377258301
977.325867,       35.8067398071
977.619202,       36.1342620850
977.912415,       36.6475296021
978.205505,       36.7321624756
978.498596,       36.7542495728
978.791504,       36.9368476868
979.084534,       37.3970413208
979.377563,       37.4685287476
979.670288,       37.4523506165
979.963196,       37.1575851440
980.255859,       37.2910499573
980.548584,       37.4747238159
980.841309,       37.7718238831
981.133850,       37.7741851807
981.426392,       38.1135711670
981.718811,       38.2313499451
982.011292,       38.0923881531
982.303650,       38.1481933594
982.595886,       38.3598136902
982.888245,       38.5458602905
983.180359,       38.6717758179
983.472595,       38.5028648376
983.764709,       38.3419914246
984.056641,       37.8912429810
984.348755,       38.0191078186
984.640625,       38.3371162415
984.932495,       38.4760665894
985.224365,       38.2296524048
985.516052,       38.4747123718
985.807861,       38.8119430542
986.099426,       39.8209075928
986.391052,       39.6299743652
986.682678,       39.6293525696
986.974121,       39.5997047424
987.265625,       39.6693954468
987.556885,       39.3195648193
987.848328,       39.3463172913
988.139648,       39.4763526917
988.430786,       39.2326698303
988.721985,       39.1321258545
989.013000,       39.2995681763
989.304138,       39.6945762634
989.595215,       39.9715614319
989.886047,       40.3622779846
990.177002,       40.3758163452
990.467834,       40.4277534485
990.758606,       40.2873649597
991.049377,       40.2930145264
991.339966,       40.9318122864
991.630676,       40.8851623535
991.921143,       40.2967872620
992.211670,       40.3498115540
992.502197,       40.4993133545
992.792542,       40.4020652771
993.082886,       40.0226936340
993.373169,       40.4927558899
993.663452,       40.7429771423
993.953613,       41.2280158997
994.243713,       41.2798767090
994.533813,       41.4980964661
994.823792,       41.6751174927
995.113770,       41.6134834290
995.403687,       41.6478996277
995.693481,       41.7057037354
995.983337,       41.3767013550
996.273010,       41.5297889709
996.562744,       41.1758460999
996.852417,       41.6604995728
997.141907,       41.8681526184
997.431458,       41.3485069275
997.720886,       41.5734863281
998.010315,       42.0661926270
998.299744,       41.0081443787
998.588928,       40.7535743713
998.878296,       40.9223670959
999.167419,       41.3522109985
999.456543,       42.1543006897
999.745667,       41.8109169006
1000.034607,       41.4984054565
1000.323669,       41.3110847473
1000.612488,       42.1172065735
1000.901367,       42.2328109741
1001.190247,       42.0673980713
1001.478882,       41.6746864319
1001.767639,       42.7306251526
1002.056335,       42.7007369995
1002.344849,       43.2057723999
1002.633423,       43.6067276001
1002.921814,       42.9057197571
1003.210266,       42.6972885132
1003.498657,       42.6184234619
1003.786926,       43.0297660828
1004.075256,       43.8772544861
1004.363342,       44.0744819641
1004.651489,       43.9930725098
1004.939697,       44.4739265442
1005.227600,       45.2926826477
1005.515686,       44.7143592834
1005.803467,       45.5886878967
1006.091370,       45.7736968994
1006.379272,       46.5340270996
1006.666870,       46.1740112305
1006.954712,       46.1203651428
1007.242188,       46.8592414856
1007.529907,       47.5055198669
1007.817444,       46.5129661560
1008.104858,       47.6412963867
1008.392334,       47.0417709351
1008.679565,       47.7448272705
1008.966980,       48.2259674072
1009.254272,       48.8306465149
1009.541382,       49.2471923828
1009.828613,       49.0069770813
1010.115601,       48.3188056946
1010.402649,       48.5180892944
1010.689697,       48.8577117920
1010.976563,       48.5085906982
1011.263489,       49.2696304321
1011.550171,       49.5119819641
1011.837036,       49.2071075439
1012.123657,       49.3920478821
1012.410278,       49.9758529663
1012.696899,       50.7317733765
1012.983337,       51.5742416382
1013.269897,       51.6186637878
1013.556396,       51.9559440613
1013.842651,       53.0871505737
1014.129028,       52.3590850830
1014.415161,       53.1937522888
1014.701477,       53.0920257568
1014.987671,       54.1847839355
1015.273560,       54.2291641235
1015.559692,       55.0039749146
1015.845581,       55.4756927490
1016.131592,       56.8053665161
1016.417542,       57.3213882446
1016.703247,       57.6255149841
1016.989014,       58.2750663757
1017.274658,       58.1175193787
1017.560303,       58.6947784424
1017.845947,       58.6606025696
1018.131409,       59.0712318420
1018.416870,       58.9424781799
1018.702271,       58.7573814392
1018.987671,       58.6859397888
1019.272949,       59.6208801270
1019.558228,       59.5875968933
1019.843445,       59.0889587402
1020.128540,       59.1340713501
1020.413574,       59.1148681641
1020.698608,       59.4505386353
1020.983521,       58.8235244751
1021.268555,       60.2000007629
1021.553284,       61.6398582458
1021.838135,       62.0611915588
1022.122925,       61.4778099060
1022.407593,       60.1694946289
1022.692261,       49.8181877136
1022.976807,       40.2173881531
1023.261292,       52.7419395447
1023.545837,       62.9969520569
1023.830200,       58.9341773987
1024.114624,       76.2915115356
1024.398804,       82.4110565186
1024.683105,       64.9932098389
1024.967285,       55.7553939819
