340.270844,        0.0000000000
340.648560,        0.0000000000
341.026306,      150.5882568359
341.403961,      170.1754760742
341.781616,      341.3046264648
342.159210,      431.2497253418
342.536743,      -60.2150726318
342.914307,       79.7297515869
343.291779,       82.8996276855
343.669250,        0.0000000000
344.046661,       61.9066352844
344.424042,       61.8440628052
344.801422,       61.1092491150
345.178711,       64.6778030396
345.556000,       66.0389175415
345.933258,       72.1302871704
346.310486,       74.0945968628
346.687622,       76.9210739136
347.064758,       78.0364074707
347.441895,       76.0965118408
347.818939,       76.6034011841
348.195953,       73.5101852417
348.572937,       72.0287170410
348.949890,       71.8966369629
349.326843,       73.1210327148
349.703735,       72.0196609497
350.080597,       73.5944671631
350.457397,       74.3760910034
350.834198,       71.1332244873
351.210968,       72.1869735718
351.587646,       73.9281311035
351.964325,       73.7846679688
352.340942,       73.4050598145
352.717560,       74.8753204346
353.094147,       74.8640289307
353.470673,       74.1899108887
353.847168,       71.9924926758
354.223602,       72.4178314209
354.600037,       72.0264816284
354.976440,       70.8047866821
355.352783,       72.7150573730
355.729126,       73.6415481567
356.105408,       72.0619125366
356.481628,       72.2674713135
356.857849,       72.2280807495
357.234009,       69.5489425659
357.610168,       71.4595565796
357.986267,       68.2156753540
358.362366,       66.4655151367
358.738373,       65.5271072388
359.114349,       64.9242630005
359.490326,       63.4103240967
359.866241,       62.4270133972
360.242157,       62.3227233887
360.617981,       60.1958084106
360.993805,       58.4000358582
361.369568,       59.6709136963
361.745331,       60.5116310120
362.121033,       60.4303016663
362.496704,       60.8186912537
362.872314,       58.3413619995
363.247925,       56.6463241577
363.623505,       54.8446044922
363.999023,       53.4375534058
364.374542,       59.2356987000
364.750000,       59.1972770691
365.125397,       61.5109024048
365.500763,       60.0709457397
365.876160,       59.1935234070
366.251434,       58.7822303772
366.626740,       56.3932342529
367.001953,       58.7335128784
367.377136,       59.5860595703
367.752350,       59.2736968994
368.127472,       62.8167037964
368.502594,       62.5593910217
368.877625,       60.7636375427
369.252625,       58.4198112488
369.627625,       56.7835197449
370.002563,       57.0676193237
370.377502,       55.9177513123
370.752380,       56.4108848572
371.127228,       62.1602363586
371.502014,       60.3460540771
371.876770,       60.8056068420
372.251526,       57.6818351746
372.626221,       57.6072235107
373.000885,       57.2453575134
373.375488,       56.1746673584
373.750092,       58.4849700928
374.124664,       60.5809135437
374.499146,       66.4104995728
374.873627,       66.2289047241
375.248108,       64.2569656372
375.622467,       70.2256774902
375.996887,       69.8686828613
376.371185,       70.0640716553
376.745483,       71.1357040405
377.119751,       72.4532318115
377.493958,       74.2943725586
377.868195,       73.9964752197
378.242310,       73.9462280273
378.616394,       76.8772583008
378.990540,       74.7585525513
379.364563,       74.5978393555
379.738556,       73.9380569458
380.112518,       72.2401199341
380.486481,       71.9835662842
380.860352,       71.6494140625
381.234192,       73.3842620850
381.608063,       71.2042465210
381.981812,       69.0318527222
382.355591,       64.2705535889
382.729309,       63.4892997742
383.102966,       64.4490890503
383.476624,       57.0186843872
383.850220,       53.1812553406
384.223816,       53.7082443237
384.597321,       53.1979484558
384.970856,       54.3107261658
385.344299,       49.6326065063
385.717682,       47.4634246826
386.091125,       46.6997337341
386.464447,       40.8914031982
386.837769,       38.7875709534
387.211029,       40.9229736328
387.584290,       41.8165321350
387.957489,       43.1007995605
388.330627,       40.7916793823
388.703766,       40.3903312683
389.076874,       40.0878105164
389.449921,       44.3720588684
389.822937,       45.1638641357
390.195923,       46.2564544678
390.568878,       46.4225959778
390.941772,       45.9037857056
391.314636,       45.1541824341
391.687500,       43.8933601379
392.060272,       42.7957153320
392.433075,       42.9753341675
392.805756,       39.3068122864
393.178436,       39.2955932617
393.551117,       41.9231796265
393.923737,       43.4514083862
394.296326,       44.4542922974
394.668854,       43.8716583252
395.041321,       42.5787925720
395.413849,       43.5862083435
395.786255,       43.6202964783
396.158630,       44.1938476563
396.531006,       43.1636047363
396.903320,       41.5418014526
397.275604,       41.7241668701
397.647827,       41.3240585327
398.020050,       44.6686553955
398.392212,       42.9472236633
398.764343,       42.1150588989
399.136444,       42.0350151062
399.508514,       42.2293624878
399.880554,       40.3310317993
400.252533,       41.1086921692
400.624512,       43.0804443359
400.996399,       44.5581855774
401.368286,       43.2194366455
401.740112,       41.5998916626
402.111908,       38.8349456787
402.483673,       37.5788002014
402.855408,       36.7822685242
403.227081,       35.3392982483
403.598755,       33.3237304688
403.970367,       32.2384490967
404.341980,       33.9104347229
404.713501,       34.0560264587
405.085022,       32.2375717163
405.456482,       31.4261379242
405.827911,       27.9344520569
406.199310,       27.2179241180
406.570648,       27.7028923035
406.942017,       26.7344512939
407.313263,       26.0971813202
407.684509,       26.9593505859
408.055725,       25.0950813293
408.426880,       23.8590545654
408.798035,       25.4088916779
409.169128,       25.5858745575
409.540161,       27.5913295746
409.911224,       28.2954654694
410.282196,       28.9058742523
410.653137,       28.9714088440
411.024048,       28.5663547516
411.394897,       30.8967914581
411.765747,       31.2284317017
412.136536,       29.9456157684
412.507324,       31.5945568085
412.878052,       30.9125175476
413.248718,       34.5333862305
413.619385,       33.7694549561
413.989990,       33.0953178406
414.360565,       34.2034263611
414.731110,       34.1895523071
415.101563,       34.3528366089
415.472076,       34.5090751648
415.842468,       33.5745468140
416.212891,       34.2833595276
416.583221,       32.3115043640
416.953522,       32.4153823853
417.323792,       30.3533611298
417.694031,       32.1526985168
418.064240,       32.4184379578
418.434418,       32.9360198975
418.804535,       34.8798942566
419.174622,       33.7706718445
419.544678,       32.7848739624
419.914673,       32.8518409729
420.284668,       31.2315979004
420.654572,       30.2490062714
421.024475,       26.7718467712
421.394348,       28.5876922607
421.764191,       29.1946525574
422.133972,       28.0562095642
422.503693,       29.7622680664
422.873444,       29.6830139160
423.243134,       29.3554725647
423.612762,       29.3384609222
423.982330,       27.2251014709
424.351929,       26.5489521027
424.721436,       25.5135059357
425.090942,       25.7748126984
425.460358,       24.5644130707
425.829773,       24.2548789978
426.199158,       22.9605312347
426.568481,       20.8757266998
426.937775,       20.5429382324
427.307037,       21.7465324402
427.676239,       21.1194953918
428.045441,       20.4949436188
428.414581,       20.4799442291
428.783722,       21.7510108948
429.152802,       19.5125350952
429.521790,       21.7807807922
429.890839,       21.8163337708
430.259766,       19.3020458221
430.628693,       20.7309608459
430.997589,       19.8475189209
431.366425,       19.7794208527
431.735229,       19.7169036865
432.104004,       19.5215415955
432.472748,       20.5059795380
432.841431,       19.9453086853
433.210052,       19.9119129181
433.578705,       18.9554386139
433.947266,       19.5889682770
434.315826,       18.9731445313
434.684326,       19.2299671173
435.052765,       18.4293022156
435.421204,       21.3700408936
435.789612,       21.1149635315
436.157959,       21.7724723816
436.526276,       20.2679519653
436.894531,       20.3464908600
437.262756,       17.0300655365
437.630951,       16.1651287079
437.999146,       16.1000976563
438.367249,       14.2112407684
438.735321,       14.1928653717
439.103394,       13.4349212646
439.471405,       13.4760246277
439.839386,       36.8572463989
440.207306,       36.5132026672
440.575195,       36.4124488831
440.943054,       35.4412879944
441.310883,       35.2651481628
441.678680,       35.0271415710
442.046387,       34.6781654358
442.414093,       34.0484962463
442.781799,       33.7035484314
443.149414,       31.8551006317
443.516998,       31.4973258972
443.884552,       30.6606330872
444.252045,       30.3793067932
444.619537,       29.7503089905
444.987000,       29.7328948975
445.354401,       30.0487194061
445.721710,       30.3795375824
446.089081,       30.5083103180
446.456360,       30.6101570129
446.823608,       30.7254314423
447.190826,       31.2011604309
447.557953,        9.2053508759
447.925110,        8.7727985382
448.292175,        8.1745328903
448.659271,        8.7259664536
449.026276,        8.6913166046
449.393250,        8.2816953659
449.760193,        8.5866661072
450.127075,        8.1580009460
450.493958,        8.2069902420
450.860779,        7.3523254395
451.227570,        7.5718798637
451.594330,        8.3524141312
451.960999,        8.4485931396
452.327698,        8.6474981308
452.694336,        8.4069728851
453.060913,        7.7269554138
453.427490,        7.2538194656
453.793976,        7.0283932686
454.160492,        6.7761101723
454.526917,        7.0927200317
454.893311,        6.4589557648
455.259674,        6.2132625580
455.626007,        6.2516341209
455.992310,        7.0048370361
456.358551,        6.6142535210
456.724731,        6.9892101288
457.090912,        7.2458400726
457.457031,        7.3512063026
457.823151,        7.6154932976
458.189209,        7.3473086357
458.555206,        7.6381535530
458.921173,        7.5601296425
459.287109,        7.0342822075
459.653015,        7.7674217224
460.018890,        7.6622328758
460.384705,        7.8566670418
460.750519,        7.6607508659
461.116241,        7.2826395035
461.481964,        7.1836829185
461.847626,        7.4689226151
462.213226,        7.2930154800
462.578827,        7.5835204124
462.944427,        7.3780841827
463.309906,        7.0303926468
463.675385,        6.4975790977
464.040802,        6.3831896782
464.406219,        6.0554137230
464.771606,        5.5330748558
465.136902,        5.4241628647
465.502197,        5.2304368019
465.867462,        5.2967362404
466.232635,        4.9875025749
466.597839,        4.7554836273
466.962921,        4.8217883110
467.328003,        4.3359780312
467.693054,        4.2856197357
468.058075,        4.2276849747
468.423035,        4.9102764130
468.787994,        5.0977263451
469.152863,        5.1839222908
469.517700,        4.7107410431
469.882538,        4.4468617439
470.247314,        3.8230512142
470.612061,        4.9039530754
470.976746,        4.8235750198
471.341431,        5.1784758568
471.706024,        5.3942809105
472.070618,        5.7194871902
472.435181,        5.5904517174
472.799622,        5.5205373764
473.164124,        5.6966352463
473.528534,        5.6503100395
473.892975,        5.7358345985
474.257294,        5.8842287064
474.621582,        5.6860122681
474.985870,        5.7695121765
475.350098,        6.2599840164
475.714325,        6.0670399666
476.078461,        5.8344068527
476.442535,        5.7070345879
476.806641,        5.5917239189
477.170685,        5.6530895233
477.534668,        5.5607638359
477.898621,        5.7121877670
478.262512,        4.9916787148
478.626404,        5.4731016159
478.990265,        5.2330813408
479.354065,        5.0212240219
479.717834,        4.5745468140
480.081512,        4.6405596733
480.445221,        4.5879640579
480.808899,        4.4952588081
481.172485,        4.4758987427
481.536041,        4.2690706253
481.899567,        4.5099577904
482.263062,        4.3309574127
482.626526,        4.4018731117
482.989929,        4.0677809715
483.353271,        4.0629277229
483.716583,        3.7944369316
484.079895,        3.6345698833
484.443146,        3.6231000423
484.806366,        3.6595861912
485.169525,        3.7225565910
485.532654,        3.5835936069
485.895752,        3.4320425987
486.258820,        3.2401223183
486.621857,        3.4530568123
486.984802,        3.4739751816
487.347748,        3.6316804886
487.710663,        3.5249114037
488.073517,        3.4147593975
488.436340,        3.4618735313
488.799072,        3.4323647022
489.161835,        3.4093234539
489.524536,        3.0152387619
489.887238,        3.0970594883
490.249847,        2.9721333981
490.612396,        2.8559544086
490.974915,        2.8631324768
491.337433,        2.9188177586
491.699921,        3.1037762165
492.062347,        3.2695181370
492.424713,        3.2056972980
492.787079,        3.1342566013
493.149353,        3.8583066463
493.511658,        3.8041791916
493.873871,        3.6894845963
494.236053,        3.4993152618
494.598206,        3.5948913097
494.960297,        3.6850380898
495.322388,        3.6657526493
495.684418,        3.7044055462
496.046356,        3.5098745823
496.408325,        3.5362012386
496.770264,        3.5712084770
497.132141,        3.7285215855
497.493958,        3.7346460819
497.855713,        3.6734507084
498.217499,        3.6542255878
498.579193,        3.6685352325
498.940887,        3.6866114140
499.302490,        3.6223087311
499.664093,        3.5008926392
500.025635,        3.4720687866
500.387177,        3.4540708065
500.748627,        2.7373087406
501.110077,        3.0072147846
501.471436,        2.9834790230
501.832825,        2.9681243896
502.194153,        2.9113550186
502.555389,        2.8119671345
502.916626,        2.9510202408
503.277802,        2.9948816299
503.638977,        3.1697247028
504.000092,        3.2588317394
504.361176,        3.2797298431
504.722198,        3.1879956722
505.083160,        3.1965963840
505.444153,        3.1690933704
505.805084,        3.2051134109
506.165924,        3.2392759323
506.526764,        3.2926301956
506.887543,        3.7315711975
507.248322,        3.8279128075
507.609070,        3.8908090591
507.969727,        3.9363286495
508.330322,        4.0371375084
508.690918,        3.9111316204
509.051514,        3.9882085323
509.412018,        4.0462679863
509.772491,        4.0882101059
510.132904,        4.3081188202
510.493286,        4.4622602463
510.853699,        4.5567913055
511.213989,        4.5377011299
511.574280,        4.5235939026
511.934509,        4.5726785660
512.294678,        4.6848850250
512.654846,        4.7062397003
513.014954,        4.8237228394
513.375061,        4.9963116646
513.735046,        5.1017184258
514.095032,        5.0877933502
514.455078,        4.8781762123
514.814941,        4.7772130966
515.174805,        4.7531838417
515.534607,        4.8231301308
515.894409,        4.8990235329
516.254211,        4.8834486008
516.613892,        4.9528226852
516.973572,        5.0608539581
517.333130,        5.1429328918
517.692749,        4.9666686058
518.052368,        4.8365602493
518.411865,        4.8144283295
518.771301,        4.8314223289
519.130737,        4.8521990776
519.490173,        4.9891114235
519.849548,        5.0494866371
520.208801,        5.1216559410
520.568054,        5.2171053886
520.927307,        5.1651716232
521.286499,        5.1708931923
521.645691,        5.2961692810
522.004822,        5.3597393036
522.363831,        5.4512338638
522.722839,        5.5265707970
523.081848,        5.5360069275
523.440796,        5.6103291512
523.799744,        5.6940054893
524.158569,        5.6631546021
524.517395,        5.6185226440
524.876160,        5.6239662170
525.234924,        5.7014951706
525.593628,        5.7286829948
525.952271,        5.9894766808
526.310913,        6.0921735764
526.669495,        6.1336665154
527.028076,        6.1287307739
527.386536,        6.2630596161
527.744995,        6.3289113045
528.103394,        6.3516259193
528.461792,        6.4568982124
528.820129,        6.5852956772
529.178406,        6.6127719879
529.536743,        6.6057310104
529.894958,        6.6670494080
530.253113,        6.7788043022
530.611267,        7.0487537384
530.969299,        7.1343860626
531.327393,        7.2742643356
531.685486,        7.3751754761
532.043335,        7.4284715652
532.401367,        7.4530177116
532.759216,        7.4897060394
533.117004,        7.6106495857
533.474915,        7.4445018768
533.832642,        7.5097484589
534.190430,        7.5591673851
534.548096,        7.6233758926
534.905762,        7.5776615143
535.263367,        7.6965279579
535.620850,        7.7207555771
535.978455,        7.6768646240
536.335876,        7.6165289879
536.693359,        7.6262722015
537.050781,        7.6468253136
537.408142,        7.7316122055
537.765442,        7.6919479370
538.122681,        7.5624756813
538.479919,        7.5658760071
538.837219,        7.5231051445
539.194336,        7.5345048904
539.551453,        7.6934018135
539.908508,        7.8886108398
540.265564,        7.9073824883
540.622559,        7.8824849129
540.979553,        7.9053378105
541.336426,        7.8862299919
541.693298,        7.9357213974
542.050110,        7.9974660873
542.406921,        8.0587024689
542.763672,        8.0730276108
543.120422,        8.1135253906
543.477051,        8.1814098358
543.833679,        8.2386989594
544.190308,        8.2692356110
544.546814,        8.2973976135
544.903381,        8.3133850098
545.259827,        8.3416767120
545.616211,        8.3506669998
545.972595,        8.2931804657
546.328979,        8.3093671799
546.685242,        8.3213901520
547.041504,        8.2659368515
547.397644,        8.1322708130
547.753906,        8.1855154037
548.110046,        8.2195672989
548.466125,        8.2753763199
548.822144,        8.2999343872
549.178223,        8.3296108246
549.534241,        8.3702602386
549.890137,        8.3311815262
550.246033,        8.3261947632
550.601868,        8.3592672348
550.957581,        8.3899545670
551.313416,        8.5473461151
551.669128,        8.6035156250
552.024841,        8.6358022690
552.380432,        8.5624847412
552.736023,        8.6004943848
553.091675,        8.7311983109
553.447144,        8.7829160690
553.802612,        8.7917795181
554.158020,        8.8729104996
554.513428,        8.8224935532
554.868774,        8.8320789337
555.224121,        8.9702091217
555.579346,        8.9864921570
555.934631,        8.9730148315
556.289734,        8.9700317383
556.644958,        9.0127515793
557.000000,        8.9978475571
557.355103,        8.9970083237
557.710083,        8.9684305191
558.065063,        8.9261007309
558.420105,        8.9131364822
558.774963,        8.7906885147
559.129822,        8.8045959473
559.484619,        8.7869977951
559.839355,        8.8392515182
560.194153,        8.8101196289
560.548828,        8.7418098450
560.903442,        8.7064342499
561.258057,        8.7634286880
561.612610,        8.7180404663
561.967224,        8.7535877228
562.321655,        8.7446193695
562.676086,        8.5628156662
563.030457,        8.5410337448
563.384827,        8.5479049683
563.739197,        8.5554161072
564.093445,        8.4826250076
564.447693,        8.4228801727
564.801880,        8.4023075104
565.156006,        8.3859882355
565.510132,        8.3901529312
565.864197,        8.4063749313
566.218262,        8.3588590622
566.572205,        8.2562513351
566.926086,        8.2304630280
567.280090,        8.1884040833
567.633972,        8.1680250168
567.987732,        8.1022386551
568.341553,        8.0732231140
568.695190,        7.9943284988
569.048950,        7.9522395134
569.402649,        7.9068460464
569.756165,        7.9074606895
570.109802,        7.9135127068
570.463257,        7.8950972557
570.816772,        7.8383674622
571.170227,        7.7642230988
571.523621,        7.7346911430
571.877014,        7.6781959534
572.230286,        7.6610312462
572.583557,        7.6554841995
572.936829,        7.6860547066
573.289978,        7.6649026871
573.643250,        7.6819291115
573.996216,        7.7051320076
574.349365,        7.6547532082
574.702393,        7.6706433296
575.055359,        7.6460404396
575.408325,        7.6285443306
575.761169,        7.6396121979
576.114075,        7.6236920357
576.466919,        7.5736989975
576.819641,        7.5672135353
577.172363,        7.5056643486
577.525085,        7.5493178368
577.877686,        7.5680351257
578.230286,        7.5611486435
578.582825,        7.5548276901
578.935425,        7.5250296593
579.287903,        7.5237197876
579.640320,        7.5119986534
579.992676,        7.4431476593
580.345093,        7.3533272743
580.697388,        7.3047900200
581.049683,        7.2416434288
581.401855,        7.1741065979
581.754089,        7.3057570457
582.106201,        7.3226714134
582.458313,        7.3631753922
582.810425,        7.3539299965
583.162354,        7.2965636253
583.514404,        7.3198280334
583.866272,        7.3058071136
584.218201,        7.2709598541
584.570068,        7.3303551674
584.921875,        7.2707996368
585.273560,        7.2417407036
585.625305,        7.2962799072
585.977051,        7.2726197243
586.328674,        7.4182639122
586.680237,        7.4031896591
587.031799,        7.4121475220
587.383301,        7.4413628578
587.734802,        7.4604377747
588.086243,        7.4776878357
588.437561,        7.4918189049
588.788940,        7.5306949615
589.140198,        7.3869428635
589.491516,        7.2976512909
589.842712,        7.2735004425
590.193848,        7.2995481491
590.544983,        7.3240876198
590.896057,        7.3262004852
591.247192,        7.3608279228
591.598145,        7.3496022224
591.949158,        7.2723217010
592.300049,        7.2608752251
592.650879,        7.2285509109
593.001770,        7.1477837563
593.352539,        7.1920619011
593.703308,        7.1057424545
594.054016,        7.1261444092
594.404663,        7.1180753708
594.755310,        7.1760764122
595.105896,        7.1416044235
595.456360,        7.1193165779
595.806885,        7.0881166458
596.157349,        7.1390600204
596.507751,        7.2184362411
596.858154,        7.2341709137
597.208435,        7.2285161018
597.558777,        7.2392992973
597.908997,        7.2274327278
598.259216,        7.1436419487
598.609314,        7.1377658844
598.959473,        7.2405591011
599.309570,        7.2860174179
599.659546,        7.3186411858
600.009583,        7.3602929115
600.359497,        7.4061727524
600.709412,        7.3602123260
601.059265,        7.3084421158
601.409058,        7.3886981010
601.758850,        7.3794350624
602.108521,        7.2921977043
602.458191,        7.3254494667
602.807922,        7.2966375351
603.157471,        7.3102807999
603.507080,        7.2326979637
603.856567,        7.1981725693
604.205994,        7.2019281387
604.555542,        7.1640653610
604.904846,        7.1055955887
605.254211,        7.1254477501
605.603516,        7.3367543221
605.952759,        7.3723831177
606.302063,        7.2991752625
606.651123,        7.2830758095
607.000305,        7.2657608986
607.349365,        7.2193136215
607.698425,        7.1664733887
608.047485,        7.1813573837
608.396362,        7.1654653549
608.745300,        7.0476031303
609.094177,        7.0100874901
609.442993,        7.0123367310
609.791809,        6.9636793137
610.140503,        6.9697566032
610.489258,        6.9301910400
610.837891,        6.9453501701
611.186523,        6.8955645561
611.535156,        6.8650484085
611.883606,        6.8756008148
612.232178,        6.9200820923
612.580566,        6.9201960564
612.928955,        6.7432260513
613.277344,        6.6705360413
613.625610,        6.6569900513
613.973938,        6.6379599571
614.322144,        6.6421337128
614.670288,        6.6499867439
615.018555,        6.6646575928
615.366516,        6.6233038902
615.714661,        6.5780639648
616.062622,        6.6219305992
616.410645,        6.6183447838
616.758606,        6.6299982071
617.106445,        6.6152267456
617.454285,        6.5984477997
617.802063,        6.6335382462
618.149841,        6.6148781776
618.497559,        6.6061148643
618.845215,        6.6324634552
619.192871,        6.6393852234
619.540466,        6.5782256126
619.888000,        6.5143575668
620.235535,        6.4852147102
620.582886,        6.4825353622
620.930359,        6.4604415894
621.277710,        6.4273996353
621.625061,        6.3659334183
621.972351,        6.3079156876
622.319519,        6.2780747414
622.666809,        6.2873587608
623.013916,        6.3008232117
623.361023,        6.2746658325
623.708130,        6.2957229614
624.055054,        6.2874107361
624.402100,        6.2768383026
624.749023,        6.3133249283
625.095947,        6.3208141327
625.442810,        6.3173518181
625.789551,        6.3081989288
626.136353,        6.2779026031
626.483032,        6.2812404633
626.829712,        6.3322372437
627.176392,        6.3714132309
627.522949,        6.3793911934
627.869507,        6.3735961914
628.216003,        6.3594708443
628.562500,        6.3657817841
628.908936,        6.3843860626
629.255310,        6.3906168938
629.601624,        6.4072461128
629.947876,        6.4117932320
630.294067,        6.5009670258
630.640320,        6.4563832283
630.986511,        6.4248137474
631.332642,        6.3959450722
631.678650,        6.4098105431
632.024658,        6.3527927399
632.370728,        6.3457965851
632.716614,        6.3162646294
633.062500,        6.3048372269
633.408325,        6.3149185181
633.754089,        6.3814997673
634.099915,        6.3320527077
634.445679,        6.3234472275
634.791321,        6.3355422020
635.136963,        6.3885593414
635.482483,        6.3714690208
635.828125,        6.3584423065
636.173584,        6.3078513145
636.519043,        6.3315262794
636.864502,        6.2997727394
637.209778,        6.2866344452
637.555237,        6.1576528549
637.900452,        6.1437988281
638.245728,        6.1218514442
638.590881,        6.0831604004
638.935974,        6.0301218033
639.281189,        5.9995999336
639.626221,        6.0060439110
639.971191,        6.0006866455
640.316223,        5.9855308533
640.661072,        5.9439101219
641.006042,        5.8189654350
641.350891,        5.7727456093
641.695679,        5.7185635567
642.040466,        5.6402549744
642.385071,        5.5122070313
642.729858,        5.4865651131
643.074463,        5.4322338104
643.419067,        5.4163084030
643.763611,        5.3745007515
644.108032,        5.3362751007
644.452515,        5.2699427605
644.796936,        5.2401342392
645.141296,        5.2337927818
645.485657,        5.2213544846
645.829834,        5.1708950996
646.174133,        5.1209406853
646.518311,        5.0845913887
646.862427,        5.0002980232
647.206604,        4.9094309807
647.550598,        4.8751225471
647.894653,        4.8292932510
648.238647,        4.7817630768
648.582458,        4.7563543320
648.926453,        4.7303767204
649.270203,        4.6971893311
649.614075,        4.6618776321
649.957764,        4.6485242844
650.301453,        4.6157169342
650.645142,        4.6003761292
650.988708,        4.5758137703
651.332336,        4.5310273170
651.675842,        4.5128593445
652.019348,        4.4941096306
652.362854,        4.4448232651
652.706177,        4.3558797836
653.049561,        4.3596463203
653.392883,        4.3559708595
653.736084,        4.3358058929
654.079346,        4.3216490746
654.422424,        4.3136429787
654.765625,        4.2840862274
655.108765,        4.2600264549
655.451721,        4.2099733353
655.794800,        4.1522254944
656.137695,        4.1024351120
656.480591,        4.0916275978
656.823486,        4.0629711151
657.166260,        3.9875280857
657.509094,        3.9622545242
657.851807,        3.9159934521
658.194519,        3.8385457993
658.537109,        3.8989257813
658.879761,        3.8671665192
659.222351,        3.8574960232
659.564758,        3.8116965294
659.907349,        3.7817549706
660.249695,        3.7403225899
660.592041,        3.7225275040
660.934448,        3.7004153728
661.276672,        3.6237206459
661.619019,        3.5767517090
661.961182,        3.5112671852
662.303284,        3.4686717987
662.645508,        3.4275398254
662.987427,        3.3969712257
663.329529,        3.3560440540
663.671448,        3.3011415005
664.013428,        3.2684001923
664.355347,        3.2428793907
664.697205,        3.2792210579
665.039001,        3.2419602871
665.380676,        3.2259631157
665.722412,        3.1292910576
666.064148,        3.0800757408
666.405701,        3.0071945190
666.747253,        2.9602475166
667.088806,        2.9348459244
667.430298,        2.8845841885
667.771790,        2.8341753483
668.113159,        2.7718338966
668.454529,        2.7525107861
668.795837,        2.7298386097
669.137085,        2.7183792591
669.478394,        2.6700668335
669.819519,        2.6745071411
670.160645,        2.6513125896
670.501709,        2.6111876965
670.842773,        2.5714912415
671.183777,        2.5693593025
671.524719,        2.5285093784
671.865662,        2.4333870411
672.206482,        2.4008197784
672.547302,        2.3558104038
672.888123,        2.3302068710
673.228821,        2.3276758194
673.569458,        2.3201284409
673.910095,        2.3025708199
674.250732,        2.3024396896
674.591370,        2.3019807339
674.931824,        2.2629804611
675.272217,        2.2401707172
675.612732,        2.2050831318
675.953003,        2.1999120712
676.293396,        2.1676664352
676.633667,        2.1648774147
676.973877,        2.1395411491
677.314148,        2.1369073391
677.654236,        2.1397900581
677.994385,        2.1516785622
678.334412,        2.1274383068
678.674438,        2.1497905254
679.014404,        2.1731736660
679.354309,        2.1989786625
679.694214,        2.1898291111
680.034058,        2.2004234791
680.373840,        2.2056405544
680.713623,        2.2310433388
681.053223,        2.2634010315
681.392944,        2.3766903877
681.732544,        3.0270788670
682.072083,        5.3241548538
682.411621,        5.4150457382
682.751038,        5.4868345261
683.090515,        5.5179305077
683.429871,        5.5645098686
683.769226,        5.6674795151
684.108582,        5.7580814362
684.447754,        5.8092756271
684.786987,        5.8961095810
685.126160,        5.9521188736
685.465210,        6.0367512703
685.804382,        6.1459417343
686.143311,        6.2461657524
686.482361,        6.3533120155
686.821289,        6.5349907875
687.160156,        6.6313214302
687.499023,        6.7498116493
687.837769,        6.9741024971
688.176514,        7.1230368614
688.515259,        7.2022318840
688.853882,        6.7890124321
689.192566,        4.7049651146
689.531067,        4.8427309990
689.869629,        5.0394949913
690.208130,        5.2530212402
690.546570,        5.5009031296
690.885010,        5.6694483757
691.223267,        5.8988399506
691.561584,        6.1439242363
691.899841,        6.4418540001
692.238037,        6.7166013718
692.576294,        6.9956550598
692.914307,        7.2815375328
693.252380,        7.5437808037
693.590454,        7.7991156578
693.928406,        8.0361223221
694.266357,        8.3380203247
694.604187,        8.6681222916
694.942078,        8.8851366043
695.279907,        9.1742849350
695.617615,        9.5148553848
695.955444,        9.7882728577
696.292969,       10.1123390198
696.630676,       10.4398984909
696.968201,       10.7483539581
697.305725,       11.1417274475
697.643250,       11.4426298141
697.980652,       11.7895193100
698.318054,       12.0831880569
698.655396,       12.4188985825
698.992676,       12.6483116150
699.330017,       12.9906339645
699.667175,       13.2682409286
700.004395,       13.5657396317
700.341492,       13.8461608887
700.678528,       14.1876993179
701.015564,       14.5321502686
701.352478,       14.8295001984
701.689514,       15.1159572601
702.026428,       15.4189243317
702.363220,       15.7388057709
702.700073,       15.9697399139
703.036804,       16.2701435089
703.373474,       16.5862598419
703.710144,       16.9190387726
704.046814,       17.1717910767
704.383362,       17.3776168823
704.719910,       17.6750850677
705.056335,       17.9209403992
705.392761,       18.2207145691
705.729187,       18.4615440369
706.065552,       18.7411193848
706.401855,       18.9772357941
706.738098,       19.3226699829
707.074280,       19.5788478851
707.410461,       19.8749618530
707.746643,       20.1163005829
708.082642,       20.3355884552
708.418701,       20.5776042938
708.754639,       20.8332901001
709.090576,       21.0533657074
709.426514,       21.2924785614
709.762329,       21.5971374512
710.098083,       21.8484821320
710.433838,       22.0788288116
710.769592,       22.3354072571
711.105286,       22.5855751038
711.440796,       22.8288249969
711.776367,       23.0626487732
712.112000,       23.2674026489
712.447388,       23.4553527832
712.782837,       23.7539367676
713.118225,       24.0093212128
713.453552,       24.2358169556
713.788818,       24.3976440430
714.124023,       24.6105918884
714.459290,       24.8468132019
714.794434,       25.0386505127
715.129517,       25.2983684540
715.464661,       25.5402126312
715.799622,       25.7054386139
716.134583,       25.9400787354
716.469482,       26.1852149963
716.804321,       26.3820133209
717.139221,       26.5930480957
717.473938,       26.7864074707
717.808777,       26.9438915253
718.143433,       27.1613903046
718.478088,       27.4044666290
718.812683,       27.5544071198
719.147217,       27.7963409424
719.481750,       28.0049152374
719.816223,       28.1845951080
720.150574,       28.4309597015
720.485046,       28.6121959686
720.819214,       28.8311595917
721.153564,       29.0610160828
721.487854,       29.2461490631
721.821960,       29.4630699158
722.156189,       29.7831707001
722.490234,       30.0040283203
722.824341,       30.2037410736
723.158264,       30.4706993103
723.492249,       30.6521320343
723.826172,       30.8112716675
724.159973,       31.0216789246
724.493835,       31.2091922760
724.827576,       31.3885726929
725.161316,       31.6122379303
725.494995,       31.7531414032
725.828613,       31.9572219849
726.162231,       32.1280403137
726.495728,       32.3704757690
726.829163,       32.5009384155
727.162720,       32.6436691284
727.496033,       32.8462715149
727.829468,       33.0118484497
728.162720,       33.1323623657
728.496033,       33.2992744446
728.829224,       33.4574127197
729.162354,       33.5005264282
729.495483,       33.6267967224
729.828552,       33.8211822510
730.161560,       33.9438819885
730.494629,       34.0696945190
730.827454,       34.2202949524
731.160400,       34.3644523621
731.493225,       34.5867500305
731.825989,       34.7559700012
732.158813,       34.8947334290
732.491455,       35.0418968201
732.824158,       35.2144012451
733.156799,       35.3926048279
733.489319,       35.4948272705
733.821899,       35.6600036621
734.154236,       35.7707176208
734.486755,       35.9127655029
734.819092,       36.0162658691
735.151428,       36.1352539063
735.483765,       36.2583160400
735.815857,       36.3319320679
736.148132,       36.3926162720
736.480286,       36.5207595825
736.812378,       36.6184425354
737.144470,       36.6970672607
737.476379,       36.8095283508
737.808411,       36.8971900940
738.140259,       37.0159721375
738.472168,       37.0416908264
738.804016,       37.1180953979
739.135742,       37.1717567444
739.467468,       37.3177223206
739.799133,       37.4366760254
740.130798,       37.4896240234
740.462402,       37.6416893005
740.793884,       37.7923393250
741.125366,       37.8963546753
741.456848,       37.9425125122
741.788208,       38.0770339966
742.119568,       38.1560325623
742.450928,       38.2319107056
742.782166,       38.3629493713
743.113281,       38.5159835815
743.444458,       38.6328849792
743.775635,       38.7175483704
744.106689,       38.7704315186
744.437683,       38.8427467346
744.768677,       38.9704513550
745.099609,       38.9496917725
745.430481,       39.0621795654
745.761353,       39.1495780945
746.092102,       39.2397575378
746.422852,       39.2686805725
746.753479,       39.2958946228
747.084229,       39.3226432800
747.414795,       39.2696685791
747.745300,       39.3333320618
748.075806,       39.3660392761
748.406311,       39.4321365356
748.736694,       39.4581184387
749.067078,       39.4895133972
749.397400,       39.5703887939
749.727722,       39.6181602478
750.057861,       39.6418800354
750.388062,       39.6629180908
750.718201,       39.6777496338
751.048279,       39.7387657166
751.378357,       39.7667388916
751.708252,       39.7643585205
752.038208,       39.9100341797
752.368164,       39.9148788452
752.697937,       39.8582267761
753.027832,       39.8362083435
753.357483,       39.9007225037
753.687256,       39.9422149658
754.016907,       40.0907478333
754.346497,       40.1864929199
754.676147,       40.1024017334
755.005493,       40.1114311218
755.335083,       40.1345710754
755.664490,       40.1527862549
755.993835,       40.1880836487
756.323181,       40.1872253418
756.652405,       40.1711959839
756.981689,       40.1180000305
757.310852,       40.1257209778
757.640015,       40.1745223999
757.969177,       40.1623535156
758.298096,       40.1611785889
758.627197,       40.2039108276
758.956116,       40.0864677429
759.284973,       40.0630950928
759.613892,       40.0966415405
759.942627,       40.1165161133
760.271423,       40.0960197449
760.600159,       40.0838775635
760.928772,       40.0480728149
761.257446,       40.0160369873
761.585999,       40.0435676575
761.914490,       40.0917968750
762.242981,       40.1053085327
762.571350,       40.1156730652
762.899841,       40.1097908020
763.228088,       40.1035842896
763.556396,       40.1009902954
763.884644,       40.1404991150
764.212830,       40.1734504700
764.541016,       40.1602172852
764.869080,       40.1860046387
765.197144,       40.2251548767
765.525146,       40.2004623413
765.853088,       40.3073425293
766.181030,       40.3482322693
766.508789,       40.3612480164
766.836670,       40.3841667175
767.164429,       40.4193267822
767.492126,       40.3868865967
767.819824,       40.3046188354
768.147400,       40.3088150024
768.475037,       40.3083038330
768.802490,       40.3554039001
769.130005,       40.3776283264
769.457458,       40.3699417114
769.784790,       40.4377250671
770.112183,       40.4414100647
770.439453,       40.4833297729
770.766663,       40.5533981323
771.093872,       40.5485610962
771.420959,       40.5831680298
771.748108,       40.5296134949
772.075195,       40.5476379395
772.402161,       40.5769653320
772.729126,       40.5240173340
773.055969,       40.4749641418
773.382874,       40.5058937073
773.709717,       40.4528198242
774.036438,       40.3657455444
774.363159,       40.4031295776
774.689758,       40.4605484009
775.016479,       40.4863319397
775.343018,       40.5143585205
775.669495,       40.4445838928
775.996033,       40.4144783020
776.322449,       40.4358673096
776.648865,       40.4027786255
776.975098,       40.4430427551
777.301453,       40.4435920715
777.627686,       40.4107780457
777.953857,       40.4278831482
778.280029,       40.3510284424
778.606079,       40.4872322083
778.932068,       40.4147529602
779.258179,       40.3788414001
779.584045,       40.3895416260
779.909973,       40.4265747070
780.235840,       40.4377174377
780.561646,       40.5156478882
780.887390,       40.5099258423
781.213135,       40.4657173157
781.538757,       40.4096870422
781.864380,       40.3802108765
782.189880,       40.4106216431
782.515442,       40.4027023315
782.840942,       40.4278831482
783.166321,       40.4195480347
783.491699,       40.4561500549
783.817017,       40.3967361450
784.142395,       40.4252510071
784.467529,       40.3753471375
784.792725,       40.3351593018
785.117859,       40.3678779602
785.442932,       40.2669487000
785.768005,       40.3329772949
786.092957,       40.2929801941
786.417908,       40.2905349731
786.742798,       40.2764663696
787.067566,       40.2467269897
787.392456,       40.2141151428
787.717163,       40.2940826416
788.041870,       40.3488426208
788.366577,       40.3683319092
788.691101,       40.3214607239
789.015686,       40.4142532349
789.340149,       40.4407920837
789.664673,       40.4769706726
789.989075,       40.4673194885
790.313354,       40.6110343933
790.637756,       40.6652259827
790.962036,       40.6592559814
791.286194,       40.6834335327
791.610413,       40.6344184875
791.934448,       40.6882896423
792.258606,       40.7185401917
792.582581,       40.7515220642
792.906555,       40.8254699707
793.230530,       40.7700004578
793.554321,       40.7980842590
793.878174,       40.8342857361
794.201965,       40.8554687500
794.525696,       40.8167533875
794.849426,       40.8199768066
795.172974,       40.8790168762
795.496643,       41.0227890015
795.820129,       40.9572525024
796.143616,       40.9217147827
796.467102,       40.9043807983
796.790405,       40.9391632080
797.113831,       40.7697715759
797.437134,       40.7439994812
797.760315,       40.7216567993
798.083618,       40.6942100525
798.406677,       40.8155822754
798.729797,       40.8769721985
799.052856,       40.8642692566
799.375854,       40.8485488892
799.698853,       40.8648414612
800.021729,       40.9664726257
800.344604,       40.9848556519
800.667358,       41.0300598145
800.990112,       41.0116119385
801.312866,       41.0569953918
801.635498,       41.0528373718
801.958191,       41.0435066223
802.280701,       40.9687767029
802.603210,       40.9267234802
802.925781,       40.9297790527
803.248108,       40.9290580750
803.570496,       40.8979148865
803.892822,       40.9494476318
804.215088,       40.9863891602
804.537354,       40.9620208740
804.859436,       40.9569320679
805.181641,       40.8176498413
805.503723,       40.7336578369
805.825745,       40.7514839172
806.147766,       40.7385406494
806.469604,       40.7307167053
806.791504,       40.7584800720
807.113342,       40.7755851746
807.435181,       40.7319107056
807.756897,       40.7836494446
808.078552,       40.7426872253
808.400208,       40.8088417053
808.721802,       40.8455924988
809.043335,       40.8489913940
809.364929,       40.8785743713
809.686279,       40.8689727783
810.007751,       40.8730049133
810.329041,       40.8274955750
810.650330,       40.8169822693
810.971619,       40.7636070251
811.292786,       40.7764205933
811.613953,       40.7971572876
811.935059,       40.8474731445
812.256104,       40.8346557617
812.577148,       40.8422164917
812.898071,       40.8625373840
813.218994,       40.8174858093
813.539795,       40.7487945557
813.860596,       40.7675933838
814.181396,       40.7004165649
814.502136,       40.6709060669
814.822754,       40.7263870239
815.143372,       40.6185417175
815.463928,       40.5775680542
815.784485,       40.5845832825
816.104919,       40.5229644775
816.425354,       40.5571289063
816.745728,       40.5593490601
817.065979,       40.5676231384
817.386353,       40.4926986694
817.706421,       40.5074577332
818.026733,       40.5278739929
818.346863,       40.5476684570
818.666809,       40.6125144958
818.986938,       40.6260261536
819.306824,       40.5752677917
819.626770,       40.5886116028
819.946716,       40.5958175659
820.266479,       40.6665878296
820.586304,       40.5808258057
820.905945,       40.6437034607
821.225647,       40.6209793091
821.545349,       40.6135253906
821.864868,       40.6686553955
822.184448,       40.7776756287
822.503845,       40.8251495361
822.823364,       40.8601951599
823.142761,       40.8733177185
823.462036,       40.8801498413
823.781372,       40.8899192810
824.100525,       40.9258460999
824.419800,       41.3258628845
824.738953,       41.3240356445
825.057922,       41.3320045471
825.377014,       41.2727394104
825.695984,       41.3299255371
826.014954,       41.3741493225
826.333862,       41.3520126343
826.652649,       41.4141540527
826.971497,       41.3701515198
827.290100,       41.4449501038
827.608887,       41.5125732422
827.927612,       41.5725250244
828.246094,       41.5128250122
828.564697,       41.4809494019
828.883118,       41.4131965637
829.201599,       41.3364105225
829.520020,       41.3372001648
829.838318,       41.3144454956
830.156616,       41.2242431641
830.474854,       41.2434234619
830.793091,       41.2838325500
831.111267,       40.8602104187
831.429260,       40.8520507813
831.747437,       40.8513717651
832.065308,       40.8721504211
832.383362,       40.9344711304
832.701233,       40.9950065613
833.019043,       40.9639625549
833.336914,       40.9312896729
833.654663,       40.9647712708
833.972351,       40.9323081970
834.289978,       40.9442634583
834.607483,       41.0045585632
834.925171,       41.0152359009
835.242676,       40.9934310913
835.560059,       40.9933242798
835.877502,       40.9679679871
836.194763,       40.9565773010
836.512146,       40.9636306763
836.829468,       41.0926704407
837.146545,       41.1560745239
837.463745,       41.1125526428
837.780823,       41.1376495361
838.097900,       41.1518669128
838.414917,       41.2064056396
838.731873,       41.1903190613
839.048828,       41.1048851013
839.365540,       41.0556449890
839.682434,       41.0512008667
839.999207,       41.1100463867
840.315857,       41.0888404846
840.632568,       41.0561027527
840.949097,       40.9710655212
841.265747,       40.8178825378
841.582275,       40.9052963257
841.898682,       41.0013084412
842.215088,       40.9668731689
842.531433,       40.9889221191
842.847778,       41.0018653870
843.164063,       41.0126380920
843.480164,       40.9714088440
843.796387,       40.9064216614
844.112427,       40.8757133484
844.428528,       40.8858528137
844.744568,       40.8858718872
845.060486,       40.9612045288
845.376404,       40.9570350647
845.692200,       40.9371032715
846.008057,       40.9166946411
846.323853,       40.9737930298
846.639465,       40.9317092896
846.955139,       40.9044456482
847.270691,       40.9110946655
847.586304,       40.9237480164
847.901855,       40.9659309387
848.217224,       40.8495063782
848.532715,       40.8248481750
848.847961,       41.0124282837
849.163330,       40.9822540283
849.478638,       40.9409103394
849.793823,       40.9508781433
850.108948,       40.9219474792
850.424011,       41.0025024414
850.739136,       41.0723953247
851.054199,       41.0022659302
851.369019,       40.9642944336
851.684021,       40.8842926025
851.998779,       40.9834251404
852.313660,       40.9702377319
852.628418,       41.0267715454
852.943054,       41.0725631714
853.257751,       41.0771827698
853.572327,       41.1348152161
853.886841,       41.0903434753
854.201477,       41.1537513733
854.515808,       41.2201499939
854.830261,       41.2251319885
855.144592,       41.2256813049
855.458862,       41.0395545959
855.773193,       41.0895042419
856.087280,       41.1270751953
856.401489,       41.0753440857
856.715515,       41.1785850525
857.029602,       41.1690635681
857.343628,       41.0994453430
857.657532,       41.0980834961
857.971497,       41.1168441772
858.285278,       41.0444869995
858.599121,       40.9549598694
858.912903,       40.9795379639
859.226501,       40.9501152039
859.540222,       40.8990669250
859.853699,       40.9093208313
860.167297,       40.8627777100
860.480896,       40.9607543945
860.794250,       41.0022964478
861.107666,       41.0198707581
861.420959,       41.0892944336
861.734314,       41.0780868530
862.047546,       41.0828094482
862.360657,       41.1290779114
862.673889,       41.1696166992
862.986938,       41.2674064636
863.299988,       41.2266769409
863.613037,       41.2515678406
863.925903,       41.3294754028
864.238831,       41.5704269409
864.551575,       41.5229034424
864.864380,       41.5388946533
865.177185,       41.5561714172
865.489807,       41.5858383179
865.802490,       41.5703163147
866.114990,       41.5596542358
866.427612,       41.7268943787
866.740112,       41.7651557922
867.052429,       41.7332763672
867.364868,       41.5966758728
867.677124,       41.5750389099
867.989502,       41.6350364685
868.301758,       41.6916122437
868.613831,       41.7428474426
868.926025,       41.7051925659
869.238159,       41.6658210754
869.550049,       41.5940551758
869.862122,       41.5921974182
870.173950,       41.5594291687
870.485901,       41.5401115417
870.797791,       41.3541641235
871.109497,       41.4652023315
871.421204,       41.4774436951
871.732849,       41.5118713379
872.044495,       41.5765113831
872.356079,       41.5638351440
872.667542,       41.5629158020
872.979065,       41.4006652832
873.290344,       41.3986244202
873.601807,       41.4272346497
873.913147,       41.4704208374
874.224304,       41.4541244507
874.535645,       41.3631095886
874.846741,       41.3216667175
875.157837,       41.3071556091
875.468994,       41.3620414734
875.779907,       41.4009284973
876.090881,       41.4198760986
876.401733,       41.3358116150
876.712646,       41.3246498108
877.023499,       41.3106842041
877.334167,       41.3932762146
877.644897,       41.3783950806
877.955505,       41.3639030457
878.266113,       41.2938804626
878.576721,       41.2258224487
878.887146,       41.3286170959
879.197571,       41.3540573120
879.507996,       41.4215431213
879.818298,       41.4301033020
880.128662,       41.6208419800
880.438843,       41.6168289185
880.749084,       41.7296867371
881.059143,       42.1239242554
881.369263,       42.0829162598
881.679382,       42.0536651611
881.989258,       42.0438919067
882.299194,       42.0030708313
882.609070,       42.0516815186
882.918945,       42.1596450806
883.228760,       42.1858482361
883.538452,       42.1939773560
883.848145,       42.2683105469
884.157654,       42.3473701477
884.467285,       42.4100265503
884.776917,       42.4420433044
885.086243,       42.4339332581
885.395813,       42.4840545654
885.705017,       42.4785385132
886.014404,       42.3799362183
886.323730,       42.3984336853
886.632874,       42.2515106201
886.942078,       42.4321327209
887.251160,       42.3429298401
887.560242,       41.9198722839
887.869263,       41.9910430908
888.178162,       41.9575881958
888.487122,       41.8629684448
888.795898,       41.8945312500
889.104797,       41.8695259094
889.413513,       41.8270835876
889.722168,       41.8304786682
890.030884,       41.8853378296
890.339417,       41.7942123413
890.648010,       41.7293663025
890.956543,       41.6338157654
891.264893,       41.6352500916
891.573364,       41.6410789490
891.881653,       41.5226211548
892.189941,       41.5318565369
892.498230,       41.6887702942
892.806335,       41.7122879028
893.114502,       41.6760215759
893.422546,       41.5688400269
893.730652,       41.5874137878
894.038696,       41.8138046265
894.346497,       41.7430152893
894.654419,       41.8220710754
894.962158,       41.8786926270
895.270020,       41.9157028198
895.577759,       41.9213142395
895.885376,       41.9838676453
896.192993,       41.9828071594
896.500549,       41.9487838745
896.808044,       41.9106178284
897.115601,       41.9410896301
897.422913,       42.0719490051
897.730347,       42.1248435974
898.037598,       42.1687088013
898.344910,       42.1931991577
898.652161,       42.2381706238
898.959167,       42.1752853394
899.266418,       42.2456398010
899.573364,       42.3040313721
899.880371,       42.2622833252
900.187378,       42.2461433411
900.494202,       42.0607833862
900.801086,       42.0979194641
901.107788,       42.0583839417
901.414612,       42.0151863098
901.721375,       41.9553680420
902.027832,       42.0099716187
902.334534,       41.9234619141
902.641113,       41.9713325500
902.947510,       42.0169639587
903.253967,       42.0496597290
903.560242,       41.9961814880
903.866638,       41.9588012695
904.172974,       41.9307785034
904.479126,       41.8695182800
904.785278,       41.8798141479
905.091370,       41.8326301575
905.397461,       41.7583923340
905.703552,       41.6424446106
906.009399,       41.6293983459
906.315369,       41.7283210754
906.621155,       41.6807899475
906.927002,       41.6939086914
907.232788,       41.7208900452
907.538452,       41.7326965332
907.844116,       41.7848663330
908.149658,       41.8165893555
908.455200,       41.7104873657
908.760803,       41.7992515564
909.066162,       41.7418212891
909.371582,       41.7133979797
909.676880,       41.5731544495
909.982178,       41.6390914917
910.287476,       41.6565666199
910.592529,       41.6725616455
910.897705,       41.7918052673
911.202759,       41.7794456482
911.507813,       41.8321876526
911.812805,       41.7813224792
912.117676,       41.7193336487
912.422546,       41.7822341919
912.727356,       41.7256507874
913.032104,       41.7415237427
913.336853,       41.7302742004
913.641479,       41.7021865845
913.946106,       41.6764984131
914.250610,       41.7160835266
914.555115,       41.7516555786
914.859619,       41.8617057800
915.163940,       41.8030700684
915.468323,       41.7923316956
915.772583,       41.8016014099
916.076843,       41.8489265442
916.381104,       41.7998542786
916.685120,       41.7184715271
916.989258,       41.7417602539
917.293213,       41.6300964355
917.597290,       41.8718872070
917.901184,       42.0314407349
918.205017,       42.1216964722
918.508850,       42.1678352356
918.812561,       42.1354827881
919.116333,       42.1181602478
919.420044,       42.0763130188
919.723572,       42.1893196106
920.027222,       42.3184471130
920.330627,       42.3164024353
920.634094,       42.3306541443
920.937561,       42.2255668640
921.240784,       42.2820434570
921.544189,       42.2556343079
921.847351,       42.2214584351
922.150574,       42.3290328979
922.453735,       42.5397033691
922.756775,       42.5192337036
923.059875,       42.5048484802
923.362793,       42.3661460876
923.665771,       42.5395317078
923.968689,       42.2646598816
924.271362,       42.0541229248
924.574219,       42.0327453613
924.876892,       42.0133399963
925.179565,       41.9438819885
925.482239,       41.8617324829
925.784729,       42.0250968933
926.087280,       41.8652191162
926.389648,       41.7481193542
926.692078,       41.6780319214
926.994507,       41.7044372559
927.296692,       41.6628265381
927.599060,       41.5831909180
927.901123,       41.5122108459
928.203308,       41.5230140686
928.505432,       41.4265556335
928.807434,       41.3080863953
929.109436,       41.3313446045
929.411316,       41.3731193542
929.713196,       41.3944282532
930.015015,       41.1265754700
930.316711,       41.1875343323
930.618530,       41.1079025269
930.920105,       41.0848693848
931.221802,       41.3119049072
931.523315,       41.2027854919
931.824829,       41.3061561584
932.126282,       41.2766380310
932.427612,       41.3319206238
932.729004,       41.4177818298
933.030334,       41.3518104553
933.331482,       41.2336654663
933.632751,       41.2844467163
933.933777,       41.2193717957
934.234924,       41.3782348633
934.536011,       41.4315185547
934.836914,       41.3934936523
935.137878,       41.2108993530
935.438660,       41.1914634705
935.739502,       41.1935882568
936.040344,       41.2741050720
936.340942,       41.3172264099
936.641663,       41.2959175110
936.942383,       41.3677558899
937.242798,       41.5548934937
937.543335,       41.3258247375
937.843750,       41.4713897705
938.144165,       41.3962783813
938.444580,       41.3513526917
938.744751,       41.3640708923
939.045044,       41.2749519348
939.345154,       41.5245246887
939.645325,       41.5831108093
939.945435,       41.6968688965
940.245361,       41.7815437317
940.545410,       41.7310791016
940.845215,       41.6871566772
941.145142,       41.8112640381
941.445007,       41.9953460693
941.744629,       42.0113067627
942.044434,       42.0853767395
942.343994,       42.2003250122
942.643677,       42.2904472351
942.943237,       42.2814750671
943.242676,       42.4054336548
943.542114,       42.6080245972
943.841431,       42.6008644104
944.140808,       42.4293098450
944.440125,       42.5952033997
944.739258,       42.6973190308
945.038513,       42.6327095032
945.337524,       42.7061882019
945.636597,       42.6096305847
945.935669,       42.6481590271
946.234558,       42.4758148193
946.533508,       42.4208717346
946.832275,       42.7366523743
947.131165,       42.7706298828
947.429932,       42.5800170898
947.728516,       42.4254302979
948.027222,       42.5181198120
948.325745,       42.4937782288
948.624329,       42.6930198669
948.922852,       42.6275024414
949.221191,       42.7177886963
949.519592,       42.8247108459
949.817810,       42.5006484985
950.116150,       42.7895393372
950.414368,       42.9406318665
950.712463,       42.7434654236
951.010620,       42.5681114197
951.308594,       42.5791664124
951.606628,       42.4665145874
951.904602,       42.5859870911
952.202454,       42.6589241028
952.500305,       43.4105949402
952.798035,       43.5178947449
953.095825,       43.1255187988
953.393494,       42.9509277344
953.691040,       43.1618652344
953.988647,       43.3145446777
954.286133,       43.2278442383
954.583618,       43.2948608398
954.881042,       42.8436508179
955.178345,       42.8972129822
955.475647,       43.2682723999
955.772827,       43.2394409180
956.070068,       43.1231689453
956.367310,       42.8583831787
956.664307,       42.8675918579
956.961365,       43.0342750549
957.258240,       43.1501770020
957.555176,       43.7212753296
957.852112,       43.8735885620
958.148865,       43.8192520142
958.445679,       43.6816482544
958.742310,       42.8639450073
959.039001,       42.9399948120
959.335632,       42.9509773254
959.632141,       43.2548675537
959.928650,       43.2132644653
960.224976,       43.3377342224
960.521484,       43.6893577576
960.817871,       43.5841789246
961.114014,       43.6338272095
961.410339,       43.6008567810
961.706421,       42.9220275879
962.002563,       42.7261962891
962.298645,       42.8253517151
962.594604,       42.7614021301
962.890564,       42.8344573975
963.186401,       45.1486778259
963.482300,       45.2362937927
963.778137,       44.7004661560
964.073792,       44.6410102844
964.369568,       44.4971351624
964.665100,       44.4281082153
964.960693,       44.5938796997
965.256287,       44.7594299316
965.551697,       44.7071952820
965.847168,       44.5401268005
966.142395,       44.6287231445
966.437744,       44.8497009277
966.733032,       44.5292472839
967.028198,       44.4786033630
967.323364,       44.5389556885
967.618408,       44.4025230408
967.913513,       44.8979568481
968.208496,       44.9830818176
968.503357,       44.9984703064
968.798279,       45.0888557434
969.093018,       44.9935150146
969.387817,       42.2137413025
969.682556,       42.1725883484
969.977173,       42.2255973816
970.271790,       42.5711059570
970.566406,       42.8326530457
970.860779,       42.9527702332
971.155334,       43.0769309998
971.449646,       42.5408630371
971.743958,       42.7458419800
972.038330,       42.9400405884
972.332458,       42.7727775574
972.626648,       42.4699935913
972.920715,       42.4627037048
973.214844,       42.5319633484
973.508911,       42.6831207275
973.802734,       43.2084426880
974.096741,       43.0922698975
974.390442,       43.0513572693
974.684265,       43.2677459717
974.978088,       43.2521247864
975.271667,       43.5620460510
975.565369,       43.7306747437
975.858826,       43.9011383057
976.152405,       44.0743217468
976.445923,       43.7731552124
976.739258,       43.5829925537
977.032654,       43.5692176819
977.325867,       43.5400466919
977.619202,       43.8171997070
977.912415,       44.2717514038
978.205505,       44.3573760986
978.498596,       44.4475097656
978.791504,       44.5846900940
979.084534,       44.8306388855
979.377563,       45.1173133850
979.670288,       45.1153411865
979.963196,       44.8898963928
980.255859,       44.9562835693
980.548584,       44.9843788147
980.841309,       44.8117752075
981.133850,       44.7747955322
981.426392,       44.8476524353
981.718811,       44.7593765259
982.011292,       44.2347717285
982.303650,       44.1470069885
982.595886,       44.3104133606
982.888245,       44.4572372437
983.180359,       44.6825866699
983.472595,       44.6549339294
983.764709,       44.4806861877
984.056641,       44.0725479126
984.348755,       44.1247062683
984.640625,       44.3562774658
984.932495,       44.3592681885
985.224365,       44.0222053528
985.516052,       43.9097328186
985.807861,       44.2620887756
986.099426,       45.0303001404
986.391052,       44.7654113770
986.682678,       44.8391113281
986.974121,       45.0575027466
987.265625,       45.1235618591
987.556885,       44.9651603699
987.848328,       44.7042999268
988.139648,       45.0001564026
988.430786,       44.8476753235
988.721985,       44.5570564270
989.013000,       44.5775375366
989.304138,       45.1672248840
989.595215,       45.1589469910
989.886047,       45.4317283630
990.177002,       45.5270805359
990.467834,       45.5350456238
990.758606,       45.3664779663
991.049377,       45.3114013672
991.339966,       45.7009811401
991.630676,       45.6160621643
991.921143,       44.8565292358
992.211670,       44.8250694275
992.502197,       44.7662239075
992.792542,       44.5721282959
993.082886,       44.1196632385
993.373169,       44.5149993896
993.663452,       44.4611701965
993.953613,       45.0089340210
994.243713,       44.7367324829
994.533813,       44.7793731689
994.823792,       44.7293891907
995.113770,       44.6920509338
995.403687,       44.1495857239
995.693481,       44.2888603210
995.983337,       44.0583610535
996.273010,       44.0170783997
996.562744,       43.7342529297
996.852417,       44.1298294067
997.141907,       43.8762550354
997.431458,       43.4504585266
997.720886,       43.8164138794
998.010315,       44.1155166626
998.299744,       43.1963729858
998.588928,       43.3195953369
998.878296,       43.4380340576
999.167419,       43.6310424805
999.456543,       44.5192832947
999.745667,       44.6709060669
1000.034607,       44.2168540955
1000.323669,       44.4796218872
1000.612488,       45.3199005127
1000.901367,       45.4241943359
1001.190247,       45.3328819275
1001.478882,       45.2446823120
1001.767639,       46.3627777100
1002.056335,       46.0862541199
1002.344849,       46.7497863770
1002.633423,       47.0737991333
1002.921814,       46.6884155273
1003.210266,       46.7227325439
1003.498657,       46.5395736694
1003.786926,       46.3923492432
1004.075256,       47.2371597290
1004.363342,       47.1022224426
1004.651489,       46.6165351868
1004.939697,       46.8753471375
1005.227600,       48.2036094666
1005.515686,       47.7903518677
1005.803467,       48.0618324280
1006.091370,       48.2957458496
1006.379272,       48.6811180115
1006.666870,       48.0767059326
1006.954712,       48.1779365540
1007.242188,       49.1211776733
1007.529907,       49.3864402771
1007.817444,       47.7379035950
1008.104858,       48.9926757813
1008.392334,       47.7560920715
1008.679565,       47.7142677307
1008.966980,       47.5713233948
1009.254272,       47.8053207397
1009.541382,       48.1305274963
1009.828613,       47.7357978821
1010.115601,       46.9170570374
1010.402649,       47.1059303284
1010.689697,       47.5749969482
1010.976563,       47.2179603577
1011.263489,       47.4527587891
1011.550171,       46.9199790955
1011.837036,       46.8236846924
1012.123657,       46.8640670776
1012.410278,       47.6043357849
1012.696899,       48.1476173401
1012.983337,       48.7816925049
1013.269897,       47.7095413208
1013.556396,       47.4789466858
1013.842651,       47.9529533386
1014.129028,       47.1072769165
1014.415161,       47.7753143311
1014.701477,       48.2309913635
1014.987671,       49.6810035706
1015.273560,       50.1289558411
1015.559692,       50.9055252075
1015.845581,       51.0971603394
1016.131592,       52.5219192505
1016.417542,       53.2317352295
1016.703247,       53.8647117615
1016.989014,       54.3502998352
1017.274658,       53.8491363525
1017.560303,       54.3409881592
1017.845947,       53.8819389343
1018.131409,       54.3972854614
1018.416870,       54.2762565613
1018.702271,       54.2610244751
1018.987671,       53.8768882751
1019.272949,       55.6193542480
1019.558228,       55.5564994812
1019.843445,       55.8974380493
1020.128540,       55.9199638367
1020.413574,       55.8713912964
1020.698608,       55.2766914368
1020.983521,       53.7945022583
1021.268555,       55.1877250671
1021.553284,       56.5280151367
1021.838135,       57.7385253906
1022.122925,       56.5728950500
1022.407593,       45.9459381104
1022.692261,       43.3070869446
1022.976807,       44.3213272095
1023.261292,       45.8852958679
1023.545837,       43.2608680725
1023.830200,       47.6718368530
1024.114624,       73.7483062744
1024.398804,       77.5811233521
1024.683105,       63.0909080505
1024.967285,       45.0216445923
