340.270844,        0.0000000000
340.648560,        0.0000000000
341.026306,      578.5719604492
341.403961,      647.8253173828
341.781616,      745.4534301758
342.159210,      657.1419677734
342.536743,      -17.3469848633
342.914307,       78.2786865234
343.291779,       79.6491012573
343.669250,        0.0000000000
344.046661,       63.3957023621
344.424042,       63.8590888977
344.801422,       63.0858535767
345.178711,       68.8255081177
345.556000,       70.4158401489
345.933258,       76.5082931519
346.310486,       79.0266418457
346.687622,       79.6531982422
347.064758,       79.8681106567
347.441895,       78.6361465454
347.818939,       78.2045288086
348.195953,       77.2450103760
348.572937,       74.1367645264
348.949890,       74.5401992798
349.326843,       73.8490142822
349.703735,       73.4094085693
350.080597,       73.6549224854
350.457397,       74.6514587402
350.834198,       70.6748352051
351.210968,       69.3519363403
351.587646,       69.7969970703
351.964325,       70.1856231689
352.340942,       68.5110321045
352.717560,       70.5312118530
353.094147,       70.6200332642
353.470673,       70.9371337891
353.847168,       67.9970779419
354.223602,       66.9118118286
354.600037,       66.2003402710
354.976440,       65.6588287354
355.352783,       68.4439544678
355.729126,       69.5752716064
356.105408,       70.0212860107
356.481628,       70.2712326050
356.857849,       68.9025268555
357.234009,       68.1651916504
357.610168,       70.0528564453
357.986267,       66.8838043213
358.362366,       65.9314498901
358.738373,       64.5942764282
359.114349,       66.8330154419
359.490326,       64.6965637207
359.866241,       61.2112274170
360.242157,       62.7442970276
360.617981,       62.3009872437
360.993805,       60.7547988892
361.369568,       61.5149803162
361.745331,       61.0002441406
362.121033,       60.2460784912
362.496704,       60.3823165894
362.872314,       59.3646278381
363.247925,       58.2148742676
363.623505,       54.3439979553
363.999023,       50.5130233765
364.374542,       55.8874359131
364.750000,       55.8351097107
365.125397,       57.1790580750
365.500763,       56.3071441650
365.876160,       56.4313697815
366.251434,       55.1965942383
366.626740,       54.7560691833
367.001953,       55.8085670471
367.377136,       56.7670707703
367.752350,       56.8788452148
368.127472,       59.7027130127
368.502594,       56.6562995911
368.877625,       54.9139213562
369.252625,       54.2481002808
369.627625,       55.3173370361
370.002563,       57.6513519287
370.377502,       57.7046165466
370.752380,       57.2833938599
371.127228,       62.2686614990
371.502014,       63.5538215637
371.876770,       65.3215866089
372.251526,       64.5058517456
372.626221,       66.0100326538
373.000885,       65.5080108643
373.375488,       64.3777999878
373.750092,       65.2839965820
374.124664,       67.1397628784
374.499146,       71.2919769287
374.873627,       71.6009826660
375.248108,       70.1432342529
375.622467,       78.1587142944
375.996887,       77.8917846680
376.371185,       79.1573257446
376.745483,       79.7074279785
377.119751,       80.6252136230
377.493958,       81.0717620850
377.868195,       80.4846191406
378.242310,       80.0225601196
378.616394,       81.8083572388
378.990540,       78.5920410156
379.364563,       78.4247589111
379.738556,       77.1745452881
380.112518,       74.8777542114
380.486481,       73.4811325073
380.860352,       73.6168594360
381.234192,       74.0683059692
381.608063,       72.3062210083
381.981812,       70.2181854248
382.355591,       65.6693801880
382.729309,       64.7821426392
383.102966,       64.0681838989
383.476624,       55.8427352905
383.850220,       53.4993591309
384.223816,       52.7053756714
384.597321,       51.9697799683
384.970856,       52.0529098511
385.344299,       48.9294509888
385.717682,       46.3019218445
386.091125,       46.4417991638
386.464447,       42.6214103699
386.837769,       41.2490463257
387.211029,       43.7467193604
387.584290,       43.2711105347
387.957489,       43.5283851624
388.330627,       42.2214431763
388.703766,       42.1017265320
389.076874,       42.6205329895
389.449921,       46.6206474304
389.822937,       46.4859123230
390.195923,       47.3491325378
390.568878,       47.1030731201
390.941772,       48.2570800781
391.314636,       46.6549034119
391.687500,       43.7002029419
392.060272,       42.9092216492
392.433075,       42.9046936035
392.805756,       39.5648727417
393.178436,       42.0044097900
393.551117,       44.0398025513
393.923737,       45.7449531555
394.296326,       45.6029624939
394.668854,       44.9402084351
395.041321,       42.2356719971
395.413849,       43.0469589233
395.786255,       44.2227973938
396.158630,       44.2130813599
396.531006,       43.3444938660
396.903320,       41.5055160522
397.275604,       42.0496673584
397.647827,       42.2269554138
398.020050,       44.9615135193
398.392212,       44.4770927429
398.764343,       42.5089454651
399.136444,       42.2774925232
399.508514,       42.9774971008
399.880554,       42.1149635315
400.252533,       43.2063064575
400.624512,       44.8762969971
400.996399,       43.4903640747
401.368286,       42.9697456360
401.740112,       41.0858345032
402.111908,       39.1438980103
402.483673,       38.2889938354
402.855408,       38.0824203491
403.227081,       37.6145973206
403.598755,       35.1554298401
403.970367,       33.8483772278
404.341980,       34.5964164734
404.713501,       35.6638450623
405.085022,       33.4878845215
405.456482,       32.4624519348
405.827911,       29.4152488708
406.199310,       27.6203117371
406.570648,       28.1449012756
406.942017,       27.0273475647
407.313263,       26.1729755402
407.684509,       26.7448368073
408.055725,       25.3225803375
408.426880,       24.9266510010
408.798035,       27.1336555481
409.169128,       26.5466308594
409.540161,       28.8441867828
409.911224,       28.7541446686
410.282196,       28.8315143585
410.653137,       27.9655895233
411.024048,       26.8558654785
411.394897,       28.6025962830
411.765747,       29.1825885773
412.136536,       28.4919834137
412.507324,       30.5451984406
412.878052,       29.7885589600
413.248718,       33.4321098328
413.619385,       32.4444389343
413.989990,       32.8192329407
414.360565,       33.9754524231
414.731110,       33.9477195740
415.101563,       34.1580467224
415.472076,       33.8654670715
415.842468,       32.9904289246
416.212891,       33.9460906982
416.583221,       31.8178119659
416.953522,       32.0129508972
417.323792,       29.3530635834
417.694031,       31.5535659790
418.064240,       31.7129287720
418.434418,       33.5511550903
418.804535,       35.8633346558
419.174622,       35.1881790161
419.544678,       34.1446723938
419.914673,       34.2316284180
420.284668,       32.1186828613
420.654572,       30.9517326355
421.024475,       28.0025386810
421.394348,       29.8044929504
421.764191,       29.7454204559
422.133972,       29.1688919067
422.503693,       30.6151714325
422.873444,       30.7320556641
423.243134,       30.6028575897
423.612762,       30.9101409912
423.982330,       28.5132293701
424.351929,       27.9766178131
424.721436,       27.1306247711
425.090942,       27.1543674469
425.460358,       25.8808364868
425.829773,       25.6004028320
426.199158,       23.6602001190
426.568481,       21.2630844116
426.937775,       20.5213928223
427.307037,       21.8206615448
427.676239,       20.8141155243
428.045441,       20.3446331024
428.414581,       20.1887226105
428.783722,       21.3003139496
429.152802,       19.1271038055
429.521790,       21.4821548462
429.890839,       21.3484954834
430.259766,       19.1496276855
430.628693,       20.3715324402
430.997589,       19.5663528442
431.366425,       19.2095146179
431.735229,       19.1794643402
432.104004,       18.9471511841
432.472748,       20.0233325958
432.841431,       19.9856262207
433.210052,       19.8817157745
433.578705,       18.9006843567
433.947266,       19.3499279022
434.315826,       18.8838996887
434.684326,       19.4549865723
435.052765,       18.5379772186
435.421204,       21.8767490387
435.789612,       21.4709281921
436.157959,       22.1469955444
436.526276,       20.5443477631
436.894531,       20.3889179230
437.262756,       17.0980300903
437.630951,       16.0727806091
437.999146,       15.9583644867
438.367249,       14.4086380005
438.735321,       14.1513271332
439.103394,       13.4306774139
439.471405,       13.5028705597
439.839386,       40.5945854187
440.207306,       40.1385231018
440.575195,       39.9792404175
440.943054,       39.1894912720
441.310883,       38.8923454285
441.678680,       38.9473037720
442.046387,       38.8984565735
442.414093,       37.8896522522
442.781799,       37.5350227356
443.149414,       35.6266975403
443.516998,       35.2917823792
443.884552,       34.4815979004
444.252045,       34.1750221252
444.619537,       33.7927055359
444.987000,       33.8740348816
445.354401,       34.1371917725
445.721710,       34.6006546021
446.089081,       34.4300079346
446.456360,       34.5669288635
446.823608,       34.5153503418
447.190826,       34.9768028259
447.557953,       10.3332471848
447.925110,        9.4279088974
448.292175,        8.7806243896
448.659271,        9.1394205093
449.026276,        8.9402723312
449.393250,        8.3165521622
449.760193,        7.9722838402
450.127075,        7.9031834602
450.493958,        7.9282445908
450.860779,        7.1112008095
451.227570,        7.2193436623
451.594330,        7.4464373589
451.960999,        7.4683151245
452.327698,        7.4757962227
452.694336,        7.3088235855
453.060913,        6.6218338013
453.427490,        5.7734909058
453.793976,        5.6275877953
454.160492,        5.2221736908
454.526917,        5.5786886215
454.893311,        5.0205664635
455.259674,        4.8525876999
455.626007,        5.1606755257
455.992310,        5.6494193077
456.358551,        5.2660355568
456.724731,        5.6814742088
457.090912,        6.0321526527
457.457031,        6.0835785866
457.823151,        6.3297905922
458.189209,        6.1195368767
458.555206,        6.2517127991
458.921173,        6.1574506760
459.287109,        6.1316990852
459.653015,        6.7622551918
460.018890,        6.6731190681
460.384705,        6.8598723412
460.750519,        6.7005462646
461.116241,        6.7063593864
461.481964,        6.6079797745
461.847626,        6.9278898239
462.213226,        6.8967094421
462.578827,        7.2110629082
462.944427,        7.0652766228
463.309906,        6.8345932961
463.675385,        6.3839583397
464.040802,        6.3304796219
464.406219,        6.0849494934
464.771606,        5.4148554802
465.136902,        5.5379314423
465.502197,        5.2278304100
465.867462,        5.2690877914
466.232635,        5.0322132111
466.597839,        4.8860468864
466.962921,        4.9609236717
467.328003,        4.4771623611
467.693054,        4.5256114006
468.058075,        4.3912281990
468.423035,        5.1557722092
468.787994,        5.1731910706
469.152863,        5.3545508385
469.517700,        4.9287576675
469.882538,        4.5212993622
470.247314,        3.9498112202
470.612061,        4.9633693695
470.976746,        4.7893075943
471.341431,        5.1582045555
471.706024,        5.3484025002
472.070618,        5.6683559418
472.435181,        5.5921983719
472.799622,        5.3608651161
473.164124,        5.6272106171
473.528534,        5.4904141426
473.892975,        5.4958696365
474.257294,        5.5335617065
474.621582,        5.2442402840
474.985870,        5.3575429916
475.350098,        5.8567390442
475.714325,        5.6234092712
476.078461,        5.3516292572
476.442535,        5.2936544418
476.806641,        4.9990911484
477.170685,        5.0370740891
477.534668,        4.8789110184
477.898621,        4.9818887711
478.262512,        4.2240028381
478.626404,        4.7741065025
478.990265,        4.5611486435
479.354065,        4.3990635872
479.717834,        3.8692433834
480.081512,        3.9582967758
480.445221,        3.9349384308
480.808899,        3.8367011547
481.172485,        3.9368298054
481.536041,        3.7897315025
481.899567,        4.1221899986
482.263062,        4.0294375420
482.626526,        4.1097736359
482.989929,        3.7408008575
483.353271,        3.7203571796
483.716583,        3.3974218369
484.079895,        3.2388086319
484.443146,        3.3199720383
484.806366,        3.3961813450
485.169525,        3.5161283016
485.532654,        3.3661198616
485.895752,        3.2104718685
486.258820,        2.8368487358
486.621857,        3.0068483353
486.984802,        2.9768393040
487.347748,        3.1858575344
487.710663,        3.0731952190
488.073517,        3.0039310455
488.436340,        3.0180220604
488.799072,        2.9356131554
489.161835,        2.9421098232
489.524536,        2.5503063202
489.887238,        2.5827214718
490.249847,        2.4494535923
490.612396,        2.3487560749
490.974915,        2.3552117348
491.337433,        2.3812835217
491.699921,        2.5353548527
492.062347,        2.6848423481
492.424713,        2.6074211597
492.787079,        2.5290944576
493.149353,        3.2823567390
493.511658,        3.3030498028
493.873871,        3.2718896866
494.236053,        3.1700637341
494.598206,        3.2394158840
494.960297,        3.2780923843
495.322388,        3.3035402298
495.684418,        3.3156867027
496.046356,        3.1410713196
496.408325,        3.1249785423
496.770264,        3.1542637348
497.132141,        3.2557857037
497.493958,        3.2413299084
497.855713,        3.1508781910
498.217499,        3.0904595852
498.579193,        3.1057531834
498.940887,        3.1541256905
499.302490,        3.1086649895
499.664093,        2.9474725723
500.025635,        2.8733303547
500.387177,        2.8414926529
500.748627,        2.1091947556
501.110077,        2.3119130135
501.471436,        2.2571928501
501.832825,        2.1685574055
502.194153,        2.0840053558
502.555389,        1.9685391188
502.916626,        2.0638878345
503.277802,        2.0650954247
503.638977,        2.2227027416
504.000092,        2.3480918407
504.361176,        2.3231916428
504.722198,        2.1784551144
505.083160,        2.1642005444
505.444153,        2.0890133381
505.805084,        2.0772750378
506.165924,        2.0830845833
506.526764,        2.1025617123
506.887543,        2.5202443600
507.248322,        2.6237177849
507.609070,        2.7210803032
507.969727,        2.7211825848
508.330322,        2.7927827835
508.690918,        2.6304545403
509.051514,        2.6776440144
509.412018,        2.6685385704
509.772491,        2.7184009552
510.132904,        2.9304761887
510.493286,        3.0299906731
510.853699,        3.0351634026
511.213989,        2.9546704292
511.574280,        2.8380126953
511.934509,        2.8692114353
512.294678,        3.0038115978
512.654846,        3.0050294399
513.014954,        3.0858750343
513.375061,        3.2123868465
513.735046,        3.2580900192
514.095032,        3.1720778942
514.455078,        2.8989107609
514.814941,        2.7454078197
515.174805,        2.6502723694
515.534607,        2.6876988411
515.894409,        2.7038493156
516.254211,        2.6550228596
516.613892,        2.7183084488
516.973572,        2.8048503399
517.333130,        2.8043212891
517.692749,        2.6218736172
518.052368,        2.4795727730
518.411865,        2.5375037193
518.771301,        2.4924783707
519.130737,        2.4890077114
519.490173,        2.5648097992
519.849548,        2.5603892803
520.208801,        2.5929412842
520.568054,        2.6810288429
520.927307,        2.6222152710
521.286499,        2.6258716583
521.645691,        2.7899515629
522.004822,        2.8028955460
522.363831,        2.8474795818
522.722839,        2.8745713234
523.081848,        2.8890128136
523.440796,        2.9128785133
523.799744,        2.9642887115
524.158569,        2.8912715912
524.517395,        2.8199746609
524.876160,        2.8128283024
525.234924,        2.8777244091
525.593628,        2.8781836033
525.952271,        3.0853404999
526.310913,        3.2216024399
526.669495,        3.2582991123
527.028076,        3.1975090504
527.386536,        3.3295202255
527.744995,        3.3569078445
528.103394,        3.3442194462
528.461792,        3.4746327400
528.820129,        3.6077487469
529.178406,        3.6207456589
529.536743,        3.6044325829
529.894958,        3.6628119946
530.253113,        3.7962100506
530.611267,        4.0334310532
530.969299,        4.1408667564
531.327393,        4.2773785591
531.685486,        4.3506803513
532.043335,        4.4270348549
532.401367,        4.4615559578
532.759216,        4.4693994522
533.117004,        4.5645542145
533.474915,        4.3689060211
533.832642,        4.3819212914
534.190430,        4.4465074539
534.548096,        4.5058317184
534.905762,        4.4322948456
535.263367,        4.5044822693
535.620850,        4.5438342094
535.978455,        4.4877519608
536.335876,        4.3886742592
536.693359,        4.3462662697
537.050781,        4.3381886482
537.408142,        4.3953547478
537.765442,        4.3064980507
538.122681,        4.1325821877
538.479919,        4.0773153305
538.837219,        4.0094962120
539.194336,        4.0224986076
539.551453,        4.1458549500
539.908508,        4.3321375847
540.265564,        4.3159971237
540.622559,        4.2724585533
540.979553,        4.2794227600
541.336426,        4.2498874664
541.693298,        4.2370615005
542.050110,        4.3237128258
542.406921,        4.3808221817
542.763672,        4.4242963791
543.120422,        4.4118313789
543.477051,        4.4314899445
543.833679,        4.4778933525
544.190308,        4.4716639519
544.546814,        4.4805364609
544.903381,        4.4766721725
545.259827,        4.4929080009
545.616211,        4.4895458221
545.972595,        4.4501996040
546.328979,        4.4424462318
546.685242,        4.4426703453
547.041504,        4.3389701843
547.397644,        4.1857776642
547.753906,        4.2108526230
548.110046,        4.2327733040
548.466125,        4.2412033081
548.822144,        4.2309360504
549.178223,        4.2520756721
549.534241,        4.2569937706
549.890137,        4.1888670921
550.246033,        4.1741752625
550.601868,        4.1840171814
550.957581,        4.1917300224
551.313416,        4.2980146408
551.669128,        4.3466100693
552.024841,        4.3617162704
552.380432,        4.3009324074
552.736023,        4.3405518532
553.091675,        4.5172500610
553.447144,        4.5645141602
553.802612,        4.5843234062
554.158020,        4.6419014931
554.513428,        4.6182641983
554.868774,        4.5971417427
555.224121,        4.7510032654
555.579346,        4.7624316216
555.934631,        4.7882137299
556.289734,        4.8348598480
556.644958,        4.8919949532
557.000000,        4.9242100716
557.355103,        4.9290204048
557.710083,        4.8874983788
558.065063,        4.8652358055
558.420105,        4.8693470955
558.774963,        4.7686433792
559.129822,        4.7911000252
559.484619,        4.8061008453
559.839355,        4.8619141579
560.194153,        4.8300161362
560.548828,        4.7084341049
560.903442,        4.6799530983
561.258057,        4.7463388443
561.612610,        4.6978960037
561.967224,        4.7437853813
562.321655,        4.7436184883
562.676086,        4.5903530121
563.030457,        4.5806431770
563.384827,        4.5773782730
563.739197,        4.5589051247
564.093445,        4.4897441864
564.447693,        4.4051671028
564.801880,        4.3942680359
565.156006,        4.3851208687
565.510132,        4.3862509727
565.864197,        4.3732523918
566.218262,        4.3196792603
566.572205,        4.2536096573
566.926086,        4.2102799416
567.280090,        4.1559295654
567.633972,        4.1555910110
567.987732,        4.1149129868
568.341553,        4.0819730759
568.695190,        3.9845108986
569.048950,        3.9801788330
569.402649,        3.9339032173
569.756165,        3.9412219524
570.109802,        3.9540343285
570.463257,        3.9341249466
570.816772,        3.9397346973
571.170227,        3.8879525661
571.523621,        3.8790988922
571.877014,        3.8180265427
572.230286,        3.8080892563
572.583557,        3.8190267086
572.936829,        3.8561568260
573.289978,        3.8881876469
573.643250,        3.9679806232
573.996216,        3.9467639923
574.349365,        3.9299123287
574.702393,        3.9672813416
575.055359,        3.9561431408
575.408325,        3.9689946175
575.761169,        3.9929151535
576.114075,        4.0232887268
576.466919,        3.9673972130
576.819641,        3.9576880932
577.172363,        3.9113550186
577.525085,        3.9534733295
577.877686,        3.9958906174
578.230286,        3.9639229774
578.582825,        3.9753518105
578.935425,        3.9470777512
579.287903,        3.9554667473
579.640320,        3.9250583649
579.992676,        3.8729679585
580.345093,        3.8001279831
580.697388,        3.7470862865
581.049683,        3.6665699482
581.401855,        3.6334905624
581.754089,        3.7621076107
582.106201,        3.7881062031
582.458313,        3.8273544312
582.810425,        3.8116183281
583.162354,        3.7792661190
583.514404,        3.7949409485
583.866272,        3.7816784382
584.218201,        3.7986483574
584.570068,        3.8814039230
584.921875,        3.8178939819
585.273560,        3.7794661522
585.625305,        3.8294348717
585.977051,        3.8114016056
586.328674,        3.9695837498
586.680237,        3.9603319168
587.031799,        4.0304865837
587.383301,        4.0830569267
587.734802,        4.1141629219
588.086243,        4.1440472603
588.437561,        4.1625256538
588.788940,        4.2224311829
589.140198,        4.0986166000
589.491516,        4.0072069168
589.842712,        4.0022926331
590.193848,        4.0372991562
590.544983,        4.0359220505
590.896057,        4.0507950783
591.247192,        4.0780110359
591.598145,        4.0322184563
591.949158,        3.9520208836
592.300049,        3.9420466423
592.650879,        3.9089870453
593.001770,        3.8350722790
593.352539,        3.8571734428
593.703308,        3.7607853413
594.054016,        3.7772789001
594.404663,        3.7401397228
594.755310,        3.7735977173
595.105896,        3.7431445122
595.456360,        3.7173409462
595.806885,        3.6742873192
596.157349,        3.6965994835
596.507751,        3.7761471272
596.858154,        3.8130064011
597.208435,        3.8023340702
597.558777,        3.8103098869
597.908997,        3.8008022308
598.259216,        3.7192430496
598.609314,        3.7407257557
598.959473,        3.8784332275
599.309570,        3.9331083298
599.659546,        3.9754993916
600.009583,        4.0309348106
600.359497,        4.0849967003
600.709412,        4.0560774803
601.059265,        4.0212931633
601.409058,        4.1281666756
601.758850,        4.1306743622
602.108521,        4.0613780022
602.458191,        4.0847668648
602.807922,        4.0760927200
603.157471,        4.0961551666
603.507080,        4.0507678986
603.856567,        3.9968197346
604.205994,        3.9895274639
604.555542,        3.9379034042
604.904846,        3.8970048428
605.254211,        3.9306480885
605.603516,        4.1257376671
605.952759,        4.1630597115
606.302063,        4.0689430237
606.651123,        4.0302438736
607.000305,        4.0144605637
607.349365,        3.9596483707
607.698425,        3.9018318653
608.047485,        3.9282999039
608.396362,        3.8995072842
608.745300,        3.7933251858
609.094177,        3.7633531094
609.442993,        3.7843711376
609.791809,        3.7477571964
610.140503,        3.7598478794
610.489258,        3.7364308834
610.837891,        3.7514357567
611.186523,        3.7309381962
611.535156,        3.7031278610
611.883606,        3.7215254307
612.232178,        3.7782826424
612.580566,        3.8073844910
612.928955,        3.6344389915
613.277344,        3.5650095940
613.625610,        3.5452201366
613.973938,        3.5334548950
614.322144,        3.5538754463
614.670288,        3.5811982155
615.018555,        3.6057109833
615.366516,        3.5691776276
615.714661,        3.5483202934
616.062622,        3.6016483307
616.410645,        3.6004643440
616.758606,        3.6017265320
617.106445,        3.5954165459
617.454285,        3.5748562813
617.802063,        3.6228363514
618.149841,        3.6093392372
618.497559,        3.5874609947
618.845215,        3.6450181007
619.192871,        3.6761660576
619.540466,        3.5822265148
619.888000,        3.5155117512
620.235535,        3.5262897015
620.582886,        3.5411081314
620.930359,        3.5439219475
621.277710,        3.5398914814
621.625061,        3.4734055996
621.972351,        3.4341552258
622.319519,        3.4031889439
622.666809,        3.4184854031
623.013916,        3.4462366104
623.361023,        3.4131004810
623.708130,        3.4421160221
624.055054,        3.4472529888
624.402100,        3.4423530102
624.749023,        3.4783508778
625.095947,        3.4915256500
625.442810,        3.4949805737
625.789551,        3.5029411316
626.136353,        3.4669060707
626.483032,        3.4666790962
626.829712,        3.5402603149
627.176392,        3.5863246918
627.522949,        3.5748069286
627.869507,        3.5560834408
628.216003,        3.5299732685
628.562500,        3.5419247150
628.908936,        3.5625190735
629.255310,        3.5692234039
629.601624,        3.6006145477
629.947876,        3.6052412987
630.294067,        3.7002482414
630.640320,        3.6568105221
630.986511,        3.6236867905
631.332642,        3.5823967457
631.678650,        3.6052737236
632.024658,        3.5561833382
632.370728,        3.5448472500
632.716614,        3.5163953304
633.062500,        3.5268969536
633.408325,        3.5206985474
633.754089,        3.6151993275
634.099915,        3.5756282806
634.445679,        3.5588760376
634.791321,        3.5726170540
635.136963,        3.6569736004
635.482483,        3.6658167839
635.828125,        3.6372587681
636.173584,        3.5954692364
636.519043,        3.6118485928
636.864502,        3.5786085129
637.209778,        3.5854129791
637.555237,        3.4703745842
637.900452,        3.4838933945
638.245728,        3.4882586002
638.590881,        3.4643921852
638.935974,        3.4335308075
639.281189,        3.4252543449
639.626221,        3.4458861351
639.971191,        3.4580767155
640.316223,        3.4453835487
640.661072,        3.4322326183
641.006042,        3.3070850372
641.350891,        3.2821259499
641.695679,        3.2593204975
642.040466,        3.2043304443
642.385071,        3.0743172169
642.729858,        3.0573329926
643.074463,        3.0450904369
643.419067,        3.0555078983
643.763611,        3.0474827290
644.108032,        3.0369720459
644.452515,        2.9961032867
644.796936,        2.9574337006
645.141296,        2.9563822746
645.485657,        2.9554700851
645.829834,        2.9786670208
646.174133,        2.9591877460
646.518311,        2.9250886440
646.862427,        2.8483808041
647.206604,        2.7882273197
647.550598,        2.7793035507
647.894653,        2.7497999668
648.238647,        2.7273643017
648.582458,        2.7045612335
648.926453,        2.6600477695
649.270203,        2.6537907124
649.614075,        2.6449599266
649.957764,        2.6662764549
650.301453,        2.6488704681
650.645142,        2.6357352734
650.988708,        2.6003868580
651.332336,        2.5628721714
651.675842,        2.5512111187
652.019348,        2.5627036095
652.362854,        2.5206537247
652.706177,        2.4552583694
653.049561,        2.4228188992
653.392883,        2.4128081799
653.736084,        2.4194893837
654.079346,        2.4405431747
654.422424,        2.4289870262
654.765625,        2.3975598812
655.108765,        2.3883285522
655.451721,        2.3319225311
655.794800,        2.3146369457
656.137695,        2.3255944252
656.480591,        2.3163247108
656.823486,        2.3075900078
657.166260,        2.2307033539
657.509094,        2.2272560596
657.851807,        2.1987926960
658.194519,        2.1515486240
658.537109,        2.2514827251
658.879761,        2.2333464622
659.222351,        2.2302205563
659.564758,        2.2482526302
659.907349,        2.2293365002
660.249695,        2.2017583847
660.592041,        2.2173812389
660.934448,        2.2015240192
661.276672,        2.1281843185
661.619019,        2.1063575745
661.961182,        2.0740888119
662.303284,        2.0480973721
662.645508,        2.0414142609
662.987427,        2.0081968307
663.329529,        1.9726819992
663.671448,        1.9488261938
664.013428,        1.9214421511
664.355347,        1.9258462191
664.697205,        2.0074408054
665.039001,        1.9870657921
665.380676,        1.9932448864
665.722412,        1.9092864990
666.064148,        1.8817818165
666.405701,        1.8386732340
666.747253,        1.7597284317
667.088806,        1.7497910261
667.430298,        1.7107231617
667.771790,        1.6641464233
668.113159,        1.6360607147
668.454529,        1.6434338093
668.795837,        1.6508210897
669.137085,        1.6468796730
669.478394,        1.6334241629
669.819519,        1.6569567919
670.160645,        1.6575263739
670.501709,        1.6102433205
670.842773,        1.5754530430
671.183777,        1.5950047970
671.524719,        1.5618177652
671.865662,        1.4492782354
672.206482,        1.4274765253
672.547302,        1.3942108154
672.888123,        1.3789923191
673.228821,        1.3798775673
673.569458,        1.3834095001
673.910095,        1.3736985922
674.250732,        1.3850632906
674.591370,        1.4021413326
674.931824,        1.3713630438
675.272217,        1.3421120644
675.612732,        1.3210991621
675.953003,        1.3027542830
676.293396,        1.2726674080
676.633667,        1.2651424408
676.973877,        1.2447597980
677.314148,        1.2498533726
677.654236,        1.2627488375
677.994385,        1.2627166510
678.334412,        1.2418694496
678.674438,        1.2592794895
679.014404,        1.2547367811
679.354309,        1.2806309462
679.694214,        1.2820659876
680.034058,        1.2670019865
680.373840,        1.2662779093
680.713623,        1.2860643864
681.053223,        1.3250578642
681.392944,        1.4436762333
681.732544,        2.1391131878
682.072083,        3.0774326324
682.411621,        3.1408131123
682.751038,        3.1746213436
683.090515,        3.1923825741
683.429871,        3.2257027626
683.769226,        3.3015441895
684.108582,        3.3544392586
684.447754,        3.3657975197
684.786987,        3.4096848965
685.126160,        3.4608523846
685.465210,        3.4984819889
685.804382,        3.5787348747
686.143311,        3.6493585110
686.482361,        3.7234678268
686.821289,        3.8387515545
687.160156,        3.9013624191
687.499023,        3.9812936783
687.837769,        4.1481413841
688.176514,        4.2227940559
688.515259,        4.2381730080
688.853882,        3.7027027607
689.192566,        2.8877091408
689.531067,        2.9705142975
689.869629,        3.1330764294
690.208130,        3.2713167667
690.546570,        3.4392595291
690.885010,        3.5318880081
691.223267,        3.6594364643
691.561584,        3.8203306198
691.899841,        4.0490846634
692.238037,        4.2367296219
692.576294,        4.4386625290
692.914307,        4.6246552467
693.252380,        4.7964501381
693.590454,        4.9515919685
693.928406,        5.0932979584
694.266357,        5.3076062202
694.604187,        5.5102128983
694.942078,        5.6215786934
695.279907,        5.8121118546
695.617615,        6.0305247307
695.955444,        6.1817445755
696.292969,        6.4359626770
696.630676,        6.6673846245
696.968201,        6.8359270096
697.305725,        7.1773223877
697.643250,        7.3648905754
697.980652,        7.6090507507
698.318054,        7.8391513824
698.655396,        8.0973491669
698.992676,        8.2368192673
699.330017,        8.4761457443
699.667175,        8.6625185013
700.004395,        8.8915090561
700.341492,        9.0920629501
700.678528,        9.3589696884
701.015564,        9.6167974472
701.352478,        9.7945232391
701.689514,       10.0202646255
702.026428,       10.2719058990
702.363220,       10.5151977539
702.700073,       10.6822137833
703.036804,       10.9630270004
703.373474,       11.1984310150
703.710144,       11.4775133133
704.046814,       11.6791219711
704.383362,       11.7493724823
704.719910,       12.1096248627
705.056335,       12.3160791397
705.392761,       12.5545043945
705.729187,       12.7276678085
706.065552,       12.9378576279
706.401855,       13.1110563278
706.738098,       13.3835678101
707.074280,       13.5533962250
707.410461,       13.8002347946
707.746643,       14.0438947678
708.082642,       14.2517585754
708.418701,       14.5181808472
708.754639,       14.7419080734
709.090576,       14.8958940506
709.426514,       15.1009988785
709.762329,       15.3874416351
710.098083,       15.5595436096
710.433838,       15.7474536896
710.769592,       15.9447832108
711.105286,       16.1485805511
711.440796,       16.3796844482
711.776367,       16.4698696136
712.112000,       16.6325149536
712.447388,       16.8180179596
712.782837,       17.0932369232
713.118225,       17.3007869720
713.453552,       17.4825019836
713.788818,       17.5931110382
714.124023,       17.8185253143
714.459290,       18.0090465546
714.794434,       18.1219005585
715.129517,       18.3194141388
715.464661,       18.4575157166
715.799622,       18.6050052643
716.134583,       18.8127670288
716.469482,       19.0210037231
716.804321,       19.1665477753
717.139221,       19.3507232666
717.473938,       19.5050678253
717.808777,       19.6311340332
718.143433,       19.8217964172
718.478088,       20.0527267456
718.812683,       20.1994323730
719.147217,       20.4004592896
719.481750,       20.5590419769
719.816223,       20.6938037872
720.150574,       20.9706611633
720.485046,       21.1641540527
720.819214,       21.3915443420
721.153564,       21.5474815369
721.487854,       21.7178668976
721.821960,       21.8719291687
722.156189,       22.2263050079
722.490234,       22.4226303101
722.824341,       22.6039791107
723.158264,       22.8365116119
723.492249,       23.0015716553
723.826172,       23.1456756592
724.159973,       23.3269081116
724.493835,       23.4917793274
724.827576,       23.6578979492
725.161316,       23.8572044373
725.494995,       23.9801445007
725.828613,       24.1472187042
726.162231,       24.3271274567
726.495728,       24.5540466309
726.829163,       24.7125053406
727.162720,       24.7863273621
727.496033,       24.9476966858
727.829468,       25.1049308777
728.162720,       25.2305240631
728.496033,       25.3583183289
728.829224,       25.5199813843
729.162354,       25.4799404144
729.495483,       25.6185169220
729.828552,       25.7244262695
730.161560,       25.7783088684
730.494629,       25.8718795776
730.827454,       26.0119495392
731.160400,       26.1465854645
731.493225,       26.3279609680
731.825989,       26.4403991699
732.158813,       26.5706062317
732.491455,       26.6771526337
732.824158,       26.8237953186
733.156799,       26.9783592224
733.489319,       27.0059642792
733.821899,       27.0879383087
734.154236,       27.2119731903
734.486755,       27.3211956024
734.819092,       27.4308986664
735.151428,       27.5074748993
735.483765,       27.6452388763
735.815857,       27.7502212524
736.148132,       27.8142967224
736.480286,       27.9323062897
736.812378,       28.0558109283
737.144470,       28.1701087952
737.476379,       28.2917194366
737.808411,       28.3959484100
738.140259,       28.5307292938
738.472168,       28.5751647949
738.804016,       28.6535320282
739.135742,       28.7024440765
739.467468,       28.8471813202
739.799133,       28.9670562744
740.130798,       28.9612197876
740.462402,       29.1441955566
740.793884,       29.3448448181
741.125366,       29.3972492218
741.456848,       29.4555072784
741.788208,       29.5268478394
742.119568,       29.6175231934
742.450928,       29.6613311768
742.782166,       29.7231884003
743.113281,       29.9036808014
743.444458,       29.9908409119
743.775635,       30.0504722595
744.106689,       30.0764083862
744.437683,       30.1366062164
744.768677,       30.2228889465
745.099609,       30.1707172394
745.430481,       30.2529983521
745.761353,       30.3813495636
746.092102,       30.4468746185
746.422852,       30.4908065796
746.753479,       30.5078182220
747.084229,       30.5786666870
747.414795,       30.5532627106
747.745300,       30.5929450989
748.075806,       30.6571445465
748.406311,       30.7069664001
748.736694,       30.7299499512
749.067078,       30.7832202911
749.397400,       30.8870754242
749.727722,       30.9383926392
750.057861,       30.9425888062
750.388062,       30.9660530090
750.718201,       31.0104732513
751.048279,       31.0841255188
751.378357,       31.1072311401
751.708252,       31.1292419434
752.038208,       31.3217315674
752.368164,       31.3318843842
752.697937,       31.2953052521
753.027832,       31.3050632477
753.357483,       31.3295574188
753.687256,       31.3472957611
754.016907,       31.4833869934
754.346497,       31.5616168976
754.676147,       31.4810447693
755.005493,       31.4826107025
755.335083,       31.5112419128
755.664490,       31.5362014771
755.993835,       31.5596218109
756.323181,       31.5253105164
756.652405,       31.5488510132
756.981689,       31.4760951996
757.310852,       31.4883384705
757.640015,       31.5473461151
757.969177,       31.5556755066
758.298096,       31.5542602539
758.627197,       31.5474681854
758.956116,       31.4080886841
759.284973,       31.3761749268
759.613892,       31.3980312347
759.942627,       31.3865814209
760.271423,       31.3500461578
760.600159,       31.3328361511
760.928772,       31.2848567963
761.257446,       31.1781101227
761.585999,       31.2067546844
761.914490,       31.2829647064
762.242981,       31.3128108978
762.571350,       31.3372230530
762.899841,       31.3101673126
763.228088,       31.3234481812
763.556396,       31.3111400604
763.884644,       31.3265686035
764.212830,       31.3293132782
764.541016,       31.3020744324
764.869080,       31.3334560394
765.197144,       31.3738498688
765.525146,       31.3869571686
765.853088,       31.4501647949
766.181030,       31.5393028259
766.508789,       31.5186290741
766.836670,       31.5752658844
767.164429,       31.6236076355
767.492126,       31.6305255890
767.819824,       31.5621757507
768.147400,       31.6842594147
768.475037,       31.6391162872
768.802490,       31.6906204224
769.130005,       31.7091712952
769.457458,       31.6944961548
769.784790,       31.7812614441
770.112183,       31.7903213501
770.439453,       31.8054828644
770.766663,       31.8801403046
771.093872,       31.8845577240
771.420959,       31.8415527344
771.748108,       31.7771434784
772.075195,       31.8276233673
772.402161,       31.8202857971
772.729126,       31.8083915710
773.055969,       31.7289657593
773.382874,       31.7704315186
773.709717,       31.7228279114
774.036438,       31.6618614197
774.363159,       31.7032928467
774.689758,       31.7781810760
775.016479,       31.7036724091
775.343018,       31.7565536499
775.669495,       31.6674652100
775.996033,       31.6118564606
776.322449,       31.6262149811
776.648865,       31.5879917145
776.975098,       31.6223506927
777.301453,       31.6633338928
777.627686,       31.6470623016
777.953857,       31.7449893951
778.280029,       31.7834911346
778.606079,       31.9194374084
778.932068,       31.8283729553
779.258179,       31.8110427856
779.584045,       31.7871952057
779.909973,       31.8106079102
780.235840,       31.8032436371
780.561646,       31.9004440308
780.887390,       31.8963050842
781.213135,       31.8404407501
781.538757,       31.8116283417
781.864380,       31.8782691956
782.189880,       31.9141979218
782.515442,       31.8343391418
782.840942,       31.8668136597
783.166321,       31.8596744537
783.491699,       31.8735866547
783.817017,       31.8278999329
784.142395,       31.8038578033
784.467529,       31.7851181030
784.792725,       31.7197971344
785.117859,       31.7160549164
785.442932,       31.6473636627
785.768005,       31.6763439178
786.092957,       31.6642456055
786.417908,       31.6688442230
786.742798,       31.6762962341
787.067566,       31.7071876526
787.392456,       31.6492595673
787.717163,       31.6914730072
788.041870,       31.7368946075
788.366577,       31.7217826843
788.691101,       31.6399669647
789.015686,       31.7347698212
789.340149,       31.8354606628
789.664673,       31.8549423218
789.989075,       31.8722782135
790.313354,       32.0731506348
790.637756,       32.1510658264
790.962036,       32.1936874390
791.286194,       32.2038307190
791.610413,       32.1701431274
791.934448,       32.2238044739
792.258606,       32.2734603882
792.582581,       32.3949279785
792.906555,       32.4659652710
793.230530,       32.4394302368
793.554321,       32.4424781799
793.878174,       32.4253311157
794.201965,       32.4399528503
794.525696,       32.4613227844
794.849426,       32.4985008240
795.172974,       32.5633163452
795.496643,       32.6642379761
795.820129,       32.6127281189
796.143616,       32.6243896484
796.467102,       32.6528282166
796.790405,       32.7126884460
797.113831,       32.4934120178
797.437134,       32.4583282471
797.760315,       32.4622764587
798.083618,       32.4639396667
798.406677,       32.5737686157
798.729797,       32.6350593567
799.052856,       32.6087188721
799.375854,       32.4917945862
799.698853,       32.4702186584
800.021729,       32.5470848083
800.344604,       32.5506935120
800.667358,       32.6260795593
800.990112,       32.5984153748
801.312866,       32.6422080994
801.635498,       32.6106567383
801.958191,       32.5991210938
802.280701,       32.5197257996
802.603210,       32.4723854065
802.925781,       32.4444961548
803.248108,       32.4096450806
803.570496,       32.3827476501
803.892822,       32.4547729492
804.215088,       32.4912948608
804.537354,       32.4659385681
804.859436,       32.4541511536
805.181641,       32.2996597290
805.503723,       32.2157096863
805.825745,       32.2495803833
806.147766,       32.3043670654
806.469604,       32.3021392822
806.791504,       32.3684043884
807.113342,       32.4635086060
807.435181,       32.4378623962
807.756897,       32.5343818665
808.078552,       32.4964332581
808.400208,       32.5804367065
808.721802,       32.6264915466
809.043335,       32.6627845764
809.364929,       32.6963539124
809.686279,       32.7113113403
810.007751,       32.7557334900
810.329041,       32.6973114014
810.650330,       32.7214355469
810.971619,       32.6804237366
811.292786,       32.7256622314
811.613953,       32.7055664063
811.935059,       32.7530517578
812.256104,       32.7727584839
812.577148,       32.7351150513
812.898071,       32.7496986389
813.218994,       32.7247619629
813.539795,       32.5961036682
813.860596,       32.5802536011
814.181396,       32.5393524170
814.502136,       32.4578552246
814.822754,       32.4610633850
815.143372,       32.3514823914
815.463928,       32.3034896851
815.784485,       32.3740463257
816.104919,       32.3025321960
816.425354,       32.2699546814
816.745728,       32.2488784790
817.065979,       32.2792968750
817.386353,       32.2067184448
817.706421,       32.2384147644
818.026733,       32.2389144897
818.346863,       32.3033447266
818.666809,       32.4073181152
818.986938,       32.4001426697
819.306824,       32.3690643311
819.626770,       32.3874435425
819.946716,       32.4032516479
820.266479,       32.5158882141
820.586304,       32.4447746277
820.905945,       32.4385871887
821.225647,       32.5021018982
821.545349,       32.5964927673
821.864868,       32.6422843933
822.184448,       32.7899169922
822.503845,       32.8469696045
822.823364,       32.8671340942
823.142761,       32.9532279968
823.462036,       33.0138320923
823.781372,       33.0252876282
824.100525,       33.0581169128
824.419800,       33.4989471436
824.738953,       33.4787979126
825.057922,       33.4496498108
825.377014,       33.3739624023
825.695984,       33.4574928284
826.014954,       33.5274734497
826.333862,       33.4495964050
826.652649,       33.5239753723
826.971497,       33.5011825562
827.290100,       33.6396141052
827.608887,       33.6893157959
827.927612,       33.6914558411
828.246094,       33.6017875671
828.564697,       33.5718002319
828.883118,       33.4508514404
829.201599,       33.3287048340
829.520020,       33.3684692383
829.838318,       33.2979011536
830.156616,       33.2049674988
830.474854,       33.2027282715
830.793091,       33.2440185547
831.111267,       32.7124633789
831.429260,       32.7213973999
831.747437,       32.7524375916
832.065308,       32.8188819885
832.383362,       32.8819847107
832.701233,       32.9199829102
833.019043,       32.9733505249
833.336914,       32.9256515503
833.654663,       32.9107894897
833.972351,       32.8367309570
834.289978,       32.8787040710
834.607483,       32.9305763245
834.925171,       32.9591979980
835.242676,       32.9884872437
835.560059,       33.0087738037
835.877502,       32.9906425476
836.194763,       32.9465103149
836.512146,       32.9577674866
836.829468,       33.0584983826
837.146545,       33.1198921204
837.463745,       33.0691452026
837.780823,       33.1258010864
838.097900,       33.1184196472
838.414917,       33.1169738770
838.731873,       32.9806747437
839.048828,       32.8582725525
839.365540,       32.8081779480
839.682434,       32.8296852112
839.999207,       32.8684310913
840.315857,       32.9511871338
840.632568,       32.9391288757
840.949097,       32.8832855225
841.265747,       32.7688980103
841.582275,       32.8130302429
841.898682,       32.9470138550
842.215088,       32.9373970032
842.531433,       32.9729690552
842.847778,       33.0016441345
843.164063,       33.0742073059
843.480164,       33.0219993591
843.796387,       32.9599914551
844.112427,       32.9500656128
844.428528,       33.0186195374
844.744568,       32.9938011169
845.060486,       33.1275444031
845.376404,       33.1895713806
845.692200,       33.2265205383
846.008057,       33.2519340515
846.323853,       33.2379379272
846.639465,       33.2359924316
846.955139,       33.1635894775
847.270691,       33.1618270874
847.586304,       33.2053108215
847.901855,       33.2006797791
848.217224,       33.0969123840
848.532715,       33.0213508606
848.847961,       33.1548042297
849.163330,       33.1324462891
849.478638,       33.1083641052
849.793823,       33.0798225403
850.108948,       33.0321578979
850.424011,       33.1260337830
850.739136,       33.1855163574
851.054199,       33.1277008057
851.369019,       33.1154518127
851.684021,       33.0388031006
851.998779,       33.1446571350
852.313660,       33.1620559692
852.628418,       33.1020965576
852.943054,       33.1507720947
853.257751,       33.1385803223
853.572327,       33.1402320862
853.886841,       33.0982208252
854.201477,       33.1352920532
854.515808,       33.2810592651
854.830261,       33.3537521362
855.144592,       33.3401298523
855.458862,       33.1813201904
855.773193,       33.2205429077
856.087280,       33.2825393677
856.401489,       33.2532196045
856.715515,       33.3955307007
857.029602,       33.3535346985
857.343628,       33.2810287476
857.657532,       33.2906265259
857.971497,       33.3400840759
858.285278,       33.3079376221
858.599121,       33.2725906372
858.912903,       33.1861534119
859.226501,       33.2401084900
859.540222,       33.1553916931
859.853699,       33.1479415894
860.167297,       33.1443481445
860.480896,       33.2802696228
860.794250,       33.2665901184
861.107666,       33.2042884827
861.420959,       33.2113761902
861.734314,       33.2149124146
862.047546,       33.2012710571
862.360657,       33.2116661072
862.673889,       33.2854690552
862.986938,       33.3239784241
863.299988,       33.2819633484
863.613037,       33.3840332031
863.925903,       33.4686126709
864.238831,       33.6268501282
864.551575,       33.5991096497
864.864380,       33.5956344604
865.177185,       33.5555839539
865.489807,       33.6612510681
865.802490,       33.6829986572
866.114990,       33.7433891296
866.427612,       33.9404029846
866.740112,       33.9235916138
867.052429,       33.8716163635
867.364868,       33.8467063904
867.677124,       33.8336486816
867.989502,       33.9408111572
868.301758,       33.9804611206
868.613831,       34.0562896729
868.926025,       33.9887008667
869.238159,       33.8878593445
869.550049,       33.8337135315
869.862122,       33.8921966553
870.173950,       33.8092994690
870.485901,       33.7377090454
870.797791,       33.5750350952
871.109497,       33.6286087036
871.421204,       33.5946998596
871.732849,       33.6584281921
872.044495,       33.6608428955
872.356079,       33.6023750305
872.667542,       33.5725593567
872.979065,       33.4178237915
873.290344,       33.4914588928
873.601807,       33.4490699768
873.913147,       33.6014251709
874.224304,       33.6087837219
874.535645,       33.5012855530
874.846741,       33.4855766296
875.157837,       33.5531539917
875.468994,       33.6909942627
875.779907,       33.6916351318
876.090881,       33.7735404968
876.401733,       33.6847305298
876.712646,       33.6891593933
877.023499,       33.7728385925
877.334167,       33.7800407410
877.644897,       33.7926101685
877.955505,       33.8019027710
878.266113,       33.7454071045
878.576721,       33.7240638733
878.887146,       33.8602409363
879.197571,       33.8723258972
879.507996,       33.8973579407
879.818298,       33.9090156555
880.128662,       34.2092514038
880.438843,       33.9967155457
880.749084,       34.1349334717
881.059143,       34.6435317993
881.369263,       34.6220626831
881.679382,       34.4957427979
881.989258,       34.4771041870
882.299194,       34.5125083923
882.609070,       34.5364723206
882.918945,       34.5973510742
883.228760,       34.5541419983
883.538452,       34.5386695862
883.848145,       34.6951255798
884.157654,       34.7230758667
884.467285,       34.7824020386
884.776917,       34.7842674255
885.086243,       34.8451271057
885.395813,       34.8170776367
885.705017,       34.7962532043
886.014404,       34.8138046265
886.323730,       34.7984771729
886.632874,       34.5431022644
886.942078,       34.7249374390
887.251160,       34.6390190125
887.560242,       34.1145324707
887.869263,       34.1195106506
888.178162,       34.1297225952
888.487122,       34.0222549438
888.795898,       34.0038146973
889.104797,       34.0124740601
889.413513,       33.9660034180
889.722168,       34.0885200500
890.030884,       34.1812934875
890.339417,       33.9977455139
890.648010,       33.9952774048
890.956543,       33.9606819153
891.264893,       33.9353027344
891.573364,       33.8390083313
891.881653,       33.8450775146
892.189941,       33.9279518127
892.498230,       33.9495239258
892.806335,       33.9950218201
893.114502,       34.1086349487
893.422546,       34.0209045410
893.730652,       33.9833602905
894.038696,       34.1111335754
894.346497,       34.0795783997
894.654419,       34.1360931396
894.962158,       34.1466598511
895.270020,       34.1879501343
895.577759,       34.1188926697
895.885376,       34.2041893005
896.192993,       34.1065368652
896.500549,       34.0845642090
896.808044,       34.1046409607
897.115601,       34.1111984253
897.422913,       34.2292556763
897.730347,       34.2853660583
898.037598,       34.4298019409
898.344910,       34.4241256714
898.652161,       34.3797645569
898.959167,       34.4650726318
899.266418,       34.4541511536
899.573364,       34.4178810120
899.880371,       34.3719100952
900.187378,       34.4341125488
900.494202,       34.3187522888
900.801086,       34.3661537170
901.107788,       34.3729591370
901.414612,       34.4139137268
901.721375,       34.3653869629
902.027832,       34.4435577393
902.334534,       34.3568038940
902.641113,       34.4459762573
902.947510,       34.3711585999
903.253967,       34.3991966248
903.560242,       34.3654289246
903.866638,       34.2828903198
904.172974,       34.1940689087
904.479126,       34.0742034912
904.785278,       34.0117835999
905.091370,       33.9957084656
905.397461,       33.8546295166
905.703552,       33.7704429626
906.009399,       33.7795867920
906.315369,       33.9294967651
906.621155,       33.8385391235
906.927002,       33.8444137573
907.232788,       33.8040962219
907.538452,       33.7914466858
907.844116,       33.7915115356
908.149658,       33.8157615662
908.455200,       33.7896423340
908.760803,       33.9041175842
909.066162,       33.8917312622
909.371582,       33.8889808655
909.676880,       33.8984642029
909.982178,       33.9479408264
910.287476,       33.9239311218
910.592529,       33.9951705933
910.897705,       34.1695861816
911.202759,       34.2138175964
911.507813,       34.4609870911
911.812805,       34.4463768005
912.117676,       34.4974784851
912.422546,       34.5457420349
912.727356,       34.4956932068
913.032104,       34.5217132568
913.336853,       34.5545387268
913.641479,       34.6126861572
913.946106,       34.5613403320
914.250610,       34.7707290649
914.555115,       34.8911056519
914.859619,       34.9283027649
915.163940,       34.8422164917
915.468323,       34.7605705261
915.772583,       34.8056716919
916.076843,       34.7747192383
916.381104,       34.7515907288
916.685120,       34.7886161804
916.989258,       34.8184394836
917.293213,       34.6432762146
917.597290,       34.9243698120
917.901184,       35.0729789734
918.205017,       35.1219100952
918.508850,       35.1597480774
918.812561,       35.0256271362
919.116333,       35.0527000427
919.420044,       35.0567550659
919.723572,       35.0964889526
920.027222,       35.0993499756
920.330627,       35.1530647278
920.634094,       35.0005760193
920.937561,       34.8627662659
921.240784,       34.9469871521
921.544189,       34.9879226685
921.847351,       35.0244293213
922.150574,       35.1375503540
922.453735,       35.2766265869
922.756775,       35.2236404419
923.059875,       35.1709938049
923.362793,       35.1532936096
923.665771,       35.3071937561
923.968689,       34.9767494202
924.271362,       34.6301651001
924.574219,       34.6406822205
924.876892,       34.5052566528
925.179565,       34.5962066650
925.482239,       34.4853706360
925.784729,       34.5848846436
926.087280,       34.4808387756
926.389648,       34.4983749390
926.692078,       34.4116096497
926.994507,       34.4466438293
927.296692,       34.4573783875
927.599060,       34.3736572266
927.901123,       34.2319641113
928.203308,       34.2291755676
928.505432,       34.1038284302
928.807434,       33.9976158142
929.109436,       34.0035285950
929.411316,       34.0385513306
929.713196,       34.0041885376
930.015015,       33.7646560669
930.316711,       33.8317718506
930.618530,       33.7376899719
930.920105,       33.6723403931
931.221802,       33.9410285950
931.523315,       33.8117866516
931.824829,       33.7685585022
932.126282,       33.7475204468
932.427612,       33.7203369141
932.729004,       33.7966728210
933.030334,       33.9660911560
933.331482,       33.8489189148
933.632751,       33.8123016357
933.933777,       33.7668647766
934.234924,       33.9893684387
934.536011,       34.0398025513
934.836914,       34.1144180298
935.137878,       34.0604858398
935.438660,       34.0594367981
935.739502,       34.0706596375
936.040344,       34.1089782715
936.340942,       34.2073097229
936.641663,       34.1613616943
936.942383,       34.2315711975
937.242798,       34.4113044739
937.543335,       34.2886848450
937.843750,       34.3189582825
938.144165,       34.3239860535
938.444580,       34.3759574890
938.744751,       34.5038299561
939.045044,       34.4570198059
939.345154,       34.4780197144
939.645325,       34.5089721680
939.945435,       34.7777709961
940.245361,       34.8939285278
940.545410,       34.8290100098
940.845215,       34.7866096497
941.145142,       34.8562316895
941.445007,       35.0431823730
941.744629,       35.1537284851
942.044434,       35.1185989380
942.343994,       35.1668395996
942.643677,       35.1209106445
942.943237,       35.1795959473
943.242676,       35.3053016663
943.542114,       35.5657691956
943.841431,       35.4728889465
944.140808,       35.4252204895
944.440125,       35.6244506836
944.739258,       35.6607551575
945.038513,       35.5679931641
945.337524,       35.5833206177
945.636597,       35.5238265991
945.935669,       35.5696525574
946.234558,       35.2870025635
946.533508,       35.2115554810
946.832275,       35.4608955383
947.131165,       35.5100173950
947.429932,       35.2867660522
947.728516,       35.0454025269
948.027222,       35.1563377380
948.325745,       35.3076210022
948.624329,       35.6533050537
948.922852,       35.7392082214
949.221191,       35.7869606018
949.519592,       35.8287887573
949.817810,       35.5511016846
950.116150,       35.8623695374
950.414368,       35.9402770996
950.712463,       35.8070030212
951.010620,       35.6334533691
951.308594,       35.7030067444
951.606628,       35.6263847351
951.904602,       35.6146278381
952.202454,       35.7950439453
952.500305,       36.6097106934
952.798035,       36.6913414001
953.095825,       36.2933654785
953.393494,       36.1855201721
953.691040,       36.4864311218
953.988647,       36.6172065735
954.286133,       36.5744094849
954.583618,       36.5071563721
954.881042,       36.0851745605
955.178345,       36.1470031738
955.475647,       36.5729408264
955.772827,       36.6696510315
956.070068,       36.5638961792
956.367310,       36.3955154419
956.664307,       36.4322204590
956.961365,       36.6340217590
957.258240,       36.5694541931
957.555176,       37.0313720703
957.852112,       37.0871353149
958.148865,       37.0553894043
958.445679,       36.9464225769
958.742310,       36.0188560486
959.039001,       36.1477775574
959.335632,       36.2270431519
959.632141,       36.5574073792
959.928650,       36.4213867188
960.224976,       36.6114196777
960.521484,       36.8210029602
960.817871,       36.9158668518
961.114014,       36.8976516724
961.410339,       36.8261642456
961.706421,       36.2496604919
962.002563,       35.9432754517
962.298645,       36.0976791382
962.594604,       36.1502456665
962.890564,       36.2492866516
963.186401,       38.4063453674
963.482300,       38.7791824341
963.778137,       38.3184013367
964.073792,       38.2137489319
964.369568,       38.2097129822
964.665100,       38.1938323975
964.960693,       38.4780845642
965.256287,       38.7797927856
965.551697,       38.7017593384
965.847168,       38.3667182922
966.142395,       38.2838630676
966.437744,       38.4382705688
966.733032,       38.0845489502
967.028198,       37.9967002869
967.323364,       38.1254386902
967.618408,       38.0418777466
967.913513,       38.4177970886
968.208496,       38.6505584717
968.503357,       38.3813667297
968.798279,       38.3615798950
969.093018,       38.1809844971
969.387817,       35.5561294556
969.682556,       35.6237220764
969.977173,       35.7429885864
970.271790,       36.1632385254
970.566406,       36.2844619751
970.860779,       36.2041320801
971.155334,       36.2499427795
971.449646,       35.4384307861
971.743958,       35.6938056946
972.038330,       36.0020523071
972.332458,       36.0015602112
972.626648,       35.5897712708
972.920715,       35.5772094727
973.214844,       35.5836982727
973.508911,       35.6022605896
973.802734,       36.1119461060
974.096741,       36.1749687195
974.390442,       36.0935363770
974.684265,       36.3327789307
974.978088,       36.2949943542
975.271667,       36.6782531738
975.565369,       36.8043365479
975.858826,       36.7477798462
976.152405,       36.8269386292
976.445923,       36.6752586365
976.739258,       36.6023216248
977.032654,       36.8066558838
977.325867,       36.8887901306
977.619202,       37.3285751343
977.912415,       37.9987258911
978.205505,       38.0228080750
978.498596,       38.0273513794
978.791504,       38.2015495300
979.084534,       38.6328697205
979.377563,       38.8892593384
979.670288,       39.1864624023
979.963196,       38.7068099976
980.255859,       38.6145095825
980.548584,       38.6552658081
980.841309,       38.7405509949
981.133850,       38.7989501953
981.426392,       39.2049713135
981.718811,       38.9641494751
982.011292,       38.4533843994
982.303650,       38.4484062195
982.595886,       38.3927764893
982.888245,       38.6681365967
983.180359,       38.6634712219
983.472595,       38.2687683105
983.764709,       37.9874839783
984.056641,       37.2649078369
984.348755,       37.3019142151
984.640625,       37.9005737305
984.932495,       38.1312179565
985.224365,       37.6222915649
985.516052,       37.6087799072
985.807861,       37.5137748718
986.099426,       38.6765441895
986.391052,       38.2543029785
986.682678,       38.1687927246
986.974121,       38.2539825439
987.265625,       38.1020889282
987.556885,       37.5061912537
987.848328,       37.4739418030
988.139648,       37.6542243958
988.430786,       37.4610443115
988.721985,       37.2500762939
989.013000,       36.9979095459
989.304138,       37.6087493896
989.595215,       37.9103240967
989.886047,       38.2289848328
990.177002,       38.3022079468
990.467834,       38.2182731628
990.758606,       37.8555870056
991.049377,       37.7338981628
991.339966,       38.4943771362
991.630676,       38.3593711853
991.921143,       38.0727806091
992.211670,       38.0498085022
992.502197,       38.1648559570
992.792542,       38.3079605103
993.082886,       37.8154258728
993.373169,       38.2590179443
993.663452,       38.3995475769
993.953613,       38.4375076294
994.243713,       38.2800216675
994.533813,       38.4717063904
994.823792,       38.5030555725
995.113770,       38.4456443787
995.403687,       38.0887527466
995.693481,       37.9674034119
995.983337,       37.6043167114
996.273010,       37.4991073608
996.562744,       37.4021606445
996.852417,       37.8688278198
997.141907,       37.9131851196
997.431458,       37.2548408508
997.720886,       37.2801666260
998.010315,       37.2096672058
998.299744,       36.0257911682
998.588928,       35.8453216553
998.878296,       35.7458724976
999.167419,       36.4605064392
999.456543,       37.3666648865
999.745667,       37.3723678589
1000.034607,       37.1709480286
1000.323669,       37.2560272217
1000.612488,       37.8127593994
1000.901367,       38.0574417114
1001.190247,       37.9226913452
1001.478882,       37.5588073730
1001.767639,       38.9325180054
1002.056335,       39.0177345276
1002.344849,       39.8822212219
1002.633423,       39.9896774292
1002.921814,       39.4377250671
1003.210266,       39.4808654785
1003.498657,       39.6535568237
1003.786926,       40.0134811401
1004.075256,       41.1218605042
1004.363342,       41.2004814148
1004.651489,       40.9957504272
1004.939697,       41.3490905762
1005.227600,       42.0838928223
1005.515686,       41.8035316467
1005.803467,       42.3231010437
1006.091370,       42.7305412292
1006.379272,       43.5714988708
1006.666870,       43.2694702148
1006.954712,       43.0522308350
1007.242188,       43.7886047363
1007.529907,       44.0017700195
1007.817444,       42.5968170166
1008.104858,       44.3790054321
1008.392334,       43.1744499207
1008.679565,       43.8922386169
1008.966980,       44.1851921082
1009.254272,       43.9914093018
1009.541382,       43.7381515503
1009.828613,       43.3961410522
1010.115601,       42.4752731323
1010.402649,       42.1741714478
1010.689697,       42.5750961304
1010.976563,       42.2150115967
1011.263489,       42.6002311707
1011.550171,       41.9509162903
1011.837036,       41.7555618286
1012.123657,       41.8740997314
1012.410278,       42.0523872375
1012.696899,       43.2074356079
1012.983337,       44.1221046448
1013.269897,       43.2026977539
1013.556396,       43.2715682983
1013.842651,       44.1076202393
1014.129028,       42.3001708984
1014.415161,       43.2363548279
1014.701477,       42.9809913635
1014.987671,       43.6918487549
1015.273560,       44.3259582520
1015.559692,       45.5662384033
1015.845581,       45.6958312988
1016.131592,       47.7832412720
1016.417542,       49.1029052734
1016.703247,       49.9644470215
1016.989014,       50.2465858459
1017.274658,       49.5322227478
1017.560303,       50.0626449585
1017.845947,       49.1517639160
1018.131409,       49.2553215027
1018.416870,       48.9852676392
1018.702271,       48.4421386719
1018.987671,       48.3071403503
1019.272949,       50.6260375977
1019.558228,       51.1232566833
1019.843445,       50.7218475342
1020.128540,       50.5662994385
1020.413574,       50.2198982239
1020.698608,       49.7447357178
1020.983521,       48.5718307495
1021.268555,       49.9479141235
1021.553284,       51.5066452026
1021.838135,       52.5523262024
1022.122925,       50.6982269287
1022.407593,       53.7542572021
1022.692261,       37.2141342163
1022.976807,       27.2912406921
1023.261292,       37.4760971069
1023.545837,       34.7985343933
1023.830200,       36.7673110962
1024.114624,       72.6044235229
1024.398804,       79.2857131958
1024.683105,       57.7440986633
1024.967285,       38.9380531311
