340.270844,        0.0000000000
340.648560,        0.0000000000
341.026306,     -100.0000000000
341.403961,     -209.0907745361
341.781616,     -111.1111068726
342.159210,    -1225.0013427734
342.536743,       52.5821571350
342.914307,       94.9253616333
343.291779,       99.4152069092
343.669250,        0.0000000000
344.046661,       92.3966674805
344.424042,       92.8483123779
344.801422,       92.3167419434
345.178711,       93.8206100464
345.556000,       94.7977218628
345.933258,       95.5918884277
346.310486,       96.0412826538
346.687622,       97.4101486206
347.064758,       97.7030487061
347.441895,       98.0991592407
347.818939,       98.4727783203
348.195953,       98.4544067383
348.572937,       98.1601562500
348.949890,       98.6119232178
349.326843,       99.0367736816
349.703735,       98.5406417847
350.080597,       99.3718185425
350.457397,       98.6758346558
350.834198,       98.1113510132
351.210968,       97.2792892456
351.587646,       96.2706069946
351.964325,       95.0762786865
352.340942,       93.7053833008
352.717560,       94.0491867065
353.094147,       93.8883056641
353.470673,       93.3204498291
353.847168,       92.8995666504
354.223602,       92.3241195679
354.600037,       91.9317398071
354.976440,       91.9305953979
355.352783,       91.7762603760
355.729126,       92.3859100342
356.105408,       92.3384246826
356.481628,       92.1079711914
356.857849,       91.2920227051
357.234009,       90.5981521606
357.610168,       91.4136352539
357.986267,       89.9115676880
358.362366,       89.9697494507
358.738373,       86.9022216797
359.114349,       87.5112991333
359.490326,       87.2371520996
359.866241,       86.5111236572
360.242157,       87.5932998657
360.617981,       86.3940277100
360.993805,       85.7775497437
361.369568,       85.7007293701
361.745331,       85.6310119629
362.121033,       86.2917175293
362.496704,       86.6494979858
362.872314,       85.9253845215
363.247925,       85.6072006226
363.623505,       84.3307876587
363.999023,       83.5604171753
364.374542,       84.2461853027
364.750000,       85.3818588257
365.125397,       85.3614196777
365.500763,       84.7719116211
365.876160,       84.6691513062
366.251434,       84.7170028687
366.626740,       87.2962875366
367.001953,       87.6885833740
367.377136,       88.2830047607
367.752350,       88.1259765625
368.127472,       89.0091781616
368.502594,       89.6966018677
368.877625,       89.1841506958
369.252625,       89.5446319580
369.627625,       90.0087051392
370.002563,       89.3251037598
370.377502,       88.8461074829
370.752380,       88.6032943726
371.127228,       89.3837738037
371.502014,       89.3201141357
371.876770,       89.8995132446
372.251526,       90.4596481323
372.626221,       89.7739028931
373.000885,       89.4096527100
373.375488,       89.2042007446
373.750092,       90.2658004761
374.124664,       90.5707168579
374.499146,       90.7161407471
374.873627,       91.2023773193
375.248108,       90.2717819214
375.622467,       91.4207992554
375.996887,       90.1760330200
376.371185,       89.8833694458
376.745483,       89.5991287231
377.119751,       89.2558135986
377.493958,       89.1727066040
377.868195,       89.5657043457
378.242310,       89.2419281006
378.616394,       90.0684204102
378.990540,       89.1900863647
379.364563,       89.3156738281
379.738556,       88.1720581055
380.112518,       86.7083740234
380.486481,       86.4229660034
380.860352,       86.6323394775
381.234192,       86.6575622559
381.608063,       85.4617233276
381.981812,       84.6768798828
382.355591,       83.1643066406
382.729309,       82.4622192383
383.102966,       81.8767166138
383.476624,       79.4027786255
383.850220,       79.4232482910
384.223816,       79.6974487305
384.597321,       79.8358306885
384.970856,       80.4979476929
385.344299,       78.7279434204
385.717682,       77.2579040527
386.091125,       76.6996612549
386.464447,       74.2515182495
386.837769,       73.3227691650
387.211029,       74.4839630127
387.584290,       74.4107208252
387.957489,       75.0433959961
388.330627,       74.3557128906
388.703766,       73.9043884277
389.076874,       73.4970855713
389.449921,       75.4129257202
389.822937,       74.8906097412
390.195923,       74.9738998413
390.568878,       74.9297637939
390.941772,       75.1681823730
391.314636,       74.5420532227
391.687500,       72.9225311279
392.060272,       72.1084213257
392.433075,       71.8117675781
392.805756,       69.3904190063
393.178436,       69.4580001831
393.551117,       70.0574111938
393.923737,       70.8449249268
394.296326,       71.0451507568
394.668854,       69.9224777222
395.041321,       67.7762222290
395.413849,       68.5320053101
395.786255,       68.2672348022
396.158630,       68.0684432983
396.531006,       67.5496749878
396.903320,       66.4911804199
397.275604,       64.8751907349
397.647827,       64.4392395020
398.020050,       65.4247055054
398.392212,       64.0914916992
398.764343,       63.6935958862
399.136444,       63.2289047241
399.508514,       63.3133277893
399.880554,       62.9096679688
400.252533,       63.0706787109
400.624512,       64.4244995117
400.996399,       64.3679199219
401.368286,       63.8462295532
401.740112,       62.7281112671
402.111908,       61.3171501160
402.483673,       61.1158142090
402.855408,       61.1679420471
403.227081,       60.1273612976
403.598755,       58.7276992798
403.970367,       57.9928627014
404.341980,       57.2963829041
404.713501,       57.1613311768
405.085022,       56.9986991882
405.456482,       56.3583984375
405.827911,       54.7116165161
406.199310,       53.1771430969
406.570648,       52.5750770569
406.942017,       52.4952659607
407.313263,       51.8594970703
407.684509,       51.5985717773
408.055725,       50.2943801880
408.426880,       49.3600616455
408.798035,       50.8136329651
409.169128,       50.4545440674
409.540161,       51.4010009766
409.911224,       51.1144447327
410.282196,       51.6820831299
410.653137,       51.2011718750
411.024048,       50.3568344116
411.394897,       51.1912231445
411.765747,       50.9305191040
412.136536,       50.7018623352
412.507324,       52.1579551697
412.878052,       51.4320831299
413.248718,       53.4822883606
413.619385,       52.8023529053
413.989990,       52.7471084595
414.360565,       53.2464904785
414.731110,       52.5637817383
415.101563,       52.2095489502
415.472076,       51.7657051086
415.842468,       51.2139244080
416.212891,       51.5130577087
416.583221,       49.6821098328
416.953522,       49.1096115112
417.323792,       47.3584671021
417.694031,       48.6426849365
418.064240,       48.3512954712
418.434418,       48.5612182617
418.804535,       50.0148582458
419.174622,       49.3277854919
419.544678,       48.9247398376
419.914673,       48.8104476929
420.284668,       46.9956474304
420.654572,       45.6418495178
421.024475,       43.5439033508
421.394348,       44.6204566956
421.764191,       44.9798851013
422.133972,       44.1705360413
422.503693,       44.9093208313
422.873444,       44.8833160400
423.243134,       44.4638252258
423.612762,       44.2437362671
423.982330,       42.3705902100
424.351929,       41.9197502136
424.721436,       41.7547988892
425.090942,       41.3113059998
425.460358,       40.5326194763
425.829773,       39.7165603638
426.199158,       38.5305480957
426.568481,       36.5174942017
426.937775,       35.9502868652
427.307037,       36.6479110718
427.676239,       36.0803413391
428.045441,       35.7700614929
428.414581,       35.6600189209
428.783722,       35.8773880005
429.152802,       34.2285232544
429.521790,       36.0722427368
429.890839,       35.9126205444
430.259766,       34.0341453552
430.628693,       34.8180694580
430.997589,       34.3673782349
431.366425,       34.2080116272
431.735229,       34.1686782837
432.104004,       33.7605819702
432.472748,       34.3339385986
432.841431,       34.4217872620
433.210052,       34.0789527893
433.578705,       33.3594512939
433.947266,       33.5037040710
434.315826,       33.0137443542
434.684326,       33.0011291504
435.052765,       32.0772933960
435.421204,       34.7491722107
435.789612,       34.2238655090
436.157959,       34.7225952148
436.526276,       33.4333229065
436.894531,       33.1943435669
437.262756,       30.4199752808
437.630951,       29.5050849915
437.999146,       29.3161773682
438.367249,       27.6737957001
438.735321,       27.1681003571
439.103394,       26.4842185974
439.471405,       26.5139884949
439.839386,       47.5262947083
440.207306,       47.0275688171
440.575195,       46.7435493469
440.943054,       45.9895057678
441.310883,       45.6748275757
441.678680,       45.5657844543
442.046387,       45.1584167480
442.414093,       44.7199859619
442.781799,       44.2069396973
443.149414,       42.4054946899
443.516998,       42.0616035461
443.884552,       41.0891990662
444.252045,       40.8941345215
444.619537,       40.3432426453
444.987000,       40.2153930664
445.354401,       40.3389320374
445.721710,       40.5492248535
446.089081,       40.5493049622
446.456360,       40.5179367065
446.823608,       40.3444633484
447.190826,       40.3610916138
447.557953,       19.4919033051
447.925110,       18.9871711731
448.292175,       18.3968448639
448.659271,       18.4147796631
449.026276,       18.4280567169
449.393250,       17.8794517517
449.760193,       18.0535278320
450.127075,       17.6706676483
450.493958,       17.7210292816
450.860779,       17.0265369415
451.227570,       17.0825080872
451.594330,       17.4765663147
451.960999,       17.3043441772
452.327698,       17.4804782867
452.694336,       17.0371932983
453.060913,       16.3317642212
453.427490,       15.7171220779
453.793976,       15.5218963623
454.160492,       15.1433687210
454.526917,       15.4152030945
454.893311,       14.8159770966
455.259674,       14.6175622940
455.626007,       14.7751626968
455.992310,       15.3953742981
456.358551,       15.0286970139
456.724731,       15.2460384369
457.090912,       15.4932184219
457.457031,       15.4205608368
457.823151,       15.5099925995
458.189209,       15.2802333832
458.555206,       15.4588851929
458.921173,       15.2875738144
459.287109,       15.0819664001
459.653015,       15.6983299255
460.018890,       15.2964544296
460.384705,       15.3275470734
460.750519,       14.9389162064
461.116241,       14.6029148102
461.481964,       14.4227085114
461.847626,       14.6327838898
462.213226,       14.4005508423
462.578827,       14.7683191299
462.944427,       14.4276056290
463.309906,       13.9592618942
463.675385,       13.2273588181
464.040802,       13.1683397293
464.406219,       12.8847208023
464.771606,       12.1642341614
465.136902,       12.0646257401
465.502197,       11.7612552643
465.867462,       11.6277713776
466.232635,       11.1817293167
466.597839,       11.0605001450
466.962921,       11.3045673370
467.328003,       10.8151721954
467.693054,       10.8385429382
468.058075,       10.7690896988
468.423035,       11.4667415619
468.787994,       11.5742015839
469.152863,       11.6429738998
469.517700,       11.2219209671
469.882538,       10.8705959320
470.247314,       10.2444057465
470.612061,       11.2093181610
470.976746,       11.0466032028
471.341431,       11.4004392624
471.706024,       11.4609794617
472.070618,       11.6759281158
472.435181,       11.5253982544
472.799622,       11.3684329987
473.164124,       11.5849170685
473.528534,       11.4252138138
473.892975,       11.3979883194
474.257294,       11.3233804703
474.621582,       10.8978738785
474.985870,       10.8499622345
475.350098,       11.1656465530
475.714325,       10.9000568390
476.078461,       10.6323509216
476.442535,       10.3422784805
476.806641,        9.9608039856
477.170685,        9.8603353500
477.534668,        9.7149085999
477.898621,        9.7299356461
478.262512,        8.9023075104
478.626404,        9.3935985565
478.990265,        9.0841884613
479.354065,        8.7275362015
479.717834,        8.1064405441
480.081512,        8.1382703781
480.445221,        8.0082387924
480.808899,        7.8210773468
481.172485,        7.8170948029
481.536041,        7.6253347397
481.899567,        7.8644914627
482.263062,        7.6188654900
482.626526,        7.6063113213
482.989929,        7.2543783188
483.353271,        7.2394037247
483.716583,        6.9166212082
484.079895,        6.8186802864
484.443146,        6.8652534485
484.806366,        6.9068670273
485.169525,        6.9355211258
485.532654,        6.6867136955
485.895752,        6.4078927040
486.258820,        5.9803919792
486.621857,        6.1129989624
486.984802,        6.2033395767
487.347748,        6.3588490486
487.710663,        6.2176318169
488.073517,        6.0340423584
488.436340,        6.0387277603
488.799072,        5.9389419556
489.161835,        5.8798389435
489.524536,        5.4682545662
489.887238,        5.4951758385
490.249847,        5.3677263260
490.612396,        5.2420182228
490.974915,        5.1617183685
491.337433,        5.1427159309
491.699921,        5.2232246399
492.062347,        5.3403153419
492.424713,        5.2469739914
492.787079,        5.1228737831
493.149353,       11.1349906921
493.511658,       11.2346982956
493.873871,       11.1229057312
494.236053,       10.9646673203
494.598206,       10.8868036270
494.960297,       10.8783559799
495.322388,       10.8267555237
495.684418,       10.7973594666
496.046356,       10.5388011932
496.408325,       10.4676876068
496.770264,       10.4437770844
497.132141,       10.4237508774
497.493958,       10.4079179764
497.855713,       10.2791986465
498.217499,       10.2089481354
498.579193,       10.1594400406
498.940887,       10.1819534302
499.302490,       10.1032295227
499.664093,        9.9127788544
500.025635,        9.8271169662
500.387177,        9.7620639801
500.748627,        4.2873735428
501.110077,        4.3968892097
501.471436,        4.3362259865
501.832825,        4.2193994522
502.194153,        4.1774497032
502.555389,        4.0759005547
502.916626,        4.2136015892
503.277802,        4.2487916946
503.638977,        4.4433197975
504.000092,        4.5862870216
504.361176,        4.5599637032
504.722198,        4.4530282021
505.083160,        4.3816676140
505.444153,        4.3213758469
505.805084,        4.2871928215
506.165924,        4.3031353951
506.526764,        4.3515567780
506.887543,        4.7939972878
507.248322,        4.8960003853
507.609070,        4.9780669212
507.969727,        4.9598431587
508.330322,        5.0542974472
508.690918,        4.9180903435
509.051514,        4.9486508369
509.412018,        4.9873304367
509.772491,        5.0264425278
510.132904,        5.2604174614
510.493286,        5.3510532379
510.853699,        5.3543605804
511.213989,        5.2005114555
511.574280,        5.0885071754
511.934509,        5.1117920876
512.294678,        5.2698950768
512.654846,        5.2539544106
513.014954,        5.2891125679
513.375061,        5.4380817413
513.735046,        5.5229849815
514.095032,        5.3718581200
514.455078,        5.0000271797
514.814941,        4.8326282501
515.174805,        4.6820173264
515.534607,        4.7174081802
515.894409,        4.7299480438
516.254211,        4.6113996506
516.613892,        4.6417288780
516.973572,        4.7163853645
517.333130,        4.7277660370
517.692749,        4.4571347237
518.052368,        4.2530364990
518.411865,        4.2733573914
518.771301,        4.2681794167
519.130737,        4.2446413040
519.490173,        4.2717056274
519.849548,        4.2069954872
520.208801,        4.2275462151
520.568054,        4.2939324379
520.927307,        4.1918067932
521.286499,        4.1381549835
521.645691,        4.2809748650
522.004822,        4.3554716110
522.363831,        4.4251580238
522.722839,        4.4551229477
523.081848,        4.4051747322
523.440796,        4.3923220634
523.799744,        4.4788260460
524.158569,        4.4237694740
524.517395,        4.3200793266
524.876160,        4.2931127548
525.234924,        4.3756842613
525.593628,        4.3775329590
525.952271,        4.6207799911
526.310913,        4.7608299255
526.669495,        4.7956910133
527.028076,        4.7746701241
527.386536,        4.9487442970
527.744995,        4.9769725800
528.103394,        4.9561610222
528.461792,        5.1018142700
528.820129,        5.2399120331
529.178406,        5.2155332565
529.536743,        5.2007751465
529.894958,        5.2263159752
530.253113,        5.3190817833
530.611267,        5.5918736458
530.969299,        5.6999435425
531.327393,        5.7964081764
531.685486,        5.8571286201
532.043335,        5.9077081680
532.401367,        5.9231543541
532.759216,        5.9072017670
533.117004,        5.9947094917
533.474915,        5.7699427605
533.832642,        5.7576050758
534.190430,        5.7753362656
534.548096,        5.8201861382
534.905762,        5.6824889183
535.263367,        5.7640614510
535.620850,        5.8175687790
535.978455,        5.7210197449
536.335876,        5.6056513786
536.693359,        5.6008601189
537.050781,        5.5738053322
537.408142,        5.6361145973
537.765442,        5.5894947052
538.122681,        5.4246196747
538.479919,        5.3468308449
538.837219,        5.2713971138
539.194336,        5.3357439041
539.551453,        5.4785909653
539.908508,        5.6793441772
540.265564,        5.6732592583
540.622559,        5.6211037636
540.979553,        5.6084499359
541.336426,        5.5658974648
541.693298,        5.5750427246
542.050110,        5.6237359047
542.406921,        5.7049217224
542.763672,        5.7401614189
543.120422,        5.7145280838
543.477051,        5.8524446487
543.833679,        5.8700385094
544.190308,        5.8420519829
544.546814,        5.8472490311
544.903381,        5.8487415314
545.259827,        5.8590164185
545.616211,        5.8351449966
545.972595,        5.7714834213
546.328979,        5.7700834274
546.685242,        5.7394590378
547.041504,        5.6236305237
547.397644,        5.4232988358
547.753906,        5.4202022552
548.110046,        5.4337420464
548.466125,        5.4306421280
548.822144,        5.4093194008
549.178223,        5.4014587402
549.534241,        5.4327998161
549.890137,        5.3540363312
550.246033,        5.3144292831
550.601868,        5.3111042976
550.957581,        5.1843442917
551.313416,        5.2814588547
551.669128,        5.3393745422
552.024841,        5.3435573578
552.380432,        5.2403211594
552.736023,        5.2677950859
553.091675,        5.4434700012
553.447144,        5.4962968826
553.802612,        5.4805397987
554.158020,        5.5085892677
554.513428,        5.4512414932
554.868774,        5.4536166191
555.224121,        5.6405625343
555.579346,        5.6175332069
555.934631,        5.6285905838
556.289734,        5.6695275307
556.644958,        5.7573022842
557.000000,        5.7305340767
557.355103,        5.7161960602
557.710083,        5.6912841797
558.065063,        5.6677522659
558.420105,        5.6909670830
558.774963,        5.5885672569
559.129822,        5.5907683372
559.484619,        5.5880985260
559.839355,        5.6509113312
560.194153,        5.6108059883
560.548828,        5.4746537209
560.903442,        5.4381914139
561.258057,        5.5230669975
561.612610,        5.4695243835
561.967224,        5.5084114075
562.321655,        5.4651818275
562.676086,        5.2541141510
563.030457,        5.2468066216
563.384827,        5.2642030716
563.739197,        5.2428369522
564.093445,        5.1262021065
564.447693,        5.0558748245
564.801880,        5.0356855392
565.156006,        4.9943804741
565.510132,        4.9964570999
565.864197,        4.9716415405
566.218262,        4.9231019020
566.572205,        4.8405842781
566.926086,        4.7854790688
567.280090,        4.7190942764
567.633972,        4.6884150505
567.987732,        4.6275744438
568.341553,        4.5787262917
568.695190,        4.4456567764
569.048950,        4.4230279922
569.402649,        4.3805985451
569.756165,        4.3858718872
570.109802,        4.4076976776
570.463257,        4.3903183937
570.816772,        4.3808326721
571.170227,        4.3036365509
571.523621,        4.2960348129
571.877014,        4.2483468056
572.230286,        4.2180061340
572.583557,        4.2399554253
572.936829,        4.2099833488
573.289978,        4.2197299004
573.643250,        4.2876095772
573.996216,        4.2813272476
574.349365,        4.2591438293
574.702393,        4.2884883881
575.055359,        4.2787814140
575.408325,        4.2870244980
575.761169,        4.3245496750
576.114075,        4.3461012840
576.466919,        4.2907071114
576.819641,        4.2565732002
577.172363,        4.2128911018
577.525085,        4.2529888153
577.877686,        4.2850894928
578.230286,        4.2185888290
578.582825,        4.2102026939
578.935425,        4.1837172508
579.287903,        4.1714277267
579.640320,        4.1580128670
579.992676,        4.0778307915
580.345093,        4.0504679680
580.697388,        4.0030794144
581.049683,        3.8913447857
581.401855,        3.8479394913
581.754089,        4.0024237633
582.106201,        4.0258350372
582.458313,        4.0740690231
582.810425,        4.0553951263
583.162354,        4.0040392876
583.514404,        4.0098052025
583.866272,        3.9917621613
584.218201,        3.9994902611
584.570068,        4.0761222839
584.921875,        4.0004448891
585.273560,        3.9704010487
585.625305,        4.0563392639
585.977051,        4.0418181419
586.328674,        4.2122817039
586.680237,        4.2002892494
587.031799,        4.2585601807
587.383301,        4.2921252251
587.734802,        4.3097925186
588.086243,        4.3210291862
588.437561,        4.3594722748
588.788940,        4.4227781296
589.140198,        4.2578401566
589.491516,        4.1729779243
589.842712,        4.1204257011
590.193848,        4.1608262062
590.544983,        4.1560368538
590.896057,        4.1661810875
591.247192,        4.1819496155
591.598145,        4.1648888588
591.949158,        4.0820107460
592.300049,        4.0778603554
592.650879,        4.0275444984
593.001770,        3.9300727844
593.352539,        3.9617769718
593.703308,        3.8443951607
594.054016,        3.8553209305
594.404663,        3.8170258999
594.755310,        3.8619391918
595.105896,        3.8215572834
595.456360,        3.8045802116
595.806885,        3.7549004555
596.157349,        3.7692408562
596.507751,        3.8698468208
596.858154,        3.8748226166
597.208435,        3.8806815147
597.558777,        3.8714923859
597.908997,        3.8524799347
598.259216,        3.7699959278
598.609314,        3.7715692520
598.959473,        3.8187689781
599.309570,        3.8584597111
599.659546,        3.9160959721
600.009583,        3.9710898399
600.359497,        4.0003514290
600.709412,        3.9634771347
601.059265,        3.9203121662
601.409058,        4.0289092064
601.758850,        4.0105843544
602.108521,        3.9116554260
602.458191,        3.9430618286
602.807922,        3.9228725433
603.157471,        3.9420466423
603.507080,        3.8694958687
603.856567,        3.8173992634
604.205994,        3.8167603016
604.555542,        3.7655229568
604.904846,        3.7191319466
605.254211,        3.7506456375
605.603516,        3.9995079041
605.952759,        4.0201830864
606.302063,        3.9860303402
606.651123,        3.9464745522
607.000305,        3.9187598228
607.349365,        3.8490281105
607.698425,        3.8015007973
608.047485,        3.8168861866
608.396362,        3.7950384617
608.745300,        3.6698911190
609.094177,        3.6500163078
609.442993,        3.6653811932
609.791809,        3.6200623512
610.140503,        3.6057195663
610.489258,        3.5817294121
610.837891,        3.6017940044
611.186523,        3.5474832058
611.535156,        3.5270175934
611.883606,        3.5432412624
612.232178,        3.6243598461
612.580566,        3.6569454670
612.928955,        3.4434013367
613.277344,        3.3756215572
613.625610,        3.3682436943
613.973938,        3.3635501862
614.322144,        3.3608231544
614.670288,        3.4055006504
615.018555,        3.4336335659
615.366516,        3.4031445980
615.714661,        3.3678438663
616.062622,        3.4491956234
616.410645,        3.4355840683
616.758606,        3.4658603668
617.106445,        3.4567463398
617.454285,        3.4524962902
617.802063,        3.4911620617
618.149841,        3.4666261673
618.497559,        3.4539432526
618.845215,        3.4882881641
619.192871,        3.5111196041
619.540466,        3.3953871727
619.888000,        3.3228316307
620.235535,        3.3369085789
620.582886,        3.3812534809
620.930359,        3.3600728512
621.277710,        3.3463525772
621.625061,        3.2901246548
621.972351,        3.2401223183
622.319519,        3.1940891743
622.666809,        3.2031633854
623.013916,        3.2113769054
623.361023,        3.1586554050
623.708130,        3.1898949146
624.055054,        3.1841199398
624.402100,        3.1612918377
624.749023,        3.2165105343
625.095947,        3.2241172791
625.442810,        3.2252869606
625.789551,        3.2216587067
626.136353,        3.1902990341
626.483032,        3.2047557831
626.829712,        3.2885427475
627.176392,        3.3283252716
627.522949,        3.2970447540
627.869507,        3.2671139240
628.216003,        3.2498080730
628.562500,        3.2497889996
628.908936,        3.2555215359
629.255310,        3.2554001808
629.601624,        3.2831799984
629.947876,        3.2903413773
630.294067,        3.3916878700
630.640320,        3.3468198776
630.986511,        3.3151290417
631.332642,        3.2708599567
631.678650,        3.2952256203
632.024658,        3.2213892937
632.370728,        3.2134480476
632.716614,        3.1993646622
633.062500,        3.2101590633
633.408325,        3.2065813541
633.754089,        3.3039743900
634.099915,        3.2515127659
634.445679,        3.2390854359
634.791321,        3.2698776722
635.136963,        3.3471493721
635.482483,        3.3578615189
635.828125,        3.3430724144
636.173584,        3.3119494915
636.519043,        3.3268423080
636.864502,        3.3109261990
637.209778,        3.3224611282
637.555237,        3.2064318657
637.900452,        3.2090153694
638.245728,        3.2157764435
638.590881,        3.1973633766
638.935974,        3.1742005348
639.281189,        3.1713738441
639.626221,        3.2195768356
639.971191,        3.2224555016
640.316223,        3.2174336910
640.661072,        3.2059736252
641.006042,        3.0695524216
641.350891,        3.0438220501
641.695679,        3.0171642303
642.040466,        2.9578197002
642.385071,        2.8407621384
642.729858,        2.8322632313
643.074463,        2.8275887966
643.419067,        2.8330194950
643.763611,        2.8475501537
644.108032,        2.8401725292
644.452515,        2.7958323956
644.796936,        2.7812867165
645.141296,        2.7911901474
645.485657,        2.7987143993
645.829834,        2.8080663681
646.174133,        2.7899839878
646.518311,        2.7814161777
646.862427,        2.6949727535
647.206604,        2.6453483105
647.550598,        2.6440684795
647.894653,        2.6219165325
648.238647,        2.6184551716
648.582458,        2.6356480122
648.926453,        2.6375257969
649.270203,        2.6326770782
649.614075,        2.6288793087
649.957764,        2.6514730453
650.301453,        2.6424720287
650.645142,        2.6523296833
650.988708,        2.6134853363
651.332336,        2.5808181763
651.675842,        2.5975155830
652.019348,        2.6038489342
652.362854,        2.5767090321
652.706177,        2.5103871822
653.049561,        2.4886560440
653.392883,        2.5026814938
653.736084,        2.4973299503
654.079346,        2.5249366760
654.422424,        2.5240912437
654.765625,        2.5080745220
655.108765,        2.4943189621
655.451721,        2.4283165932
655.794800,        2.3798851967
656.137695,        2.3401408195
656.480591,        2.3548178673
656.823486,        2.3476026058
657.166260,        2.2753145695
657.509094,        2.2701544762
657.851807,        2.2397072315
658.194519,        2.1975078583
658.537109,        2.3143448830
658.879761,        2.2736666203
659.222351,        2.2771859169
659.564758,        2.2619111538
659.907349,        2.2471129894
660.249695,        2.2496728897
660.592041,        2.2687039375
660.934448,        2.2720022202
661.276672,        2.2021868229
661.619019,        2.1890535355
661.961182,        2.1663496494
662.303284,        2.1627080441
662.645508,        2.1778252125
662.987427,        2.1711106300
663.329529,        2.1755492687
663.671448,        2.1365692616
664.013428,        2.1256084442
664.355347,        2.1375207901
664.697205,        2.2122612000
665.039001,        2.2010331154
665.380676,        2.2270901203
665.722412,        2.1320490837
666.064148,        2.1268608570
666.405701,        2.0849051476
666.747253,        2.0421407223
667.088806,        2.0513105392
667.430298,        2.0115149021
667.771790,        1.9716047049
668.113159,        1.9496772289
668.454529,        1.9582542181
668.795837,        1.9562026262
669.137085,        1.9502140284
669.478394,        1.9430819750
669.819519,        1.9682179689
670.160645,        1.9618312120
670.501709,        1.9182560444
670.842773,        1.8931982517
671.183777,        1.9312891960
671.524719,        1.9000408649
671.865662,        1.8058933020
672.206482,        1.7894042730
672.547302,        1.7476903200
672.888123,        1.7479645014
673.228821,        1.7606652975
673.569458,        1.7762945890
673.910095,        1.7726210356
674.250732,        1.7908464670
674.591370,        1.8220908642
674.931824,        1.7964279652
675.272217,        1.7721070051
675.612732,        1.7350465059
675.953003,        1.7370302677
676.293396,        1.7132458687
676.633667,        1.7098697424
676.973877,        1.6845790148
677.314148,        1.6623128653
677.654236,        1.6729971170
677.994385,        1.6835895777
678.334412,        1.6382019520
678.674438,        1.6551809311
679.014404,        1.6476674080
679.354309,        1.6937139034
679.694214,        1.6932709217
680.034058,        1.6688797474
680.373840,        1.6503915787
680.713623,        1.6739208698
681.053223,        1.7069163322
681.392944,        1.8279489279
681.732544,        2.2643072605
682.072083,        4.9496698380
682.411621,        5.0089592934
682.751038,        5.0466136932
683.090515,        5.0371990204
683.429871,        5.0335764885
683.769226,        5.0912032127
684.108582,        5.1401343346
684.447754,        5.1602134705
684.786987,        5.1800565720
685.126160,        5.1830215454
685.465210,        5.2092757225
685.804382,        5.2588896751
686.143311,        5.3054757118
686.482361,        5.3071985245
686.821289,        5.4021153450
687.160156,        5.4284253120
687.499023,        5.4748067856
687.837769,        5.5994596481
688.176514,        5.6365427971
688.515259,        5.5682106018
688.853882,        5.2197208405
689.192566,        2.5952572823
689.531067,        2.6028716564
689.869629,        2.7114155293
690.208130,        2.8094282150
690.546570,        2.9149746895
690.885010,        2.9317569733
691.223267,        2.9867308140
691.561584,        3.0882399082
691.899841,        3.2489218712
692.238037,        3.3762726784
692.576294,        3.4998192787
692.914307,        3.6084084511
693.252380,        3.7072241306
693.590454,        3.7913467884
693.928406,        3.8387207985
694.266357,        3.9633660316
694.604187,        4.0640225410
694.942078,        4.0820488930
695.279907,        4.1902956963
695.617615,        4.3584194183
695.955444,        4.4323954582
696.292969,        4.6174077988
696.630676,        4.7645454407
696.968201,        4.8684997559
697.305725,        5.1243767738
697.643250,        5.2791218758
697.980652,        5.4600205421
698.318054,        5.6330709457
698.655396,        5.7922463417
698.992676,        5.8774423599
699.330017,        6.0342493057
699.667175,        6.1289701462
700.004395,        6.3113479614
700.341492,        6.4496569633
700.678528,        6.6745958328
701.015564,        6.8789653778
701.352478,        7.0346088409
701.689514,        7.2527995110
702.026428,        7.4767580032
702.363220,        7.6691293716
702.700073,        7.7965259552
703.036804,        8.0388841629
703.373474,        8.2297172546
703.710144,        8.4954662323
704.046814,        8.6669940948
704.383362,        8.7139387131
704.719910,        8.9523887634
705.056335,        9.1322507858
705.392761,        9.3376321793
705.729187,        9.5279550552
706.065552,        9.7375001907
706.401855,        9.9261980057
706.738098,       10.2328205109
707.074280,       10.4099597931
707.410461,       10.6293725967
707.746643,       10.8503580093
708.082642,       11.0639314651
708.418701,       11.3267059326
708.754639,       11.5165624619
709.090576,       11.6699495316
709.426514,       11.8837776184
709.762329,       12.1481809616
710.098083,       12.3461265564
710.433838,       12.5371408463
710.769592,       12.7355890274
711.105286,       12.9357204437
711.440796,       13.1632347107
711.776367,       13.3238029480
712.112000,       13.5205106735
712.447388,       13.7147922516
712.782837,       13.9945049286
713.118225,       14.1972427368
713.453552,       14.4077253342
713.788818,       14.5412921906
714.124023,       14.7702751160
714.459290,       15.0216102600
714.794434,       15.1738452911
715.129517,       15.4123764038
715.464661,       15.5860271454
715.799622,       15.7959518433
716.134583,       16.0537090302
716.469482,       16.3259162903
716.804321,       16.5523700714
717.139221,       16.7699413300
717.473938,       16.9723606110
717.808777,       17.1443481445
718.143433,       17.3812236786
718.478088,       17.6402282715
718.812683,       17.8516731262
719.147217,       18.1099815369
719.481750,       18.3066711426
719.816223,       18.4903259277
720.150574,       18.8326358795
720.485046,       19.0856304169
720.819214,       19.3502845764
721.153564,       19.5979423523
721.487854,       19.8082847595
721.821960,       20.0511131287
722.156189,       20.4731559753
722.490234,       20.7475738525
722.824341,       20.9737663269
723.158264,       21.3087902069
723.492249,       21.5474433899
723.826172,       21.7580623627
724.159973,       22.0476951599
724.493835,       22.2640209198
724.827576,       22.5051212311
725.161316,       22.8121604919
725.494995,       23.0837440491
725.828613,       23.3494949341
726.162231,       23.5806427002
726.495728,       23.9189167023
726.829163,       24.1878890991
727.162720,       24.3564777374
727.496033,       24.5991935730
727.829468,       24.8590774536
728.162720,       25.0797634125
728.496033,       25.3104381561
728.829224,       25.5450725555
729.162354,       25.5543556213
729.495483,       25.7446441650
729.828552,       25.9953536987
730.161560,       26.1105537415
730.494629,       26.2823677063
730.827454,       26.4816646576
731.160400,       26.6835842133
731.493225,       26.9971122742
731.825989,       27.2194595337
732.158813,       27.3959846497
732.491455,       27.5942745209
732.824158,       27.8188114166
733.156799,       28.0877475739
733.489319,       28.2242355347
733.821899,       28.3734951019
734.154236,       28.5138339996
734.486755,       28.6887283325
734.819092,       28.8648071289
735.151428,       28.9860191345
735.483765,       29.2066879272
735.815857,       29.3621711731
736.148132,       29.5575447083
736.480286,       29.7613201141
736.812378,       29.9258174896
737.144470,       30.1170387268
737.476379,       30.3357238770
737.808411,       30.5325622559
738.140259,       30.7377243042
738.472168,       30.8546428680
738.804016,       30.9979000092
739.135742,       31.1346855164
739.467468,       31.3095397949
739.799133,       31.5189723969
740.130798,       31.5879611969
740.462402,       31.8393745422
740.793884,       32.1328086853
741.125366,       32.3446540833
741.456848,       32.4844169617
741.788208,       32.6821441650
742.119568,       32.8459472656
742.450928,       33.0028991699
742.782166,       33.1414413452
743.113281,       33.3278312683
743.444458,       33.4693145752
743.775635,       33.5805473328
744.106689,       33.6768646240
744.437683,       33.7256774902
744.768677,       33.8834571838
745.099609,       33.9031257629
745.430481,       34.0369911194
745.761353,       34.2338676453
746.092102,       34.3607559204
746.422852,       34.4645156860
746.753479,       34.4770469666
747.084229,       34.5859031677
747.414795,       34.5761375427
747.745300,       34.6452217102
748.075806,       34.6848716736
748.406311,       34.7298202515
748.736694,       34.7419929504
749.067078,       34.8478469849
749.397400,       34.9392814636
749.727722,       35.0284233093
750.057861,       35.1053886414
750.388062,       35.1945533752
750.718201,       35.2867202759
751.048279,       35.3924255371
751.378357,       35.4891700745
751.708252,       35.5242385864
752.038208,       35.7178878784
752.368164,       35.7546119690
752.697937,       35.7349777222
753.027832,       35.7824859619
753.357483,       35.8394241333
753.687256,       35.9415512085
754.016907,       36.1165733337
754.346497,       36.2346305847
754.676147,       36.1612739563
755.005493,       36.1799583435
755.335083,       36.2708702087
755.664490,       36.2948532104
755.993835,       36.3055839539
756.323181,       36.3128738403
756.652405,       36.3473281860
756.981689,       36.2704238892
757.310852,       36.2907676697
757.640015,       36.3833770752
757.969177,       36.3400650024
758.298096,       36.3298416138
758.627197,       36.3381423950
758.956116,       36.2155456543
759.284973,       36.1855010986
759.613892,       36.1936225891
759.942627,       36.2081184387
760.271423,       36.1902160645
760.600159,       36.1598014832
760.928772,       36.1153945923
761.257446,       36.0174560547
761.585999,       36.0071105957
761.914490,       36.1267929077
762.242981,       36.1330146790
762.571350,       36.1544456482
762.899841,       36.1437530518
763.228088,       36.1806755066
763.556396,       36.1928443909
763.884644,       36.2511711121
764.212830,       36.2394256592
764.541016,       36.2211914063
764.869080,       36.2541694641
765.197144,       36.3005371094
765.525146,       36.2749366760
765.853088,       36.3711547852
766.181030,       36.4675140381
766.508789,       36.4642601013
766.836670,       36.4694824219
767.164429,       36.5096321106
767.492126,       36.4962844849
767.819824,       36.4177322388
768.147400,       36.5691452026
768.475037,       36.5881042480
768.802490,       36.6776123047
769.130005,       36.7296409607
769.457458,       36.7534027100
769.784790,       36.8776969910
770.112183,       36.8526153564
770.439453,       36.8735923767
770.766663,       36.9279403687
771.093872,       36.9814453125
771.420959,       36.9731674194
771.748108,       36.9620780945
772.075195,       37.0239524841
772.402161,       37.0387153625
772.729126,       36.9838066101
773.055969,       36.9057388306
773.382874,       36.9253768921
773.709717,       36.8886718750
774.036438,       36.8111648560
774.363159,       36.8685340881
774.689758,       36.9674224854
775.016479,       36.8618164063
775.343018,       36.9291305542
775.669495,       36.7559318542
775.996033,       36.6710586548
776.322449,       36.7059898376
776.648865,       36.6254806519
776.975098,       36.6567535400
777.301453,       36.6846160889
777.627686,       36.6734733582
777.953857,       36.7153930664
778.280029,       36.6735801697
778.606079,       36.8201828003
778.932068,       36.7168350220
779.258179,       36.7286949158
779.584045,       36.7361946106
779.909973,       36.7613105774
780.235840,       36.7633094788
780.561646,       36.8581504822
780.887390,       36.8420677185
781.213135,       36.8283843994
781.538757,       36.6998291016
781.864380,       37.6021728516
782.189880,       37.6822395325
782.515442,       37.6503562927
782.840942,       37.7403755188
783.166321,       37.7369384766
783.491699,       37.7432937622
783.817017,       37.6868591309
784.142395,       37.7128067017
784.467529,       37.6718025208
784.792725,       37.6123237610
785.117859,       37.6117515564
785.442932,       37.4979438782
785.768005,       37.5737609863
786.092957,       37.5458145142
786.417908,       37.5461425781
786.742798,       37.5726623535
787.067566,       37.5979881287
787.392456,       37.5553741455
787.717163,       37.6666831970
788.041870,       37.6694335938
788.366577,       37.7072753906
788.691101,       36.7205047607
789.015686,       36.7336196899
789.340149,       36.8203353882
789.664673,       36.8853874207
789.989075,       36.8582344055
790.313354,       37.0823974609
790.637756,       37.1746559143
790.962036,       37.1649513245
791.286194,       37.2022552490
791.610413,       37.1990013123
791.934448,       37.2398529053
792.258606,       37.2802848816
792.582581,       37.3661651611
792.906555,       37.4092102051
793.230530,       37.3800506592
793.554321,       37.4059066772
793.878174,       37.4003639221
794.201965,       37.3750343323
794.525696,       37.3204994202
794.849426,       37.3333740234
795.172974,       37.4028701782
795.496643,       37.4752120972
795.820129,       37.4277687073
796.143616,       37.4254302979
796.467102,       37.3396377563
796.790405,       37.3523750305
797.113831,       37.1359329224
797.437134,       37.0727653503
797.760315,       37.0781745911
798.083618,       37.0586204529
798.406677,       37.1296806335
798.729797,       37.1879272461
799.052856,       37.1941528320
799.375854,       37.0639495850
799.698853,       37.0670661926
800.021729,       37.1585426331
800.344604,       37.1331977844
800.667358,       37.1934013367
800.990112,       37.2298431396
801.312866,       37.2443008423
801.635498,       37.2369003296
801.958191,       37.2040252686
802.280701,       37.1940612793
802.603210,       37.1541099548
802.925781,       37.1183319092
803.248108,       37.1635780334
803.570496,       37.1747627258
803.892822,       37.2505187988
804.215088,       37.3187599182
804.537354,       37.2905540466
804.859436,       37.2689170837
805.181641,       37.1340026855
805.503723,       37.1141090393
805.825745,       37.0978813171
806.147766,       37.2006378174
806.469604,       37.2173500061
806.791504,       37.2680702209
807.113342,       37.2840003967
807.435181,       37.2254981995
807.756897,       37.2701454163
808.078552,       37.2725486755
808.400208,       37.3427734375
808.721802,       37.4126472473
809.043335,       37.3872146606
809.364929,       37.4236030579
809.686279,       37.4294433594
810.007751,       37.4019851685
810.329041,       37.3491744995
810.650330,       37.3427200317
810.971619,       37.2565727234
811.292786,       37.2676963806
811.613953,       37.2658271790
811.935059,       37.2815971375
812.256104,       37.2029800415
812.577148,       37.2229919434
812.898071,       37.1638793945
813.218994,       37.1188125610
813.539795,       37.0039062500
813.860596,       37.0018615723
814.181396,       36.9887847900
814.502136,       36.8784599304
814.822754,       36.9554901123
815.143372,       36.8314018250
815.463928,       36.7981033325
815.784485,       36.8325729370
816.104919,       36.7081718445
816.425354,       36.6914291382
816.745728,       36.6705398560
817.065979,       36.6982955933
817.386353,       36.6600761414
817.706421,       36.7226409912
818.026733,       36.7284812927
818.346863,       36.7959098816
818.666809,       36.8903770447
818.986938,       36.9313125610
819.306824,       36.8634986877
819.626770,       36.8588180542
819.946716,       36.8767242432
820.266479,       36.9271507263
820.586304,       36.8881912231
820.905945,       36.8961944580
821.225647,       36.9237403870
821.545349,       36.9013938904
821.864868,       36.9630661011
822.184448,       37.0493431091
822.503845,       37.0742683411
822.823364,       37.1163558960
823.142761,       37.1980667114
823.462036,       37.2278938293
823.781372,       37.2272033691
824.100525,       37.2405128479
824.419800,       37.1619071960
824.738953,       37.1521759033
825.057922,       37.1352806091
825.377014,       37.1026535034
825.695984,       37.1460342407
826.014954,       37.1892738342
826.333862,       37.1738510132
826.652649,       37.2282524109
826.971497,       37.2012710571
827.290100,       37.3229522705
827.608887,       37.3699760437
827.927612,       37.4412612915
828.246094,       37.3533821106
828.564697,       37.3152389526
828.883118,       37.2383193970
829.201599,       37.1890945435
829.520020,       37.2050247192
829.838318,       37.1531143188
830.156616,       37.0827217102
830.474854,       37.0474433899
830.793091,       37.0571861267
831.111267,       37.0518760681
831.429260,       37.0142745972
831.747437,       37.0049743652
832.065308,       36.9761314392
832.383362,       37.0554046631
832.701233,       37.1150817871
833.019043,       37.1160507202
833.336914,       37.0584907532
833.654663,       37.1053085327
833.972351,       36.9820442200
834.289978,       37.0324287415
834.607483,       37.1019325256
834.925171,       37.1982841492
835.242676,       37.1850166321
835.560059,       37.1912574768
835.877502,       37.1747741699
836.194763,       37.1518058777
836.512146,       37.1144866943
836.829468,       37.2492027283
837.146545,       37.3468246460
837.463745,       37.3020858765
837.780823,       37.3618049622
838.097900,       37.4386558533
838.414917,       37.4954566956
838.731873,       37.4486541748
839.048828,       37.3698959351
839.365540,       37.3091087341
839.682434,       37.2882461548
839.999207,       37.3784942627
840.315857,       37.3473434448
840.632568,       37.3661994934
840.949097,       37.2889099121
841.265747,       37.1618232727
841.582275,       37.2202987671
841.898682,       37.2995452881
842.215088,       37.2793388367
842.531433,       37.3024330139
842.847778,       37.3386306763
843.164063,       37.4387016296
843.480164,       37.3526649475
843.796387,       37.2780990601
844.112427,       37.2679634094
844.428528,       37.3207015991
844.744568,       37.3086013794
845.060486,       37.3327178955
845.376404,       37.3725280762
845.692200,       37.3237533569
846.008057,       37.3343391418
846.323853,       37.3702812195
846.639465,       37.2994956970
846.955139,       37.2777328491
847.270691,       37.3000183105
847.586304,       37.2812500000
847.901855,       37.2930946350
848.217224,       37.1620368958
848.532715,       37.1776046753
848.847961,       37.3595771790
849.163330,       37.3032493591
849.478638,       37.3024101257
849.793823,       37.2785873413
850.108948,       37.2453880310
850.424011,       37.3460426331
850.739136,       37.4389457703
851.054199,       37.3597679138
851.369019,       37.2792282104
851.684021,       37.2116546631
851.998779,       37.2653579712
852.313660,       37.3051757813
852.628418,       37.2724647522
852.943054,       37.3157882690
853.257751,       37.3709869385
853.572327,       37.3771934509
853.886841,       37.3244171143
854.201477,       37.4457855225
854.515808,       37.5374298096
854.830261,       37.5707283020
855.144592,       37.5224227905
855.458862,       37.2902679443
855.773193,       37.3781700134
856.087280,       37.3646774292
856.401489,       37.3067169189
856.715515,       37.4321022034
857.029602,       37.4511260986
857.343628,       37.3685836792
857.657532,       37.3854560852
857.971497,       37.4063186646
858.285278,       37.3834571838
858.599121,       37.4067153931
858.912903,       37.3326110840
859.226501,       37.3520050049
859.540222,       37.3027839661
859.853699,       37.2663688660
860.167297,       37.2712478638
860.480896,       37.3903656006
860.794250,       37.3459320068
861.107666,       37.3124618530
861.420959,       37.3343467712
861.734314,       37.3986778259
862.047546,       37.4318695068
862.360657,       37.4882583618
862.673889,       37.6021308899
862.986938,       37.6574935913
863.299988,       37.6014213562
863.613037,       37.6789474487
863.925903,       37.7233695984
864.238831,       37.9155082703
864.551575,       37.9301834106
864.864380,       37.9642410278
865.177185,       37.8957290649
865.489807,       37.9649124146
865.802490,       38.0057754517
866.114990,       38.0338058472
866.427612,       38.2258911133
866.740112,       38.1677131653
867.052429,       38.1343040466
867.364868,       38.1396369934
867.677124,       38.1021652222
867.989502,       38.1881065369
868.301758,       38.2066917419
868.613831,       38.2978782654
868.926025,       38.1767997742
869.238159,       38.0717353821
869.550049,       38.0286369324
869.862122,       38.1232681274
870.173950,       37.9611778259
870.485901,       37.8920516968
870.797791,       37.6798248291
871.109497,       37.7526245117
871.421204,       37.7668571472
871.732849,       37.8407440186
872.044495,       37.8629264832
872.356079,       37.8062591553
872.667542,       37.8092536926
872.979065,       37.6244430542
873.290344,       37.7490081787
873.601807,       37.6771812439
873.913147,       37.7617149353
874.224304,       37.7946929932
874.535645,       37.6865730286
874.846741,       37.6454162598
875.157837,       37.6578178406
875.468994,       37.8312187195
875.779907,       37.8624572754
876.090881,       37.9195632935
876.401733,       37.7666358948
876.712646,       37.7606010437
877.023499,       37.8467369080
877.334167,       37.9211616516
877.644897,       37.8819923401
877.955505,       37.8665733337
878.266113,       37.8219947815
878.576721,       37.8248443604
878.887146,       37.9045753479
879.197571,       37.8566131592
879.507996,       37.9238204956
879.818298,       37.8989868164
880.128662,       38.0628242493
880.438843,       37.8812255859
880.749084,       37.9379348755
881.059143,       38.3993301392
881.369263,       38.3537178040
881.679382,       38.2079391479
881.989258,       38.1234893799
882.299194,       38.1108512878
882.609070,       38.1192054749
882.918945,       38.1989707947
883.228760,       38.2083511353
883.538452,       38.1827087402
883.848145,       38.3109550476
884.157654,       38.4023208618
884.467285,       38.4438705444
884.776917,       38.4546051025
885.086243,       38.5025291443
885.395813,       38.4999809265
885.705017,       38.5668640137
886.014404,       38.5303268433
886.323730,       38.5157546997
886.632874,       38.4997253418
886.942078,       38.7085418701
887.251160,       38.6529769897
887.560242,       38.1496620178
887.869263,       38.2085914612
888.178162,       38.1922721863
888.487122,       38.1531944275
888.795898,       38.1781196594
889.104797,       38.2513542175
889.413513,       38.1943473816
889.722168,       38.2647972107
890.030884,       38.3126144409
890.339417,       38.1966857910
890.648010,       38.1240501404
890.956543,       38.0657806396
891.264893,       38.0146522522
891.573364,       37.9743766785
891.881653,       37.9484710693
892.189941,       37.9680671692
892.498230,       38.0727882385
892.806335,       38.1292877197
893.114502,       38.1535720825
893.422546,       38.0673027039
893.730652,       38.0931205750
894.038696,       38.2590446472
894.346497,       38.2550315857
894.654419,       38.3980827332
894.962158,       38.3825492859
895.270020,       38.3348655701
895.577759,       38.2086257935
895.885376,       38.3859443665
896.192993,       38.2852439880
896.500549,       38.2294845581
896.808044,       38.2039527893
897.115601,       38.1925239563
897.422913,       38.3067970276
897.730347,       38.3586578369
898.037598,       38.4631080627
898.344910,       38.5098304749
898.652161,       38.4874038696
898.959167,       38.4412574768
899.266418,       38.4227600098
899.573364,       38.3985939026
899.880371,       38.3295135498
900.187378,       38.2957611084
900.494202,       38.2039222717
900.801086,       38.1732406616
901.107788,       38.1467018127
901.414612,       38.1405715942
901.721375,       38.1444702148
902.027832,       38.1938591003
902.334534,       38.0203742981
902.641113,       38.1196060181
902.947510,       38.1636085510
903.253967,       38.1618576050
903.560242,       38.1169357300
903.866638,       38.0380592346
904.172974,       38.0231781006
904.479126,       37.9903907776
904.785278,       37.9238662720
905.091370,       37.8855667114
905.397461,       37.8623352051
905.703552,       37.8424987793
906.009399,       37.7883567810
906.315369,       37.9975395203
906.621155,       37.9802246094
906.927002,       37.9500999451
907.232788,       37.9394187927
907.538452,       37.9297409058
907.844116,       37.9838180542
908.149658,       38.0311393738
908.455200,       38.0357131958
908.760803,       38.1430778503
909.066162,       38.1031646729
909.371582,       38.0951614380
909.676880,       38.0482826233
909.982178,       38.1960945129
910.287476,       38.2103996277
910.592529,       38.2417068481
910.897705,       38.2643890381
911.202759,       38.3525619507
911.507813,       38.4076271057
911.812805,       38.4026107788
912.117676,       38.3782997131
912.422546,       38.4214096069
912.727356,       38.2965354919
913.032104,       38.3164710999
913.336853,       38.3175544739
913.641479,       38.3351631165
913.946106,       38.2726211548
914.250610,       38.3702621460
914.555115,       38.4224281311
914.859619,       38.4954948425
915.163940,       38.4185981750
915.468323,       38.4269714355
915.772583,       38.4824142456
916.076843,       38.4575042725
916.381104,       38.3770599365
916.685120,       38.4010848999
916.989258,       38.4813880920
917.293213,       38.4420852661
917.597290,       38.7090339661
917.901184,       39.0693817139
918.205017,       39.0471115112
918.508850,       39.1505432129
918.812561,       39.1151771545
919.116333,       39.0948562622
919.420044,       39.0999794006
919.723572,       39.0875663757
920.027222,       39.1130943298
920.330627,       39.1234817505
920.634094,       39.0801353455
920.937561,       38.9984321594
921.240784,       39.0587196350
921.544189,       39.0496406555
921.847351,       39.1501770020
922.150574,       39.2317771912
922.453735,       39.4226036072
922.756775,       39.3813896179
923.059875,       39.3611145020
923.362793,       39.2656669617
923.665771,       39.4738922119
923.968689,       39.1414184570
924.271362,       38.8031158447
924.574219,       38.8538284302
924.876892,       38.7403144836
925.179565,       38.7692260742
925.482239,       38.6871261597
925.784729,       38.8217735291
926.087280,       38.8058013916
926.389648,       38.8081779480
926.692078,       38.8324203491
926.994507,       38.7810211182
927.296692,       38.7864265442
927.599060,       38.7531471252
927.901123,       38.7431068420
928.203308,       38.5978584290
928.505432,       38.4346008301
928.807434,       38.2923088074
929.109436,       38.3390350342
929.411316,       38.3003425598
929.713196,       38.2634391785
930.015015,       37.8966102600
930.316711,       37.9453773499
930.618530,       37.8951721191
930.920105,       37.8006858826
931.221802,       37.9886436462
931.523315,       37.9202346802
931.824829,       37.9639701843
932.126282,       37.9139633179
932.427612,       37.9505920410
932.729004,       38.0434379578
933.030334,       38.0526924133
933.331482,       38.0289001465
933.632751,       38.0144386292
933.933777,       37.9380493164
934.234924,       38.0817718506
934.536011,       38.1458053589
934.836914,       38.2099227905
935.137878,       38.2095909119
935.438660,       38.2066421509
935.739502,       38.2090110779
936.040344,       38.2725143433
936.340942,       38.3618774414
936.641663,       38.3249855042
936.942383,       38.3695907593
937.242798,       38.6074256897
937.543335,       38.4266738892
937.843750,       38.5491409302
938.144165,       38.5623626709
938.444580,       38.5191421509
938.744751,       38.5396690369
939.045044,       38.5558662415
939.345154,       38.7482604980
939.645325,       38.7714653015
939.945435,       39.0210647583
940.245361,       39.1186447144
940.545410,       39.0493927002
940.845215,       39.1571502686
941.145142,       39.2325553894
941.445007,       39.3611412048
941.744629,       39.4130439758
942.044434,       39.3805541992
942.343994,       39.3344154358
942.643677,       39.3440742493
942.943237,       39.4687995911
943.242676,       39.5771636963
943.542114,       39.7156562805
943.841431,       39.7035713196
944.140808,       39.4985046387
944.440125,       39.6458549500
944.739258,       39.7883911133
945.038513,       39.8054428101
945.337524,       39.7509651184
945.636597,       39.6564064026
945.935669,       39.6983604431
946.234558,       39.4616508484
946.533508,       39.3470573425
946.832275,       39.6657943726
947.131165,       39.5501060486
947.429932,       39.3967247009
947.728516,       39.3016777039
948.027222,       39.4158592224
948.325745,       39.5111885071
948.624329,       40.0082473755
948.922852,       40.0238380432
949.221191,       40.0801467896
949.519592,       40.2066307068
949.817810,       40.0566825867
950.116150,       40.3909187317
950.414368,       40.5162353516
950.712463,       40.4048118591
951.010620,       40.2007522583
951.308594,       40.1738548279
951.606628,       40.1932373047
951.904602,       40.3020133972
952.202454,       40.6660270691
952.500305,       41.4746093750
952.798035,       41.6904792786
953.095825,       41.3972854614
953.393494,       41.4095916748
953.691040,       41.7575569153
953.988647,       41.8337249756
954.286133,       41.9102630615
954.583618,       41.9545631409
954.881042,       41.4736862183
955.178345,       41.5182380676
955.475647,       41.6960639954
955.772827,       41.7038040161
956.070068,       41.6788177490
956.367310,       41.6004066467
956.664307,       41.6638984680
956.961365,       41.8461074829
957.258240,       42.0431709290
957.555176,       42.6918487549
957.852112,       42.7115135193
958.148865,       42.6387596130
958.445679,       42.3893852234
958.742310,       41.6013259888
959.039001,       41.5191650391
959.335632,       41.5673332214
959.632141,       41.7831192017
959.928650,       41.6045341492
960.224976,       41.9254417419
960.521484,       42.0650558472
960.817871,       42.0586013794
961.114014,       42.1747703552
961.410339,       42.1811599731
961.706421,       41.9139633179
962.002563,       41.7081604004
962.298645,       41.7309150696
962.594604,       41.5897560120
962.890564,       41.7141075134
963.186401,       43.9341392517
963.482300,       44.0365715027
963.778137,       43.4878158569
964.073792,       43.3959197998
964.369568,       43.3661460876
964.665100,       43.2368774414
964.960693,       43.3219604492
965.256287,       43.5618057251
965.551697,       43.5209350586
965.847168,       43.2609138489
966.142395,       43.3378028870
966.437744,       43.3819389343
966.733032,       43.1578826904
967.028198,       43.2316741943
967.323364,       43.3600234985
967.618408,       43.3063697815
967.913513,       43.6253242493
968.208496,       43.8407478333
968.503357,       43.8519020081
968.798279,       44.0547103882
969.093018,       44.0209465027
969.387817,       41.3706245422
969.682556,       41.3032875061
969.977173,       41.4101295471
970.271790,       42.0908546448
970.566406,       42.3800201416
970.860779,       42.5646553040
971.155334,       42.6147079468
971.449646,       42.2950325012
971.743958,       42.5230484009
972.038330,       42.8707847595
972.332458,       43.0167579651
972.626648,       42.7551193237
972.920715,       42.7325286865
973.214844,       42.7929077148
973.508911,       42.9556388855
973.802734,       43.4596557617
974.096741,       43.5170135498
974.390442,       43.4775009155
974.684265,       43.5105934143
974.978088,       43.4912185669
975.271667,       43.7564430237
975.565369,       43.8222541809
975.858826,       43.9755134583
976.152405,       44.0920066833
976.445923,       43.7470703125
976.739258,       43.6128692627
977.032654,       43.7550430298
977.325867,       43.9822807312
977.619202,       44.3010253906
977.912415,       44.7719383240
978.205505,       44.8460693359
978.498596,       44.8569908142
978.791504,       44.9590034485
979.084534,       45.2520332336
979.377563,       45.2161598206
979.670288,       45.2115974426
979.963196,       44.9102249146
980.255859,       45.0875549316
980.548584,       45.2634353638
980.841309,       45.6151046753
981.133850,       45.6917419434
981.426392,       46.0288543701
981.718811,       45.9589691162
982.011292,       45.8719902039
982.303650,       45.9997673035
982.595886,       46.0809364319
982.888245,       46.3342132568
983.180359,       46.4075508118
983.472595,       46.2034454346
983.764709,       46.0326309204
984.056641,       45.6830787659
984.348755,       45.5859947205
984.640625,       45.8465080261
984.932495,       46.1081390381
985.224365,       45.9588317871
985.516052,       46.2825698853
985.807861,       46.5681419373
986.099426,       47.5015945435
986.391052,       47.2923469543
986.682678,       47.3274993896
986.974121,       47.2555999756
987.265625,       47.1782150269
987.556885,       47.0419807434
987.848328,       47.0488777161
988.139648,       47.0760688782
988.430786,       46.9253883362
988.721985,       46.8713188171
989.013000,       46.9125938416
989.304138,       47.3416213989
989.595215,       47.6898956299
989.886047,       48.0633316040
990.177002,       48.0763092041
990.467834,       48.3741836548
990.758606,       48.1503143311
991.049377,       47.9981040955
991.339966,       48.4780273438
991.630676,       48.3900833130
991.921143,       47.7015037537
992.211670,       47.6394386292
992.502197,       47.6221351624
992.792542,       47.4645805359
993.082886,       46.9600028992
993.373169,       47.5204010010
993.663452,       47.5366516113
993.953613,       47.8797492981
994.243713,       47.8308525085
994.533813,       48.0210342407
994.823792,       48.0434074402
995.113770,       48.0476188660
995.403687,       47.8871879578
995.693481,       47.8407020569
995.983337,       47.4831581116
996.273010,       47.6053810120
996.562744,       47.2307014465
996.852417,       47.4771957397
997.141907,       47.9056892395
997.431458,       47.5741081238
997.720886,       47.9160652161
998.010315,       48.3013343811
998.299744,       47.5076484680
998.588928,       47.2992858887
998.878296,       47.5480651855
999.167419,       48.0292930603
999.456543,       48.8997535706
999.745667,       48.7736396790
1000.034607,       48.7260093689
1000.323669,       48.8811836243
1000.612488,       49.7666969299
1000.901367,       50.1063842773
1001.190247,       49.7774353027
1001.478882,       49.4904365540
1001.767639,       50.2720222473
1002.056335,       50.3079071045
1002.344849,       50.8384246826
1002.633423,       51.2238998413
1002.921814,       50.8854942322
1003.210266,       50.5553359985
1003.498657,       50.4441757202
1003.786926,       50.5700302124
1004.075256,       51.6300621033
1004.363342,       51.5704154968
1004.651489,       51.5201454163
1004.939697,       51.8028869629
1005.227600,       52.4318237305
1005.515686,       51.4637832642
1005.803467,       52.1380767822
1006.091370,       52.2620201111
1006.379272,       52.8087272644
1006.666870,       52.0949172974
1006.954712,       51.7713890076
1007.242188,       52.5034370422
1007.529907,       52.9355125427
1007.817444,       52.2229118347
1008.104858,       53.6151428223
1008.392334,       52.8678779602
1008.679565,       53.5119667053
1008.966980,       54.1760025024
1009.254272,       54.5145111084
1009.541382,       54.9473228455
1009.828613,       54.9065513611
1010.115601,       54.1021003723
1010.402649,       54.3853416443
1010.689697,       54.8756294250
1010.976563,       54.8400421143
1011.263489,       55.5909996033
1011.550171,       56.0415687561
1011.837036,       55.5237350464
1012.123657,       55.7769584656
1012.410278,       56.2020378113
1012.696899,       57.0558662415
1012.983337,       57.8285522461
1013.269897,       57.7739067078
1013.556396,       58.0539093018
1013.842651,       58.7760391235
1014.129028,       57.8384704590
1014.415161,       58.4782371521
1014.701477,       58.7597961426
1014.987671,       59.6026954651
1015.273560,       59.6988487244
1015.559692,       60.6277656555
1015.845581,       60.9399986267
1016.131592,       62.1842575073
1016.417542,       62.5553436279
1016.703247,       63.0647201538
1016.989014,       63.4543533325
1017.274658,       63.2401657104
1017.560303,       63.7882995605
1017.845947,       63.8949623108
1018.131409,       64.1534423828
1018.416870,       63.8489723206
1018.702271,       63.5651473999
1018.987671,       63.5577812195
1019.272949,       64.7711029053
1019.558228,       64.9029388428
1019.843445,       64.5392303467
1020.128540,       64.4320755005
1020.413574,       64.3063278198
1020.698608,       64.1393127441
1020.983521,       63.3459014893
1021.268555,       64.5691375732
1021.553284,       65.6133804321
1021.838135,       66.3631591797
1022.122925,       66.0223999023
1022.407593,       63.2203330994
1022.692261,       53.8181838989
1022.976807,       49.0942001343
1023.261292,       52.2580680847
1023.545837,       66.2079544067
1023.830200,       61.1285285950
1024.114624,       77.0295181274
1024.398804,       85.8695602417
1024.683105,       75.3052902222
1024.967285,       66.7266159058
